-8.303190841768634
-6.172585596331205
-4.127734817225463
-2.1043990262128487
-0.10512850495722859
1.7867813558373271
3.250079557087348
3.5905916134521494
4.965646704811046
5.303458760176673
5.811848736752376
6.951200287964278
7.327571921118304
7.347515403665447
8.581454271502157
8.92571881556266
8.978990782541846
9.35685731884193
9.39122227905863
10.880189248183601
10.976281033573564
11.368708624187372
11.376630203174313
11.399390480625051
12.738017381194009
12.940604656197689
12.985998817747495
13.396716892301717
13.429293492483437
13.594198397712283
14.577095703387588
14.808576896887349
14.975304775690077
15.38297966860861
15.39841357477366
15.510802318785114
15.678178269197424
16.088166756794358
16.664733833328427
16.854139861110692
16.911443852484137
16.970393945438442
17.43987467413995
17.60706691741837
18.08682533177705
18.698634379512775
18.867008528613454
18.925948105973877
19.02216062869007
19.534934201466093
19.682160412809175
19.81636410727532
20.113020783402042
20.72699816432204
20.84642706743044
20.94236101373085
21.603727964076846
21.819119945688147
22.112881189848896
22.29612118187984
22.748730774381926
22.942740610908196
23.04046849800166
23.12894349824007
23.534516261748834
23.82169635072308
24.07084359072401
24.149875354334124
24.36752240686629
24.783022655608846
25.104875815724274
25.177374354929597
25.847142568875526
26.015934107747473
26.02470578890266
26.345018746049753
26.781059525989665
26.96233453659235
27.137657668099603
27.230531582337022
27.860455498245393
28.01669757651285
28.044023968722346
28.340712507299955
28.779163946834693
28.889737200802813
29.035539972744107
29.223683299336393
29.51268098736101
29.95232705808506
30.076125074666564
30.137583655844185
30.36254458089506
30.8568768545157
30.886381328866833
30.90589908474965
32.070798255797435
32.15335424837753
32.198409350239196
32.423804549312166
32.87916217753853
32.932733571096705
33.228142763260735
33.41993133013682
34.04156151563084
34.13874959596373
34.22064895706345
34.32938307374628
34.62223080825859
34.9164943388624
34.993448007443895
35.17653974191033
35.394735955308505
35.63564459140078
35.9859635291622
36.21252292446713
36.65146094060524
36.72938456794073
37.42824337946151
37.963799864772334
38.19265196981549
38.49101746793261
38.68941745879307
38.97700933440789
39.28853273054534
39.43028711757394
39.5130016315284
39.76574515693516
39.964214059482515
40.1255149419772
40.312504574181915
40.50185865193968
40.71601413848447
41.06770736105845
41.43664464171932
41.60997146487644
41.69363808049082
42.0430750427714
42.23590293392794
42.31718323682379
42.73085140549007
43.32899834797227
43.468212727509915
43.573920074806146
43.648197368040535
44.31507438988783
44.6287858761961
44.65538852193361
44.80250495803981
45.368759221218504
45.48545578250108
45.50034928161946
45.673703915283944
46.00406343788223
46.26386196891809
46.365108131057006
46.694274072478976
46.888187972855384
47.56355934181043
47.62799717539412
47.68349460548813
47.95578505912438
48.3359036014813
48.905864772611196
49.01417070870514
49.18896315794096
49.45919676340118
49.544691131100606
49.65463207576682
50.361243600954055
50.48041951165047
50.670504968598756
50.93702991851887
51.20996300644388
51.5375995966249
52.23482173317591
52.378233034967714
52.55867195133792
52.77101773684971
52.986747395455666
53.17952586069129
53.26820796662646
53.60804918233157
53.89036904525195
54.21744245786542
54.59483927924476
54.833762306994316
55.26269699302517
55.52350531567886
55.65089079433569
55.791375202034914
56.53392531505012
56.617611746731704
57.10313303440705
57.205658801875046
57.259242152492945
57.27757686182215
57.63540406254134
58.015389834380315
58.591768047594954
58.616023162876616
58.750376793269005
59.14845857277244
59.47638682810311
59.51161771994679
59.62525834203441
60.494642911353566
60.630442621059
60.65600620404424
60.930365115491625
61.29453735638166
61.329180290648196
61.662170679951075
62.34009558358045
62.54611781736064
62.68431426659269
62.700324116699186
62.97794555717111
63.31691195444555
63.67316599804869
63.7061810714742
63.87457053737015
64.03891078948413
64.60095598813018
64.70404346978403
65.04488932469589
65.15281693479315
65.3233784560096
66.10156897548752
66.33519014089373
66.51586939435377
66.58206257069921
66.75021137353582
67.10787755439175
67.37748262026426
67.68930310796367
67.74907070966836
68.28692608249685
68.65700645399177
68.87005324430888
69.14355620351829
69.64684450020584
69.71561377502985
69.76648027359502
69.8377626432592
69.98616159992642
70.51928057121877
70.94426450550854
71.15716461002582
71.26146042161405
71.61194032879199
71.70906816850781
71.90645908601859
71.92171266462734
72.51556817023878
72.55164156948418
73.06533966376277
73.31536684061948
73.72890317432255
73.91085402391937
74.1989260709011
74.2467478525199
74.59192795571592
75.10075686543374
75.54505239330426
75.7896067085443
75.85296275754612
75.98210191023789
76.19411408269978
76.25695692021843
76.5631082529574
77.04031089338706
77.34495623023379
77.7081154723133
77.73896160775394
77.92172329371284
78.00449585613944
78.90551897532282
78.97644237857264
79.12396146775328
79.37370662608757
79.74122633317458
79.90957657476507
80.57150395802728
80.82277473112346
81.05890732267711
81.17047475610649
81.64696474635761
81.70841194159982
81.85544556020717
81.99795629377816
82.14669233107205
82.3463517985069
82.99226591726665
83.23270370451493
83.43248692255476
83.77101283984857
83.96886306739403
84.36431043849377
84.57123844362961
84.64543902414759
84.67439290231601
85.33822924314688
85.73695161306671
85.79575458873161
85.81681028884162
86.09748810666011
86.70128457835979
86.7466242264631
87.11898821977935
87.35259686829022
87.63232661948213
87.82266462781212
88.33840313489326
88.77712316355257
88.98800311169838
89.21523723806627
89.36350784901572
89.72896618411704
89.84978577294157
90.15797184843824
90.53782909587311
90.80115202455823
90.86666043480022
91.21695822041652
91.37491959232935
91.78095235433261
91.94482805134612
92.62086948465455
92.70556948258294
92.83491824929521
92.87619664775295
93.05215316193951
93.32026509317946
93.35657438472073
94.26471006362978
94.71976028671958
94.73302858581141
94.90917656423784
95.17631417824161
95.33647300561523
95.43038395701477
95.89501981271613
96.64978488017385
96.78431166246486
96.81850796431605
97.33607501243642
97.79627934602108
97.97124298083851
98.47331279486109
98.81241705653866
99.0249926988966
99.2053468870259
99.35905000216849
99.45796063313976
99.58597635341194
99.95173748488277
100.61598500588623
100.85110157196986
101.0097648328456
101.11398370751081
101.34120096992295
101.37810325725522
101.69217465636957
102.40427260984885
102.53479372423494
102.72100848689945
103.09637539378838
103.41129841165741
103.70494437249643
103.83670878328684
104.80000079144602
105.16388374659388
105.69512748896943
105.78900604065736
106.12947912097393
106.78497546760997
107.1980922351553
107.54000360753176
107.90522832060768
108.24891365672399
108.43975953229604
108.68055367478911
109.22033976355301
109.29937687789729
109.60450752846003
109.69187259691584
109.80224845133402
109.97871227717752
110.1145463188837
110.45065695841743
110.53371611802956
111.08110375373485
111.11379717322119
111.66902231283343
111.76500634210652
111.836883041617
111.91106317361289
112.46496433989437
113.10836537724776
113.19746494691078
113.9274158796628
114.05672008227636
114.21669758134978
114.42382381117882
114.4748405552385
114.81887918099616
115.80068191718016
115.91552374542405
115.9742636735246
116.0316930303015
116.46188806406903
116.91628553522551
116.978285536649
117.89495050602284
118.01802077748877
118.06423833852
118.38331412402322
118.48371868240216
118.90355245993034
118.94901763746111
119.17503794638556
119.5639851487808
119.60199652274426
119.86677205250962
120.78903504058196
121.03545251460889
121.6092668223527
121.93547924477191
122.07260160451088
122.39662802369611
122.49248387659136
122.94664002336907
123.1053215880213
123.61286930914927
123.81761804040042
124.4264539385182
124.58526755645953
125.13591222350026
125.60207138869376
125.7554620962406
126.48258381285267
127.13975782640742
127.19403701921914
127.54935654759115
127.64190731360672
127.8435169437395
127.98259773753124
128.04275789635122
128.48188558564337
128.75262669296492
128.95494495357127
129.06093956126787
129.1440509824865
129.74819062487023
130.5728889344341
130.8431315283654
131.07357488618135
131.15431062731247
131.2522270778973
132.4741504423685
132.60193184354205
132.66919963862165
133.1465881159071
133.7228863824977
134.6731319427321
134.89866782099517
135.14659045159814
135.26055482572576
135.58691613071002
136.59614930564516
136.69784698504253
136.88650759848332
137.09414891541593
137.1546210223069
137.50941233993512
137.9763493657236
138.0626638477403
138.2630488643931
138.44196001259857
138.57317812474952
139.06897772963882
139.51288539192512
140.40781542235814
140.4991043847701
140.61837595796175
140.7527619502334
141.06990215247134
142.3430472059123
142.5684892279513
143.063777527796
143.19041116950388
143.27989773075095
144.3559105254603
144.51775255022662
144.62961387273418
145.0667631805681
146.3922433517417
146.4236293287335
146.61726137110324
147.0572299675545
147.668287915731
147.90877463388682
148.48511807663417
148.64704835349735
148.6895716640285
148.80269420892182
148.86423505988452
149.2025475781918
149.39405058801913
149.9373775451651
150.30038414999004
150.54907382269343
150.80737399881804
150.8481241900156
151.3791160007664
152.881514884064
153.18507095170494
153.38107234557992
153.56745735297443
153.89536985944284
153.9967352604672
154.92263667452013
154.9808205865975
155.3802592860638
156.33422998421264
156.93228543895898
157.60562451827215
158.3566217704727
158.7286960588129
158.79638503820541
158.9110284459985
159.40596608919074
159.43635573075665
159.68670195847477
159.91004695068042
160.1403907363788
160.24320515485948
160.39724788364674
160.85761309787037
161.26927162241975
161.52085898076538
162.07692508186025
163.15357567531595
163.49707284205206
163.5862567093861
163.87603131401383
164.0762725937591
164.28013715382315
165.63566407425438
166.07068372814152
166.65200671945112
167.6293316584348
167.9157332363675
168.06999447273031
168.3447882802316
169.49185099524345
170.26822588978555
170.3270614576253
170.5065346453273
171.0980517017508
171.4140147647373
171.55020610777078
171.65738732040094
171.8764772543579
172.2648266201363
172.5647412723983
172.64783157029083
173.16338676964477
174.17132778941215
174.20226761577814
174.59461340264795
174.67956070072682
175.1595891108243
176.72565066555862
177.15133678286233
177.3538868278282
178.17180201494256
178.67552290488342
178.75659547233454
180.586178983596
180.93024760739587
181.25468497927108
181.91826211001066
181.98512289302772
182.24885441993078
182.58958081723893
182.66083669962737
182.94513105135576
183.31269152535415
183.3962287981028
183.45357415606216
183.71458098472016
184.09520594041925
184.63605258748552
184.787377356442
184.97939438613574
185.2785676264962
186.1470156752981
186.2192290655206
186.63439773388413
188.2021543097199
188.43146422363952
188.63796007435764
189.2969865863861
190.20999571931543
192.02110586736399
192.0575650678185
193.85037292424732
194.46141012182076
194.58289959348824
195.12304396580907
195.4466925125449
195.62803777907118
195.70408179816252
195.7271229804662
195.97045070518925
196.50188152687707
196.7617909009574
197.82495900917334
197.95969902160206
198.04708353906682
198.49298137693808
199.31272543314714
199.90565531463
200.06667735999343
200.16850286799482
200.3896005145463
200.4937383092892
202.07491845189801
203.49990968665549
203.91958846609313
205.22978972169017
205.97993628562705
206.10299694304695
206.3030916386149
206.66728362599758
206.7170786939757
206.9368013315268
207.00851105650065
207.50980060419238
207.84022788808494
208.0303113954398
208.165453300884
208.2990773624574
208.61248663375324
208.76555776534858
208.9126745893077
209.27303933046684
209.84867888935526
210.27662997391275
210.7407699730637
211.6642717084375
211.75230662857354
212.31555952510584
212.38898162890985
212.73817898972487
214.32030494227084
215.36432506378816
216.1713130761479
216.62947696948214
218.1329243526944
218.2408479033034
218.73950817018047
218.76767976758663
219.25169046361071
219.35729753385803
219.39257563751718
220.39162739001176
220.70682869039513
220.83438080813144
220.89024472085566
221.20943946318613
221.45149643828879
221.87464123835983
222.07929420107044
222.11880078349756
222.91342591949288
223.37704827606237
223.79599239230296
224.00608467079323
224.0285708002647
224.95549695033122
225.37877974476825
226.95792354700046
227.6151826287142
228.53658592137117
228.79486161252382
230.86917977231852
231.61290043442926
231.76814169769435
231.91854252811643
232.3791200763447
232.69236448782604
232.98702570250813
233.50567428601974
233.5216110957346
233.767228767102
233.86778969252032
233.98298692528107
234.33017415011204
234.62084368758136
234.80911075239848
234.94094068159262
235.26707213010158
235.4267363061268
235.9445622203944
236.40171510604893
236.63102760212587
236.681448616735
237.9458489092126
238.02020431374953
238.39811824265072
239.98310888530708
240.22827050195997
241.8401486670191
243.89182874478146
244.25301059531137
244.93896317341324
245.18799261526422
245.63449991224198
245.78935577314695
245.7967187458243
246.5275232622144
246.57518309479516
247.2831662508811
247.481919389218
247.73258781617275
248.1142385379646
248.19007548856663
248.56070091571576
248.68011711264836
249.35767807836174
249.67465964312112
249.82005503003805
251.34288107043946
251.40988837734562
251.81114157690587
253.28172952008174
253.39550822316758
253.51542580182814
255.24618767417803
257.3030489576013
258.35433036660976
258.7329396819987
258.9898536880068
259.1431097062294
259.31076649514705
259.59181210538503
259.93700910867017
260.0088732545
260.1361177595417
261.08232817110763
261.1753826862733
261.69566718977296
262.64217618170056
262.82848753065406
262.92790153881356
263.0503208959967
263.1493240603544
263.6200507610916
265.20101450977415
265.21887143848755
265.6090095149945
266.6852241860252
267.17144450407227
267.2050782696533
269.0459511347799
271.0997705617808
273.1221838803258
273.16769212979654
273.194749112401
273.29331761981234
273.78516161145615
274.96857238971523
275.1162938737918
275.2804146282901
276.4986672211151
276.9006549723226
277.2406153892814
277.3669339331571
277.48986173161825
277.81503714984063
278.2392603734915
279.39125861572796
279.79519932806534
280.48377013624724
281.3536908279545
281.4006231903225
283.2320915649259
284.4831143473275
285.2859696596827
287.7563206140914
287.84357812015804
288.35513362852487
288.89711022740136
289.1769293255373
289.8560058155154
290.3151465080678
291.0826103229169
291.20933523748204
291.91494591397975
292.0303330733644
292.14552869165567
292.25914341768066
292.3978717088798
292.5047650714535
293.9730602886893
294.3710032612635
294.66515919707103
295.9543360915302
297.8012306841324
298.6822684587532
299.85552920828695
302.5034316113928
302.7211542375579
303.317695444556
303.7547108005941
304.0961674792373
304.8218194041279
305.1172818313137
305.65537719494165
305.9802437580659
306.8802230554435
306.9721586910392
307.1514168178153
307.3028887271099
307.5625720382228
307.70493477144254
308.9358834683776
309.33574958851676
310.92900222052236
312.7686107760315
313.24775975656155
314.8406985840868
317.46300236256513
317.6556222142717
318.0718700489101
318.37407447747336
318.6627001466816
318.70935743390896
320.16622241161275
320.19991878086705
320.63439041559866
321.94299710038814
322.23794965859884
322.4707257606812
322.66498129112483
323.01385403802317
323.36172701989403
323.9397309465381
324.2874019571835
324.6866195462118
326.2809902699008
328.1136838629997
330.17238045178044
332.81228885164523
333.7575723102253
333.81027106867907
334.0510680141272
334.0719812771807
334.0774660757021
334.4036403545379
335.91038920302316
337.2921693578348
337.97526275043896
338.83180948020527
338.88146568809765
339.38784784354544
339.5182763183535
339.5785192117273
339.91922112244936
340.0289094404413
340.4245367130145
342.012834300782
343.8478934824694
345.9037886483459
348.54357493433736
349.7404839106223
349.80657369383044
349.94018181329386
350.5262600079829
351.69267481080954
352.0347463296462
354.09933686866526
354.1950062928241
355.28057742363126
355.72206433823254
355.99780795687053
356.2176764409887
356.31395574475704
356.55364508145254
356.7007793150279
358.1346154080327
359.9700380730407
362.0155850226005
364.65884611357876
365.93271713469755
366.44846000017344
367.0349277409122
367.80838623245535
368.5428282485529
368.6203312837611
370.6094994251649
371.40021703218093
371.7181727841537
372.6332028248151
372.6446845878015
372.75675775954124
372.9556147472233
373.10220229020274
374.6413683198916
376.4768194591429
378.5284301616751
381.1570240397909
383.2751696869463
383.3441423137413
383.5474588348219
383.6331813238161
383.9297037694673
384.0351781197715
384.3163451927298
385.4281305155049
385.44422972362247
387.5038721009709
387.89083757426846
389.3034329289448
389.54451695259826
389.8073570240273
389.8738952995579
389.91263033717877
389.95851247252347
390.2681747477861
391.4062327078803
391.53421770443134
393.3380549228784
393.38533856246744
395.41842618301774
398.0564128882761
400.54832905870575
400.6254223313855
401.21384457092614
402.7234036115412
404.78189712049783
406.8238653414986
407.59414798379674
407.6783725361209
407.81910343169534
407.9682707458908
408.81199411229136
410.6443405865284
412.687071068824
415.322479916996
418.26959448167844
418.29117659891983
418.4567393089239
418.87246205045255
420.3832437041123
422.4424550310608
424.480607697811
425.77544135030087
425.9511078905476
426.02075050102195
426.3278480318215
426.9059919264924
428.2975819373071
430.33914760259677
436.2802451591049
436.33462742959006
436.917091561944
438.4277489975813
440.4530483520861
440.49797785722535
442.5164024540269
443.6136527672292
444.35796910199525
444.95195001316205
445.0621658564191
445.16379381627996
446.2977815283459
448.370955608008
450.9803943265656
454.75586263574615
454.9494249417304
455.3403550441043
456.84742585863324
458.9026932929722
460.9400501557422
461.61080281566205
462.38527707971724
462.89540722162144
462.91046696577774
463.12842341880844
463.1635708301316
463.3793092282194
463.46605508764475
463.5546937410992
463.90837434530164
464.7256839889352
472.3450523202344
472.7165738688538
472.7657151247857
473.22019454296105
473.26580348792857
473.5530222880627
473.67833765306546
473.7468114227769
474.1381090908054
475.63670325967183
476.0611047038645
476.14572069559006
477.65442572586755
477.7119853954456
479.689914291365
479.9505514305023
480.4126663945369
481.5998018249919
481.6892015152784
481.92046836631573
482.47235461374805
483.26124803167073
485.41598309608486
491.7494843416923
492.51183195008696
492.70996601829074
493.29967958843974
494.801464443639
495.3145624827436
496.82321498617864
498.25208838918786
498.9055660622238
499.3459117420071
499.9961968671105
500.2324322116513
500.9617810605972
501.02085420096705
501.30929939037617
501.88974274990653
502.0755378748565
502.4408584144025
502.627755622635
503.12492731224097
503.9643360147398
510.86833613123713
511.4280684106202
511.79332889131683
511.84875944773574
512.1823799602312
512.2540410917791
512.8022392816522
513.229611953049
513.4318514441298
514.066736371268
514.4343325786941
514.7939818642383
515.0819968448549
516.3315717739075
516.6596552099463
516.7922653195858
518.2312090900809
518.5775488241244
519.1244594109257
519.778375853437
520.2731899261692
520.489581577138
520.8372500448609
521.5133171018272
521.7906320384753
521.9259700261689
522.0794086982445
522.3598102624003
522.6120449173783
522.9284837427901
523.3249958675501
526.6179792537874
527.9480832544176
530.9780997101662
531.0188250350262
531.331984758813
531.7486551834735
532.066644591603
532.2789702667261
532.4504677349387
532.5577751741038
532.7338553193756
533.0684299845586
533.3248604424214
533.573150126327
534.0121788875897
534.1422928567429
534.3453267823895
535.2244538704032
535.8963670729594
536.429587782528
537.4773060823055
537.7319685274188
538.0394869162212
538.6268598903667
538.8558671509536
539.1207020034898
539.8270852511563
540.0764543316329
540.203133522036
540.4981619882694
541.2602785896377
541.8651024182111
542.2205247230269
542.3806904658328
542.4461207808996
542.6297646012729
542.6981642530035
542.9458398291829
543.3226437436157
543.5608725030181
543.6661494341486
543.9908165529273
544.0956546901067
544.8326814764764
546.883791608943
549.9608243670882
550.3405802169704
550.4147166783523
551.2806312286846
551.5944919516711
551.8473325379133
551.9830511192924
552.006921265157
552.2470432082474
552.66427921864
553.153626342089
553.3549672302423
554.1178637738649
554.4390418553886
555.5286465538434
556.2038774299791
556.7980925170449
557.3128080773403
557.4882111355998
557.7541574188343
558.4589421568925
559.0871260969177
559.5621918871616
560.0777965030187
560.2675008017628
560.6477439758949
561.2359559615255
561.3790928092927
561.749382699121
563.1202916100075
563.2065861425756
563.3510879623054
563.4438292964761
563.7175186118889
565.0274314552939
565.4372195350411
566.0659772616516
566.4500485107684
567.4909287718648
568.760741964513
568.7698509035508
568.9123102902764
569.4593137124033
569.5722844857536
570.2815290827665
570.7859620047949
571.0027935588361
571.305006415261
571.4801640151636
571.8081657914149
572.0861197700268
572.9736885322646
573.0687012258838
573.1707387292299
573.569305720904
573.8885710268876
574.1310600050483
574.1717267375308
574.4008084632369
574.876411328282
575.1419929403222
575.6650517828017
575.9790162316439
576.2965086168643
577.3768627407234
577.9400188970334
578.1431956937173
578.7863588037604
579.1309677291417
579.2810378230554
579.896833901416
580.0369171171832
580.3331144124985
580.681582844824
581.4430751801996
581.7464963891998
582.4260425143287
583.384074321261
583.7982737795221
584.0419075500275
584.1218868803791
584.3516313430375
584.5336139177284
584.7516963204981
585.4039089207607
585.6404929256669
586.2743241137484
586.4519173900358
587.0816742153133
587.7959892257522
587.9953890833283
588.4710742133165
588.9433958652955
589.106342629346
589.2263907681466
590.5281117389262
590.5875389400135
590.6270215280397
592.2322861726442
592.2636260666653
592.5383524160583
593.545081298404
593.7703007343913
594.0740757638594
594.2048526670568
594.5876718886699
594.8723165115479
595.1960634110175
595.4314636269078
596.2445614388799
596.6928756844643
596.8675874193904
597.1107315704988
597.9265917715353
598.1176458433551
598.3409335490296
598.6668385253388
598.690884659499
598.7012278784979
599.1530286662148
599.409427097302
599.6202850515185
600.3027140118629
600.8921653872258
601.0498629295168
601.1745381995861
601.7892223309515
602.1603289299286
603.5931392547709
603.6661644329768
604.3758645262754
604.4896897852415
605.5516298676201
607.0658080001921
607.1221456432095
607.2442497178012
607.3528449839584
608.6092730105395
608.7079599532083
608.9556824512861
609.1682369322681
609.3205835330511
610.1741934938898
610.3808494006522
610.6662519821903
612.2701327908479
612.8888652671885
613.1341762040787
613.6430153045334
613.88138208051
614.5688021152105
615.2306296460428
615.4458401769518
615.5253813288211
616.1585096514934
616.5985653768815
616.6100608630454
616.8381008137983
617.0428260928653
617.0691104002633
617.2481561565627
617.9170342797278
618.1668221493978
618.4058320348176
618.5201070960413
618.7675374122789
618.8812517733683
618.9968123087966
619.8211458596426
619.9797764761272
620.4228989652214
620.5174461617005
620.8014699853416
621.4476708592152
621.4988883286127
622.3640741887458
622.6995340308333
623.9429162293591
624.3410611998578
625.0458458615739
625.5780879363941
626.0830465557192
626.9733274081464
627.4361414854535
627.8033852776929
628.2057064926443
628.4266034021708
628.7241518943277
629.376771159301
629.4208208013846
629.8328877426108
630.2813857956293
630.6689037331824
631.8320010683809
632.1110550531236
632.4346850866514
632.5939781180235
632.7773387161001
633.2260135689938
633.5785776866867
634.5320413661686
634.9777204342442
635.90714892883
636.0073043798723
636.538848002459
636.6524784660171
637.0657557238791
637.3052809953246
637.4379345322857
637.4553480510257
637.8731585419102
638.0052602510318
638.4051594793038
638.6920230806774
638.7444304564979
638.9430744837852
639.0656814092123
639.5443320913494
639.5854592762223
640.7256270814054
641.0153573227439
641.4811947477522
641.7936968391053
642.1681798067367
643.1768852558184
643.708458316527
643.9319992978053
644.854247021097
644.9516528826563
645.7182423577838
646.5744502758126
646.8106262797364
647.4275566998364
647.7087172771693
647.9686765528597
648.2831355378778
648.4969625907812
648.6415317934293
648.9617529330777
650.0861705521513
650.7689887455365
651.5421442452931
652.2196931021348
652.4836552829106
652.7233037924324
653.1273538448359
653.2759638225318
653.6897135279088
654.8298349534431
655.2572605056033
655.4576041709443
656.9333606986222
657.6875819589845
657.9498685402458
657.9866065259255
658.5020882349563
659.0603552673412
659.4613042159075
660.2884931656093
660.9158216509874
660.970898219682
661.1601307425017
661.6390323846251
662.0410817291054
662.6058781188332
662.7153562200483
663.0084941706901
663.0886469137777
663.5130716639812
663.6537179649016
663.8378337356639
663.9088927973654
663.9813154604465
664.322338412739
664.3558677254999
665.5310000925507
665.6900430972931
666.707569077952
668.823055027131
669.3499033858875
671.0219795062967
671.5761815532877
671.7218016288543
673.2370796954133
674.4652118593309
674.4938717005128
674.5876994941633
674.9176827328959
675.0264942227598
676.1373208167437
676.6034675038021
676.7226160978621
676.8161185592265
677.1143558757254
677.1318148921298
678.4052175475124
678.7690526545849
679.228859994093
679.3856996102619
679.5781219829898
679.9834544580525
680.0389828539096
681.4019591676839
682.155807379548
682.6308143463868
682.6613999598476
683.3917823717071
684.0814444141247
684.1809180241835
684.3178436927927
684.3575141708509
685.4434043899385
686.4797117971407
686.9470969946781
687.482069180179
687.8798661598205
688.2670253148638
688.9703610751146
689.1639434362233
689.245095579633
689.3261079165247
689.7936545182395
689.8383004321317
689.9582954928738
690.9299728149482
691.264104726138
691.4696503475096
691.8414310258112
692.0891268229669
693.5240871365781
693.7622851999912
695.1393711820047
695.4968522235846
696.1698031336194
696.346075019712
696.8042448995913
696.9119538747287
698.6097937934842
698.8942410050315
699.3070290594919
699.9438600382883
702.4039170266544
702.7179958519114
703.3146475022007
704.4129553075254
705.2017956433344
706.0026583501595
706.4720512506334
707.2626538084065
707.46429239339
708.2094399488558
708.342491409269
708.5714055585146
708.954222915751
709.0836905001083
709.2400475521274
710.4576259196496
710.5805841669832
711.6204585065138
711.975003592731
712.2270471683089
712.6224913593039
712.7392603531835
712.9119575062416
714.379917182136
716.282148822126
716.808162265158
717.6374828300476
722.2885454740076
722.5801351592031
723.197542013774
723.3259421066966
724.0121602847136
724.0970347289256
724.3146747366217
725.4284931296332
725.754787368841
725.9128652469606
726.7988946018786
728.1117538462605
728.2353839731868
728.2640603048251
729.3400020718583
729.5686234530352
729.6806500016569
729.8520072579694
730.5164437053021
730.7932592352863
731.311346788231
731.4074342694524
731.9950286694067
733.1770424885525
734.3949753439044
735.0463874037918
735.1330310268945
736.2602392654971
737.3717065958986
738.0235925499487
738.2238127635575
738.6895674223788
740.3146284915598
740.5710212003336
741.2527849933125
743.6174863886359
745.6483221700074
747.4847228111547
748.116652032816
748.2469035764522
749.550235846403
749.9190698839772
749.9785828010004
752.5533607695071
752.7801620969958
752.9927131409593
753.3439629715302
755.177053033078
755.2676888295456
756.0013666615503
759.8848085753409
760.1417459912308
760.8730481026658
761.9818434138487
763.0330993488706
764.9924557429058
772.024580545664
772.2058865160943
772.4440417924254
772.6441875940151
772.7248911081635
773.0397793788355
773.403971060845
776.9118216959988
779.8505146897521
780.8134875065094
780.8612332950877
785.268306967877
786.2311343547887
787.3282320028978
789.4115341180254
795.2340475587126
795.3573926884377
796.2243743207426
796.4117671331289
796.5350468069461
796.8152526271342
797.038025193135
797.2399731242893
797.376312159615
798.7682366193593
803.6758627602076
804.8217200419116
807.5689638753055
808.9906353735838
810.412062084129
810.9465463624697
811.0369410029014
813.8830266059458
813.9581670404854
814.8448055937835
816.8641040369513
819.7887795268251
832.6123918659084
833.0095946634427
850.5819871269887
868.2603135382058
868.7640100047058
869.1636869179151
887.1564224951719
905.6901700876699
906.084097445838
924.4627541062504
943.0108258542795
943.4128319715329
943.8027528610986
962.5547090212734
981.3557298991077
981.885203380826
982.2685185208053
1001.4482994460393
1020.5869997114581
1021.1436764482515
1021.5359692882342
1041.0982873951343
1042.0196486974567
1060.8933762638248
1061.2068331955854
1061.582850910829
1081.5309285664487
1101.48074541194
1102.0033805433263
1102.4469763389684
1122.7162181333324
1143.0776523442896
1143.6030852625643
1144.0028874163854
1164.7000014779576
1165.6841880346938
1185.4266043550015
1185.9855255068205
1186.367413277616
1207.464052258101
1228.5880734371058
1229.132737520882
1229.5312373892812
1251.0241719665892
1251.9365907055844
1272.9041529829396
1273.4919050407166
1295.335682354274
1296.3789225338126
1317.2685134582723
1317.7889720032838
1318.165312767206
1339.0800861358703
1340.5314209641842
1341.464561713743
1362.7954255979112
1363.2851317312993
1363.6798132781885
1386.3374959440494
1387.3274872277734
1408.9846021433682
1409.560221868226
1409.9495926055765
1433.0607167775565
1433.8015046086336
1456.5642886027672
1456.9144036456642
1480.3635858541043
1504.196300660889
1528.04016411342
1551.6475477580132
1574.3776454038978
1596.1605474813414
