2.2020410853501877
3.92319688002601
4.153613615482291
5.8509129353398714
6.0136853215632335
6.112524929723753
7.793771588505961
7.805497472839323
8.006240425091288
8.075986909523392
9.747180242647405
9.768066079326516
9.912931007081049
9.99190126061939
10.021994037348627
11.70685963493544
11.729164454793814
11.772505681562887
11.840065108694995
11.912108888988415
11.980136051541413
13.641934189686227
13.667334892691816
13.71340447658537
13.729938374713596
13.85520799247762
13.95272019591214
14.051846970435843
15.52324566583297
15.625841464162479
15.659710317247342
15.707725564951538
15.915816553270446
15.97507397439985
16.059054608134666
16.56725648336014
17.472883774523446
17.59453826150692
17.64244008579462
17.85436495210134
17.860264594157954
18.047928995478646
18.83652849912778
19.440955919590618
19.48538359393386
19.706817689262902
19.807545526249
20.031485289820612
20.549127449708692
20.714418535703288
21.416176129729614
21.473539613973077
21.501901377670404
21.77912455913067
22.133942098623663
22.540528734774156
22.664928965005696
22.806752168840443
23.403051754514426
23.467181645978002
23.758357584049037
23.907749995685705
24.013896242776124
24.526487892813776
24.798464056913748
25.32628197074043
25.456946936874267
25.84260720443942
26.49450627716981
26.517313385661076
26.612111578807298
26.792469068620917
27.450313068511257
27.693656736969416
27.72693201845936
27.942641887297132
28.508062644131435
28.78527697907785
29.448361572133823
29.681132832954514
29.91633643685648
29.93385207160054
29.95304767209238
30.49118104368173
30.622001369610405
30.78249486801079
31.607498100238473
31.65706200270799
31.8303456180556
31.866353183450485
32.49720872049153
32.61351461444275
32.76462473784157
33.63394784427038
33.75815432075433
33.79449328447761
34.44059550293761
34.50233137047123
34.611304877859574
34.9919983617384
35.11524893850863
35.54983670036541
35.767648830215606
36.0284501651761
36.33059760048543
37.10745698657694
37.7469528485001
38.29051600649999
38.75367787901985
38.855603318876554
39.10022208611502
39.335482045131144
39.692912371267255
39.996754363313485
40.27006160976977
40.674538670576396
41.09570726701641
41.22376817966928
41.989297100715646
42.0471546096143
42.2487207899837
42.48300241081126
43.1083675975789
43.187077047322326
44.172456146782515
44.60882429454226
45.19453520214516
45.267492653048535
45.58054330087627
45.74776168785087
45.975270174283516
46.018871873606855
46.49524141264689
46.54628932781151
47.137600844744405
47.26129143498106
47.996689092545544
48.45925841557508
49.25643552459546
49.36717094159797
49.783355634900346
50.166446850318124
50.271728770408146
50.8841375475772
50.92318264886229
51.25543096680254
52.152365915557304
52.15981905604866
52.38703363613739
52.42536665451956
52.91672733835816
53.273410384652564
53.46040197557709
54.12163891693722
54.91332343355293
56.10231203164856
56.149857339322
56.319883058075426
56.91321855184183
56.96612127891745
57.48729893274943
57.69947586803043
57.894386466767514
58.08207395759565
58.20756827477339
58.21744411110688
58.9606469730953
60.17208476961606
60.95735444884788
61.97138663418374
62.15360808392342
62.73936610769696
62.760697923585624
62.95917961182725
63.38457395207626
63.39670932303103
63.55498965606494
64.1334560566287
64.64532573653608
65.39134936837044
66.0359332351301
66.39932579676714
66.60803639686043
66.80043615151807
67.38899502277243
68.5903032591658
69.38757614725611
69.46360157743165
69.58115102679831
70.2139232577681
70.57009582135743
71.27174105740198
71.40810212048007
71.47293929067182
72.21083382970257
73.4302047447355
75.41429152126246
76.75283321291718
76.78958234433941
77.39115887486928
77.42085286258947
78.23140382158995
78.66311499629275
78.68249933195366
79.41529101135342
80.64319142998544
82.62310113768712
84.38546716305554
85.01101148331388
85.43838702389749
85.52207221623708
86.27592957607006
87.00727620441273
88.23991402283345
90.22211405856359
92.36930264741378
92.74454412155309
92.99030757678669
92.99596019562978
93.03303860200637
94.2592992381317
94.98697712484456
96.22232317087548
98.20387683407412
100.7395656273014
100.80174246763508
101.01469193478165
101.35751264604502
101.36993132842957
102.63008638814188
103.3542924338765
104.59377242848304
106.57613267069623
109.38072186073897
109.50050734987933
110.11233197367054
111.38668056794577
112.10926438028544
113.35186686646128
115.33422825309009
118.63521403110704
118.64865238433892
119.25546396908514
120.53531958548398
121.25235087554346
122.49741889762929
124.4800303586628
128.17856063833278
128.78529719216885
130.06794608517347
130.78275086248092
132.0321515780714
134.01267874017526
138.1000292630729
138.70343861049233
139.98890567272923
140.7010489214103
141.95311018504182
143.93310190356033
148.40863920212976
149.00955412068362
150.29704732362535
152.26150588806942
159.0358622132434
159.10431589030236
159.18906371546348
159.70364583168097
160.96776958973837
160.99532508369336
162.95762843921057
170.19037975621364
170.78586395947278
172.07347315108174
172.08102455120408
174.04074952093364
181.66238280892063
182.25595673860153
183.55077709218594
185.51384660103304
193.52285464533728
194.1142489446666
195.4106331300198
197.3725248776596
205.7707616051014
206.3606331910352
207.65469308498942
207.66079300213414
209.6215524407029
218.38944440411962
218.40772434745736
218.99508272624095
220.29380896134288
222.2563625403507
231.43070600291324
232.01724419631276
233.31777393204405
235.27933888158248
244.84335349810155
245.42807912555367
246.72944044336725
248.69133114261976
258.642918292916
259.22664844663376
260.52904605489914
272.82923708485947
272.8450471768252
273.41318585014363
274.7178232248356
283.4119326915671
287.40631542713453
287.98762951944803
289.29197369617725
302.3694154172962
302.9498875486082
304.2561868864538
304.4003490973471
317.71015149481246
317.7204087325924
318.2998237502067
319.60543206051483
326.1661868829002
333.4582863499323
334.0372057290175
335.343451120759
348.7097495293956
349.58459391188865
350.16209040603223
351.4685799928417
366.0965100609009
366.6738409197695
367.9804905583658
372.0306428411614
382.9912750684315
382.9971359791901
383.57217204824826
384.87896974985557
396.12859348334825
400.28007092657845
400.85648754215117
402.1623172313057
408.36588160952994
417.9498237233789
418.5259172659479
419.83236326915176
421.00265718850017
433.6316665573147
434.0126845688262
436.0031575898645
436.5791406606748
437.8846898748995
446.6601094559793
454.4382362784666
455.0140090168856
456.3181209129829
460.0562519216341
473.09169539020485
473.2520889439327
473.8267376983246
475.12397251448544
486.49373609718367
492.4364764273316
493.0096802929909
494.30642418290546
500.29898234332
511.9712566400447
512.0048449425074
512.5418957782731
513.8211700322715
514.0909336524246
528.285517060414
531.7986926056609
531.9418766135656
532.4870034248668
542.4659205981329
542.8439996248688
551.2206759232367
552.1088292403186
552.1262045364592
552.2128112447583
557.0491717852552
570.7209136880281
571.6181103952762
571.85332271384
572.0071379588014
572.2049170344144
573.0374415035969
574.5585483115464
575.0827841570198
586.5898534298487
594.5382609605678
594.6468927987416
599.6284960361274
601.5482382692886
613.3130347575119
616.0077530705478
616.499392691118
616.5165703111704
616.9083312721986
618.1267898961167
632.2555233046861
632.6365131425554
638.0571352266463
640.4882131225218
641.3181766422629
648.004202103702
657.8644085848823
660.9298158015554
663.6777013627147
663.7402544587928
664.1208137235018
679.8778496548036
682.5234535638247
682.5504236902684
684.0192049519828
684.2915543487514
696.002598978432
696.3784435988036
702.6907354455109
707.2171947872889
708.4821361586826
712.5289555311234
729.0423455951784
729.4169938366252
730.0513841020714
731.2041000929996
735.5493181482825
745.9578163709949
753.433142710975
762.8599053290262
763.238845036176
777.3359151994287
780.162839748187
797.4546618594668
797.836776161273
803.3995190176862
804.6081624059415
805.8979425880789
806.3046196008593
815.1468634112596
832.8269905863716
833.2040938943384
850.9069290877402
868.9767730815294
869.3574474638363
887.4459222952012
905.9042159208312
906.2818834011568
924.7627227340143
943.6092634704676
943.9935015920391
962.8573466185602
982.0917818509995
982.4714982748609
1001.7274565162733
1002.4984276238595
1021.3516072312425
1021.7322414542659
1041.3759551006303
1042.147352602349
1061.3899854930144
1061.7750690388882
1081.8033465798626
1082.5739891846554
1102.205307208186
1102.585375324606
1123.0076379645795
1123.777262382946
1143.798790664226
1144.1786684048295
1164.989088035299
1165.7611149597094
1186.169817423667
1186.5489547397792
1207.749090002142
1208.520201348493
1229.3189941891676
1229.682946919726
1229.7598797962098
1251.2859733244525
1252.0578431141141
1273.246263896509
1273.6298860359948
1295.6036622036268
1296.3726065669584
1317.9535789536833
1318.3385152539931
1340.6975498375177
1341.4673848308744
1363.4359440512121
1363.8196141671453
1386.5698730972697
1387.3381933065405
1409.6988204886745
1410.0822974174364
1433.2210032979146
1433.9840127365912
1456.7420207019181
1457.1251264515856
1480.6527092345889
1481.401478044566
1504.5681293941186
1504.938213850426
1528.847703556408
1529.5762658260076
1550.5347857557972
1552.7338618036838
1553.3077180730922
1575.4657702713184
1597.3041184461983
