-25.73967826679403
-14.151887378273377
-12.04222807730776
-9.97333215403735
-7.929473344298675
-5.957864347743524
-4.1464876114908344
-2.0856459429954946
0.5739678949650759
3.1701110119594205
3.7411843535428666
4.212832168116709
5.198964250653287
6.19007930080183
7.195010761869557
7.211000424460208
7.357392480138205
8.107596615082617
8.201617498820337
9.204437119594521
9.233682808085783
10.086512989525547
10.216882136834325
11.204201405100074
11.224978741187002
11.232447868445982
11.390798713129266
12.003038104544071
12.120301984799315
12.233698769946178
13.226475159891955
13.256458565384833
13.347144206244193
13.84223726588906
14.071940812835022
14.243252791160518
15.213883922340665
15.26195792057106
15.363156997785556
15.637791650624758
15.801040777917661
15.900936675919933
16.08973183237624
16.126432191470798
16.242449391971405
17.265178472566998
17.385368576445924
17.698631250086645
17.93151042463497
18.128950714042258
18.20877914411734
18.3821933941603
18.914767825989447
19.260872788999695
19.400604935280278
19.73807464380744
19.94532460549343
20.10731211655382
20.19055187509188
20.45477132032738
20.62888079481016
20.939424486033413
21.416891551477583
21.552062452619747
21.768803619204345
21.98888103446505
22.15333190318448
22.201822088117748
22.514823267182013
22.945417830544894
23.415110727608305
23.631933232465276
23.777912985958377
23.904570254911473
24.162158560758474
24.20602204837152
24.556833400393707
24.949964023877957
25.16220691396118
25.676306108727136
25.705339417087867
25.79495281156426
25.881651136033373
26.181701828152427
26.2789990365344
26.5679288917725
26.97001453039069
27.248450994860896
27.671590889894183
27.715395397838186
27.844383471113705
28.173009562651334
28.431084811591376
29.078044856579794
29.179339649914215
29.310914093835724
29.711132211316833
29.85345034029126
29.872766771186935
30.1835653829075
30.440304887161744
31.259503122280226
31.32815232531789
31.436423255979307
31.49646982184294
31.625047723764972
31.85681457047554
31.892727688424205
32.33167408250487
32.92445000602977
33.31652058000783
33.345449585925856
33.567570746552114
33.595652217560556
33.878428148871286
33.901015766353886
34.25945181318358
34.31643013488667
34.741809925107134
35.2006260670015
35.369800054396165
35.67320392070792
35.89508893655957
35.96460011806128
36.193031798240455
36.32213903413941
37.17985334752596
37.34788609559838
37.46473374364679
37.6022111774825
37.73239293021955
37.940962816201946
38.31597894274772
38.40392228922536
38.44407993758322
39.15648364078687
39.197678632617524
39.217453651079055
39.786232986196644
40.082800841610045
40.320631828535355
40.52481164628443
40.7336115571637
41.12451137098169
41.16639407313626
41.31861955242614
41.788951213022536
42.33203876758745
42.595196645301
42.89053976101444
43.16040803060927
43.62438867866656
43.64110040527949
43.794292811214035
43.88445770604911
44.39622558670238
44.45423497878394
44.47321833558649
44.65891778135786
45.168572915676975
45.26226112219406
45.672549419869846
45.732497964417014
46.362968010798255
46.39774199589532
46.594290472473205
46.84058832584989
47.0145123785146
47.19474738390276
47.79432372462315
48.015536776861865
48.209537252096354
48.383088789309504
48.433648810341445
48.58377377185623
49.245538308743974
49.329715882192666
49.71021533182239
49.85227661519611
50.02010139009755
50.375447872883996
50.492997522406455
50.70171755180162
51.32739076846676
51.338535827603835
51.723771332468175
51.88337984342858
52.03121240655909
52.148227790527635
52.427257614823816
52.89026188605374
53.14906114848279
53.403868472102516
53.65612349966424
54.029888808248586
54.363051377799145
54.564062713687285
54.57046499677353
54.93464835411242
55.25249099984938
55.44981956069768
55.67503865969641
56.02878537910543
56.037934088356955
56.08273002989635
56.193639871901134
56.63668901787953
56.99563183059874
57.34207275105366
57.443454319643216
57.75727443467622
57.879485484756714
58.04855459558612
58.07497996885491
58.32386873866939
58.87020160640611
59.256187168685756
59.402946820254265
59.68135150123168
59.889336983382414
60.04644995232482
60.202458845175386
60.63010094812
61.26234078747563
61.31725040147447
61.45156102175795
61.57867175656562
61.64754206512566
62.050783726445346
62.4453820216565
62.63151152513989
63.027135835174406
63.19611257045206
63.443544746015
63.72754013173138
63.7371922064886
63.89996244786724
64.08371244171286
64.44639647921805
64.8979392832962
65.04282696333414
65.23818306881901
65.39673507561155
65.50904003167048
65.55836479527711
65.79933083603146
66.22138864518342
66.45300707533177
66.65120878118073
67.07156362561874
67.29559216097167
67.84288482497684
68.08412391391907
68.41826475962017
68.4693400039994
68.65163448598072
68.6654727936689
68.97776352358498
69.24255173324782
69.82546745189794
69.87329733475218
69.94843530479768
70.46165784378732
70.50771101862982
70.54582388032911
70.82655367998065
71.24425210671247
71.46237261232417
71.68005893031403
72.2991221290539
72.56494351564123
72.63738847989471
72.81286601421218
73.05535908526802
73.23190451650817
73.34005161690958
73.43364611704631
73.68141652468398
74.49110932137984
74.62060069961322
74.70688476043644
74.76330149025102
75.07111975582006
75.19396131829332
75.25063926018282
75.6135246975335
76.25489287621042
76.34503220063084
76.42907738569289
76.61729714712321
76.67686922910649
77.27561445800629
77.70076452183814
77.8852337311395
78.0984775567711
78.33818945404896
78.42257971084814
78.46254391609244
78.9678526566503
79.38463610215236
79.47028115696945
79.76506634905414
79.98007407178059
80.41959076116356
80.4705207476845
80.52039281930527
80.87895649385207
81.13847539186051
81.74083742703611
81.79521235339097
81.90077228055421
82.36399600432154
82.43937582587634
83.02699711355055
83.0940033291612
83.18037483720668
83.22908136467613
83.75109580677811
83.78972761190555
84.00662258940791
84.68538796089766
84.73237420796339
84.9730306514188
85.17618606040129
85.27008974756687
85.61186373886522
85.6588768991847
86.00727660602786
86.21765262801304
86.61136770208155
86.744548889571
87.08655930509006
87.33092117905954
87.62847795458613
87.94294190333638
88.76533473143675
88.93749709723998
89.04395934908145
89.37736065306017
89.76666156618607
89.80993600164904
90.00567774770576
90.26017882326765
90.50695963225081
90.83626030762753
91.13772985505162
91.31257543115693
91.35293935508685
91.5937584856182
91.73533873959319
91.88677114868376
91.9715908998508
93.16750113751212
93.20638922608389
93.23097866995978
93.40655542750714
93.82286281796988
94.18879506954882
94.4369267046617
94.94906833911696
95.0927549095767
95.23478574643445
95.28927854389157
95.5983556073287
96.14958336531161
96.42032778093044
96.62176450626197
96.88028749066765
97.00159096293434
97.33222973993274
97.81719874334827
97.96654653466324
97.978042646723
98.2957583480758
98.7678001095349
99.3078454945404
99.44519609301143
99.4876896304604
99.64875589983623
100.00539794501347
100.0288684764698
100.32694843684074
100.52768779699504
100.95656713002185
100.99243670812103
101.13817636968584
101.36578877360222
101.57409042076031
102.15381341659484
102.46432973901038
102.76841487379575
102.97187291268843
103.1715192852535
103.36510404641076
103.63614465605185
104.51819817868022
104.61343875702235
105.41294180076639
105.6783225041305
105.77665269907675
106.34588904730012
106.43505947483517
106.94185871856578
107.66514554330948
108.13441002221855
108.22277408204093
108.3535265839653
108.44557305286553
108.54792544153544
108.89770074944877
108.9432506014262
109.0533041241895
109.1872559128754
109.48353463574679
109.96896692713413
110.27729326845639
110.3134971838175
110.41767836010631
110.51095952452367
111.51228397307385
112.04074040495584
112.3727962598196
112.50230517389913
112.90748727989393
112.94092158939249
112.97937065765922
113.74846168555365
114.11129600258445
114.4175395580513
114.80420284157188
115.33543082675182
115.77361797501995
115.78027841441265
116.39899931506447
116.50466799854036
117.09496956109786
117.23049641327891
117.28187010826015
117.35286143572026
117.79151600360765
118.19467481217895
118.21980544436695
118.35886058255835
118.9837324044625
119.09758259600382
119.21490978569115
119.26133252946694
119.44168597578071
119.61157234192679
119.76654054673361
120.19985539256939
120.25043397435927
120.84325629655743
120.89157194675442
120.93453520789525
121.25917009275747
121.4975483001257
121.6968771713546
121.73872162239451
122.72325255134623
122.81178202612932
122.8947206147586
123.11260606490804
123.54263498774876
124.51820187768809
124.8042789975967
124.89926260919978
125.52466505392478
125.73110113407182
125.9959676257914
126.08584973288778
126.23279623919214
126.70964968535891
126.86898174092944
126.92327425153402
127.3440670844491
127.61588829451291
127.76169140732571
128.07685824292747
128.37868720172187
128.50496868315443
128.9544441142875
128.9695933984187
129.26439101895807
129.37149008226012
129.37760044104212
129.58259233904334
129.72910139880975
130.44126378481945
130.8239699147737
130.94784416198556
131.0182554435651
131.99631315050584
132.77114764509514
132.8347900924431
133.05847874425456
133.3066727382805
133.57161388963314
133.67100463140804
134.07113039280327
134.4741850297189
135.0392656608447
135.11715128012355
135.32698268849558
135.46395278751666
136.34537239087805
136.77461086188472
136.85038779157426
136.90755579530125
137.90008967093203
137.9938427335255
138.71027426226524
138.862841743469
138.88694976649455
139.2855763998263
139.62757689795077
139.88637333718063
140.04231947743588
140.0727610483381
140.3541019325473
140.54516225688678
140.87000060150805
140.92356615649103
141.21035018444118
141.50836637481922
141.63561907993622
142.05366831692314
142.45968010343512
142.70767736984718
142.79642822694396
142.9569491207162
142.97355283738247
143.1840861379007
144.4091288000943
144.55355164460693
144.6653491695351
144.7218861159772
144.94571648463383
146.76414181798506
147.07076133392755
147.1251160795438
147.13702548748537
147.65126784764428
147.81244295733183
148.01697664238384
148.22306403520906
148.78981544812953
148.8154901414206
149.15858908997944
149.21763732916463
149.69289247497989
149.92893371886174
149.9483005156064
150.0608397729434
150.2542898953664
150.69237610730468
151.034022189748
151.15733183838876
151.21922941459914
151.41300954707668
151.92627127854553
151.9393012636977
152.22479284560458
152.80646396314071
153.08820854089817
153.26178168292057
153.61718197819803
153.8830538018648
154.1080696991657
154.55465557378153
154.78253291722163
155.24002436283757
155.52407739968848
155.6583967617714
156.63846040978532
156.80883458267488
157.06116278271034
157.14026155921738
157.202046609166
157.71495347366448
157.7556448312126
158.09927831149847
158.1383156259744
158.5592826142761
159.06971484325615
159.0903828402762
159.17629331560843
159.67563485447658
159.84217800735783
159.97522435664737
160.55491354441733
160.61753168079602
161.43125134829708
161.57418098105813
161.70774405314592
161.90271199451792
162.13076102649944
162.56870810722776
162.65626362676022
162.74170577670165
162.78429352595998
163.38965385069045
163.39953983125494
163.9423318720002
163.94444717958092
164.70629728316095
164.83320816840077
164.8574448510557
165.82736811583223
165.9242438802685
166.17963325148753
166.52998818439963
166.62718820320055
166.67406417642908
167.74405154856078
168.3880272457019
168.49572111350395
168.78995135287136
168.8013744838593
168.83353146335892
169.76955220039625
170.27160470117752
170.30360537731548
170.9165317131097
171.14563708390403
171.24289200883956
171.35692462032836
171.69409649997846
172.24668092950793
172.35367767171036
172.3915860585658
172.42617410345406
172.72096274243765
172.97577360111384
173.24966859384503
173.3074481328264
173.69328047857258
174.0704473345964
174.22145907081
174.30849725650143
174.48863508743116
174.7073866534742
175.01824305983118
175.19581355129958
175.5278186133585
175.70049935215425
176.55773001911638
176.83088454042286
176.995992419765
178.1753733396082
178.2517641782116
178.54128009038533
178.69199716783913
178.7607393672735
178.82017912226047
179.11616452542356
179.85186052951138
179.87839980505728
180.24585998590234
180.2928041206537
180.29481579277763
180.83944856626903
180.96486800168006
181.64548155380373
181.7437204399529
182.18020696995512
182.3184194776383
182.38238764066048
183.10478492139217
183.4604677056829
183.60912024677432
184.14203859722662
184.4390064990389
184.6819942184029
185.0086308178467
185.15118960728094
185.16021804366324
186.47984507968434
186.57005742471006
186.6004559303144
186.63921632081914
186.72816553679363
187.16713116252484
187.44356017457133
187.51787900970697
188.15905802570506
188.3914805872196
188.46456046174382
189.02754471334407
190.14773670682837
190.19392664132604
190.2802168835257
191.01004131285907
191.49736246133466
192.0342010342187
192.14510365181383
192.30592253085317
192.3329678680773
192.4603549151585
194.16354655664
194.23151208015446
194.30681001729758
194.4241029434097
194.5982845331628
194.92467979326048
195.38302354718212
196.29063099947783
196.49466160257433
196.60703733448378
196.6209729700971
197.01378888148764
197.54578181957027
198.06235496315827
198.3315739983269
198.41772451596208
198.47471415480825
198.58958119971314
198.80603530165345
199.01261370211478
199.33738266053092
199.5362339600304
199.86322182567636
200.31129829887496
200.5810317058722
201.3699651390635
201.64668499414216
202.13068940133638
203.1324494115452
203.3328539089697
203.40206212970023
203.5149104579736
203.69382076215817
204.15611329098957
204.38562531225847
204.52251858466994
204.84062188733373
205.6291263510418
205.66426149464937
206.1082548046073
206.47259170479342
206.65983681164192
206.77497674902088
206.86301929911238
207.55184932078558
208.46796919654705
208.5347011039559
208.57888841436946
208.61644214762086
209.14283297447884
209.91296476939166
210.04982838400676
210.57070664535402
210.60499602025385
211.14371536475906
211.2584606944138
211.65267866938015
211.7119076951694
211.99104529310054
212.34140663735343
212.37934486607645
212.5527600365976
212.8538879587892
213.28773147600552
213.4963266591526
214.03100631906113
214.21939628254094
214.3707884388909
214.86040259561474
215.53180884148304
215.9124844405577
216.29053733975135
216.39674533931043
216.83316741018658
217.01577133628138
217.49427739450041
217.55633769281573
217.88391882252583
218.83899374621643
219.01540972897973
219.10244959849376
219.4069850454969
220.07414171086836
220.21255060107327
221.161925801989
221.88426279659964
221.89565086186053
222.07095547844165
222.1549071089299
222.20216426542473
222.35591654993948
223.20187064235
223.84900190281937
223.89031789607327
223.95392401101827
223.97106144352966
224.34476582035137
224.53258102030824
225.1818835013657
225.67807280445984
225.73530486775974
225.76980661489915
225.92749467215341
225.97615657741875
226.60902511361633
226.71444760045472
226.99985451602535
229.02601381234194
229.51070910556797
229.73936000087315
230.0344587399873
230.51540771081451
231.506024784817
231.62323979314885
231.6651684463968
231.69150527851883
231.92867839190816
232.12145994452746
233.34600986138472
233.3886470968122
234.1505713644495
234.17135080991372
234.1818793909767
234.5448027370641
234.78273443437632
236.2207917586948
236.58799768056173
237.08943853073583
237.53033582162527
238.06719117640125
238.2001530251634
238.36531356277814
238.93403781912306
238.9529667337577
239.0805964858162
239.51896347986732
239.60926639796682
240.01697534320584
240.09475412558663
240.23969092128362
240.57920221755353
241.0270907138909
242.0434247446719
242.36759702933284
242.65753639852025
243.44171133019861
243.5264012354559
243.54007817494218
244.1579170512298
244.6123436994956
244.66548839015408
244.85450182416614
245.08775999311624
245.52818092831802
245.5619495061044
246.77673474400066
247.5881025804326
247.80114876559006
248.1483034953512
249.60124490850225
249.6250460221978
249.63444546805752
249.76951126762506
249.91253864190307
250.10969744095266
251.3064220287415
251.38291641771997
251.57512126733303
251.6072261406961
251.79411018375126
251.92782733885815
252.2637437554258
252.3464950613814
253.25113396445252
253.4265182810079
253.55252601879056
253.58191448123162
253.78610630219936
254.07851277046976
254.5022493374644
255.35335949507285
255.38891287241887
255.45103875975715
255.76982736993398
256.1191684114214
256.7018659332666
256.7913518809709
256.9451238186049
257.23876130742593
257.30502928618387
258.0700442001521
259.325758251479
259.60317905791794
259.76889447897645
259.80429271842655
261.2075331455123
261.3842591080895
261.7465235899083
262.0443201257076
262.16312776124977
262.39929797117475
262.61378171119975
263.4251474263092
263.86352305679105
264.51361276096486
264.61534070959345
264.7921800631434
265.40381015322356
266.5836689392316
266.6634140306645
267.2226067562061
267.5667107684065
268.2788308291195
268.37327637442195
268.7928567451225
268.9402667709003
269.24647299088804
269.8103165157896
271.121381049828
271.4248394343535
271.6072151936924
271.8698828948489
273.0078715551117
273.201185700589
273.505198523329
273.51284710089607
273.57647442148095
274.7881873021437
275.00166755632654
275.15544136656314
275.4199350579183
275.5700843837691
275.92783468595724
276.11711307171555
277.61053750065923
278.0152582493819
278.58791698243164
279.4107393122525
279.5888860471188
281.40366465761974
281.4081018235634
281.45201315441835
281.5837955180889
282.2427312847576
282.48175625138686
282.5892989924626
282.81679192478106
283.21145665263083
283.3082041564292
283.4297531910162
283.4704911207535
283.60201741742577
283.72068822831733
284.2510791566138
284.5115881035092
285.7464323592612
285.9993043139902
286.0526338926619
286.99856221147905
287.80829327260614
288.08591047927194
288.7442946342106
288.8178198114771
289.19111033248
290.1442809534892
291.6449745580526
291.81021067162885
292.1843321989431
292.20276599206574
292.77180284225403
294.16324475866725
294.59103514151496
294.82374145756734
295.9811856546427
296.3078303297917
296.51261346218996
296.7717093359082
297.0269092321936
298.00520821277274
298.37504844223866
298.5243575377427
298.65299435150126
298.732007447558
299.0277229555504
299.505160111805
299.99721345358734
300.62618449427106
300.96241039906647
301.1826919980782
301.213354566134
301.7583989846422
302.6168736823615
303.0484101307791
303.14139591566754
303.21902659304294
303.7618054820591
303.8023259144898
304.27954272684076
305.1071993317172
305.6888108531596
305.9945938544576
307.14740951912614
307.34535608462494
307.9718828275476
308.0051004530484
308.6186714527263
308.7407415474052
309.1249092848391
309.2247164939317
309.32842609305123
310.944168686233
311.2037484804946
311.3458545164577
311.4075163287654
312.6213407807214
312.96734460607803
313.20895744252056
313.27068065568034
314.0438408012316
314.40384605632795
314.48806075073117
314.68222388453
314.97289616331824
315.58895241542905
315.7567568512671
316.31437361326937
316.79728468511604
317.88478273851797
318.400901382972
318.72528293964535
320.4581741505714
320.5363379654748
320.5734538665374
321.36210640314135
321.79270716778717
322.3070695318675
322.4982313597276
322.55516206991035
322.73409880710733
322.80414823720906
324.4780786710378
325.65183294327176
325.77777368993736
326.2955078808123
326.31031070616604
327.44244316240304
328.32237860653026
328.96727576261804
329.1936484899537
329.81765339289944
330.49091600898765
330.56108574907455
330.6891819082315
330.71983120028176
330.93970226557315
331.04953512297305
331.24220945585216
331.392215006914
332.05512191313204
334.0781776924179
334.1416449289672
334.37556937821887
335.52932112928943
335.97591470872095
336.19465288320976
336.2018668517862
336.54789894234256
337.3705661027323
337.66293619163224
338.23993808948495
339.04285464669863
340.21856357423354
340.7386744315215
341.66159073985574
342.0349108849961
342.0549782358849
343.1525790315461
343.5054238707702
343.7681713226835
344.0606120545995
344.48556630030794
345.55937790593305
346.07172529234396
346.3436104944687
346.5693857303944
346.68086885765433
347.0843360391394
347.1922648292847
348.032645480372
348.10802294805245
348.1847591974572
348.39401637310453
349.8161858717261
350.2710731308065
350.55102439527036
350.71864775839697
350.8811109388349
352.32915756039216
352.3325235997956
353.40150588634714
354.3671434289884
354.3860044263721
356.09014101901266
356.3476504093086
357.4015247723949
357.7240952946075
358.1655883442868
358.6708616263301
358.72852705813693
360.18938220464133
361.57477140380877
361.68609037064164
361.6970382122349
361.8117395043597
362.8092834305295
362.9498230001774
363.65689284788357
363.71697069197876
363.76646258555263
364.013102764567
364.52436357240754
364.7032457828505
365.5132066635151
365.9470765821302
366.620685357181
366.78906975168206
367.0134263027882
367.70298085334355
368.84757425244953
369.52892782569484
370.887086835798
371.82975623025277
372.6808976041739
372.84944573107566
372.86652324976455
373.5293743476148
374.0804314883311
374.6823580606044
375.7617546747965
376.7072274324092
377.4329825436478
377.9400119650678
379.3263121646407
380.25266527705674
380.8619104182217
381.0351321074749
381.30523982395135
381.5874360572511
381.61015179368746
382.46480122052554
382.74800791929505
383.43163042722387
383.6798596512342
383.6971229785899
385.7541995347437
386.04764766890366
387.7931501026906
387.92417838519697
387.96057366017874
388.0361371839275
388.2061162836389
389.771575934854
389.8113216464253
390.0501115247563
390.11808023618966
391.58894676993
393.5608991230709
393.6135028833658
394.45626147057726
396.2323766230396
396.60654170916575
397.39977917276553
398.635531943904
398.6656954037071
398.90447266811185
399.001591011016
399.3423538550427
399.37168043997394
400.99093715209125
402.9531711265197
403.0494264436449
403.77271598125446
404.47315492794206
405.0890887492871
405.95774785999845
406.954341189495
407.06710704631683
408.8727861925384
408.8907737903077
409.0099502377785
410.07579578481176
410.9078259016577
411.3669750953698
411.8973426846331
412.72358825809636
413.52935754284067
414.74739658918895
416.07043095635134
416.17008529489067
416.58890597819095
416.66420202344
416.7850481093392
417.07484581754346
417.3001375827683
417.4665154459428
418.6754293891643
420.2410566174028
420.2539698186014
420.73309247881105
421.3846922291242
422.4591883076465
422.76180638007435
422.7772153284782
424.2541936132222
424.75069603351534
426.5677473551569
426.97622696247487
428.5908141039979
428.6523560277029
429.2225157249384
431.2120457006379
432.9675318714527
433.4565626915043
433.4756071722076
433.9001195258479
434.3471689300948
434.66118644258427
435.0093390429146
435.3977503598825
435.43620000111963
435.5174940064463
435.56372967508656
435.6504764055229
435.877486619044
436.16535775623265
436.74765512857743
437.92794625127965
438.80533933400625
439.35708682557356
440.84443942057845
441.9174858189712
442.8219195449667
444.2682882277074
444.63891550609776
445.2954374098475
446.3352303229559
446.4041202917051
446.66299587851796
449.2821054392204
450.27762680608396
451.14050286479204
452.05341469449473
452.41926649759483
453.01818133017684
453.11461703318696
453.12456069628365
453.3798795271071
453.9942946036465
454.15225496441536
454.22481805810213
454.38493300385727
454.5615371835324
454.8241608219438
455.2077576179432
455.9932303630132
455.9983147812705
456.2852551350601
456.6619526119308
457.26597090183014
459.30310844541134
460.0498242412624
460.136286844493
461.2807263041695
462.0051827973166
463.0969690457289
463.57575580910617
464.34738550640293
465.1215550337627
467.73346091093003
467.85918253788014
469.20439852523793
470.846733599341
470.87765096479586
471.8657846129509
471.96974608210843
472.3246190342419
472.4718812721819
472.68249767537026
473.2615359917501
473.6615895096423
473.89632196123296
474.0527405790521
474.1767577805448
474.4713261000859
476.11037501312927
478.15044376818634
478.46775122473247
480.12240662428496
480.22508608649105
481.29257639048177
481.9407439092078
482.8275707702863
483.9604246911968
485.80127277167554
486.54202148568623
486.80565105871074
487.5615354841335
488.4104992778575
489.68604087735963
489.84826428771447
491.20218011595625
491.26546234079234
491.6215043833556
492.5047522377513
492.67168778639893
492.94854569794666
493.27557530683185
493.2827095545579
493.3032828370173
493.56844838040126
494.8041970157178
495.2700670296033
495.34919033398825
497.14198974908015
497.3702027572254
497.49065368466
498.59081185772266
499.3074922288479
499.3659913896806
499.71240133676173
501.08637338604484
501.1753909232079
501.5116899669153
502.06943182409964
503.16684110748054
503.26183578079446
504.57340818702374
505.82777846970566
506.55140675147214
509.00386821035084
510.35421217295874
510.54378988723647
510.7401270697356
510.7770304935419
510.82603162594444
510.90877829721
511.77194501638274
512.0225760619961
512.2092623598014
512.3029062979532
512.5521634276802
512.8868664341163
513.0472160015878
513.1266349676407
513.3532967679714
513.7216187083714
514.3683159427259
514.4223039769104
514.9604474908551
515.2767927691467
516.5122735290728
516.8577925805437
517.0221176275556
517.3657153493281
518.8723373210387
519.0217218081043
520.3042918818204
520.8211581223269
521.0718706834405
522.7983121197502
522.8900131743895
523.2783628018152
525.3954152747749
525.5501371638087
525.900937496933
528.5986740396665
529.6686103610489
530.8214555471803
531.0342481366482
531.5015060899693
531.7924111083057
532.0824605444327
532.253635830247
532.5392329399845
532.5761984300876
532.9186768517994
533.2092732502674
533.6920394656289
533.7281887358968
533.9670325627728
534.1299545358198
534.538274150693
535.0098424114655
536.1773486370021
537.0229739845962
538.9731007435818
539.2535609414531
540.359275486649
540.8156452832916
541.4221024228559
542.8995433442493
543.7046034723892
545.2330151320833
545.5453709063252
546.5687892365131
547.2817331050342
548.1194622111946
548.5900941721352
548.6462902611388
548.7487417207435
548.7998268141737
550.2294715407334
550.5627910731926
550.7562121230804
550.8720348979843
551.0770911948819
551.1822071264102
551.299152222143
551.6002284401288
552.0836362561245
552.2428376870323
552.5932396135752
552.7438354041342
553.32424399596
553.3867904106314
553.4614848648295
554.081682328073
554.1204819110328
554.2482153620437
554.5713244499096
554.9384581136874
555.1109114931769
555.4136887931535
555.8291482507185
556.0401389100384
556.473748841399
557.2841143979543
557.5909335989228
557.6488955422843
558.1344605982385
558.4037839172003
559.1621561866676
559.4270218513153
559.649137460329
560.6247556762268
561.1244244829585
561.4612722359037
562.1634487566737
562.9098918840176
563.3171758682942
565.8955508839505
565.9983163326916
566.6159110376328
567.477789115045
567.5687268570497
568.3868122534394
568.6420666708921
569.0816579588902
569.5455388423652
569.6730355858372
569.8619590167493
570.4354260752449
570.5588243736211
571.4446125285489
571.8180592053598
571.8561420570949
572.156110656485
572.5379332867341
572.5986365008348
572.6846590337292
572.791385195937
574.0403045030787
574.4914379188565
574.5604424677921
574.8694734638854
575.3334702474378
575.415494368562
575.8042395624876
576.04921064102
576.2669640631653
576.3269087370468
576.4738495022489
577.4576156430686
577.5288995143984
577.8863883423867
578.1567719341341
578.3308262965206
578.4669922078452
578.5497424185453
579.9344151910977
580.2361764476005
581.0119379580075
581.5641030641584
581.9486532634314
582.177308549047
582.6202109490464
584.0396983661036
585.7913882536925
586.701582965554
587.5819301567965
588.665792667922
588.947954852414
589.2950179664036
589.8887130325614
590.1684138644404
590.8747151806656
592.9128720787712
593.029851705256
593.3150842969857
593.3779579519183
594.9783984890597
595.0977794283649
595.2954398412187
595.4893132078039
595.6275196092977
596.1199515797271
596.6509497650038
596.8338171787559
597.0717639394458
597.3048634205122
597.3726424490646
597.4640538885499
597.6267361388285
597.7722784223387
597.8019620114959
598.17167297958
598.4705525483745
599.2858911076099
599.3670383154862
599.4347611507345
599.5019322325737
599.6789606580978
601.3492274745332
601.3894881636646
601.6807842889837
601.8082421798672
603.2329375812174
605.2891634188009
607.9197928814243
609.0601979757055
610.1741296284885
610.8880488176125
612.2568409041271
613.2017386772135
613.8575498541873
614.0587060876531
614.1572643442215
614.1749024166161
614.8384703859336
615.109449063197
615.1838068972006
615.3601929921016
615.6999578443751
615.9021159508499
616.3327970520895
616.8629759211722
617.0841022223925
617.2464694798787
617.3776501048999
618.0623989158235
618.4729774746806
618.9813902817668
619.1894022914898
619.4306769749417
619.6078083457126
619.7189079665771
620.1210430211314
620.224598660007
620.3163861363463
620.9909620001473
621.260806246507
622.7909707770106
624.7523650092749
625.1885989466236
626.8022975419943
627.8092480524282
629.275153396598
631.9186181724416
632.6527877931195
632.6838285558605
633.0471854278927
635.2017374166467
635.9550205536145
636.0433846579451
636.5283843409848
636.5663951701806
636.8226534673433
636.9337443268053
637.3208469578258
637.9409851260668
638.4901938489573
638.4995534617478
638.7458725909981
638.9521390776532
639.0637535584168
640.108421013983
640.6131887397041
641.0593585882859
641.6771828765675
641.8028354460912
642.1445276063345
643.0027469680488
643.8485655678637
644.8475697783608
644.870703519983
645.2101195412151
646.4671383072309
646.8365379732944
646.98083491099
648.739772905523
649.415595536117
651.3737680593032
651.593668068434
654.2765078347206
654.5264146512455
656.6084211559743
657.7935481137213
657.9603216583996
659.2007711128541
659.3314975480662
659.7293059200052
659.8476625703611
659.9716776691841
660.0164190237468
660.5495312792241
661.2185124386843
661.4625421187551
662.1435555576826
663.3750161688566
663.9132813081732
664.047671121583
664.605485480251
664.9982669906992
665.3646428073434
667.0860585259295
667.3135221675785
669.1406702834437
671.2390669283145
673.6213557525539
674.1163584100358
676.9013269819515
680.4684803597421
681.4023847681764
681.4550771022327
681.5653076959342
681.8742739229383
682.2074375125366
682.4763585411765
682.852743219309
684.0055330324426
684.1419495861833
684.446809750984
685.9959322735793
686.5871449448395
686.8404568149406
687.643716778524
687.759220968415
690.0669447353716
690.1483229792815
690.9695929158431
691.9377810145257
693.9255817063512
696.4208922720753
697.5400956649476
699.5794487221337
701.4861176828382
704.7615585841737
705.0717766394397
705.1230305792061
705.3282023291434
705.9903103164424
706.952786102981
707.1083018793541
707.1732621419454
708.045609648282
708.9985222857218
709.284651211219
710.0599115218365
710.9704202015197
711.2644746199271
711.3049987007181
711.3424519748057
711.3613885614874
711.7497966389865
711.8636190807396
713.1089886823198
715.1438370250446
716.8598820787538
728.2214262036142
728.2925115581025
728.5835133237754
729.5231430280102
730.42020284247
730.7043193044665
731.6294062632119
732.8650980326388
734.6451930761247
735.0316490183204
735.1536841867002
735.5878529951179
735.6334146282744
736.901213327318
738.5851522646834
739.5068797417076
740.4861688573498
743.2021157724267
746.583099479573
751.7647394425187
751.7720474681423
752.2048910835853
753.5699632463806
754.6853977231339
755.3356969170247
756.4903313976171
758.6688762335896
759.1437746198188
759.3290345398368
759.5262493691278
760.2794794229507
760.8231056350508
761.3924754356126
762.3670328158729
764.4091733503057
767.0123543046166
768.2610406512637
770.1674173556185
773.7939266262568
776.3790398371054
777.8064589738846
778.6986433422157
779.9553598422858
780.9603782012178
781.7931964507904
781.8320078900675
781.8655697339061
781.9202322741194
782.1493189239077
782.2350457511445
783.0548624570735
784.8823267738172
786.5491278199955
788.6264521479019
791.3008205362614
794.4570971339363
798.0517459127152
799.6776084245139
801.6485787329973
802.0725722550758
803.5856081450268
805.5127568848175
807.374727484307
809.1110345394557
811.1994569693171
813.8845242122476
817.0414578211096
820.6330806887745
885.8817160300856
923.1940619838645
1000.1570125864691
1039.803097706858
1080.2286374158089
1121.4306615796795
1140.5609154359115
1161.3074469763287
1163.4107822956246
1182.9249313379703
1206.168416277791
1226.0726341448465
1228.2225357164116
1247.601211223939
1249.709108072601
1270.0029141383634
1272.1644526836883
1291.910721025495
1294.0218893712135
1314.7393109288357
1316.8885770569107
1337.020180083701
1339.1129252908288
1360.194494645571
1362.37212174989
1382.882007206081
1383.7195552715739
1384.9814418139702
1406.441073714277
1408.6323180491968
1429.5144406214406
1430.3297317978502
1431.6015901755968
1453.4199187303593
1454.7561797708167
1476.8119054231058
1477.9055323849434
1501.377810320414
1525.1627366964906
1547.7269652439618
1549.1923586464093
1571.9535473743008
1594.4416320470125
