2.058913341072138
3.5964796119754268
3.9638059895306466
5.515029926405298
5.804520185371645
5.894475954688036
7.451362277468702
7.45891750589859
7.787771360176045
7.839895137579404
9.414467422762863
9.418566463963435
9.66019658031856
9.756331723620434
9.792312944088321
11.378678021342687
11.38522881186199
11.418631741599722
11.595357636030323
11.650685614016652
11.764972850291485
13.349480475015255
13.365889116721744
13.409929744744018
13.447338560678478
13.572928153916374
13.645975039211965
13.749350956967374
15.253420822872707
15.361254592233486
15.398074327213967
15.605154500623357
15.628479772431541
15.740659864059742
16.09672694214595
17.20907546629588
17.331746969270675
17.50484625678249
17.722913407275065
18.10371102264082
18.404212428941754
18.95040661737728
19.18211320829192
19.303261410209135
19.467834045115044
19.693034668385444
20.111487552720163
20.29058417274048
20.95368599186179
21.44778172929006
21.640943537254806
21.662310192214747
22.117096526020507
22.203784071790096
22.262173127379594
22.958054111227582
23.530004268280486
24.132355917773197
24.19372905819035
24.25728045445598
25.29875212680091
25.351988992820903
25.49290414126775
25.87682095313789
26.178247592062192
26.259731910089023
26.9819303631684
27.185901316992318
27.192831659455702
27.474420895898138
27.88125637390596
28.24665846690292
29.15256160813851
29.28849478832054
29.3570844896317
29.454221519370453
29.88574133115071
29.92764207170599
29.93838986922791
30.263958951851322
31.13195750577236
31.24458730993485
31.462983989140227
31.894150267532204
31.94034070588731
32.397327505976776
33.108486364174794
33.209758475246964
33.8097245036127
33.92030110645065
33.950430922725175
34.143077248626916
34.3901417104794
34.74089849160764
35.191605102463996
35.69895247598791
35.95171838220867
36.067768344262404
36.39348667036467
37.17218801540617
37.66302293802603
38.473401415627265
38.66160745722833
38.944208395507395
39.23681822119566
39.646179195244905
40.12893239127936
40.40408551470848
40.54909724975036
41.186518291262296
41.23951500601619
41.26073556563796
41.62475126094256
42.430539892240894
42.51040196033412
43.24367889169742
43.900362193695756
44.4717778496052
44.494818701536616
44.58746184717727
45.246497047234705
45.35245433948643
45.787632489215554
46.464989140256776
46.485583150764455
47.01365978444342
47.27984454300285
47.75057844064379
48.48309452187619
49.43182247859223
49.531112556973206
49.73178839240931
49.82191906394862
50.10345755730337
50.15085960006369
50.4891305995155
51.41700091369869
51.71002661357288
52.106193124033
52.5204265507978
53.38143725273125
54.10990544308724
55.361704872742905
55.55098936972295
56.122456924923796
57.1097148433008
57.43711899468393
58.124642388246826
58.14720014463903
59.399492694634716
60.127889670099975
61.38079497602263
61.84470379615234
61.96068124933241
62.13454097997748
62.530864261076374
62.73890957041562
63.846553793052756
64.53301639271425
65.8087955331133
66.53607518604095
67.7898441643578
68.75029641958885
68.76119982998875
68.80077067298294
69.32894606930726
70.57149413132014
70.64670774743108
71.33083103291756
72.60713284737363
73.33345153232608
74.58802810191398
75.949273742902
76.51597360363259
76.56619225237291
77.36947069934273
77.83394774471226
78.51851716679369
79.79577666153463
80.52085397359022
81.77567710612902
83.52680736426822
84.09290116939773
85.41141996741767
86.09460900994556
87.37273833140661
91.49323055388301
92.05859231273915
93.37798524985462
94.06008463391517
95.33891211824714
99.84887787120851
100.09723536048197
100.41313612652864
101.7329147446987
102.4146105025291
103.69398166261975
108.59365168289206
109.15679812921756
110.46847056184419
110.4780688819868
111.1581459025935
112.43767241677762
117.72671417554554
118.28288031371866
118.29020392537166
119.61025292597121
120.29062566695742
121.57034098434876
127.24863487261767
127.81072952593321
129.13202122049412
131.09226985721955
137.15954813624808
137.72095618287764
139.04257851649953
147.45895581988182
148.01997955891608
149.34192379584877
158.14691863984422
158.21150439553995
158.70778376045436
160.02979348544582
169.2243295768884
169.78439956040086
171.10687624627977
180.68953495802032
180.6913536459424
180.69682059045414
181.24971794147663
182.57256185875727
192.5443918230899
193.1037999828492
194.42685914368872
204.78742979165136
205.34659706898736
206.1805897660199
206.66972350478144
217.41917394932813
217.97810659667212
219.3012939365148
230.43951915643837
230.99829589646336
232.3216379076573
243.84869310534214
244.4072350209691
245.73063057447462
257.64636664500136
258.20481864841
259.52820764065143
262.13599020171614
271.8326319867614
272.3910569778161
273.71471054781614
282.343336576128
286.40763841871353
286.9659462586658
288.2893705553817
301.37117118194993
301.92946620279383
303.2530615411521
303.32871206917434
316.7232757825922
317.2815938248078
318.6048980808189
325.09200755830204
332.4639149949919
334.34551069862783
347.6329696638571
348.5932594716806
350.474621624239
365.1109027032058
370.9515420421206
382.0168036848436
395.0475316643463
399.31114098894597
407.2654854318429
416.9936316321176
419.9210711779581
432.5419851482131
435.0639164589912
445.57272316021
453.5222713569811
472.00252035204414
472.3669682505731
485.38636744716723
491.5973027241051
491.5986909330878
499.20947460350294
511.2042220804578
511.21748989930956
512.9714960448224
513.4059315696369
527.193085180736
531.1972578307788
550.8323304683123
551.1266248747385
551.6096308351815
555.9544902452785
570.9281236136155
571.7270423695528
571.9266510600697
572.2488581943871
572.4591793049146
572.8133943177912
572.9462127999536
573.172264462237
585.493575850353
593.6853780187464
600.4304110371058
600.8579263118679
615.2747118689794
615.8100137634798
631.1564069389849
631.565407067049
637.1854550415779
646.9035736829098
659.5920932815858
662.6182029267517
663.0466050919807
678.775421563283
682.0635433938515
682.6830143850526
694.9093669941882
695.297119624242
705.0244864664023
705.2555649717458
705.6270240282
711.4243325322163
727.9089515765721
728.3426559783082
728.8957524805949
744.8507277686433
752.7034575312518
761.7269263652855
762.1585176892443
776.945576159957
778.2339739747799
779.0542705949057
796.3260445717136
796.75324162832
800.0285818712654
814.035544854012
831.6886265290308
832.1205552954757
849.7940072542069
867.8405094748676
868.2691571212156
886.3301101020243
904.7617476580749
905.1926038207458
923.6433462516612
942.4890961115016
961.7347107882185
980.9491406123003
981.374687072576
1000.6025742761858
1020.2020986046998
1020.6308537730022
1040.248038906709
1060.2698916614922
1060.6477373688394
1080.6710787713569
1101.0511160504116
1101.4770996303857
1121.8712013947797
1142.640312116797
1143.0653672225385
1163.8486488392039
1185.0074253090427
1185.4310425245556
1206.6032500495244
1228.1502022084567
1228.5731075957765
1250.1344189950914
1272.0748006420952
1272.4936114105274
1294.443808189755
1316.7768639688331
1317.1904799393064
1339.5287116759694
1362.2527411363392
1362.6612042594688
1385.389651556527
1408.5057964919285
1408.9059726794756
1432.0254740815276
1455.5339981007776
1455.9228162109991
1479.4372851123062
1480.203527671911
1503.3421659016417
1503.7105006848751
1527.5411349948638
1549.889937146662
1551.5059382516379
1574.1282113420098
1596.3937886868805
