-24.003812188439607
-19.88918423393826
-17.7538492557011
-15.67938141583476
-13.638702326663708
-11.691155529368984
-9.885487629444912
-7.739527661207582
-5.000211176671754
-1.7723539076022772
1.8848579329775121
3.1678413122371807
4.857939675867311
5.207352256275467
5.9514353990185205
6.8355989680847316
7.228050019971585
7.24272071860586
8.79836156955691
8.83835655167185
9.251764583325446
9.263819928779203
10.411746492745301
10.760349596927114
10.834789198113697
11.268082578906961
11.278278506993228
11.308145889856702
12.624960853014123
12.78623730413269
12.830544084081097
13.289775330508897
13.311143092996254
13.438197137896617
14.480739532068641
14.672868852266966
14.818831458704537
15.229295626463475
15.297723115384962
15.349244079963016
15.474201830631138
15.882143640734292
16.538220295410888
16.701720465502884
16.8020907353477
16.825543964869574
17.32897067766025
17.459523381898567
17.891053029139663
18.563290856086155
18.706120808380135
18.741769439175716
18.892577753918317
19.32720966071278
19.462456117003015
19.68222155409753
19.902892366317754
20.5038123869686
20.594943305307446
20.68994356108258
20.747692113416033
20.94714868708401
21.461747084812387
21.71701192107731
21.91893640527224
22.035669577330015
22.60680845686867
22.74260957704029
22.946845143648726
23.006887084011268
23.39080693202174
23.725280462596466
23.912650100492097
24.062976993399758
24.64817084504709
24.748758958248278
24.959331313447922
25.045624091052673
25.68218644368939
25.72583529210811
25.830497717713374
26.050213206038354
26.22213144107842
26.720223128917823
26.747048464517952
27.05260844197514
27.09780963439646
27.695995598821177
27.76206636140516
27.822559196781416
28.10360048450291
28.631810519235998
28.74921797552138
29.06720899015314
29.400527265761834
29.752484853674062
29.793624266074527
29.878213772871934
30.104517694862736
30.597981969210476
30.764028828375622
30.81874060545076
31.077875926935864
31.77809026267059
31.83092365434729
31.91816661835018
32.164344444076946
32.38584052742176
32.78454063717243
32.86650255426828
33.05960948487656
33.198795796843875
33.78003752886403
33.869541952343226
33.902765642602716
34.27791590118821
34.78854104418425
34.87007504182105
35.06927029276754
35.32162371904201
35.51148039866361
35.69929307882746
35.89918221659699
36.31713601209587
36.38993863486066
36.85986754820996
37.33816773929467
37.617078675705194
37.87480984282066
38.32851909538512
38.38948344971687
38.64237022634911
38.92306546243999
39.139491015119724
39.24901086215834
39.38507203433878
39.41976833308715
39.772139167336306
40.121745833833494
40.213766922865105
40.38295447918839
40.960533661141184
41.18814433104703
41.385918710679455
41.7319296010425
42.09617639782755
42.22399056964834
42.40329798817609
43.08296243930546
43.20237539548688
44.18043434613271
44.25617216735176
44.29107663119374
44.44033943375465
45.20521778819223
45.26428606891031
45.37540631687016
45.50877404827339
45.641645515706664
46.0925230336669
46.22205442818619
46.356248252602796
46.51317230826731
46.574172615495996
47.246229464339216
47.260412411037706
47.52220457646307
47.8516485263777
48.21945276744702
48.539389416568476
48.75695907239373
48.93139718272345
49.130387355333575
49.43407875535652
49.52293918883943
50.082418237310634
50.27398716176602
50.516244116318596
50.60572664927847
50.79457081242651
51.14425945972142
51.18551754428714
51.50748325481554
51.79064374465698
52.142854173945395
52.49117798687403
52.57766053069492
52.827135762434104
53.08959121936544
53.2025887922555
53.49141320334406
53.662709130230624
53.94451854475877
54.20624524332559
54.439331001991654
54.57321249222431
55.16979901350739
55.21659077137725
55.545936621714546
55.57337888073236
56.131755289973334
56.232585848085265
56.45877523581282
57.058499166588476
57.17552965709029
57.209282823510485
57.54095629553542
57.921024450258464
58.19749480736411
58.253312070099014
58.65466551753707
59.01275178186704
60.08867229947039
60.156836295237
60.22848413366174
60.30112449927002
60.84640185380077
61.23394433455445
61.23662746449372
61.567321671158155
61.99925715212502
62.110926038495116
62.29287485472772
62.47249742670931
62.567770478319915
63.225521980222936
63.38611632894468
63.60682941465502
63.64928664884496
63.87866818554419
64.1580768802088
64.31760611569834
64.62996433065749
64.70614508603482
65.21760038360839
65.46834544494138
66.11997494903113
66.46887471095465
66.68998190429983
67.24449696130539
67.49199013014304
67.63499114765685
67.84873231605717
68.2109112892755
68.35214859062721
68.3741379687663
68.72802322425049
69.3215113065291
69.37582522957001
69.64616592753549
69.67286035476276
69.76724386951688
70.47335767798039
70.68573675127723
70.78045040325665
70.88891262770585
71.19042720917386
71.43715205451353
71.67049347194707
71.75394606775718
72.41755700273245
72.67617586143025
72.99936541990446
73.21021195422018
73.49567086058647
73.66437292196292
73.75718994202178
73.89685211680873
74.4645616900015
74.6469536969557
75.04422763814625
75.53182402747854
75.67344542226411
75.7310611891401
76.06460100633089
76.11410362824861
76.43635668274676
76.5775520398991
76.79283778790294
77.13997766626184
77.22471571945044
77.58290614905552
77.70552761006981
78.37225469986028
78.46218693978463
78.67793276262218
78.91286360721918
79.19770934802628
79.42857879212193
79.70316304776878
80.26858552021903
80.53781958644349
80.74093371283868
81.20137517203172
81.44300794286947
81.69761879231271
81.83872680638146
82.74503196583102
82.93857953069437
83.26403974080363
83.42825414548673
83.6640521439109
83.84391181842395
84.06979990422374
84.13186905484866
84.1943538902985
84.76911815778632
85.20195338063213
85.37338397750634
85.43806332882804
85.70040422085283
85.74164851048624
85.9455858408316
86.16601397150814
86.28239318137034
86.5985874127871
86.69777471380836
87.12729961748519
87.30460877682118
87.54661345325715
87.76343039089679
88.3303294325119
88.6526395719811
89.01962703838664
89.18023668973782
89.29539355020806
89.72429509110148
90.10478590169411
90.2605468266181
90.40039896245324
90.6787334241542
91.32816663056232
91.7451111427612
92.0148782889409
92.17389715464209
92.35803367651434
92.62702963879278
92.70485164648927
92.95154226019393
93.27769989670844
94.05820535807455
94.24516403062748
94.2679744934891
94.36903041166983
94.5885512713539
94.62260785389157
94.7383703546939
95.29824727454447
95.31473491306251
95.3852628229241
96.11265310939147
96.32592796028182
96.35560713430489
96.4862758325645
96.8393637304811
97.28044966594113
97.42624530511809
97.691019153725
97.85132259317572
97.98099520355171
98.36806090461788
98.74101030101897
98.85536214047211
99.21335184647322
99.28306608198329
99.8470302602656
100.34368164794962
100.53584598324404
100.58805338688126
100.76065422647616
100.9963270737506
101.25111156808902
101.64251448983322
101.80269323145316
101.99009776709272
102.23866873665004
102.62556260337485
103.30743238044451
103.33915978358667
103.55299398294602
103.64312169841483
103.75230961387336
103.86033459600195
104.23255675693986
104.29624480448258
104.4705208553981
104.70192934801076
105.44703578324476
105.66198305917764
105.8037206773964
106.2652763724007
106.61653382941759
106.73066500711582
106.85541405176127
107.29293920191931
107.47329235606273
107.6470771339186
108.19015027640987
108.519093925115
108.70450263949084
109.30424268251562
109.41743695935672
109.49746885216159
109.63080603767378
109.89224128348317
110.00730733726016
110.4058344431408
110.60752673746074
110.7155977190272
111.38262124163897
111.50311227394002
111.7125762042315
111.77846447028296
112.39973590543121
112.66489586919432
112.96520844551073
113.4483549647257
113.49640701227472
113.80298386011906
113.99139344820925
114.19310289893745
114.25765337532275
114.46397610359843
115.18240929557412
115.46650651738122
115.51706307905378
115.66959391483208
115.95122338507069
116.13981826217497
116.40949795427441
116.77217287252968
116.93013054434493
117.46572015196143
117.51581135006695
118.14470556157846
118.30231071742503
118.39992907055516
118.48367810726555
118.66661307008411
119.34688121398693
119.49599589052997
119.56232266212554
120.06710958443985
120.16379310543498
120.45377998808458
120.55247060403171
120.64211115028687
121.40531445465
121.56218738700053
121.80370706303673
121.8867795038424
122.58796464304534
122.7376655245231
122.89109522750476
123.44810226188451
123.53637561238858
123.70909601871759
123.84087968377995
124.0768658736451
124.53959849886452
125.55731209550353
125.63894553550095
125.82249735186495
125.93368768834071
126.33972401128747
126.6545752019905
127.08270191756753
127.36051337642134
127.55494913309087
127.86783823650713
127.99582050165866
128.60657656655675
128.90686924984638
129.03766318581214
129.09618088194696
129.62632186469554
129.95326730096696
130.0823942089146
130.2363452560247
130.56089812998502
130.64689791130823
131.09640577348173
131.81714463621762
132.02413498901265
132.15093812103675
132.30713135452874
132.55229248405192
133.06884091757584
133.196441099973
133.60839860499854
133.84549205479524
134.18227191019838
134.57352634625389
134.79878445532282
134.94264824455468
135.02446812130597
135.0638662237988
135.2887447591518
135.90472321207582
136.16022991051116
136.23185854443946
136.34377341150352
136.66721427336608
136.92453072210753
137.0905472000873
137.25794045315885
137.6729644103723
137.90997033313892
138.00806003973304
138.14158908380927
138.96413191269306
139.02258268542172
139.17475872577918
139.7988138843898
139.9961650432132
140.1562906611834
141.01861773690172
141.05834393262086
141.3151003744223
141.58161381594164
142.06394382071412
142.2217909561411
142.6977638831676
143.7181906310121
143.7459255549206
144.1033973704624
144.42111523349337
144.99399062960856
145.54601271739753
145.7492270616883
145.8788985011252
145.98726183137657
146.10690551094845
146.36700495373066
147.03015758759767
147.61300503686908
147.77610786947056
147.9746513894479
148.0271062926969
148.18151011947492
148.2269508734213
148.90364188227073
149.09013600096472
149.31941623805326
149.35307700629963
149.9974630046464
150.22951596264835
150.27954749648492
150.31545109201048
150.99305686636163
151.26003220108183
151.32966908873183
151.48233310538353
152.37474328974685
152.62232744305348
152.91262562496465
153.28116042816504
153.33988609173807
154.305775401339
154.44606936426857
154.4793044667089
155.76111612326804
156.41536046041443
156.5968676559069
157.26530153698653
157.46792128600325
157.56692699914015
157.7363324140953
157.89556957966036
158.02099922485996
158.10525551300663
158.28075185765888
158.76944847614965
158.92300301290356
159.21491843376734
159.44846344845416
159.7728151207567
160.03162774446054
160.2434348623606
160.34563044970085
160.64008832773501
161.00333633038053
161.21162875708958
161.83295285135296
162.02927902731707
162.40270513098164
162.43181636925135
162.92667285907692
163.07141901446835
163.2289601523788
163.6354840851936
164.4504727785806
165.11071081359273
165.2372850678453
165.99187317145874
166.08950917591108
166.60138959852026
167.1100614580132
167.1774293390883
167.5788703636229
167.63763282107408
168.9750583781228
169.3292749505185
169.55923578409096
169.65609571134766
169.77888369674443
169.9611929766211
170.01049181095559
170.18249703567162
171.00425447690904
171.1261273096459
171.79804804857815
172.09297057228056
172.40261562937812
172.55200337269457
173.08443536224976
173.5229146897442
173.62191437355065
174.1523461655632
174.29981010328558
174.53123059876526
175.36070066421493
175.647930451142
176.21073660859847
176.73732764368643
177.55470485991265
177.89829716740627
178.19976097283728
178.6085573889019
179.011106252905
179.144767231256
179.93422425266706
180.0661968075824
180.3231994211787
180.38313965061474
181.17921527610864
181.28691958110667
181.36417345330867
181.47806407571855
181.7051210521815
181.92901504177243
182.08641913013264
182.2971706284476
182.5105719303152
182.60761166244527
182.73148449916832
183.0536943901002
183.55062514345988
183.65507385967885
184.22606193330472
184.58641828147103
184.6915399222761
184.7966279880987
185.6290712609284
186.45872946287153
187.59991763499198
187.68285659913784
187.81897954569837
187.86458574646122
187.96759601998457
188.63133768386535
189.05667210480905
189.62718368818472
189.74101401216265
191.40570524009078
191.53041445574897
192.67695025216193
193.23250935342622
193.3430086989452
193.41789818630423
193.51360444860828
193.58610794290783
194.31781903336233
194.44402372846042
194.61914163386533
195.10355807082396
195.2710411490787
195.43860007741935
195.58903278476163
195.79873110932624
196.17463693012698
197.35674170530956
197.49045751191758
197.94108280010877
198.47363202410793
198.63339820215413
199.182159298155
199.28554585861065
199.41856243935072
199.53829173216678
199.69466731649223
199.8736531326325
201.53158896282645
202.32449344966352
202.8617097139961
203.38563328773105
204.12684330619848
204.49534930856862
204.5613992427036
204.82880812158695
204.9592979530176
205.42816726337037
205.59356718156957
205.7318868530752
206.3666068489877
206.55151474674713
206.8562836743408
206.96807725242638
207.53346110399744
207.67337217004993
207.76783036547872
208.00096857949754
208.9980174542037
209.69675403024678
209.72750265694214
209.8393013231544
210.14867608360984
211.1379280431371
211.17263861791346
211.78012737886752
211.88636878051295
213.78904546746855
214.65153554410932
214.73276674881328
215.28153914490844
215.63109241605568
215.9264469554216
216.00455187494128
216.4760183368141
217.47393520181112
217.67546579909285
218.07907503801474
218.2319083408765
218.63152074346254
218.7246515562417
219.04133104801073
219.22316740137936
219.33370407236694
219.78182791638918
220.2632989144948
220.31684569653177
220.63853810928794
221.03483603637312
221.17194386029723
221.238281266091
221.37909163726067
221.91368532837916
222.0738340130818
222.38346392750358
222.98450878329461
223.36178016877955
223.42310557738273
224.40228999980502
224.426895856622
226.42185743567703
226.7405334492613
226.95424060791473
227.83921051908197
228.26230095305763
229.9568161721789
230.3108182370879
230.4856690529375
230.94582610918525
231.25525933480995
231.86893515850372
232.35789938295952
232.71056300940296
232.9677582753775
233.34096230423899
233.83660237458898
234.29994300707142
234.6220662300736
234.8167973968052
234.90021944533646
235.04604309992507
235.18053546762295
235.39953432557172
235.4353702885337
235.62090359672982
236.02494057431002
236.37080627403776
237.28310701216105
237.39704921982573
237.4680583201449
238.62736329521292
239.07952474674101
239.44262780026457
239.5834624578972
240.05236386547102
241.2853093836683
243.32486406861906
243.5723453491888
244.22607442124743
244.60690559772777
244.66668390051322
244.9014174484077
245.25572871229463
245.62005836998674
245.94343402761316
246.0854745985945
246.74962288010724
246.8303352461189
247.41686368289857
247.69493635491233
247.77161413121686
248.10667185735386
248.81039998809825
249.04518116877256
249.07189724817155
249.11740274338013
249.79168934125684
250.06616058725754
250.8438721246281
250.8602556320202
250.91374298596878
252.59235163111524
252.67858495730238
252.85195940800432
252.93809839158752
254.58990187064003
254.7182432325241
256.313375710765
256.5969024368825
256.73447705974115
256.85582464488795
257.90515633217007
258.31703434294985
258.4704961846207
258.65616121776515
259.0815483846476
259.1748706555873
259.3475003688916
259.57482263864586
259.9099649255269
260.55274235902715
260.97930701973445
261.1585629044181
261.56933781211654
262.44540915884113
262.6125507053945
262.73555226382473
262.949940292889
263.0222961048637
263.2371736357894
263.48753687146063
263.5204147796619
263.64572116859887
263.80460053235413
264.4069164102519
264.6663749531112
265.4519289715779
265.6317854891246
266.03577523068464
266.6520530589697
268.5030075289112
268.51347925297523
269.48986762637395
270.00447645006017
270.5270560695529
270.93183971680503
272.0669466677091
272.1189856014246
272.1289188319833
272.5104538768099
272.65913419397526
272.72042412764245
273.0943275853757
273.1757416456479
273.76271095123695
274.3769378180694
274.46138392592695
274.7393432721996
274.9552730122683
275.75734646240033
275.8534919770513
276.23244085592
276.4383118238341
276.80275014239487
276.86046827986104
277.1150842216642
277.7431739449366
278.08738044727096
278.1597222433745
278.57464968937575
278.7952720692295
279.01640437722466
279.4047454742126
279.8302685508288
280.83695170345374
282.44886596588367
282.68279024158073
283.7762182142995
284.3075279513322
284.71049717370926
286.31561628715093
286.54680720175185
286.90802529061136
287.2347187896703
287.3237851529475
287.6832987456095
288.1916812357838
288.33878993567987
288.8891002786703
289.32094749612327
289.7470061368955
289.9180308286845
290.3334201456365
290.46757530283736
291.3770632124634
291.96054121790064
292.14111676684473
292.3219452682511
292.37181332553723
293.0001433137204
293.3123274816354
293.4206472399969
293.6769616201407
293.9840032219662
294.0115197299604
294.37146573541656
294.8633009876341
295.1570660712965
295.41474843377716
297.25063820904495
297.2801520857758
297.91987530070656
297.9948865184654
299.28113509777785
301.8914373267392
302.19750042641607
303.3010986309105
303.70526123250744
304.2780457881497
304.5001316852477
305.03578603092126
305.30084835821566
306.33884347731646
306.94355126712827
307.18103583624514
308.382380827592
308.5605779311489
308.65550452200534
309.0563279109808
309.2445030472622
309.316418253309
309.6480196415667
309.74551656075886
309.83992809402525
310.3258655345652
310.3704319693411
310.6343062264449
311.37506901221894
311.87135622469543
311.9452493978498
312.21557441527716
312.53789139810874
314.2355935230965
316.8483837939188
316.9430141379975
317.54745170283826
318.250004301985
318.69107252645676
319.63084753678123
319.96140556913497
320.1669130418829
320.6502593023041
321.6841021686453
321.73096274350365
321.93785439306225
323.51201576654836
323.72046005253515
323.7332699957488
323.82601352022203
324.54634387826115
324.63931466179645
325.1410139825695
325.38971178217105
325.51738631016065
325.7203610657579
325.83716888025174
325.91752019435285
326.0851076631287
326.23422364695205
326.56961133402535
326.6815202498464
326.7254738140631
327.5093786181776
327.5616548121652
329.5536645621474
329.65266762403417
331.896682530537
332.18929554386756
333.2848788711467
333.6288079939614
334.0404958446741
334.05307037011534
335.31339500291244
335.3680074884429
336.6877270736906
337.4292073385938
337.66233222348524
338.813796481138
338.9444877283583
339.4698320512615
339.75655394329857
340.72979851446206
340.9048274122377
341.45855213830094
341.88584628672834
342.24226950766695
342.36475331703946
342.59827830679524
343.12919046818456
343.2953011553901
344.97353067053945
345.32717995688995
347.09723184355516
347.9193283865348
347.9517484705214
349.1847886952733
349.3903727716826
349.42113701459704
349.70925795456463
349.78452119461315
351.04337707059636
351.49066855151
351.7515760488562
352.0323410097931
353.54726202484323
353.73672958103975
354.6162811687045
355.5870981684908
355.70811614891727
356.6513456837954
357.22901972002853
357.57913410944514
358.5010124296884
358.75282497037983
359.26979444104336
359.40991214475537
359.5528367475836
359.62734461164814
359.77930927700936
360.23112560001215
360.7196234282006
361.11773466238185
361.4405150533355
362.96675749370684
364.0409789055671
365.1411915581533
365.89454342242766
365.93475428221313
366.03308842651137
366.30618596517894
367.1562985902467
367.75201537156363
368.0012425806044
370.0611566266215
370.7172566510389
372.0974087799859
372.7711716740061
372.95341343489724
374.0853655672623
374.2932666418262
374.68550177176076
375.0245033165645
375.08195053880553
375.91819133282434
376.03586320586595
376.2632614412319
376.42695695505745
376.70098242376406
376.9217753895874
377.1811209099302
377.23541029196025
377.47204571696903
377.9465219416252
379.03044020068097
380.5372478565637
382.42002988770145
382.8173121675336
383.6640905410577
383.87652271001355
383.91824315082675
384.88419030049704
384.91016737160066
386.95343433687196
387.21864365947147
388.986710696442
389.0441308213944
389.1579920793113
390.9801058681457
391.2056001997277
391.3342916127849
392.80975778503216
393.1654927611471
393.2941947046605
393.32091741000215
393.59692242303043
394.0333950571788
394.48309529988063
394.6473141730879
394.83436958224246
397.4248122604189
399.3166014099614
399.82163239191783
399.94320973590413
400.0986518532684
400.35293192395056
400.53617335231917
400.6067837397108
402.17317393279654
404.0957815612083
404.2295183742219
406.27561693913054
408.0761552093493
408.25419317655474
410.0818260739646
410.2190770843436
411.0876986834794
411.3342043095711
412.10138236153176
412.1849967919061
412.2326394967845
412.42238660343105
412.53311924380864
412.74353762542063
413.42117239692186
414.6318358891272
417.65936941496585
417.76165886860093
417.8427733315813
419.8115763114499
419.852879847517
421.3498695794491
421.88955393761245
422.45135217441856
423.9068571785272
423.9337977087919
425.30931505921467
425.91411583624324
427.7430661477584
429.6686880227084
429.75025193676163
430.2578658130244
430.4297929101954
430.7137443098065
430.8649610556551
430.8975852244966
431.2666663814581
431.4636496021261
431.9234482079732
432.04486269460233
432.3350246847349
433.1892960861316
435.4364292215621
435.8067070968789
436.1206105006716
436.3474284255608
437.880374175568
437.9983564507197
438.9742023616676
439.9333473552927
440.27367422432286
441.96865382755783
442.9179061040346
443.94215194481217
445.78300082462994
447.6830608049855
447.8065534868433
448.7487671242187
449.4518973038701
449.5239427735547
449.73494054083426
450.1742271483142
451.73267025926924
452.73461627192614
453.42885946870325
454.1582038939008
454.2162827076044
454.2766753316035
454.3192368652902
456.3026601722723
456.37823473274807
457.540536337861
458.3460098799497
458.55748683050183
460.39331811168626
461.58076077953785
462.36840468513316
463.2233332333794
464.1836450570588
465.229772148484
466.22155132007094
466.6169158310514
467.0860881478721
468.2685087919146
468.4925207478413
468.7067737698648
468.89300790442365
469.1787486921443
469.5659055985136
469.7073518530456
470.3118980583135
470.7228666755465
470.9274860214127
471.62621011902473
472.3156228058813
472.49790914263247
472.87890070934515
473.03370485337973
473.625183005467
474.12576064992106
475.0009085848621
475.095990238807
475.43793894534065
475.56339297136446
475.88941236599203
477.1287946976467
479.13462224568883
479.2928252679961
479.663659482141
481.1080898025389
481.30432250274157
482.95703632775053
483.41002292826806
483.7385211896855
484.9300006038996
486.23087050566977
486.48804719249085
486.73617928924097
487.4260813792533
487.8968296178243
488.2310497843208
488.43311832502883
488.7382841392355
488.8678957096173
489.2842019184754
489.4306475389927
489.53433707458964
489.9493065353713
490.0456630780191
490.30369906991785
491.0009219779838
491.2833480055027
491.6489457561653
492.18972332805924
492.3472929752933
492.382615042749
493.2861533730216
493.6166436343023
494.2528936195767
494.9285625616215
495.276946095344
496.2119601475239
496.3794554416734
497.4939816400557
498.28044160077127
498.58447815636697
500.1834302573456
500.3554563884686
501.2209786310338
502.01038711633834
502.6340773788313
503.1834107250957
504.01893900268465
504.398753262877
505.2544155351119
505.64456898482877
505.9151742403138
506.78708696681156
506.96160030000453
507.4953800617667
507.97572802777717
508.43039022506235
508.60987925642127
508.9649116009611
509.4450144179245
509.53595172853636
509.6459043020594
510.0444286471515
511.1520371422367
511.38381166140607
511.64789540128015
511.6635122778558
511.76560395561125
511.8455126214283
512.5130840637479
512.7841272989646
513.6724181503429
513.7458763887948
513.9053721187847
514.4454776050857
514.6324822200083
514.7016751004476
515.4729642941242
515.7919736228085
515.937952954748
516.6003294124012
516.663001300609
517.7376863189877
517.8357168141495
518.1743562842522
518.4974744865478
519.7598338731701
520.0539418485313
521.1774016783479
522.3692359962417
523.2013333169646
523.8886185325623
524.69636817666
525.0623074656235
525.4683021719117
525.7112953252678
526.816240813906
527.393088506967
527.521640798929
527.9928508323101
528.5304419615898
528.7426193752664
528.9009508864615
529.4541360638664
529.8045966043569
529.9363150450716
530.4549686059364
530.6703683307213
530.828909471109
531.4749106948575
531.6718337016214
531.9540151217823
532.4377058888689
532.5527702523395
532.7026125917749
532.9484455253341
532.9986618677347
533.50696258058
533.6207000552354
533.750073373266
533.9729858662628
534.6502418809692
535.7276073347426
536.0139946191815
537.0809154981048
537.5042875993422
538.1364715337025
538.6219139353663
539.5092958979119
539.7968383903869
539.8372657991077
540.163893842588
540.9510056455056
541.5296426567465
541.9240799593497
542.1491896759911
542.4407054936953
542.9328752279786
543.0653097170764
543.8706055566797
544.2222213736503
544.3676542316308
544.559101293285
545.1858697472308
545.7695885274784
545.8143364747738
546.2879114127974
546.6956899163322
547.2157749176537
547.8957317825311
548.271124205751
548.3380182911873
549.0903786696243
549.1735451277323
549.3469499859837
549.5293224235485
549.9436019194316
550.0918783967854
550.4214078244822
550.6946249737049
550.789852251455
551.3675427748027
551.4403589256422
551.6441845802952
551.8809699495812
552.0272024956745
552.8648088499561
553.0775892238053
553.5349223965327
553.6208573044524
553.629470206333
553.9662533066819
554.6106191428688
554.9180574899004
555.134530359678
555.988888666486
556.2162759495658
556.4443457578315
556.7621655504817
556.8024084964931
557.8543150852142
558.7617628090541
559.078579606505
559.5435211440827
559.6795147569745
560.3482486445241
560.9512989944857
561.1534931687406
561.3577307700602
561.5918701972975
562.6612139297606
563.2490500457325
563.7185509773764
564.0101957908811
564.5402928747862
565.3141443815971
566.784543127318
567.2333626561094
567.3369978655043
567.9929737462616
568.4591947615644
568.5255322967353
568.7097906940462
568.7800263713282
569.2696450066541
569.8373376728248
570.026181910912
570.2131967876991
570.4410683852548
570.5530497067659
570.8833477524595
570.9680516784362
571.2228385209157
571.4535899098208
571.5361715651813
572.0103957566131
572.2654569941245
572.418764690968
572.5608425146348
572.907582719944
573.0168755354802
573.3415478514604
573.6079171618708
573.8763550322305
574.1588755576314
574.2172540942557
574.5354403116171
574.6043566095722
575.3949093978359
575.6544650263313
575.8513955140022
576.4145622892512
576.7892528471613
577.4100423024319
577.4931037295312
577.8442281644635
578.7681053993144
579.0365390380067
579.2783280057796
579.3734660276666
579.6220801678453
580.1961227150811
580.513974437918
581.532800315974
581.8749014556149
582.2937563563397
582.7661147797472
583.1461008965802
583.2160790171337
583.5066055851668
583.7377324141609
584.2119889897881
584.2768914407225
584.3748132230871
585.1940925561894
585.4376478535294
585.904772047995
586.0593277929563
586.5960020594258
586.8535089558108
587.0703064634666
587.9296587527232
588.1982134532935
588.3689770810695
588.4916106699878
588.7957913372533
588.9323504108944
589.0820296377061
589.9159963254247
589.9629212606835
590.4558738598174
591.1759836922349
591.5275162046696
591.7960979525416
591.9011680419517
591.9776288720702
592.6281529642307
593.2729285098329
593.4826823119027
593.6289037361641
593.679449452329
594.0441230372911
594.1969928489124
594.3821073073582
594.8780541907108
595.045384141106
595.4316479516616
595.9405575624285
596.1463118129503
596.441135100196
596.6977866282326
596.9009287620265
597.1376264489415
597.4256772944185
597.6939681041725
597.778920981686
598.0857174504026
598.236520588359
598.5053454530793
598.6590106464604
598.9156142902035
599.4978610019232
599.6487087225559
600.0427072008212
600.1965056946104
600.6671110030843
600.9040377729161
601.5809646578464
602.402893920188
602.6820211876891
603.2147900493521
604.0367930257249
604.887661702778
605.7081263460447
606.24394080067
606.4824117388316
606.5381031879868
606.973170100636
607.303770177173
608.188562747129
608.3281163882199
608.6868040108723
609.9950510748245
610.1986038795017
610.5496931139277
610.6185913911522
611.2617896928816
611.4991367213881
611.6410295422169
612.3561269479554
612.7099867530122
613.2004914995432
613.4909476654758
614.0514617521874
614.7901852320142
615.3184829652051
615.532720661501
615.9272415933852
615.9886541898969
616.1121115366273
616.5076415740904
616.602151427827
616.8503620619895
617.3524990704456
617.4022470082815
617.5783152681234
617.9020120716716
618.0385675840901
618.2191007284991
618.6889517004952
619.1509295742856
619.1858567080966
619.3270525770183
619.5996058339553
620.1274452328414
620.4725862872014
620.594019845092
621.2944289718484
621.5602737188276
622.0656928941962
622.2667979651308
623.0769936222489
623.4855458239034
624.22931259027
624.3406678701476
624.5068722293646
625.0960708883189
625.9414481010789
626.267395615508
626.9459726845296
627.309065319796
627.5895103843686
628.050341605374
628.1846122454924
628.2358257382776
628.4966134347429
629.072331101681
629.5516495844262
630.0625103382619
630.3599391898304
631.2630283356393
631.3563038199486
631.8817485970476
631.9977580187459
632.1577723794032
633.3935435977322
634.1086567944415
634.1173921411331
634.4059381100773
635.106707602877
635.7136968630098
636.1925144125563
636.2540440365493
636.5137606615225
636.5405058483692
636.8185289031112
637.2275204235356
637.2565988748299
637.8023248674045
637.9492405529245
638.0841449216767
638.2728773337636
638.3526755497043
638.6154661187273
638.9566781449417
639.2901703819255
639.7057417830911
640.347118643941
640.6348990074749
640.8327105491555
641.0048782092238
641.6799391978841
641.7567469078426
641.9604568351895
642.3837958343511
642.7711731589359
643.5273312379023
643.7253680029497
644.6078327806524
644.7668096673476
645.1394918270269
645.9751058846834
646.0704577317772
646.234081394853
646.3021480708672
646.853858488513
647.3952155101528
647.7647273408393
647.8329383342016
647.8788487252481
648.6732654763704
648.944359110552
649.5733212532931
649.6725204524023
649.9049438065549
650.1340688978925
651.0403959109555
652.4567128045267
652.6141417179425
652.8824011333965
653.0351054707238
653.2437571432082
654.6662291869496
655.0745781570174
655.1585218393841
655.4841618369559
655.9666329569621
656.5419635847365
657.7447213948406
657.7838318035127
657.9870777549995
658.1059194813002
658.4636979932361
658.7320592829176
660.3008893333968
660.4075354168532
660.754642615729
660.9048659604508
661.2807186995697
662.209192785192
662.2647348803407
662.3600419154236
662.8184856321664
663.4427800656164
663.6263221556031
664.2207321944109
664.3435342460136
664.7991812541431
665.1708034631673
665.2166897957276
665.4793916455856
665.9843610595819
666.1016590819265
667.1769998967549
667.2953460994056
667.5087275389573
667.7033294719729
667.9202958209816
668.1037306053495
668.6397361834605
668.8592724982403
669.4759580084221
670.3793218042327
670.7814422160159
671.5615544680295
672.2981882280976
672.7709739213105
673.9172179697352
674.6580427945008
675.0877570409707
675.7595687818558
675.9620422157902
676.3503605724196
676.4427426566723
676.7657378240096
677.7676847983327
678.037952076466
678.1443231003577
678.5915509118576
678.7866772918868
679.1745357032789
679.6431711882067
679.750799004347
679.903692556612
680.2398196301216
680.6515071324544
680.8109529245559
681.5192488964
681.556477237887
681.9674858929278
682.1957693492012
682.3997691917073
682.6823055033628
682.7840447919297
683.7868514713977
683.9207054530523
684.0518903089667
684.1424333350608
684.4839691289708
684.8281642758374
685.1143306185892
685.6395443725369
685.7501839269769
685.9321059774396
686.0039146648481
686.454516262094
686.585665855359
686.9094205557461
687.0260097419117
687.42910648768
688.048470064251
688.3935960659668
688.5226628629052
688.7690112210157
689.0473068233167
689.1978029850591
689.228559208454
689.3913004000447
689.5957244937182
690.0097131007977
690.1553765080681
690.4894713858769
691.09000500366
691.2891214133358
691.6163257073435
692.9242763879429
693.1094788669886
693.2834837560176
693.8904627042248
694.1595828019587
694.4109809080214
694.7022353572758
694.8821193660319
695.9598296069777
696.104439381723
696.1890976362438
696.4034941127064
696.768079107109
696.8856165219321
697.3469442359825
697.6372775262081
698.3188884026151
698.76491971254
698.9857404054633
699.0586072313656
699.4122928977163
700.1140511596008
702.1694969415785
702.40335040093
703.0779692419554
703.8057242119883
705.0457872257485
705.3283355954633
705.7648713564953
705.7839110266619
706.1303869286824
706.8748080053898
707.2249372283876
707.9549922395809
708.2712487471125
708.3734047507155
708.501686948163
709.3427374361779
709.8351346877977
709.9544261064167
710.0498973534953
710.1585743500516
710.5167971596056
710.8916461907759
711.0454721243209
711.7141549040405
712.439972031471
712.5485523313674
712.8834347343188
713.0607043836268
714.1358223329896
714.1773456031742
714.5847971829585
715.22554824797
717.084676475427
718.2315429723856
718.3463842290499
718.5355477811559
721.711663851539
721.7709243322678
721.9433663928725
723.5159964535588
724.9403624935682
725.3204560283642
725.3619462620427
726.4412781669462
727.6455564150293
728.9587597953898
729.0545296720577
729.309223326267
729.4203765475892
730.0018283329364
730.4976365727287
731.0458045596047
731.1117127579763
731.6100005369835
732.364158205348
732.6477224250126
732.7735155269681
733.6402633312132
734.0080111957549
734.2019245433428
734.8199708595463
736.7785654985739
736.9561080370378
737.3978970162211
737.9530625183875
738.559736517724
739.4870211584705
739.8768968479213
740.0056003529837
740.1098625965808
740.9620322085088
741.0410976221448
741.4684939102519
741.9109849387899
743.2412562440969
744.1891296895343
744.7168749334103
746.4959857424211
747.7365494881557
752.4172071326834
752.6787622499772
752.8306441499973
752.9189464011523
755.0064701706356
755.15612995277
755.444851461498
755.667243489001
756.3043000432612
757.119484554206
757.9663019210268
758.4293546804586
758.5761897599326
759.5548628583629
759.6479733815279
759.8895814784619
759.9738687858248
760.4676079799893
760.5500904898961
761.9093868759298
761.9293193171187
762.4932372338249
762.669787314937
764.1597632308958
764.8637266501466
765.5341354773258
767.7383476656173
776.5041389994647
776.5860722567697
778.4914830269413
779.1774451642287
779.3281389029692
779.8998757675947
780.1574663936431
780.4775854610282
780.9472223989253
781.1305970645052
781.2765260296746
781.4327264088691
781.916608292789
782.570948964332
782.7832870145559
783.3303178316165
783.8945759839288
784.3833346394355
784.4728465002325
784.5293060140001
786.0200219211939
786.7499571334228
786.845851144161
787.0363651488756
789.0653022426823
791.3246994030677
793.811430929117
795.2669306530767
797.0819617779874
798.3680474837759
801.9795436080697
803.5637135369255
803.5758226466282
804.694134747943
806.0911824582196
807.3998955397896
808.8068232530642
810.0502419617861
810.6984340836236
810.7570994558638
813.5177373943828
813.6331184373463
814.3977122862161
814.9388834201911
816.5066009733239
819.4712662978642
822.4919316448706
832.4594901198568
832.8043964832178
850.5806511314108
868.6126079998115
886.6747575059766
887.2391757612013
905.5321647357807
905.8788136788355
923.9448310488331
924.5271417003426
943.2429279947143
943.5821923093058
962.0814404250589
962.6639827690514
981.7211236107901
1001.5246785884847
1020.9795959717418
1021.2800218232109
1040.6605526203089
1041.1471785444865
1060.2392326752476
1061.0257408292955
1081.1003370773153
1081.6314824165136
1100.7236945049303
1101.8626560386685
1102.2001036855681
1122.2129970651742
1122.8542063142709
1142.3409282185166
1143.4518284325136
1143.8010622317165
1164.2056578294457
1164.7978025868335
1165.491404459141
1184.674057474763
1185.8230071819726
1186.1568511136486
1206.9780096505385
1207.5434492366255
1208.3417663243513
1228.9748062477902
1229.3705450004193
1250.5702310133538
1251.0917042709266
1251.772193092666
1272.60140010176
1272.9392670624022
1273.2564894108275
1293.3632458886727
1294.8984174724249
1295.5068735452812
1296.1444194823625
1316.5256521272347
1317.6133758014707
1317.9143954841043
1338.3328564851288
1340.2545097814223
1340.5970804949518
1341.277034974863
1362.092339112856
1363.133271069175
1363.4935978118638
1384.2898034451348
1385.9095824039364
1386.4619474610627
1387.1339088405846
1408.2630049357895
1409.4061508227799
1409.8994432089862
1430.8451592934055
1432.8843491552802
1456.3510237445967
1456.7088926554006
1480.0007987129984
1503.6926862820574
1527.3874745159665
1550.9277698373542
1573.689254348947
1595.5420838596465
