2.7748238497692235
4.400101215288016
4.732760366542777
6.315765330810384
6.657461487428682
6.702757049207365
8.224709113387274
8.249784988371319
8.628105742007339
8.677291215922896
10.171686778921204
10.195633655911989
10.572335790863548
10.602007888602246
10.63356998095896
12.109053435876278
12.14490710943964
12.15143645294935
12.504229600063557
12.547025266049916
12.566693224523018
14.087366019097642
14.097547387658206
14.139016788132626
14.434326183646053
14.49749384848308
14.52034365531441
14.6145300922629
16.047433821259876
16.060488892691726
16.360589765560288
16.470110990651015
16.52187038765901
16.610469358389185
17.163657673820673
17.99618151635044
18.01321583144984
18.29804919826202
18.425604916680623
18.457483132601244
18.580877089649718
19.420733086479594
19.952856156584073
19.98760864204667
20.127409629125697
20.24376591252394
20.406537509530803
20.54955614656551
21.08130807278316
21.35580307230509
21.930894126903862
22.079911027670317
22.170500502698303
22.352105173117227
22.49312606274901
22.735645470881284
23.05069523044103
23.305796312656476
23.501467492731106
24.024639778522044
24.0537598025509
24.22270429725154
24.67068409102231
25.006252505768842
25.265057354262648
25.461080438798515
26.011966064932537
26.0515820247824
26.424027795063495
26.46726349179693
26.627122201089627
26.88135933304418
27.22623063389762
27.25857446181407
27.43382347539706
27.97481126277636
28.400853017979905
28.50986645222366
28.61609236104607
28.904084020465106
29.19584889012487
29.266434540526035
29.419164677453914
29.86638580296915
30.36300011739854
30.56424235752274
30.590668685851618
30.808915600737993
31.16660744089424
31.306605121110913
31.386951596020886
31.432707611874523
31.919061371857644
32.33437125566322
32.52418149953807
32.62079548466572
33.136177370159835
33.242264827269985
33.33579725677411
33.74560792773143
34.48424536960657
34.52232161333808
34.71354033906638
35.0714788356289
35.1141342144823
35.2949228216889
35.33916936164555
35.91110076304535
36.341819479362236
36.4552817747291
36.539231826932095
36.94058554088932
37.05395039605503
37.10203859619725
37.285218938422425
37.85218833408027
37.93768601437008
38.36829733688477
39.006961811145075
39.07012002763062
39.267876903937584
39.795224261003504
39.88108445170065
40.02834064675537
40.482442914667544
40.725932111587326
40.81566744679806
41.00733423178022
41.02860202992237
41.71991133107147
41.76957255401256
41.99374384699723
42.752532289395106
42.98612620815603
43.10494425423531
43.25008659372023
43.59849037817252
43.73391393994175
43.97480339386485
44.70029610525671
45.07284780734232
45.30970559669619
45.647937098402
45.88915633419435
45.97148456901549
46.12288212808764
46.6668092145604
46.851558376121645
47.05097741718118
47.27591870640656
47.59359200071218
47.87322498264513
47.94436279365196
48.06917027651609
48.3170319160833
48.63286317554895
48.997947894753274
49.24519754680248
49.38257562394405
49.921413484707855
50.03325604627915
50.41106240578621
50.49987456849555
50.96839388638706
51.00201654500806
51.245926310537605
51.79534410270241
51.99152288247705
52.13876311921984
52.54818204261841
52.76323618932626
52.95790573601755
53.24206092808821
53.57173721895441
53.731140019979065
53.9252414429424
54.265883997666194
54.62626726848429
54.94068013935962
55.20226529835454
55.37064688222053
55.55650314725184
55.67794658859114
55.890364837574026
56.90763773726748
56.985203370444495
57.04889090093971
57.29375822493791
57.85711354513113
58.067998160336295
58.493695549869045
58.92679880886534
59.01557840491793
59.15905160155726
59.615370294379346
59.78949356860617
60.266280400362575
60.78803003452862
60.96666442967266
61.01421043745982
61.04474422698873
61.54952678867794
61.737873302049394
62.03467872785291
62.381388337616514
63.01694882440275
63.20422640606006
63.49390991974373
63.667544857057315
63.77001895321121
63.80654479927804
64.1224850020252
64.30730718999877
64.99311315547638
65.22858113783766
65.3128394598649
65.46089837098268
65.57032921720372
65.664447412517
66.03761918263122
66.2310975430336
66.4848051860429
67.04266983379577
67.36424240385733
67.44430883311041
68.10246518130874
68.1797537350445
69.20665848383827
70.13399374040486
70.3216958636066
70.34880440114344
71.13752138462756
71.16980099455049
71.25262768969495
71.42167535095848
71.53682265315986
72.07963213833335
72.3246718124235
72.603645917679
73.0884386518787
73.43214330593013
73.51558308292422
74.00285843817187
74.32639909375857
75.01186250321551
75.70830139976543
76.25156732891159
77.39292415936559
77.56259372853555
77.73044593503886
77.83478893069773
78.31114538522841
78.38194458347213
78.87645000933178
78.9255089073514
79.05817016277416
79.3731110072646
79.55018367857829
80.34891511109663
80.39180780273908
80.87577209003325
81.46507099154469
81.54911101858404
82.13908511965828
82.23967234064963
82.65752793862197
83.11203533162188
83.1436440167178
83.52764462486489
84.99371343886006
85.17424884617378
85.55787913253977
85.79068868975799
85.88693805624064
85.9720767798855
86.14774037627933
86.17322305644552
87.15255174946181
87.31210208280497
87.55351992629909
88.10118796086104
88.34020931857003
89.04673447747928
89.15359005191713
89.40842182783639
89.84511215433122
90.33380437694169
91.15683961392412
93.08367897668737
93.16565260927867
93.19385352598096
93.55148758867448
93.74108191923139
93.95410951757493
93.97933084523324
94.30837538306473
94.59349080647088
95.15243211860063
95.21894357660042
95.69563734733252
95.89029514976801
96.30993520442438
96.6617704395283
97.12031555305883
97.18720417190633
97.82155034308863
98.0125690577013
98.81449382205965
99.15014829203638
99.62424340023833
101.17823127965755
101.51895089163
101.55408092237397
101.7332977273013
102.20165087167521
102.3372099047842
102.71398696544318
102.91612697737439
103.21744661532159
103.53206951834541
103.68347421282427
103.93246853972627
103.96802458117699
105.21048178111015
105.41578143888957
105.54963128316619
105.97369502003733
106.20164865835785
107.49102103586236
107.59009690799392
110.09012638656641
110.32313333646721
110.8313838194034
111.10115454701746
111.24976254512563
111.50219689602682
111.60640589165483
111.71467817912597
111.92977077209594
112.06334945435223
112.31516859201847
112.7042435284012
114.29786559260504
115.51889169082679
115.94096911865242
116.31783693467756
117.0227652988772
119.47166214233562
120.00610128420419
120.24169802817933
120.30664328391302
120.40391738693417
120.69912312784865
120.82437293674687
121.19452833662238
121.4671671779159
122.3092902692189
123.10838397052305
123.46896021094139
123.62851533266881
123.93782459722009
125.41194342634881
125.4703628427671
129.01078872393074
129.52201275156108
129.53867313144957
129.61771976408914
129.7953834881336
129.9668382344696
130.40423078742657
130.89858539306906
131.01257783802112
131.32742525399448
131.47478017626938
132.2583270609419
132.355670351658
132.70372652408062
133.01141537639916
135.01196213484172
138.94184251921047
139.08370559579663
139.4935868961487
139.60504456657372
139.72230173969393
139.76985964566657
140.93255675720704
141.0023431035668
141.62607708026067
141.79876514647964
141.87109395664262
142.30025993253764
142.94100805067478
144.59179221871037
144.88858538213788
144.95629009806595
149.020036476347
149.2471437388612
149.30237867302327
150.03386730932795
150.23255383341368
150.32100495380402
151.1026649147147
151.25488806869345
151.71128997957916
153.19313721505333
153.27868134182404
154.5203727834275
155.26655424797084
159.72892297815255
159.8775670423371
159.96513180416798
160.28931165945636
160.73549147338375
161.2290441929263
161.33679088743366
161.91103354981954
161.95153282772284
162.02614069382926
162.07656210793576
163.96668264934962
164.83765478435652
165.36649468192996
165.96831242823478
167.99678211061521
171.05264248139946
171.71021205927826
171.82627367554562
171.92748081638854
171.99117134768488
172.7247629155956
173.05130090265905
173.2211913657955
174.62043045097258
175.05499996972208
175.52217446319034
177.00868979855215
177.08099956388511
179.09020470859505
182.39554663599904
182.53053986564257
183.07201621451082
183.15229229096792
183.23145684951203
183.30017358738624
183.65570350019604
183.79487789540536
183.9460573555188
184.5291564435523
184.94024628822822
186.3546522511304
186.53010361503146
188.54712985756063
190.56725915071152
194.39441281579477
194.5535799301614
195.1602531582062
195.30212885540166
195.6507391346697
195.7355332488541
196.31297246417586
196.39536638045573
196.8099099620073
197.55286909994643
198.09287746013544
198.40094579545004
200.41467590631396
202.42938339366458
206.64928648494273
207.15155132633674
207.26439880011003
207.4174567673841
207.94912587455912
208.23963254575574
208.38153156327473
208.63565057996294
208.64986154367313
208.70325458373313
209.00818306200333
209.95517547616856
210.65602504617357
212.6615931102038
219.25219881377916
219.29127491483274
220.05479279573157
220.83146570335458
220.96007211773104
221.2909676594573
221.95803291609892
222.19667660671507
223.29212991713928
225.3025157161894
232.31707965420358
232.74155578515973
233.0705415654212
233.07390211671284
233.11286876902412
234.31578811704574
234.85133812278227
236.31050318755126
236.3848593880883
238.32862392350478
245.73138144942953
246.4945837254627
246.61085877121135
246.90933576189576
247.53131107465734
247.59423301339166
247.73279811345193
247.8693979006881
249.73758930461545
251.73917940051197
259.53355308699076
260.01307850743063
260.1672697518113
260.2974590349143
260.41315253724355
261.2785757133614
261.5345812107504
263.53946188281935
265.54719126372345
273.7211759480438
273.83902563785045
274.4848300016546
274.6120536991237
274.7666428686264
274.91558655611334
275.0831869821421
275.7241660033916
277.72802616096254
279.73093879331367
288.2996680023409
288.3303251669584
289.06025428926995
289.26382338959536
290.3007145682265
292.27702698718525
292.3099437584967
294.314582396533
303.26497553456284
303.83219114984064
304.02687310971356
304.596228971782
304.64047959441064
305.2632011015735
307.2692868694421
309.2752788972105
318.6168092158904
319.16786275900586
319.37805707321775
320.1111046639508
320.61700903704485
322.61957292678767
324.6250961305958
334.3539789706822
334.8339155878696
335.11526743142497
336.3544390184771
338.35626242933944
350.157960848294
350.47929095297144
351.0476415889395
351.16388657679096
351.2392520002975
352.477399386109
354.47880869022947
366.9903120232037
367.58475862951343
367.74898834236865
367.97712490123376
368.9881442046033
370.99039700802496
383.8853927510799
384.6443855745288
384.6923654940386
384.8669810897331
385.71394072133876
385.8830984801384
387.8852116550286
401.16663995213713
401.925221092889
402.5958884003957
402.6074645114666
403.1622728900424
405.1612873342484
418.8298872780633
419.34312083836573
419.45809257393864
419.46278194191797
419.5902678323622
419.8567508783329
420.8241260530655
422.8215376974664
436.8745586935106
437.4885077513997
437.6362427513507
438.86658631840584
440.8610828389983
455.29826118896653
456.05482667687215
456.059511512859
457.271625076033
457.2879039686646
474.0936474934044
474.5440880011663
474.68463875204236
474.8553718436759
474.9405910152461
474.9839430036265
476.075907804534
493.21088406430204
493.2628380326983
494.017517619306
494.31313684177184
495.22151891226974
512.2849886687915
512.7480085143377
513.1843924781386
513.4917479090512
513.6080755282796
513.6386070588882
513.7510396568769
529.708005114291
532.3994771091075
532.682239041178
532.7665278284678
533.1571398379333
533.2718658042348
533.4650535405284
533.825488116602
534.0353718262454
534.3861260527194
534.811526098692
535.4952892194459
535.9710212448084
536.6603721998248
538.9742893740981
540.0679824108644
540.186162606893
540.8819815655801
544.0445310623865
544.4875324763572
544.6770971082112
545.0894763047577
545.216909223438
545.9088788352233
548.1156108268295
548.6178113259416
550.0619479143132
551.5612126901898
551.87943812702
551.9659058733859
552.7610182158746
552.8553039588538
553.031593531067
553.2811057289961
553.5451181506473
553.5747215319001
553.6888970625075
553.9400446910131
554.4658408421205
554.7410995689227
555.1370922577026
555.5358768487895
556.0309773888397
556.4250521588573
556.6006790026448
556.7758586083785
557.091333984953
558.3316141111918
558.5400614066222
559.4693328467405
560.7614483281257
561.4789604581038
561.8411024661411
561.8689808612637
562.1895902011822
563.1646764179625
563.521206362258
563.5414274884149
563.8002512581546
564.8290176577975
564.8661729219192
565.146145908043
565.6704918566445
567.5518955872122
567.6269010842135
567.8304364624641
568.6857062786098
569.2400581088028
570.164083582204
570.4129214847985
570.4374413174509
571.0679391109953
571.11915528675
571.9074878948829
572.0853536542397
572.35904637709
572.5330036708438
572.668051150899
572.8127924068173
573.0556771062294
573.1943651741279
573.2973310396244
573.5772848158481
573.6163561756761
573.9385502582277
574.09134907084
574.2972657054435
574.617911822333
574.7203493033492
575.1045420501955
575.3998614259659
575.6899034602075
575.8056171712739
576.162692811153
576.4426767084703
576.5570604174972
577.3544013680082
577.684726161027
578.3404141195294
579.2206094509952
579.4908514676517
579.5764005183838
579.9234486755076
580.4061694611905
580.8068794681243
581.2214316977711
581.4153284189264
581.6554107040425
581.8460895183263
582.3836308892655
582.6752487147797
584.4403374079968
585.4321311689889
585.6800418336243
586.4435074525302
586.6390611390751
588.0673951992468
589.263395152752
589.4634109976522
589.7801569784092
590.6237001143618
590.7143471839139
590.7949591755353
590.9502416137627
591.3687292183946
592.2121389942013
593.6603086289626
593.8128380206085
594.1631091061593
594.5312957503866
595.0109363413379
595.1103856438571
595.5636784860583
595.9000761408321
596.0046763535267
596.2930339669315
596.3783794308195
597.0529387710151
597.176660003066
597.8982924253205
598.3885772773284
598.6846977347572
599.1664873646517
599.6099582613698
599.7941923861036
599.9515876206312
600.5799064972923
600.9998793974654
601.0702211747266
601.228779597351
601.3945174689728
601.7925322181125
601.958977594109
602.1100222345785
602.6993792240236
603.497893309306
604.242199686504
605.1955381972718
605.6909720869854
606.2506570612321
606.4817180861783
608.5341033764246
608.6787337733405
608.9070859702455
610.2422627266905
610.3411087535014
610.4412210912179
612.005171759777
612.4489812598262
613.789777879195
614.7553940745084
615.2942143987302
615.3969045200024
616.6121722105356
616.8718372219315
616.917126253551
617.4099980159284
617.7917313139607
618.0761615166543
618.3475853538869
618.376985207452
618.7626018473437
618.8297007283368
619.1760961954982
619.432963361965
620.0418434628225
621.1264485126075
621.1833642738222
621.3470577133651
621.4954141840233
621.8031522839727
622.2968046967765
622.6525864424599
622.8581307872595
623.1106839307239
623.2038005306035
623.9080861686641
624.1026484340476
624.2700951125422
625.2461283971095
627.2509485166992
627.3128878957694
627.4579785965184
628.2196301751561
628.5433924464974
628.5788034794467
629.7007864395316
629.8387399384195
630.2841701975265
630.5271910974426
630.9341951071935
631.5723336103238
631.7584764986639
631.8224224795496
633.6189782806232
633.6838236374199
634.2503737846464
634.8812145392725
635.0489922399278
635.2109683148157
635.3228491698961
635.9012595302618
635.9534723797866
636.5819335932235
637.3924424872808
637.5377318754817
638.5673643217984
638.8957728578549
638.9563214754425
639.0917760812413
639.2763097724068
639.6197783054116
640.1446660968338
640.6826012156322
640.8285933628292
641.1103196439531
641.554346492849
642.2718664834248
642.3212616954874
642.6387149986026
642.7421514538545
643.3662520877697
643.640705376938
643.6755285186813
643.7649167279615
644.2257798067283
645.3405497242292
645.5518047092096
646.0160480823016
646.5698658611288
647.2786726832269
648.0466687819807
648.0618377806144
648.8307265779971
649.450772222524
649.4918350915729
650.1502354780415
650.9078652747693
651.1565947980766
651.4514622862785
652.9297105823101
653.106616559177
654.5299664853754
655.0980071534176
655.2865753439365
656.3583984269551
656.9384086235966
657.9513011648025
658.0657309103592
658.1366899042596
658.6496551100951
659.5130273729492
659.6308204539039
659.7687038630409
661.4783479359961
661.5826363613422
661.8293988976078
662.0629831202817
662.5089625334522
662.5582039644604
662.8745507216531
664.1336089205796
664.2269103592631
664.2748811163058
664.6537585258424
664.7243253425003
664.9490865860334
665.2693718407209
665.7254661875072
666.1718357092143
666.2545323111615
667.0856295062719
667.6109671889301
667.7793535165307
667.9030681918358
668.2658985306141
669.4378021672364
669.8525664604293
670.4996972590964
670.9929837027761
671.928494805657
672.221371993224
672.7206106335088
673.1380883564954
674.7657777529287
675.9688432247881
676.1994109945927
677.2418849938738
677.5988156860909
678.5131507361008
679.9391936588728
680.1589986334617
680.4565581150497
680.781503833172
681.052789008409
681.3507287772172
681.6008247391798
682.0378109673256
682.6408177103912
682.9866294773502
683.4525822439713
684.3916697787727
684.5399335582953
684.7835896725788
685.324603447541
685.8258393144042
686.3157100184584
686.7107206387818
687.1519994902822
687.4744984576887
688.1709908416848
688.2240578375137
689.6296622492066
690.1678095312359
692.0234904958003
692.1084879528092
692.3323335356052
693.2202293916786
694.7860856572568
694.9516051463718
695.1592945402548
697.0941906275283
697.1991825939893
697.503514615134
697.9835952023844
699.2657439442186
700.7715188580661
701.1364188284625
703.3642814302482
704.0946617085158
704.4070018385175
704.9165519006269
705.8396401916692
706.8511847463659
706.9997572638783
707.9264554473666
709.0052586568958
709.4409417989535
709.6893474091678
709.7652505459669
710.0495039198394
710.6414330583925
710.8399292653917
710.943155928412
711.5160324671366
711.7390642217267
711.7991541436917
712.7146309675935
712.8727844609668
713.0360092347108
713.6004465879965
714.0013743281
715.4313725298804
715.5041507408639
716.3325073824752
717.9479447840055
718.6242367954777
719.2702143945106
721.2325345590431
721.2429214586423
721.9253825049515
721.9820101842992
725.3571604205225
729.7433929278025
729.8948981055967
730.6395405621831
730.9192033929036
730.9378318132102
731.0361559460042
731.1949099143793
731.2108174402807
732.3906969736908
732.4379081842856
732.6406756863039
733.8204655052109
735.443910596317
735.8389383981477
737.5223058601132
737.9189905273312
738.0198440287048
738.825582302192
739.4204431939976
740.4985675226503
740.5241215145538
741.4804310401493
741.8495551670023
742.1795058939986
742.9516775014797
743.6829538511486
745.2029775366392
745.2471409574578
747.4397366658728
747.7980338831269
753.2740948390826
754.2301583531727
754.2576688869883
754.291791917455
754.4237405107821
754.7926958839842
755.6029912733133
755.6127589152907
757.4062203768801
759.2330349606017
760.5618776314283
761.292088073554
761.7221370517739
762.1085849898597
762.4887651935605
762.5023822648353
763.3881586013999
764.5544918866042
764.940197072012
765.1330076770339
765.4181961394086
767.7775417980246
770.4656125937902
777.9516483906947
777.9997744728776
779.5743998018718
779.7505365686111
779.8490742492748
781.5974073321277
781.6456358420212
783.4002920722049
784.9469797039153
785.3832914230112
786.9344395793552
787.0905167871939
787.1480905987116
787.5332692043488
787.7067043297947
789.6973722488891
799.0658067031269
799.458510574064
804.0784705610981
805.35378358601
806.8190014675257
808.3876205051412
809.9433715670508
811.2128487568087
811.2824029524038
811.6301443931773
813.5618548776125
813.9318050243273
814.4114208962606
816.1335513680556
816.5559822709155
818.9020734273312
821.6481847363516
834.4398557551732
834.8396336820301
852.6487195153123
870.5910210994305
870.9944827846459
888.9425443469746
907.5226929203059
907.9103740981849
926.241322205293
944.7089546954918
945.2381904817873
945.6030130933857
964.3401704779753
983.721563993517
984.1075296793017
1003.071324966456
1003.2748683738649
1022.2520111483956
1022.9818915776636
1023.3540202460488
1042.8889448840725
1062.6434344446398
1063.0351348214663
1063.4095115184577
1083.3446187255945
1103.150240891324
1103.83719395005
1104.2653741059269
1124.460060868915
1125.5294087997595
1144.7418043207651
1145.4551274852247
1145.8487952735081
1166.4015577841235
1166.6019636180606
1167.5187755931643
1187.0968363280626
1187.8320807460639
1188.2150264871623
1209.2428046214657
1230.2209895548863
1230.9829575555648
1231.3782390676206
1252.8108632152043
1253.105496877933
1253.7155086865182
1274.4009546557463
1274.9306521619083
1275.310428725845
1297.1377767276922
1298.190912776829
1318.9630761425813
1319.6289665975507
1319.9872843177889
1340.7912292889068
1341.590607842689
1342.421088973169
1343.314486299191
1364.52348202581
1365.1306599128893
1365.533156778807
1388.1717994208418
1389.1924026927397
1410.826330101628
1411.3998203734936
1411.7906228725553
1433.4396839267372
1434.819943304497
1435.7123080697506
1457.7283445455182
1458.4142322174903
1458.768523642382
1482.2418746521546
1506.1243196628052
1506.4150165441984
1507.769289792474
1530.2108065329126
1531.217481218868
1534.4669736438539
1551.8721900495593
1554.9477873839026
1557.6735522882987
1577.7896082263715
1599.3870290803177
