1.372306644640196
3.3545916294959603
3.690545972611866
5.329235287097797
5.5737980109456755
5.71853018838755
7.304632894796745
7.5494816237269715
7.6836598468884025
7.731197285499173
9.259075602542058
9.52732461488039
9.56588541153817
9.692183017136637
9.743266831784203
11.090966707957035
11.491184012099302
11.536058509006422
11.668832050704845
11.731280823780034
11.757522585967406
12.922190975136
13.341192101636295
13.502202396828341
13.54149495219083
13.705409764493638
13.954688952152553
15.176780787515346
15.24721981580283
15.370583120380982
15.49744208963931
15.956000964700092
16.49989420282895
17.21148879029177
17.37287579554752
17.485869060825387
17.50943475091116
17.952658263377586
18.110289777876382
19.221195619352617
19.36790873266383
19.43819797403125
19.542066962176385
19.67117000272466
19.949140544010046
20.364284443372295
20.497913937655483
21.22114796821655
21.39248107343374
21.45944148671459
21.553834181573734
21.925538840434175
22.396774433729096
22.778994117056435
23.222756673358425
23.430799801402554
23.552361406334953
23.676520621623695
24.404976313726202
24.774537732637597
25.132892923464453
25.205492745833737
25.427642891584853
25.545507097916648
25.711745393800957
26.38649148454708
26.439022633800608
26.514927834013
27.386522972510413
27.419223379538806
27.574284666877933
27.724710644218774
28.39224854608078
28.513229138781842
28.770204896256224
29.24586429032521
29.368847954820602
29.427702368232424
29.725294835686697
29.879346731976526
30.389347539318873
30.64230964463731
31.437647922574946
31.456718567730316
31.50356252796845
31.700570338550957
32.50983046212693
32.64196212740252
32.73359964142239
32.74827516609988
33.44140888081657
33.53912135009518
33.65886498267752
33.753352367161376
35.1588196001635
35.407369800824355
35.53315464049082
35.55563595284275
35.988467690590575
36.012302999972675
36.64164529906347
37.15992471915554
37.337525959795876
37.55715719479377
38.0450286921212
38.62803299967823
38.62872617942234
38.660095144875484
38.831352630587915
39.51407007931455
39.66602566382805
40.05199725972223
40.071882646286
40.90136198387658
41.16199800970013
42.04902908807224
42.075308496191234
42.48499442286947
42.939294021553934
43.16813582622423
43.92367496810298
44.01654672868385
44.07521854039524
44.954444419218305
45.35462463788814
45.75453573931527
46.06668504392066
46.18700575242831
46.55469289218743
46.95772981622661
47.357329819279094
48.20554367658336
48.229985757829326
49.35688492724738
49.598953841060805
49.80970659279245
50.24082560881679
50.79653200599897
51.02399064961635
51.0326873510542
51.85352326124715
52.23892003417294
52.31514833317246
53.03500321804234
53.04193320626349
53.49031317815853
53.89234982223557
54.273866418082946
55.03736156807068
55.425456510843006
55.65287322317202
55.88083551750277
55.91243766498148
57.094572781875485
57.53193531848301
57.9038582619576
57.91240686969337
57.940114409297166
59.098899685662566
59.94809269025249
61.09944173585158
61.96444648925108
62.017090129649176
62.096970024838605
62.794097634837726
63.54342011651074
63.96470163533995
64.34905221622894
64.38751310478489
65.54845864287306
66.38984156098726
66.45879343371588
66.8497226408701
67.55174283414881
68.40843089869578
68.92266483540585
70.3770555839093
70.41334394537938
71.17840672465786
71.33274945368785
72.09554609518877
72.34654895548884
72.38559661405766
73.21920700883936
74.38809740103093
75.2404345625101
75.92189758607074
76.05894832666293
76.13738794351482
76.16960228847546
76.4476974745218
76.53691851401459
76.58790675704216
77.24118288001522
77.59945523917524
78.38664256724486
78.42080053840583
79.60525534757215
80.43287351920475
80.51103887828909
81.43004289838053
81.60937208825035
82.45146254664002
83.6109256253632
83.74044561904805
83.77793765577128
84.45730632422438
85.20651947409509
85.99480579501085
86.05386189184479
87.2126063540948
88.03728374093474
89.21690200118934
90.05898523186593
91.22159949165481
91.70588326743221
91.72959392468701
92.05965303683834
92.31066356305347
93.19998960071123
93.98458123118819
93.99160857447941
95.20617169749487
96.02607556015506
98.03881730324001
100.10165936125827
100.1430707767826
101.58012084969111
102.36022297316586
103.5862949657078
104.40221314396999
106.42204705752141
108.81314064248957
108.8182738892752
108.87045518938899
110.34410083947097
110.3563106121118
111.12255619104718
112.35334885331471
113.16460452914154
115.18475450462547
118.01627253528706
119.50047509118288
120.27183687814272
121.50674798300098
122.31439364985889
124.33468222518601
127.48916873430096
127.53150670864764
127.56747732088671
129.04081958735227
129.81046280096416
131.04717437620081
131.850514565597
133.87215008388634
137.41607656027628
137.48000078042895
138.96856128170506
139.73385777912097
140.97465089792328
141.7762850407798
143.796761670497
147.78805881360813
147.84851370626924
149.2832855874595
150.04539524858657
151.28929447459072
152.08835923927518
158.48939416841398
159.98524230676716
160.74524668040237
161.99109205187295
162.78747817116613
169.57574429439643
171.07479809417478
171.83165417338108
173.8740990973506
181.0489729454156
182.55163972488694
183.30550941081302
185.34855086780271
192.91289121856846
194.41589372601004
195.16805593532374
197.21103422913788
205.16244776183746
206.66768955329107
207.4179183351603
209.46057460058358
217.799234615871
219.30699955933434
220.05492390250816
222.097704192383
230.8242969877561
232.33389466002865
233.07942017987872
235.12310730727958
244.23701605943072
245.74815761297046
246.49295342269946
248.535802279112
258.0367570556208
259.55008079680545
260.2788817757956
260.29429211658316
262.33622409236426
272.1925036081827
272.22751073072624
272.26841139761683
273.7393569574606
274.4805340160017
276.52378219959206
286.8017524063709
288.31594438556704
289.05651238585995
291.09908498758597
301.76368855758864
303.27972705782
304.0184849860835
317.11342086201506
318.6306053210479
319.3681679386701
326.3135903183353
332.8503951449585
334.3681870062559
335.1045486765625
348.8591251631082
348.9732396900199
350.4922515483994
351.22747910409106
365.48334971913073
367.0023459189419
367.7364075844198
372.1823046510652
382.3778238287306
383.89785520659433
384.6309811607152
396.2826761010684
399.6574620352043
401.17790460133676
401.90986898792465
417.3206924391786
418.8412306054054
419.57059694723415
419.5779601609026
421.1600069092318
433.7892556920118
435.36525316326174
436.88589735144296
437.613652944157
437.62007944707904
446.81620768084775
453.78784305604444
455.30879433829386
456.03729716780134
459.83408994764784
472.5777735293569
472.61525984175375
473.248947704007
474.10439400813556
474.83116405549833
486.6548986763725
487.05003914804604
491.7302171733138
491.77108955788754
493.2614832778865
493.9842169621855
500.45907886914006
511.2479558700005
512.7472752070369
513.4534071005987
514.254745370465
514.64680772419
528.4472558403687
530.9627739619896
531.8053677791025
532.5538537615334
533.3674138769969
542.6297459201365
543.0270650670643
550.804820373842
551.7384918454956
551.7739104846968
553.7960236021852
557.2123245069253
570.7308296690219
571.4627208022606
571.7826683028302
571.9594798179016
572.1789020207469
574.9445976350868
586.7547492875533
594.2054818591932
594.8782124927129
601.7142175422132
602.1033890507124
613.2945420090825
616.490167360417
617.0746201294395
618.2395999791189
632.424343141659
632.8222311603657
637.8290268943132
638.1539647906509
640.549572060839
641.6521153802206
648.1719856959043
660.9495180242074
663.9104253279736
664.0301681477879
664.3089844502093
680.0472785651775
682.3444378491891
684.3478916263019
696.1750086636445
696.5502522574895
708.860497915973
712.6998086689151
713.8971527258905
729.2135798526614
729.6110220068047
730.0504485734062
731.5288414931258
736.0719011684567
746.1297231772376
753.3234832610628
763.0340555896598
763.4305859340246
777.2097765962739
780.337232976509
797.6315077114721
798.0310192427376
803.8088345033974
808.4662722169314
815.3226541277614
833.0037264995469
833.4007482246857
851.0852437082258
869.1567481057202
869.5536869369594
887.6252258271509
906.0848869434329
906.4815907918636
924.9434451439311
943.7941000505118
944.1987940559296
963.0398737484595
982.2773225552352
982.6737294192037
1001.9140499645072
1002.6840522428936
1021.5386898777344
1021.9350272406228
1041.5646814826296
1042.3335120998868
1061.5820997763994
1061.9945116557813
1081.9942470513074
1082.765242654257
1102.3984040799114
1102.795177630025
1123.2011625499242
1123.973238552692
1143.9946247744167
1144.3916316303414
1165.1866499114894
1165.9585096831102
1186.3685795224662
1186.7660763744566
1207.950414897735
1208.719221713901
1229.4999223522696
1229.544675537468
1229.9169217707556
1251.4932778262184
1252.2585171447595
1273.4570002690568
1273.8180023685547
1273.897256758432
1295.814930504622
1296.5836955275324
1318.1662803860481
1318.566383856958
1340.918153634907
1341.684660399136
1363.6582540512245
1364.0582284098725
1386.7987229860864
1387.5622972716144
1409.9296452298256
1410.3308996956207
1433.4638808707357
1434.2289367803066
1456.9939316818895
1457.3743381070556
1480.907560847886
1481.6481334112577
1504.8356199454004
1505.1828751441067
1529.0390185303618
1550.2603556023892
1552.857002305036
1575.5685358814878
1597.2538435256834
