-11.43933595325437
-5.774406757616072
-3.6491126443983894
-1.580906356015598
0.45589886163544513
2.4084848487614234
3.224829235588496
4.209802344364954
4.328727901630176
5.253747281177079
6.295580387813759
6.336683649078138
7.237156741549198
7.273906361462018
8.261682756800427
8.352071276099272
8.988715471190938
9.244946502976658
9.300946763325435
10.244348336291567
10.379239437858084
11.234265663161805
11.266363207457792
11.29290529752693
12.146753463595966
12.203248287355747
12.306432815646135
12.406708039265807
13.259086287881884
13.305631360529048
13.420239185120055
13.964779452945292
14.244533090769723
14.418940570216323
15.303862024263301
15.420562240747044
15.764429578772772
15.8640700684268
16.0505508240049
16.183019046191426
16.290928016313156
16.418728576777152
17.30208181153038
17.446636338963252
17.843011230521626
18.099249784849697
18.233983023692915
18.372006510714726
18.595411139443037
18.94294112732245
19.288219343302842
19.45622984629052
19.821284729617982
19.91752717753331
20.125365665252193
20.26680928139514
20.32323643292029
20.67597187401131
20.98429622888105
21.477950709005725
21.796841620587152
21.896107208522935
22.178297585624914
22.31488743579689
22.720196938010893
23.010029851507817
23.508349612568285
23.876747994513963
23.90844563836541
24.029120776524707
24.178024805913942
24.28918573208849
24.359171189903087
24.758178192338022
25.034501277843425
25.431642419381376
25.819930322019545
25.89871850960011
25.953595541512115
26.2252300571327
26.326638585233063
26.772614523056685
27.03417961229519
27.524995054944384
27.82699277722711
27.914316335654533
27.99783522513321
28.232937510388144
28.607078220555017
28.705970242245627
29.069916489497633
29.16888569567715
29.46371234855983
29.58751754501509
29.84983272868812
29.88543097031321
30.023402259309997
30.24150772360293
30.70807202525997
31.47630076146511
31.55417101829331
31.641559410325314
31.816933827357175
31.897387687668843
31.955835671821035
32.34273442148419
33.23366790136686
33.601713200153974
33.63083119126465
33.80958242555251
33.880524997694636
33.934600111373335
33.974394799935034
34.26334584144542
34.29665738240297
34.43305843127946
34.75923817072219
35.496749669143284
35.66028867881579
35.88271934497221
36.00351324648126
36.042087651451084
36.341864320497386
36.50853232902034
37.44804977682561
37.60368959305931
37.69848101177794
37.90933719428497
38.096435102473876
38.34054379601522
38.420432575316745
38.743676189442084
39.162638623588734
39.52678406358476
39.55650288067144
39.94215973705121
40.019813704366165
40.11691829064383
40.21862876955242
40.36475252364706
40.746467283952136
40.84939572827665
41.181230061198484
41.20142724698559
41.5958288630656
42.1020948724596
42.35865213954873
42.483673313065665
42.91776833690858
43.18235771330312
43.260815432919244
43.95129126396668
43.96804919412514
44.14293669495541
44.399552057355834
44.4716652637589
44.506399967336
44.96460585848197
45.184557619086576
45.276090869485046
46.006586032924595
46.02041717589469
46.081507183286675
46.421565362879115
46.75453604059584
46.854278745806646
47.013248240691674
47.202414786386875
47.33291377051084
48.033053913406725
48.141539741073004
48.411733828601264
48.438805554177925
48.68908759868205
48.810002259200004
49.3364669511504
49.586420042549605
49.73575004780265
50.024555821215486
50.195126242792874
50.41799196852107
50.84139495970287
50.87315062100502
51.67620338931633
51.69188190610011
51.81023486703653
52.020469797892325
52.152601116336264
52.20322782674349
52.389468293634735
52.49676782097235
52.94775190578756
53.49820762336646
53.760629769594196
53.99143602208608
54.05589024405798
54.574058207294804
54.58848593305219
54.79819850516878
55.3400016980575
55.59698764870007
55.80647058623806
56.01439811076655
56.0454073896264
56.078245650961335
56.13654639195584
56.47692294670036
56.7387223421309
57.012670357957454
57.699577547852364
57.77247011481636
57.834966648451875
58.04686517861474
58.063712041275664
58.71472938409381
59.221716033264705
59.306728285857055
59.60258194823986
59.76594436274882
59.84978628812677
60.05916919708821
60.15476540749014
60.22992779911056
60.65293884052969
61.40614426079813
61.678050765340096
61.81999425405797
61.88847387813875
61.992662472735184
62.07231947882858
62.451538829135565
62.64102202594572
63.05298813217441
63.64017941596675
63.80871723298059
64.05525086111194
64.11963429696765
64.32796366045959
64.45674541866045
65.30466560470516
65.4444656158324
65.60822237127857
65.65954573526588
66.15708124859886
66.21992851139701
66.38850374623638
66.49943719685703
66.68957520586105
67.4878405711913
67.68534694542079
68.21835105646582
68.46220054394524
68.54051372757615
68.66076020215226
68.70290912980785
68.7977827989269
69.24778914244732
69.40176542243792
70.20739995475346
70.32275513454064
70.48926845643449
70.68625070958512
70.90142467845008
71.10889776900224
71.25243154771627
71.48591488981232
72.03682937338934
72.32159247742098
72.62275389134436
72.9705436450817
73.25031992020592
73.2842430907305
73.49350818821074
73.810754853714
73.987463780189
74.07913221976337
74.67887106272354
74.7230849387543
74.97044357977221
74.9980491893602
75.2572830777687
75.2717455417963
75.97654587935126
76.43393247673316
76.73452747139086
76.9981036630877
77.09822773086444
77.2840737452038
77.89381163584682
78.08354528831944
78.3430019523987
78.43719853973091
78.59890748703782
78.82540784276743
79.40973351306853
79.44436612397618
79.88006915915089
80.01129876350728
80.15160408878663
80.86121009909586
81.09749424193556
81.8407094904194
81.97206459446245
82.19942873706017
82.38749166403196
82.44927225852045
83.48588337318127
83.52731413696176
83.54894177413763
83.72053216131884
84.00952294185193
84.17733796722362
84.24093941792047
84.69655288592931
84.76932351540866
85.15024882333873
85.4083554464848
85.65489868523218
85.71938080905532
85.99336106967783
86.02236325343789
86.59737593273424
86.68147490472555
86.81628559997085
87.51418394901472
87.72187333142061
88.01033709155482
88.0811539236783
88.79823292093054
89.05069556639623
89.42511061667241
89.76930511360139
90.00910033843869
90.24980063259942
90.28157043066415
90.31870455315976
90.69795782628559
90.86113014563445
91.50849453283473
91.54397713715836
91.6116805220558
91.74659799164229
91.88587173488412
91.97489401398512
91.98923647123164
93.2262070138605
93.57179971536647
93.61713926466244
93.85942735355961
93.97832775969337
94.19012525816932
94.30286835408583
94.94531561178303
95.45682194084395
95.60020775905224
95.64654152187785
95.68793323850825
95.97978794533638
96.61632567312294
96.95841693767217
97.46115999440619
97.73027304979777
97.9795253482305
98.04173413491041
98.26957067613033
98.69350531239782
98.8027755825369
99.05370464308366
99.46376170634552
99.71353877531345
99.86125184019436
100.01009247000329
100.04150245070304
100.32964480089557
101.04147120468267
101.42708733659178
101.47843596912502
101.53026960441679
101.86991406255233
101.96681820748626
102.15902993145767
102.33150270198318
102.49396345003957
102.69822242443863
102.80196933320288
103.21573237351835
103.58555115354692
103.6005124625548
104.03629593947866
104.33273683915036
104.59505154629676
105.04419840653789
105.89980571083848
106.08044994845362
106.21094564953171
106.37026033035875
106.95657144503267
107.22814287357188
107.4214332374893
107.48856456944245
108.06124725498117
108.17272669962715
108.36843379257124
108.42298065866845
108.6046875408388
108.64397334559473
108.9718191595757
109.06079680846828
109.07472110452724
109.39007622850265
109.87857545982607
110.0679483021149
110.50883442408544
110.65616028136589
110.71372146428679
111.0741501289016
111.93250120067727
112.06378094784225
112.77538902001774
112.93684469287122
113.00821630177103
113.07621046085565
113.44314032315448
113.47036764169395
114.25772775609343
114.31416939884821
114.5886561582956
114.81206771923834
114.83482653588088
114.91317865695319
115.78084094439838
116.00287086940273
116.80097622719097
117.00184181897666
117.09992451697606
117.2804975115266
117.70120105898495
117.7358786010269
117.74068913493696
118.20736070586409
118.26998710435622
118.38830819032418
118.61920389829865
119.64393939392006
119.75586494679519
119.84126558224699
120.20557393649452
120.2755648155697
120.67324244515682
121.22478567728346
121.338216883529
121.41849830908376
121.69701287284741
121.79636785992942
121.90942707681924
122.20716690466894
123.32668172472131
123.53487550990071
123.95165621555245
124.52561155480542
125.36237838657567
125.92995789509646
126.22889893920733
126.2527096228964
126.47221611386999
126.62689577223858
126.7252735564427
127.25338004890321
127.44581394846023
127.56627217528664
127.6525522283028
127.72786013465121
127.75057067060304
127.79107752380328
128.11257258747497
128.38749860124358
128.81875704887594
129.19014047718275
129.35994571687047
129.77976314804948
129.80240596575658
130.0786258579479
131.39838277870226
131.43145336857722
131.49561830637134
131.72770780730838
132.45223087162745
133.469221793334
133.6582602165664
133.85073175118663
134.0997925107466
134.59720090108084
135.01631072259792
135.4364191639284
135.45968513202703
135.62092845100696
135.9852309059551
137.10876949292987
137.16246948885592
137.2665302076553
137.6250558698208
137.87330875555102
137.95697333459654
138.43796439943557
138.54043364807805
139.2074663782399
139.26801092359793
139.31828317756427
139.63690609711406
139.79966559838863
140.59850534204193
141.33575157432085
141.43382838195933
141.96988901237359
142.79024140452128
143.15712319596298
143.1675214884781
143.23772190211145
143.34633079822027
143.3811376906125
145.13293645292785
145.35624919822158
145.4467820239769
147.173154459643
147.45959879236773
147.64954335666135
147.8149105847449
148.55506893771172
148.60249420771058
148.72196383998252
149.043349447281
149.18466851536678
149.22736809268366
149.37743520511734
149.56523469655176
149.74995817255945
149.9356279648129
151.46443581575164
151.63274763470196
151.87483550715302
151.937565480836
152.46625169977335
152.73750172181747
152.83271440449593
153.67623714710348
153.86212043634055
154.1044219410827
154.1921471955143
155.03714525789474
155.65319986811036
156.17506451907082
157.16747801285527
157.46853770685624
157.69180286091046
157.91400205237045
158.1111825046917
158.14946096160853
158.53671895791805
158.65563730637876
159.09273070104638
159.20935609681388
159.52225682957788
159.68050626533784
159.98209927384053
160.1918228423866
160.25210807340378
160.6234820354371
161.99205492972666
162.1725440817222
162.3189020105282
162.65100144592643
163.2791983820448
164.32978653347112
164.3634013281156
164.51359108368035
164.89698770582513
165.33366591942055
166.33771934972495
166.59956098913284
167.07495024393955
167.20639002116843
168.1540578716032
168.93916204021386
169.22219829446666
169.3158744651292
170.20289745139345
170.27985909815342
170.71007921362255
171.13490100496782
171.25693515560576
171.33052851438407
171.69858098200478
171.7050040806131
171.8968446359243
172.8140849524844
172.85716811137678
172.94300097587035
173.3948126350144
173.44762445806333
173.69947942425173
175.43801956225903
175.71835232414804
176.01864229089742
177.0753854551871
177.15052500006826
177.3804565607838
177.41685573699954
178.8411448410071
179.22889810890422
179.6191715617556
180.44715334020074
180.68622693671048
180.82262482234003
180.96351076048668
181.28342565799434
182.19318469465904
182.3213482898982
182.52049578402313
182.72692500622176
182.79182546364635
182.99168188827184
183.1732401028699
183.57684849457237
183.66376116501115
183.89700661118158
183.934654835781
184.85760251398722
185.16458241905963
185.23197636184048
186.90199068223689
187.09128410136321
187.41198703735733
188.01011184074974
188.0532069971623
188.7354073175801
188.85016895881452
188.8794427374085
189.75668674670544
190.6918849372058
190.69423475770026
192.0208021434634
192.53969613295706
192.74569393016904
192.8775999347252
193.02104357024265
193.43307390380562
193.78763963671344
194.28833620880548
194.44947716203228
194.64539758551732
194.7145679483509
195.00870538827775
195.13597613073478
195.2543058904467
195.39593449971042
196.0910975866854
196.61983738120762
196.71371384593172
197.01816780026886
197.14373001845723
198.0966192287358
198.55412072499598
198.75484423629294
199.02897485661458
199.12676839681885
199.21957897810015
200.7310171213424
201.9264579373788
202.1570505921004
202.5443926718709
203.71258260992755
203.9537508247763
204.59778627513668
204.7816080660861
205.09031562839323
205.14658741226054
205.25664208092894
205.36300672246622
205.438582861649
205.64210423798588
205.79946041776043
206.17492831481647
206.88403489648815
206.89030624528846
207.24410163078264
207.55215246091774
207.88216005392545
208.15776544301536
208.47653906746322
208.95402823611974
209.11163527714004
209.17119694789565
209.2610016356292
209.7126772767791
210.40617672760823
210.5618688995817
210.63932843469436
210.99639999974232
212.22097896831207
212.9716198578629
214.00944950703988
214.78559773745314
215.35400968763207
215.4215160176777
216.05998434405882
216.12462363613514
216.6978111960921
216.82860870087268
216.84801758905712
217.412480909985
217.55766791997075
217.88352650426006
217.88879585723322
218.026476331955
218.08670039672475
219.41161056845561
219.49342418278852
219.5185222293073
219.8885442418549
220.6318827178938
220.71137452047466
220.76781993573348
220.84463562917915
220.91648111183724
221.58451951930687
221.89240896887043
222.45260752323586
222.64999582385633
222.9035777783655
223.62642591622324
223.6722564839435
224.72084581978405
225.60195236228472
226.2517376778437
226.9777315609442
227.18403201319458
227.26435037256925
227.41489628822904
229.46962961064642
230.0850094911399
230.26708878857298
230.43164726897805
230.51814236096197
232.12057658399615
232.25330589338873
232.48660739306743
232.5376477242446
233.27241283760614
233.34808854101425
233.695394260339
233.91286032974423
234.30396935677302
234.35888987944645
234.60438134100352
234.6908092796825
234.91326775522654
235.27931693533702
236.58835784422772
236.64941645646454
237.65767717101687
238.0993178349616
238.62109197516884
238.6466394546437
238.87864957631103
239.48647081093875
239.56937553628921
240.436137865965
241.15840432328167
242.48820871275433
242.89738616470572
243.84110178015473
244.1044175919003
244.28328467572587
244.73081617790916
245.13917928489732
245.42855903347217
245.6299632814284
245.94598007615613
246.16530842746428
246.36906635630706
247.32111310295383
248.0120381186422
248.1061122355416
248.2970327715529
248.32732865369763
248.73746847288714
250.05528174997036
250.34247421368104
250.50545132896212
251.89938462035636
252.02979448204454
252.1457034222276
252.6231547442861
253.84355594411255
255.89628017009454
255.9166430638243
256.34646411713436
257.2842294996626
257.3633693253826
257.6383029464688
257.80664406677226
258.54677143191805
259.7413916376536
259.7799873012673
260.19064235826625
260.33919520283587
261.7007918291494
261.7534361893112
261.8104414534339
262.11068022707934
262.30594174727696
262.43383629952393
262.9700388762492
263.02231332213677
263.85223675963516
264.484064645047
265.1615473162725
265.30757651380037
265.8258578555636
267.64005496420344
268.97602246159755
269.323954330112
269.51866732945484
269.693162766585
270.3596770992286
271.815218962725
271.82688323535194
272.1370926907317
272.3444406671946
273.747760876472
273.92980665029
275.37609459457144
275.50440365826046
275.98955211353575
275.99553072090407
276.30122795724503
276.50396132387806
276.7011757474114
276.80287621272896
276.84072912048555
276.90168160825135
277.44191180698306
278.03834925630736
278.56949531550066
279.10423724905775
280.0061983622198
280.0147766932594
281.82544639481796
281.99726630924295
282.16393906265506
283.1205575187648
283.790715776092
283.87855463024124
286.39920341457935
286.5291902483111
287.54273863966745
288.3927856496832
288.5043257536989
289.39629360207726
289.688604906677
290.57002799282446
290.8110955227588
290.84905953612684
291.0024754055641
291.8456652052529
292.36524411428394
292.61275673698856
293.2892586380284
294.58504180441537
295.40302054649595
296.3996066104246
297.3071203013419
297.5840252334078
298.45229899274136
301.103506718203
301.3626776454808
301.7279987659817
301.7992881003565
303.46798238917347
304.2635752465539
305.5321992795852
305.57941617910757
306.22457940093557
306.55096442773896
307.19752782884075
307.57597008290657
307.6665645786576
307.8637078502363
309.54979587859185
311.3624067682211
311.76939448185715
311.8805143393974
313.4172694142466
316.06651599400993
316.30234297595604
316.71480735087806
317.38561275184117
318.8185946989224
318.83530942614885
319.2270305502229
320.88611334828374
321.12455392835886
322.3846991420659
322.5522652844525
322.8274606597978
322.92516587605735
322.9425418330062
323.199921673899
323.3806535844958
324.90235060897595
326.34285462804957
326.7145275702733
326.8432866756383
328.76803091250923
331.27149008904496
331.4186000429628
331.9554706034359
332.45545721284765
332.5557297326329
332.65339758456753
332.6806029441913
334.5609187535749
334.5782029969109
336.0872844356061
336.62685646656894
337.95061966141395
338.17946017144675
338.6126372044852
338.66905061431464
338.9309734400076
339.0795186021715
339.3219087644673
339.42403903915545
339.54270194640543
340.6422662174559
341.3059403977586
342.1952450550486
342.45496215865376
344.50826057983295
346.6189853571204
346.9182397801175
347.15858328789585
348.3945281908281
348.5857828487977
350.3185935294046
350.69041916150053
351.43815289203354
352.7556800803986
352.8661428650756
353.9191710449655
354.7980566947016
354.9248111456221
355.06475869454084
355.09262856960714
355.2791936207387
355.60381712207004
356.7714084385708
357.9340533738781
358.58409324928607
360.6369471868003
362.35795201769037
363.2873510125358
365.10378081648633
366.44743900688695
367.1777265431302
367.2083554457073
369.27437987914493
370.04846952243065
371.31635581684384
371.4105829116409
372.3957733746105
372.50686661732954
372.7900655134288
373.2900152309644
374.0656410789366
375.10175403517036
377.15505220915594
378.4867155999011
379.80421025870606
382.0102748855881
382.9665731116955
383.3074391867211
384.11506603667226
386.18093797137607
386.5657333336145
388.22293432256805
388.52422066051804
389.80048676628945
389.97278549892536
390.1142067793499
390.1959213313445
390.5827448251051
392.00997705218197
394.06111854305675
396.7120455598893
399.3055092165737
399.370041159307
399.82366096093136
399.87112153209137
401.41058675941565
403.4761106168534
405.04055843361056
405.51756177628897
407.3726526243378
407.439493249537
407.48058895748005
407.48830627273253
407.51373051619254
407.8147351235083
409.3031889182781
411.3556992381157
411.9060932773689
414.00732904593616
416.9892805853564
417.16500884835204
419.0939882658877
420.7646691838087
421.15908552278313
423.2011101529142
424.781236508056
425.17341442636587
425.4878460281997
425.57647394838034
425.71406646273635
426.1752839473958
426.9860485071257
429.03927861462705
429.2003549458773
431.6880467735477
434.8465090625348
435.013157764616
435.0612932155024
437.16603736844627
438.4439635351751
439.22775805328837
439.23236234411775
441.2711397589378
442.45957676218734
443.2444329770013
443.5654824222465
443.84916703186394
444.0370166286325
444.4561675559485
445.05692394609827
446.8815652827465
447.10913030382903
449.74956773580124
449.76709991629394
452.9102468671752
453.520967297221
455.6011124981054
455.6236663658365
455.6292570297134
456.5070834348945
457.6901704421317
459.7305445665584
460.5402642182552
461.70498021621216
462.5744982060218
462.8831812834963
463.01610549426255
463.2138000817284
463.5152994479194
465.5676279413537
468.21320424340706
471.36217910505525
472.27427579492326
472.34667227887945
472.37135182526316
472.62224309227366
472.70740767730376
474.47136827485417
474.9865766270541
476.5373157223811
478.572572477546
478.60889749312565
478.98938288191533
480.5464531955739
480.67013103720865
481.63239801490033
481.8714301254376
482.10440440702166
482.20050433797087
483.90705125367
484.4025924980358
486.99762158650714
490.23411295021856
491.561619944325
491.603563078139
493.7053425471883
493.87536152703274
495.73597536710923
495.7745716093767
497.79643247188386
498.8218443280475
499.6989687212538
499.76293183142883
499.91638485210166
501.1719966603896
501.23627970815863
501.5866092535706
501.7559141996044
502.0449103084983
502.3607915556991
503.634364497806
506.2854698452306
509.4915318578024
510.55699164607626
510.7903890581609
510.9816159571915
511.21607970882854
511.34377662692157
511.49866922651773
512.9244764291473
513.1743601552764
513.3296130677863
513.7518183074154
515.2362330932964
515.4348115041116
517.4400360459495
517.9593701876324
518.9190782543565
519.4118539080488
520.7066991112218
520.8893304915634
521.5986332523976
521.7985183255112
521.9029860053087
522.4668940431379
522.5038332781918
522.5453604254784
523.0913321890728
523.3338302508521
525.9307133666615
526.1027396134374
529.0896955139929
530.2217244026568
530.9025361246804
531.2059173558259
531.5339934656155
531.5923157434919
531.786259732443
532.3219942836132
532.7560650054941
533.1570477520128
533.331127398115
533.9146374181338
534.6714988428043
535.4251300985674
536.1333610674427
536.9816944257
537.0558276373499
537.4161201532843
539.4185259758917
539.5568557823611
540.1996245836791
540.9365574264477
541.0429447730389
541.1250494372226
541.2235347688322
541.4704325906323
541.6813500554933
541.9730005658544
542.2076171970295
542.5217082996566
542.5494404165346
542.7372791174724
543.4137757727323
546.0236450248156
549.3125704211591
550.7792021562411
551.5042169818419
551.682102814234
551.8854087202075
552.1102988641591
553.3322892864163
553.5281554972544
553.8542076500224
554.1479764473884
554.833343539834
555.8296577382732
556.6267515652054
557.7314450915103
557.8650750222305
559.5521342021538
559.7013163731511
559.8127454227439
560.4300228087725
561.2051259517577
561.3123474029712
561.6581143652061
561.9083020677529
562.8441182025244
563.0613867188026
563.4281545052636
563.5339371884432
563.7900627264594
566.3839190193625
569.0114944641987
569.5618166085383
569.6817044194479
570.0377693181453
570.4806243565239
571.0540551231443
571.934340549413
572.1967724845615
572.3747389723835
572.6144803569198
572.794383550003
573.2437969063897
574.4854565289671
574.5769094142245
574.8775610100364
575.068126401112
576.4174470307653
576.575939218069
576.8172084649649
577.1737125394981
577.548396846333
578.8093113603804
578.9064315699868
580.7204860397396
582.4186915864971
582.8362644939774
582.9349694550864
583.198507049252
583.6713126354807
584.1435052579753
584.2454691596115
584.3759578014397
584.4059397361056
584.5900151824366
584.7283049494667
587.1871296701911
587.8040024883115
589.3045377098518
591.4805019934013
592.949665934418
593.0477127000579
593.4808230412638
593.7463901453287
593.9173572007869
594.1537030285044
595.1173918709735
595.586006664273
595.7490163580303
596.8807848194211
596.9654503541095
597.4668301446136
597.8987475503302
597.9437826282631
598.7243808707088
599.8003518902411
599.9429138354269
601.9342455429243
602.2797722622764
602.3570047908142
603.1948719342964
603.7469032296475
604.3064244009481
604.6888256056741
605.3057037301479
605.7058455270454
605.9212079315768
606.3909726638257
606.7265074345894
606.8423297902939
607.0214121888769
607.1011141613301
612.2642801179948
613.8640435698713
614.6903903099754
614.7557437659497
615.1392301782892
615.268836105562
615.428656044718
615.5306126271495
615.7717950954233
615.934146538376
616.3236648848857
616.4400858533832
616.487448258205
617.1204782835464
617.2879774962531
617.5126044280427
617.730469925522
618.0078633510888
619.164482098057
619.3874502722962
619.6665360394251
620.2455966079607
621.447282127517
623.1754592245327
623.3307883097632
627.0774169302899
627.1148249757492
627.4124662515775
627.8616691599717
628.0386775637105
628.4656832487209
628.6223273432017
629.9039041656035
635.8065855251024
635.9610348138106
636.5387215043901
637.0613331796885
637.0852746071644
637.2174043046754
637.3800972985704
637.7622095384116
637.9490193681315
638.7235830594077
639.0392680059621
639.3897954847341
640.5959763784965
640.7165853811737
641.4506014979864
643.419219650528
645.3335589017915
645.64870293063
646.5544988960928
647.2434632514041
649.1989736605082
649.890054444435
649.9367372099306
650.1908893874407
650.3729287848504
656.6158536380307
658.3755214708438
658.5402295852522
659.5546061757841
659.9161518462962
659.9391849360586
660.1004332046545
661.3754748488859
661.713963256358
663.7962030663756
663.8049732905092
665.5413162318001
665.8063794160379
667.7127628004406
669.4851775721996
671.6840932265086
671.9170972851434
672.7255515960002
673.0380457663148
673.2114831591899
673.4154999213507
674.6922366672383
677.3493762261171
680.9472029861271
681.4599508704098
681.6046544727636
682.2385122225735
682.5098111879696
682.7074326157307
682.9187651034457
684.1627077072596
684.4510421056498
686.3785389877614
686.582599269166
688.3331760814906
688.5857766876453
690.5337784051183
692.3439661188131
693.0665043462493
694.3345694228843
695.0051187403909
695.3626727759416
695.6302469247736
696.2201953568903
696.3167921946145
696.6644417772393
704.9549098155255
705.0506800958447
705.4865521819121
705.7121537283939
705.9999349696342
707.4732376454871
708.1174686309091
709.2241955612802
709.4706304529126
711.7469966733422
712.262450736515
713.4473550040092
717.317456479771
719.7765969927758
719.7974253911128
719.8546556683826
720.1153482680401
728.2469699673153
728.9696411797835
729.5313773837161
730.7483810180331
731.0813186928503
731.0963873393999
733.2460126118862
735.0293676080269
743.646535824566
743.7117558082542
743.7584960150051
744.9720739598154
752.547516378391
752.559388286768
752.584758623317
753.5917043316778
754.9962322566677
755.3775690188542
756.8680355140982
759.0654384495492
761.1819645692789
762.7436916206111
767.9089423645759
776.6849564966489
777.9652862650267
779.0304480725176
781.2957947901109
783.4280950433695
785.2338554460941
786.9146254444825
789.0308248427689
790.3632965239707
790.5185376991792
791.7326100488782
799.9779955380614
801.9596623528433
803.9029858386001
805.8340775651012
807.691148482181
809.4453679107849
811.5655420254202
849.4084299093623
923.2643385543598
942.0055012104937
961.3634242782863
980.4846467791805
1000.2288145466509
1019.7442688949328
1039.871597997848
1059.7779814243797
1080.3059337538425
1099.5808623330126
1100.590578137513
1121.4933857368735
1141.1699704267257
1142.1823534440136
1163.483743788543
1183.5321060515048
1184.551436859265
1204.6752645652912
1205.5008256179165
1206.240600850896
1226.6769861210366
1227.6962387591154
1248.197999170637
1249.800435882004
1270.6041107163874
1271.6205342343198
1292.5057002532408
1315.325534100462
1316.3233030052734
1337.6134370621803
1338.444058108456
1339.1974440196689
1360.784956867347
1361.8019026903787
1383.4702233393373
1384.296660148144
1385.0734797444125
1407.0253355291884
1408.0522407073781
1430.0952853977465
1430.9009580714014
1431.7203196535384
1453.9944549427778
1455.0943585069822
1478.4252651563181
1501.9312908982813
1525.7205885607787
1548.2326600167726
1549.739391075059
1572.450504838746
1594.885101507331
