2.1888490782873635
3.89036827306003
4.135213912872013
5.814406805503601
5.993338294585987
6.090259228699621
7.754639339263921
7.766390606745002
7.985182998480441
8.050633979093554
9.70642740873486
9.726977415588483
9.885788527476947
9.969454151383209
9.99613875111435
11.665230105713292
11.686840348245445
11.729703413993418
11.81203104254146
11.884091754365325
11.959470843226848
13.605311113082758
13.629905256415622
13.679897974764431
13.689311094168026
13.823441732322271
13.927979669490862
14.008765029619978
15.48936382848065
15.592047011772362
15.886806790455612
15.930845976605093
16.018448447036725
16.508890028712894
17.43927743842754
17.56175220741509
17.601918078290243
17.810877930248875
17.826517452337654
18.00784668754533
18.781698180176246
19.404612401593997
19.419114054218372
19.528701323830685
19.667978701814114
19.764842536223394
19.990070340576516
20.493357850145358
20.66081824385342
21.379828708016838
21.407506514827677
21.46301439436764
21.73705943706853
21.952046306297007
22.069593035409188
22.48601068552362
22.611211639200903
22.728696035657062
23.360071794441733
23.40151795366663
23.715726646551065
23.879154323390296
23.95099025424815
24.47576076425154
24.72220946533045
25.262844642058777
25.391510226886712
25.676210329899863
25.76924777348359
26.428823122053558
26.462104723214733
26.5581160979856
26.717928098648162
27.38895111213435
27.620178908787903
27.654600865495198
27.881530559084688
28.421365523115576
28.711916278324026
29.407732453255676
29.610324486874063
29.834151858352985
29.85487814417934
29.87170237155477
30.40549016220812
30.524461032377893
30.712731970835307
31.58247408186626
31.750002208769647
31.796254703735112
32.41356321196505
32.51758882068539
32.6721106337883
33.563638569233376
33.6665523095399
33.71364070954771
34.35042561436391
34.422656083156866
34.517291431150745
34.9706299531855
35.009272601591334
35.42986157626761
35.688818216184266
35.91276915152441
36.241179026625765
37.003161835856254
37.66842447150029
38.20221587243607
38.683292235738726
38.997672901563874
39.23712520135701
39.567974066761366
39.59099323976292
39.88302777064209
40.18272372357886
40.60211481062567
40.99499261146015
41.126336560385404
41.87721807383554
41.91238798036104
42.16116876748079
42.34977670265527
43.012983604867784
43.09091387255399
44.07905866755587
44.462314821348954
44.50321334454161
45.05683910323286
45.11324384604722
45.14696458265602
45.54010316795804
45.62409427797442
45.8656084510916
45.90969555547575
46.38727871415675
46.41063645458834
47.04171135569903
47.14244244257311
47.89145825027183
48.35498291728232
49.138911258577416
49.221451694115274
49.638368584415744
49.99044291245625
50.12788314865064
50.16040731987661
50.76848579438599
50.79581904107615
51.13958203198231
52.04716869199036
52.3045125315105
52.79083941535399
53.160847177527344
53.21337570104608
53.319516246620566
54.00986452103526
54.78904967290611
55.991438659853365
56.0306512512748
56.20075734808268
56.790537097738465
56.83252580529529
57.332844602479184
57.6269615720607
57.741452654920764
57.97135754312569
58.08999173946962
58.828699265294034
60.053762841115926
60.82686385372158
62.035713305328436
62.58609298215637
62.631318766470876
62.83014882603896
63.257149805566634
63.30301600930383
63.51445424404694
64.0154288444231
64.52028090469615
65.25377180148709
65.91633638850674
66.48334518289377
67.25281184617842
68.46603182876186
69.25318319909914
69.37065423081168
69.45102767443089
70.06972812103042
70.44575375795525
71.11232178706612
71.2761019901648
71.3418100860391
72.0662795373646
73.299871836927
75.28059098850301
76.65334862906934
76.72301940063163
77.25834331036194
77.27450124523664
78.09353927027945
78.54142579564747
78.58232508890087
79.26792136610052
80.50722008846559
82.48750317426791
84.24498820203002
84.85796815570555
85.29508508427352
85.42800568657283
86.13495012596938
86.85557179770475
88.09885881221938
90.08126047181469
92.20099552108319
92.22534876987876
92.63498698822019
92.82159746510948
92.83373910994779
92.88503312245945
94.11394010028404
94.83139883329126
96.07765023813194
98.06355049173742
100.55582834710947
100.59109138352017
100.6421331144747
100.86254176513756
101.19479629857439
101.19795079286492
102.47558229335469
102.48094403225218
103.19517023730849
104.4435520265884
106.42640005819489
109.22494480818321
109.34780601033903
109.94880531705957
111.23353425497147
111.94692071523944
113.19814577616167
115.18080125317901
118.45727578585162
118.49020177085694
119.08914133273073
120.37862070180898
121.08700795896112
122.34055772762926
124.32285153103703
128.01960335258875
128.61629102587509
129.90815166712966
130.6147445612428
131.87328622369324
133.85236070662665
137.9382891882583
138.53204515372224
139.82622836375657
140.53065339425183
141.78916070239472
148.24428524321934
148.83602215319928
150.1318922377189
150.83470755296185
152.09537580355615
158.93766399802035
159.02036062297708
159.52814889983966
160.82118624761372
160.8339298374121
162.78911815070035
170.02149081606277
170.6086835476878
171.9086423458073
173.87060140440875
181.49160424673806
182.07725357112346
183.37906462545388
185.34102074556552
193.35037364471853
193.93418449988798
195.22139508290698
195.2381822861127
197.19847037448892
205.59685350525402
206.17932438051415
207.4831842538622
209.44613139860428
218.2315559034083
218.8128623121467
220.11769683343311
222.07965110084223
231.2543551803051
231.83423770398653
233.14054385422543
244.66594991842572
245.24434750992015
246.55128618824614
248.51266926120877
258.4648679942086
259.0424354532747
260.35014020755295
272.6515874690903
272.6915378873028
273.22867491911614
274.5382417863415
283.21501682087506
287.2269361866376
287.23861973206255
287.80301850206223
289.1122054227974
302.1903202234833
302.765393442443
304.07520188651574
304.202417486527
317.541196075567
318.11568637057223
319.4257936029855
325.96720813036467
333.2798414860806
333.85369865246065
335.1642746146895
348.5096756245249
349.4067448594647
349.97951808024357
351.2902156295303
365.9198664096031
366.4925956447828
367.8033587406707
371.8294518192836
382.8201197068708
383.3927167272126
383.6742906088442
384.7035340301669
395.925952125986
400.1072662604661
400.67940416990166
401.9895484445831
408.1609982476291
408.54622302728535
417.7799873345935
418.3519595696606
419.66234061709787
420.79727378475786
433.4260363862588
433.8114323476057
435.8374020296568
436.4093176782071
437.71892298280574
446.45876386565124
454.2780854773785
454.8497371521672
456.15801078199553
459.4669725896406
459.85283815412055
472.8908147233775
473.0990624237599
473.67015513305483
474.9780020064297
486.28674007119696
486.67085561186184
492.29429920970864
492.8641698637587
494.1678219279013
500.095854439227
511.811101354088
511.85791633406836
512.4141855478344
513.702503037286
513.88353135976
514.2771320140585
528.0795718725108
531.7142044640544
531.8900106072106
532.3908557999741
533.5668286183896
542.2577515526582
542.6423629143479
551.1730516959211
551.9589101151818
552.0956586669433
552.0978212084184
556.8435438267828
571.4095045864065
571.8484704742709
571.86829493154
572.1716611898725
572.9457939547005
574.3063595488488
574.4575657735118
574.9828241140692
586.3854959096094
594.379615859917
594.4454064925322
599.3589689189074
601.3388113800748
601.7235585564899
613.1512776785098
615.9585574855167
616.3299550185108
616.7025784916997
617.9357546673912
632.0456302613445
632.4301363056567
637.9225486202947
640.2655405897414
641.0084112550718
647.79771126775
660.3970532923174
660.7408940766001
663.370921467328
663.5296538475178
663.9141861947638
679.6711181718338
682.4467147804039
683.8027966510667
684.1765224861626
695.7914244499817
696.1744390967358
705.4198253802195
706.9160101098142
707.5971138999616
708.1938591219802
712.3221015785331
728.8307737181804
729.2144570869306
729.8563037097128
730.9163486179082
745.7523641845324
753.3295528883591
762.6474067824851
763.0317779766797
777.2963916814059
779.9536307697316
781.3805791382398
797.2416033822378
797.6265584500853
802.9240310993771
804.0596203780545
805.1816024959371
814.9384657995619
832.6132520519378
832.9963423647532
850.6953647545623
868.7624058903765
869.1470019058477
887.2358728372217
905.6890638484293
906.0731277264995
924.5503281346096
943.3932602641619
943.7787933845992
962.6461432989873
981.8749911199257
982.2568547788725
1001.5147134108091
1002.2820688645037
1021.1343070961568
1021.5188970048342
1041.161132162789
1041.9300982149966
1061.1712315896839
1061.5566030283164
1081.5903343553414
1082.3556965515083
1101.9856017980844
1102.3635462627028
1122.79178166973
1123.5587493180753
1143.578021227711
1143.9624520350044
1164.772185609953
1165.5401166366078
1185.9475985734143
1186.3351678890072
1207.5301355829945
1208.2982680911593
1229.0956133802838
1229.4783229730879
1251.0637159408675
1251.834148996968
1273.0211842870606
1273.405862208571
1295.3842493599425
1296.1463476392787
1317.7248241366433
1318.1105108715874
1340.4745154279947
1341.2397865347536
1363.206146783756
1363.5914258511018
1386.3433512112413
1387.1082049991132
1409.4659493136328
1409.8508488033399
1432.9885364474694
1433.7521743088332
1456.5042124885335
1456.8890602867439
1480.4134627322146
1481.1682523716431
1504.3258602171118
1504.6988818358213
1528.5980509595709
1550.4504906774987
1552.4598275483927
1553.0583668945144
1575.191931829286
1597.1168651832106
