1.925029979528123
3.8283397657971756
3.910535517930607
5.774339426063929
5.8421005124626175
5.896680647362204
7.732549940910353
7.7715997995991986
7.835925156858304
7.888716965025472
9.698402293141282
9.732034104603148
9.775000366510262
9.815384563261327
9.884144880508195
11.603894709729703
11.669439216455682
11.696666439973745
11.751801907555445
11.832404172203933
11.883891891900179
13.43781992690943
13.643857488643208
14.04284427137369
15.4010458842622
15.537858214960885
15.623537503131635
15.720210125526414
15.772246732264355
15.863529882955389
16.04147725375654
16.585551763556555
17.384051292500548
17.520517643401796
17.612065754957598
17.73751818386258
17.82631355738834
18.037440857532438
18.579734461247856
18.639031917988685
19.370473443327754
19.502202674754166
19.523167668689506
19.724605187273124
20.02771182577244
20.57348240695482
20.60537062331957
21.35827071372185
21.45140591401931
21.516946059574177
21.71057661270386
21.94973377550914
21.996923071165842
22.56521973412405
22.860701626016876
23.35576559746227
23.51026534758108
23.69971547524711
23.903515404830728
23.917494110422258
24.54670854832546
25.325428245717262
25.502791306477526
25.670448297469452
25.686180377730384
26.484653777615925
26.569943155482353
26.593448994434667
27.490948962508227
27.63937484318051
27.702606829666916
28.5401615055574
29.450634479039845
29.788467617312147
29.99585650516693
30.522220263776273
30.717538316403502
30.835958020292317
31.554518098190417
31.75841954080823
31.849104093574326
32.81249092612426
32.87030281817857
33.796824081320764
34.29796471032243
35.2305100084467
35.65046926409671
36.11440158973534
36.268953530792075
37.485415728308226
38.949487905819794
39.19586844327546
39.22382401435033
39.78814466674701
40.1308888915756
41.16809487715283
42.17434613424752
42.60513757818282
43.86635913938686
44.48226310129451
45.4179464609721
45.87552415986241
46.45494080393
46.67561265260152
49.515674291474234
49.93147368482894
50.1547406471807
51.091206031142946
52.128258081373104
53.611168225385256
54.396153160593855
56.21371903916367
57.15056215917539
57.65440251001463
58.06193956216801
58.187940321987135
62.140426134223894
62.659155176124386
62.91786600367637
63.596004366431714
64.63380171014428
66.58145730574547
66.98368882153153
69.49067914725273
70.42760026172826
71.4562454154998
71.46599603107714
76.29223865604261
76.7090281592534
77.64549167319412
78.68428739729126
81.55524973434306
84.31333721161813
85.24978499950006
86.28916363876525
87.18318505782722
92.30445555501443
92.43487132440467
93.24065270998739
94.28047456458482
100.68228659984476
101.61823720269679
102.6585259315825
109.4469868849513
110.38267548567926
111.42339750790532
118.5987640647253
119.5341169516771
120.57542061877356
128.13756308637826
129.07266115162614
130.11419073035657
138.06364916103325
138.99842877274392
140.0402211323225
148.37696017697118
149.3115093939713
159.07772533963603
160.0119782774909
170.16575793494087
181.64166280633262
193.50492710979756
205.75576989289337
218.39415177469775
231.42018169079415
244.83374035109364
258.634850476375
272.8233766814366
287.39929954284133
302.36241770958316
348.9888391863299
372.3120518008034
396.41265488638254
421.29064582469033
433.9208036401074
446.94608964185267
459.96514331231043
460.35503010189876
473.37892076192384
486.78682451540004
487.1764682588215
500.58918037210714
514.3859660429472
514.7755775471243
528.5768882704728
542.7625039517042
543.1521072831782
557.3420250306557
571.9165390444181
572.3059687517108
586.8846104429933
601.8479431852944
602.2371564559717
617.204661791202
632.5568723976571
632.9463213390155
648.302194070013
664.0432494021
664.4331726807951
680.1772227636559
696.3071547507324
696.6958184426095
712.8297547182447
729.3484919006345
729.7377638491446
746.2598078183732
763.1674404836
763.5566417469855
780.4674034007322
797.7639269168011
798.1531076716068
815.4525734601482
833.1379358202148
833.5270475102275
851.2153200552121
869.2896039208391
869.6786646807905
887.7556830177863
906.2188679995063
906.6078578995264
925.0737076672535
943.9258544599243
944.3150505949196
963.1694712330257
963.945002894361
982.4105163140913
982.7993641243448
1002.0429671204917
1002.8184301704758
1021.6729620310689
1022.0617245515618
1041.6942441498413
1042.4696508350185
1061.713304801056
1062.1028297715498
1082.1234301097074
1082.898761478433
1102.5315439385074
1102.9200987234021
1123.3305979220036
1124.105824507358
1144.1278700103649
1144.5162779574605
1165.3159108478344
1166.0908962638741
1186.502400446533
1186.8906301295713
1208.0795201353187
1208.8541602668272
1229.6553111217036
1230.04335046691
1251.62166002576
1252.3957668131745
1273.5870529177582
1273.9746585143785
1295.9426926694453
1296.7159732041994
1318.2978763176138
1318.685027040344
1341.043749014155
1341.8151102929835
1363.788599669768
1364.1752592102139
1386.9239502554437
1387.6928785613825
1410.0602735938135
1410.4459362103053
1433.5865712529856
1434.3493182115726
1457.115785886172
1457.497137205573
1481.0329281144614
1481.771456079887
1504.9590482062854
1505.3166182418765
1529.2189736489233
1550.4776559632521
1553.1082674032457
1575.8242013942745
1597.4927605360822
