-72.74349160924861
-35.77495836723675
-33.71091107271555
-31.665660041693194
-29.63383849475342
-27.6558964454731
-25.837558377218002
-23.844509094680397
-21.25951838135905
-18.15072245526296
-14.593252337369794
-10.61455831757266
-6.226299837020825
-1.434580943958731
3.079549013596068
3.463125869423121
3.7569045987285707
5.083981281846926
5.494994205843639
7.067726245998726
7.086627148254661
7.482377540422631
7.536024413776599
9.067472976001682
9.088398217943233
9.345815286619299
9.499417474993427
9.572872833094658
11.061856163473955
11.085924824073112
11.096777248174583
11.464243240755497
11.550934870414842
11.60544911784571
13.078860396303682
13.104016300467118
13.203171509004392
13.31817178632689
13.525876473967468
13.63082673415974
15.067730578007561
15.108977572242232
15.223924348201749
15.258367566706895
15.330245920668604
15.359498766089667
15.568286317269266
15.642977602497265
15.717331175005498
17.112197531730743
17.23742219618777
17.319825569382793
17.395717428617097
17.621674570444405
17.723286276383295
17.848222302181036
18.54984893569474
19.12390386058342
19.248221918500718
19.36453349584696
19.42552407179258
19.581592314342718
19.72915311366017
19.911562138232586
20.552838890120917
20.957506515270644
21.27017053373416
21.39678460605598
21.437006483344952
21.70733309020448
21.73684265996906
21.793934780810083
21.958186691744054
22.55628234239154
23.020745527054487
23.192951015147692
23.388682223232617
23.456315509709164
23.765083443820703
23.79584964009755
23.993009486506256
24.513106097284265
24.562491571545053
25.066573996757732
25.231154420108233
25.443238989194498
25.797755868404312
25.916371893762257
25.979927093992195
26.57304076448625
26.595977904770898
27.100183061769897
27.187915620356016
27.44542067204055
27.786100868760037
27.827321890727646
28.334013795543513
28.48103180480644
28.49036851673371
28.621518450352887
28.74900033275229
29.083700359916214
29.447815165171242
29.492575862225134
29.78239948965891
29.847701173097963
30.553164215043594
30.65527866836022
30.90982241137351
31.191463751846285
31.49441240314829
31.987188239641036
32.34142024790542
32.59844358721173
32.637785964826215
32.87604958355014
32.89725764773117
33.48205707394767
33.49679916660525
33.997798736782464
34.42683272708304
34.466947151505806
34.63244079667977
34.938652283781224
35.462410693827636
35.50303734051797
35.635183613952854
35.652230944390745
35.94013073186384
36.44902560238539
36.61251953209771
36.983426298761756
37.26355590080395
37.52972962657252
37.6651033236184
37.94169636383856
38.07855495511106
38.43600058766935
38.54692697632405
38.77851647784397
39.01623583062368
39.0244112372381
39.684694523750686
39.72798526042558
39.945742411594246
40.420602015930854
40.482283482388006
40.77976354491007
40.909818516246894
40.99984208826416
41.77165447613145
41.973948416037906
42.095898152018236
42.157425474632156
42.77888946487835
42.82044799262185
42.85463320753317
42.99978341121239
43.202614764118465
43.80385853019403
44.011485315662924
44.129537068529494
44.15144549391951
44.77963528328715
44.80932274503359
44.91659322340778
44.962434328721415
45.65144143761552
45.78477278477484
46.012466284799565
46.0997631707827
46.81254797821879
46.962057928545434
47.38315716289456
47.60568467770045
47.77550558690339
48.01373681513593
48.20153979985843
48.44017428925416
48.96149176497997
48.99962313766598
49.39976467317525
49.59624707303738
49.63555335247118
49.654311828708586
50.485619643378186
50.50242348592329
50.97226036869692
51.15027547121449
51.636779963301365
51.84446137650579
52.04430671208419
52.17339241947092
52.546842141894665
52.646154843422295
52.79523513893688
53.599271254345666
53.63784720929414
54.03245610158068
54.200198322447136
54.24950122350058
54.42202005919098
54.579373596666905
54.78268736577538
55.27340533837563
55.87070015993967
56.48397559461562
56.555724637355254
56.64801269449678
57.35555453760156
57.488712519230255
57.65170521761445
57.669556155412806
58.009698818055895
58.37905385541265
58.5285166042949
58.824890776874696
59.47246743193862
59.49560790258839
59.6530088143986
59.8241374704474
60.33067889253448
60.37049618710196
60.46635839275439
60.56043567188552
60.7981519505506
61.13379271433378
61.65572950179821
62.05636445010687
62.2673454724277
62.36763946143224
62.54001018824812
62.70712667886761
62.80951304600683
62.860290048803606
62.94801878142305
63.6841163010896
64.01319897384802
64.05731757590729
64.35973664250182
64.76017459336747
64.90435334316203
65.10212015932255
65.17998123146049
65.83809530101252
66.046068672859
66.05927695381399
66.34209396061132
66.37336438664664
66.93621788462288
67.18024488899755
67.56784738010076
67.98488260354466
68.06075392518748
68.21839647795045
68.28481179511923
68.34578865431745
68.85175491072013
68.9156938551333
68.92759375907185
69.58271051940075
69.62933693711952
69.63922057656393
70.08942669618143
70.41343437799587
70.73499404292471
71.1168233120155
71.67399635487854
71.9362060429965
71.98123884472236
72.04285318872917
72.24436143939442
72.37342899606642
72.72423064993913
72.85353065736858
73.57225333880764
73.70550505781361
74.35826717534427
74.68850731072921
74.73035849206384
74.85607864344385
74.85632274601888
75.3033261396581
75.58130815321171
75.68463226068269
76.03701725922684
76.03849950393997
76.79185628667167
76.88453108575703
77.1549427717682
77.34045125398093
77.49743227398623
77.52931411264143
77.94352477596996
78.01760096639639
78.0379126004156
78.40732140560017
78.83614640636776
79.03951554648665
79.49316214740598
79.54926955467525
79.6985532968301
80.48197669913301
80.76307077294679
80.86797831926224
81.48376819899137
81.95011387326538
82.0402572853621
82.05140808804809
82.08030355497186
82.28497391459236
82.32035792819796
82.74495900465271
82.8466929979875
83.61183074747765
83.93633079663951
84.31629764500587
84.34697073512464
84.41124023655586
84.66704203027406
84.90243439059903
85.1751065017346
85.3200531032617
85.61234768334337
85.93142918433372
86.3909236210509
86.4973844560297
86.65544204897719
86.85238744347578
87.92785550383721
88.42148349646612
88.45335514558865
88.66682546003462
88.7294079797157
88.73257265371801
89.23430760914779
89.6158207960907
90.2310618938731
90.31027999370558
90.40076485070067
90.55245549347741
91.3358259443283
91.50174374688184
91.57591029093751
91.64379651788202
92.22084540415545
92.2928258909904
92.3377635619958
92.69738112078412
92.90594251863587
93.49043420508947
93.57640273256082
93.79844578529989
93.91338648523876
94.20922541984865
94.336840099777
94.74351542450026
95.09729482825477
95.25713164202091
95.57691001122768
95.89037680803384
96.15013346981675
96.3684440519993
96.56485243676319
96.75397159263247
96.7885251968906
97.08521597678286
97.57977435999364
98.34621978058938
98.3912962596266
98.56845893315702
99.07624503756293
99.49233724204558
99.60763597614172
99.6933493147828
99.8689501499022
99.89320785531301
99.92935156944722
100.16657637281008
100.29067968460933
100.63012569675733
101.76234324543375
101.86740032140902
101.92969344727432
102.15389142573281
102.19052320200765
102.31904026514526
102.67417117315566
102.97281841747852
103.44501790956535
103.9301708032514
104.20665327444615
104.2453543919589
104.53935348105354
104.70542721110154
104.73435615225154
105.45267724571616
105.87287926095802
106.68374124773047
106.87731033181986
107.03180275418629
107.05064643833633
107.06524861256999
107.29671553674498
107.4200261773513
107.83757720453956
108.50340730762852
109.03543086370021
109.35830275706738
109.76953624981307
110.115647073104
110.49300072288798
111.39024584797284
111.40225392030183
111.70698360281595
111.81251632493063
111.85649396393177
112.56049046728118
112.64473366398039
113.0712011006552
113.43340920729182
113.92915115235463
114.21650007701317
114.45978222812592
114.60946945485242
115.35835727333819
115.39083980597083
115.39915176792893
115.41423117152996
116.17485647966343
116.41552655372467
116.58703847516479
116.70327623192495
116.95615226141558
117.23145409282132
117.72403581284482
117.80365428870785
117.97743803919263
118.20432638829398
118.47707455781094
118.62213054854666
118.63722200649507
118.85802157156687
119.22027394909809
119.72769835156565
119.75053350990491
119.80326174490382
119.80794795538161
120.52100497689167
121.30295405336713
121.77764535413876
121.7973587600161
121.8058377900583
122.55204559205441
122.5784085988086
123.70182964051205
124.49750355962378
124.53071828524213
124.56558377000752
124.90292287448783
124.99801917705479
125.7874360154222
125.83461689379098
125.92483237726083
126.32973324232331
126.35082805088847
127.25419144214429
127.32365088964721
127.36268966648429
127.3790996766412
127.80914594729421
127.98394939402098
127.9914563238017
128.08698376347834
128.33900575123914
128.4555442765753
128.59143137444346
128.79627471365595
129.72104879020767
130.03008163351697
130.1545519989045
130.43443414828883
130.91700557406867
131.0260354470976
131.74281330295491
132.06122604831248
132.16115716633504
132.42793119091442
132.49311116003273
132.8759762744206
133.26723596107163
133.3268205470787
133.342628918578
134.02139959376638
134.03964449127278
135.3094285853851
135.61548879929154
135.8241503709967
135.85900668577057
136.16728723125485
136.50860493716405
136.81482262595415
137.23315653525393
137.50933793077562
137.57463389115924
137.84792664233152
137.88567377153782
138.04396624412755
138.13245943843737
138.92876059551435
139.23344681055949
139.51703305770272
139.71782609908854
139.9288162693087
139.9551317516831
140.1547573071989
140.25694212498863
140.42734566866315
140.84411678095577
141.28720930159344
141.54862131914703
141.6020862256146
141.79041442795963
141.96049626364285
143.5303729616177
143.64362084145904
143.9387881181762
144.13299439162301
145.7580841089773
145.93185795666827
146.03007434984673
146.066938020863
146.11353150484678
146.4515226495455
146.500880713867
146.79278209869494
147.08327228190714
147.4191791731828
147.53154440557617
147.66360661433748
147.74708865308827
148.17498664979135
149.53181831029997
149.57790538911314
149.63987678119122
149.86408325231872
150.21882289431196
150.3262910385372
150.53571677699748
150.72180342919222
151.0577764015953
151.53214134166842
152.10491526939148
152.24971065683218
152.36357980923086
152.49468592510377
153.428753339023
153.48834598090474
153.6451766874959
154.2280978123455
154.43255287631573
155.2101538178315
155.44218502482806
155.90842835528056
155.93935510271692
155.9997367813775
156.04754915602754
156.79270883068767
156.982422090855
157.71746690183696
158.0361177841134
158.16922226409793
158.3531361587098
158.72095774414112
158.85414177904852
158.8911913463349
160.16224417895788
160.2189299940644
160.23030544452496
160.61542799882218
160.897938190675
160.9567754224954
161.17229483952968
161.49779470987974
161.59554325846804
162.76957983471502
162.92857064863355
162.99566129873256
163.0089955865408
163.72023107905827
164.09844093291406
164.22147163293033
164.3314886278893
164.3546878432638
164.50964009908472
164.7368626647068
164.90717684447864
165.34102873494137
165.41769208195925
166.72642234225808
167.27157659317274
167.46588108374607
167.6394819161203
167.86163050840796
168.07910157759449
168.4046756305325
168.71532671867837
169.14508484083805
169.88374124804915
169.92317553166842
169.93150638804084
170.1287942513106
170.84960615870094
171.00416234751793
171.24608079916433
171.29273259722262
171.29697233851954
171.49670160002782
171.9668030451298
172.087347770218
173.83317317945458
173.87904187892744
173.932329275838
173.99793463830946
174.39800068536744
174.42879756121988
175.2978298647278
175.31732593346103
175.63030841951394
175.97597918046907
176.75536199001695
176.92212554753115
176.9750344413135
177.06826424249056
177.3260954453162
177.48619628776618
177.79516683574988
177.95046816053446
178.66024863560614
179.3201716126708
179.480772184584
179.78399235748634
180.416072875755
180.43664081521624
180.62607822684043
180.9030259034199
181.38160964643524
181.92107126539275
181.92991438864559
182.36320627272903
183.35232022774497
183.42532260400927
183.56476866026614
185.42802285064985
185.45627136548933
185.46698002920596
185.60612872821875
186.20870083279334
186.28636460454214
186.31078260809332
186.8849264641265
187.4344133866596
187.77729729056315
188.4041162101924
188.7907611182439
189.01741758315123
189.06656190204959
189.18465608567098
189.2536666065045
189.78582278224977
189.99174858610456
190.12875733859775
190.74476594335843
191.09734531582552
191.16829791549267
191.19210933843272
191.24245355002375
192.99362284486367
193.22964602678869
193.26590149070657
193.39081113524398
193.74222304607662
193.8214238041593
193.9040246150121
194.1609208913011
195.2733543179626
195.33286089901782
196.19102206459903
196.22348352675468
196.28669578234081
196.9253737763566
197.13613097159032
197.17640771805327
197.2989529297291
197.3043026393285
197.37825409700133
199.28237051578364
199.46537596039514
200.01634857179005
200.09199063405404
200.26937802182042
200.47849428138355
201.10155598426
201.8707794035867
202.16601479769653
202.49294140788342
202.79927632203893
202.98473297503904
203.0895953541735
203.11318825818407
203.28062721520334
203.3986336669698
203.40585606974784
203.55029358811532
204.45215725920133
204.84138264440205
205.4671916204731
205.49958336170045
205.6696267629501
207.15986759096907
207.1899949494392
207.35444194729953
207.51085658330956
207.83343085770093
207.85883291753632
208.77326431685802
208.83650749623843
209.54172909581942
210.162882692112
210.32700548257125
211.19848016280335
211.51989143946128
211.60444811487505
211.61680199908682
212.32624452480414
212.7875400878766
212.93928303871616
213.33900087692982
213.62456146984366
214.2139741499935
214.2311864188786
214.62123185248626
214.7550466643488
215.32787509476228
216.03272202547635
216.29981959957001
216.44522956730106
217.17162571536534
217.19994527719544
217.47545771390398
217.4873309025857
217.4878646326967
217.90705173335147
218.09409490020062
218.81220504793
218.92083142166248
220.13768900938445
220.3198653964655
220.3381226184168
220.68464804024626
220.99890589881153
221.01073133796325
221.12597097235087
222.16859962065945
222.6859311916309
224.14650273712837
224.1534019185256
224.39845935072165
224.5636724802491
225.03311679660268
225.29685536138308
225.4723642076262
225.96576167704137
227.9546074689973
228.03299840786238
228.16741209050915
228.25865878023558
228.53844265680323
229.0489490057849
229.4358346784665
229.8528862108064
230.11825200729012
230.3792444239708
230.50771225656655
230.53385430159986
230.66029966103625
231.0220225312594
231.11025984493605
231.15983227820914
231.2562252139354
231.38148024694507
232.06657991739556
232.88013838780554
232.92148596820007
232.9518022529751
232.99371381481265
233.15395569672768
233.63771540938816
235.1847799175477
235.70041051032695
235.70992498399144
236.24646916071782
236.75553735031187
237.16289025631835
237.19045173677262
237.70990898188873
238.96913035353606
238.9818736964594
239.2308803275185
239.71890097764222
239.75484927455722
240.97079486646462
241.1649278198788
241.3122467640379
242.2196479865389
242.2420881535373
242.4544555463432
242.89806789670368
243.52500045026
243.54990729589136
243.6582010070237
244.51579724916144
245.54851969592966
245.7727623322317
245.9158616042337
245.95247048267296
245.9755983189697
246.513643324535
246.55944547319135
246.65361903727006
246.68136505938406
246.7991942758014
248.45398352606423
248.48379303712935
248.59023932209004
248.60332431665745
248.87071617020646
250.0434252495923
250.20660489743932
250.3367507665353
250.5683209975838
250.68734741341527
251.91645700426096
252.0148443641666
252.3872975996199
254.10217539283371
254.18113797678734
254.37619410783813
254.46492783668182
254.72366055148325
255.37319950123867
255.52473830908886
256.24918768161535
256.5473342558926
256.95579755772536
258.24132841866043
258.3104900312053
258.36686925625514
258.38086643423696
258.56582131943077
259.1610989188412
260.0591390501072
260.3541260874634
260.7192030327911
260.8403288067395
260.9182808459855
261.1097770704298
261.2747949584145
261.3537022571578
262.3849175223168
262.53552007213534
263.0643280932018
263.3528013643047
263.61188968644325
264.36301465152707
266.10547264912094
266.18142859827117
266.1923350421552
266.2079951409771
267.0917648203973
267.58641903530145
267.6102231843959
268.17082926888673
268.2524682935073
268.54084000663954
268.6688486442653
269.8402194638393
270.09083145531275
270.3449600501905
270.43316915208146
270.75011381978214
271.72922014985744
271.8175449478343
271.9707894289272
272.4944398819745
273.4679149551442
273.85375800701866
274.12638713499325
274.519479480184
274.5380273569435
274.76132480481874
274.7722364733066
274.87404747457083
275.90107964191844
276.27101403208053
276.4200660337819
276.4484589641186
276.5688985686851
276.75825858746816
277.4067048237352
278.03960168265024
278.54688723940535
278.56528928729267
279.34918196395574
280.1080670367636
280.23692213966257
280.36587537770055
280.9057644423165
281.3811002604963
281.94630892746943
282.32608043475113
282.3546593069458
283.23900278753075
283.2553429668602
284.93399865457786
285.0062439759061
285.765386252102
286.30672838041147
286.3983574783291
286.4840898327112
287.0675230825967
287.39938024703804
287.5318907175823
288.0376358134057
288.83095603553784
289.1111132077044
289.24633055239707
290.27207980046336
290.41471710752984
290.4324825329803
290.55405579750175
291.14192136005374
291.59057687193643
291.9349545164454
292.01469755215885
292.3187557366461
292.40205288702856
293.11991847535
293.2516221592439
293.5116532133593
293.52251105042467
294.93888147507005
294.95359858152403
295.0957893535385
295.5650200161501
295.74098493424697
296.92771343582217
298.6134369642728
299.5069697699555
299.5335991024222
299.8892065680324
299.9492381427437
299.96847328633817
300.3172834036285
300.4153527497518
301.32647760188
301.87635630208837
302.029795102756
302.6104864617073
302.87502951501625
302.90182866530057
304.0733291447177
304.21787736222416
304.73724175977867
306.1041279804395
306.163654961862
306.65871044376775
307.28441952263904
307.3080424207488
307.3711612841167
307.96997756515555
308.0821157566608
308.1463282420233
309.90105434929455
309.9248579311852
310.1379207791153
310.18900949067296
310.6072514918827
311.23955438397275
311.7759026474114
311.8898715626924
313.6816235110585
313.6867017307959
313.7669499993383
313.8211336223757
314.46915298232796
314.52231755930046
315.31982239182827
315.51044973527394
315.91592693637114
316.45206499073896
317.38114076912717
317.5730146533765
319.3102742678987
319.4246631327374
319.96905078309135
320.45340082758423
321.12582639544627
321.28158954796163
321.37525747374053
321.4554374580321
321.49177442155593
322.0650289283403
323.4333862108552
323.46946241553934
323.6228210918294
324.25173232343275
324.41060190394643
324.4318938619352
324.50038349428513
324.6678483559733
324.8234184988216
325.10026084623576
325.25237398839386
325.9648237536508
327.2411107604322
327.6160145547804
327.8681549840198
329.03960506440217
329.1246335908316
329.32188979202886
329.4845972284692
329.8204362646859
330.08344166543736
331.06027207571566
332.32759093823233
332.7442234768154
332.9242032102541
332.9831283221393
333.1215618727212
333.9132455313934
334.2724483651391
334.6372101909096
335.1650723335759
335.16978603985143
335.8276883736987
335.9124669119154
336.0639061867695
336.08280349178847
336.4771047829722
337.1959003324845
337.65094668718325
337.66392313947466
338.588573311068
339.1740656155287
339.4606047986901
340.45155244987654
340.9927449704534
341.5754351940031
341.7083527805171
341.7999992020566
342.1044385125643
342.4413445114161
342.9815202296497
343.1161251877437
343.80908591081834
344.59226686572805
344.8342832063173
344.84234560871204
345.04563027242926
345.56087437698517
346.1487470960732
346.38869248664344
347.1897964300099
348.4912662358694
348.66343593146814
348.6652958894754
349.2099550592475
349.2510483104507
349.353765659825
349.6238625035609
351.0270370282023
351.29468029629084
351.45280186358116
351.572046031896
351.6595080459221
352.21704275530794
352.23170720554026
353.325373273644
354.81178140252274
355.2444713569086
355.303371475602
355.5077184512741
355.66120677892457
356.1920295410853
356.372604804348
356.8301574272433
357.122219077669
357.2999238459996
357.40288630645694
358.61886807038906
358.8352913859292
358.8481959812568
358.8787093099441
358.93588827246344
359.11110299310184
360.1817413165002
360.3787906207966
360.3897673918112
360.40862170816007
360.5764326523
361.5044375286306
361.69032426371325
363.7084033250244
363.92718169734434
364.1726181343425
364.7941970596544
365.0197185887597
365.3642136948835
365.63757373489034
365.7696645974822
366.3783349020656
367.11611751697774
367.81320836837403
367.8988829274207
368.34729212060034
369.3017865073397
369.4561331610819
369.84395593863974
370.552168606419
371.33491076172663
371.79741855517005
371.8219363626635
371.87306883738484
372.321493372716
372.7545037632236
373.6407945477683
374.36377613599603
374.8811652217309
374.97398344370635
375.6295921476683
376.13786456238023
376.5634066234668
376.70587119944076
378.20890890743084
378.81227619053294
378.8894235808658
378.940947827786
379.3583755461029
379.5243318793253
380.2106939065049
380.52720238068196
380.6160182095529
380.64633399188955
381.3127426982776
381.4936673139184
382.1191959059269
382.44813153109584
382.5435958749913
382.67733869800435
383.48613735883873
384.7208690796406
384.8657312695442
385.20053561800734
386.68151816608577
386.6870398048529
386.75161230407
386.83618303655174
388.49487381226766
388.7155974637344
388.7295992189051
388.84014226368294
388.9396214828476
390.5484129609216
391.20490926367023
391.989667949047
392.26730752971616
392.5372305560357
392.9962423612548
393.2243902544818
393.544727579575
394.2405533547576
394.3671078653037
394.6394485746113
394.7216837228962
395.11638070899795
395.144316038228
395.1752505618488
395.2651262797261
395.8866345581094
397.9127933535215
398.01219957097516
398.0587118501062
398.2202833547342
398.2455708427595
398.29128809033534
398.9682960666419
399.07256994797996
399.9740435250275
401.77342145962655
402.0175743532632
402.1886593924595
402.42696608018764
402.9002608808357
403.2002797986686
403.4186567218363
403.84008068454335
403.90314708517053
404.0483058477528
404.62429230490534
405.00903630511976
405.74776114481926
406.02607231746424
406.0350207702618
406.9204459808626
407.06499839581255
407.57305497500477
407.8451076146366
408.7859093813514
409.68036044539036
409.8338935123777
409.98108829701954
410.1315423246874
410.15196567776275
410.52499567165404
411.39396079574897
412.4132021430001
412.84757653891313
412.9347998507009
413.0246039574507
413.0461710312972
413.1095233486019
413.2101377512606
414.7674380822491
414.92006806102984
415.51712310910324
415.59857551866054
416.0315267719763
416.8145828291536
417.48037445440445
417.65979269834486
417.9280676421187
418.37180046791383
418.55661820004144
419.0696907952295
419.07221160347996
419.27234622946145
419.70334842918385
420.1080078519898
420.7092901233435
421.1432638849853
421.7334189326639
421.73966107313703
422.540983347291
423.04507602269973
423.7120138360782
423.8217272512799
425.53081983963176
425.6881778064008
425.69790051903493
426.11168160139624
426.27040528687627
427.42869624381564
427.5196402181626
427.7167742785999
427.912643382693
428.3778700700796
429.0690439880781
430.0988925625076
430.240083157539
431.5254533321042
431.6746920426362
431.8450310265585
431.96269175738695
432.17609699747885
432.21614113629454
432.39751823823957
433.2028609020343
433.67342007709834
434.06193057142735
434.9003444823823
435.0120667740204
435.0753396230114
435.7346254293558
436.7557879956557
437.4044496836741
437.77815596685923
437.8412344996607
438.04028140667236
438.0715479683412
438.43086304135505
439.80890807653185
440.7301290885066
441.705056437687
441.7868719399025
442.39629646885777
442.48336788956937
442.63567927378983
442.99021896609503
443.6056771126898
444.0368466248905
444.08116846607936
444.8214226836249
445.11430335903174
445.5943001834366
446.3851488953934
447.757262827595
448.17386024614126
448.97134316957647
449.47738811450085
449.57959784289017
449.9026972857963
450.5816053693188
450.9181201841517
451.0915450202603
451.2081558660983
451.2778299728932
451.987765367176
452.1373149869644
453.39210338229003
453.5908539123902
454.1984253489245
454.21324800976095
454.8304173861646
455.0887846891967
455.1153926804863
455.35250102359157
456.2419951246178
456.2827165823818
458.0663084121247
458.21057402028606
458.27245081879954
458.30250210722005
458.80494074388605
458.8793051163709
459.5454730789459
460.2249722263153
460.2507601743809
460.6738218285674
460.95597854031115
462.06951722070113
462.12970399597515
463.18846982906234
463.5105842265937
464.0581063508054
464.4668224356312
466.63684273130286
466.655880014104
467.448799387977
467.62442436740685
467.9734468872703
468.74412315386036
468.9114764787342
469.28588694153046
469.7387511142636
469.7469658526116
470.46577415394836
470.5436452028412
470.7489927592265
470.8222909669771
470.85078366381657
470.9902862639655
472.8027952071222
473.0515606175628
473.1685090071348
473.29389098165905
473.80918901060977
475.0949587072972
475.8011275753256
475.89609407231404
476.74910562545665
476.80895328383394
477.12572839892346
477.26970129058157
478.74919130200453
479.0965396357972
479.1059439493866
479.64346271350087
479.80146811705663
479.8158425354461
480.9222839521466
481.51016624381657
481.65160094785415
482.9101698663752
483.097489652995
484.4862713057672
484.5429270956644
484.7251683110697
485.02456030678786
485.49075370916097
486.25955907686216
486.4488989645505
486.93527375487923
487.7663928092133
488.59421570574943
489.9366661369949
490.2322255838397
490.86093978173494
490.9490956350426
491.1107170893119
491.16368748479323
491.63452810455055
492.14898919340214
492.2934100077934
493.1116286039817
493.66234960539697
494.33652775888953
494.49424484212653
494.5376715580166
495.5563572868162
496.09214106145106
496.12240536051655
496.3676691514251
497.22494067241894
497.6645901184811
497.8534721168461
498.34415715995567
498.5274945613072
500.0070697625363
500.1524988674455
500.1646594715689
500.50488115295633
500.62005340090775
501.8418725048415
502.15245637835676
502.4586833052821
503.10024181599516
503.1679652960448
503.19750249548133
504.7325173281098
505.0202010818598
505.29885307453003
506.4571795713638
507.01329751050827
507.8374362851178
509.5484170109324
509.86311049030115
510.192623952409
510.4884212029723
510.6853145242911
510.80142466217603
510.9598832379451
511.2762833014628
511.3277468078559
511.3926569478923
511.9240091711389
512.595137378193
512.6149635328428
513.0731219476701
513.8821984113605
513.9690074068396
515.3580326470982
515.372693723255
515.9983159827617
516.0648863868306
516.3240853966294
517.1331114586201
517.9757425015275
518.8686191176487
519.5276990402816
519.7539098976345
519.7965511029663
520.4714501130919
520.5377999359467
521.7849505153691
522.0275790641826
523.1452504554189
523.3074382827317
523.3622455724818
523.496483960914
524.0903045422874
524.3674126828173
524.5445052705455
525.6453930314851
527.4698218602738
527.986235251294
528.204954839617
528.4054029111697
528.6478810947984
528.8760830520607
529.7188504872801
529.8828557746983
530.3704726513523
531.00078826307
531.0749595396125
531.1972074505958
531.3804443461188
531.943747428471
531.976038188487
532.0838620202397
533.9786153525977
534.0492572976436
534.2934700918349
534.9938288692242
534.9957733817611
535.1892186482894
535.2971521103684
536.0191102200657
537.6015638957659
537.8824739611114
537.9933564931621
539.0002765410642
539.3885905203755
539.6632647420436
539.8164061719779
540.6594428744746
541.2704447837319
541.8064890988751
542.35535965568
543.7220318015382
544.1552278911756
544.2455106394299
544.390297898216
545.1127174554604
546.7191682132271
547.2352100344946
547.3388035236676
547.4925525161033
547.6615960100776
548.0567938874943
549.3425333731965
549.8502905341194
549.9070966677109
550.2845188698723
550.4230836872304
550.4415638709135
551.0479226389264
551.2053714323807
551.338801834481
552.0648142177129
552.356435205933
552.8483319022253
552.9733259798832
553.2700673415038
554.3815917712119
554.4155888276715
554.4346141716707
554.5098132639888
554.9095467651118
555.0339566115846
556.0670290258257
556.2327969777785
556.4286791946348
557.8515255660201
557.8623361055973
558.3415473937723
558.4136101385179
559.3876809835249
559.8407822463981
560.2288236236575
560.914620154205
561.596569833245
562.2109303559058
562.2239444425708
563.7507705046985
564.1810310092947
564.7956547279047
565.1882483810977
566.131692605813
566.1930520280796
567.304840129369
567.9020494297938
568.4187366324657
569.0237176808955
569.151474585567
569.3540327190448
571.0911641979762
571.4567949452411
571.6069737844834
572.1939259301844
572.8698298568975
573.1515612811011
573.36315700702
574.0572244377398
574.5405682702441
574.7027308814359
574.8493374604914
574.9222859343566
574.9537056803357
575.1978079511715
575.408863335372
576.381242713578
577.0491562489458
577.0815099492821
577.2306977726262
579.2052837107453
579.8079721947252
580.656939639742
580.9336451894546
581.0325408780668
581.2316558148408
583.0148632122728
584.0408354126049
584.5742994018087
585.4350868668568
585.5988689950087
587.3166714257646
588.7000414374303
588.7854517931462
589.7775657505188
592.2274732931988
592.2825436677085
592.5898521709078
593.2839649129186
594.0849500477021
594.1621473070446
594.3469732094205
595.368481810263
596.2292724785304
596.3744082146494
596.484166077889
596.542449577513
596.6853181006887
596.7309389536796
596.8194585038525
596.9551387953197
597.1056212147889
597.2751784639576
597.9564473822121
598.1248450249843
598.422386269809
600.055372839365
600.3968025191269
600.5856902637904
601.2502581197582
601.3500787108521
602.2148803238825
602.7942069905295
604.2018749105869
604.291277756034
605.0676157303978
605.3867067625787
606.7820502731879
607.7280583739306
608.80418024396
609.8590880175559
610.5801922955969
610.5825170739587
613.4408439920675
613.4725007918205
613.7343801448301
613.7750661142894
613.7863711707259
613.8715748093754
615.8992561433766
615.9099982986952
615.9434862340391
616.6322295942375
616.7498333936868
617.3905014893021
617.9682816561663
618.8285589056546
619.0865219119117
619.1784625160201
619.3063247737396
619.8028250734556
619.8126116179386
619.8272190048483
620.0059301986801
621.4821639072791
621.6611665141963
621.782948590555
621.9744644673427
622.153508218378
622.6916521150071
622.9152147294025
623.6012699812537
623.7911916977673
624.4183445168804
625.087014086301
625.7730240519799
626.5811673585182
628.0940686263897
628.331867447844
628.527662811849
629.2140107544334
631.4593630716241
631.4808444241158
631.7719825676115
632.423176680246
632.9804737242612
634.9940554213731
635.2950515158352
635.5550220829849
635.8271714645147
637.1583818673397
637.3575294637798
637.8914316440707
638.9753140076274
639.9319258779769
639.9398538886525
641.6965539103251
641.9230044399317
641.9636490462724
642.3238146102319
642.4597912712547
642.9325370578597
643.3458419797573
643.3739525193807
643.9429162872492
645.4837419683727
645.503522226043
645.7502694791771
646.9445038037757
647.7308773352732
648.1617686210446
649.7149727996039
650.0133673057741
650.3499102399985
652.1744434225785
652.444165902582
652.6115918863931
653.3484907435302
653.4116610454604
654.2256279560303
654.6890764231075
654.7291384307487
656.4837337603873
656.9627446597731
658.1862523381777
658.7938880466886
658.931563867468
660.2464824975207
660.9490814343179
662.2904888713258
662.3427509265908
663.2908700016606
663.3430578187292
663.5943193437923
663.6629588598687
663.6814541231403
664.3104354023367
664.9172936075602
665.0537325634751
665.3386980794303
666.2711983959277
668.1027879241568
668.1263273147489
670.108153318191
670.1378141269142
671.2022507349582
671.2931056083347
672.6081863178057
672.6963017993639
675.0226932532736
675.3159340965485
675.747417492671
675.8069162062958
678.0616952553896
679.1474086898464
679.3333268853553
680.8835869566154
680.9468158105765
681.0621997019919
681.9746668123806
682.7532858593348
682.9897148988367
683.3073531736131
683.313357978104
683.6636430708951
684.1433480346102
685.0189896752264
685.2256458434618
686.8840421426612
687.0445460846776
687.4840514077779
687.699727628574
688.2385852895363
688.3934026355757
688.5716002342803
689.0567166366952
690.8576629570979
692.4608363458237
692.5859783702724
692.7829317720777
692.863693892752
693.0419786905111
693.2608659927811
693.6517503525646
695.4079290031258
696.213285489331
697.6681051892695
698.522953633275
700.0291128950763
700.7253451135676
702.0796107813827
703.2566320376022
703.5512155357617
703.719860657124
704.0631275463535
705.3324405249583
706.0481662821012
706.0900216888174
706.1100273196511
706.1672355473361
707.1910082201756
708.1433704235308
709.0624007560992
709.2372122751037
710.2042556755813
710.221981830379
710.4475397915595
712.1498211768891
712.1835918712424
712.4607070225958
713.8419674483872
714.0104009912959
714.7445395025725
714.7924106197357
714.8409816531716
715.2321649367062
715.5922459137611
715.706111291114
715.9713091840609
717.7928533054559
718.54938811475
720.4198671810805
721.6588617942512
722.3855381365785
722.6922891423958
724.7398591516419
725.2152253436233
726.0038050580376
726.9077016043095
727.5700990549118
727.8540460092618
729.1880743149582
729.547496993
729.6149130089714
731.0301693402455
731.70907025395
731.9858402265143
733.5755332024174
733.7007578336695
735.6961590569475
736.6719294857884
737.1017173025327
737.5210264598333
738.3551234983064
738.3777937055517
739.4850297193004
739.7576754936129
742.0746139613146
743.5525505987301
745.0473325748732
745.2098571639165
748.7364161578884
748.8765816561289
749.1379197236982
751.3822916466153
751.4342142611602
752.2949313637142
752.7109276390281
753.0109024432828
753.3841037879928
753.5676591626144
755.1206020607027
755.4315965676508
755.5598104563409
757.0988581485879
757.6042107216363
759.3906537853715
759.4189917999762
759.6066926230743
759.8446994212023
761.3991940134168
761.4937016324483
761.4964083178058
761.872364757318
762.1229311366486
763.3807007526626
765.9668350469193
767.0717968602546
767.792792248426
768.2615969091336
769.0748814221016
771.2333670656848
772.6294845798091
772.6627778829331
775.4316181943043
775.6722289136676
776.1300566212666
776.6048405491268
777.726073446512
778.6655368641453
779.8128913760693
780.7416837730564
780.9899152352976
781.8602196002299
782.9610379630549
783.8174226628843
783.8255956818767
784.8580300769505
785.0153183735314
785.6099804503741
785.767650331375
787.6009005029421
790.1900653868266
790.9958341906611
791.7831270045193
793.2966092047006
796.5487579060868
796.85106804522
798.4976547224529
798.9457867324486
799.2539549101236
800.5452675668151
800.8268984558877
802.5305318657628
802.5706209657556
804.5822750042048
805.2026905270903
806.5006119433789
806.5395587547793
807.9913914855348
808.3421798097382
808.9068814000119
809.9979808085932
810.3399476537879
812.9302435919283
814.4484064487309
815.1797185143499
815.6789422625112
816.0376876530612
819.592687314998
820.769075387505
822.7822685260002
822.8361078806909
823.5508003345002
823.5896005841686
826.7509908249857
827.9546858646355
830.3989619842159
832.7429851319039
833.1274185417386
837.9312985124699
838.3438440606113
839.8969749194972
843.5170606866732
847.0598903394867
849.4985446910395
854.6152847023252
855.8744843745634
862.5535804955381
862.6458005220917
869.8047297496269
870.8998169719878
877.3567706216008
