2.218091186448123
3.963568969745356
4.17624793997232
5.89647694639598
6.038577264140894
6.140272227374359
7.8435414789124405
7.85447093664029
8.031943762619145
8.107948619196051
9.799863619788104
9.820243507749382
9.946742053300367
10.018753745809127
10.055423340435375
11.761460569040777
11.783617020912082
11.827209261360442
11.875780653068439
11.947048838287026
12.005534282778068
13.688773243688726
13.715051176011173
13.75852532203361
13.783106013522481
13.895253751910465
13.981933990593777
14.108698516394824
15.567467430519574
15.668687895297182
15.715334460077878
15.762301310849944
16.033181544246293
16.112600367103333
16.642652982615395
17.517073136114906
17.63704668144131
17.697450244236244
17.902100097256003
17.911761290888062
18.100982985455683
18.90831554134757
19.485873992652603
19.57494866274132
19.610840233343882
19.75850465284593
19.863821719957507
20.086007689564116
20.62254153311423
20.784819569238042
21.463351787399173
21.550294802768025
21.566481779729315
22.047956594943617
22.21911117175449
22.612788360892228
22.7353357018648
22.91043497920964
23.460453910207367
23.555008573697233
23.81514753483004
23.945409456727266
24.0973317725425
24.59390359367042
24.900537359791855
25.41411445035193
25.54422972528818
25.940682276889724
26.537186374971608
26.63555263314074
26.683704268046657
26.892838998409232
27.532077284887666
27.79527749844204
27.82382595006804
28.02405747972123
28.624156538360847
28.63432228418425
28.884339307936063
29.501461868411724
29.77594802459096
30.000619787833106
30.056065099098536
30.077511539890736
30.609559580202315
30.62511441424047
30.754073897799902
30.87633780540416
31.625809510503807
31.750277297627193
31.93833522345343
31.96263608099073
32.610686838575376
32.74396335843261
32.85439328695108
32.95619397555245
33.72852392095329
33.88428418805101
33.90700612598431
34.563480409773106
34.610389186117274
34.739517356340734
35.01823513872439
35.26033897961258
35.72137861174901
35.87411331627727
36.19194790856408
36.45232198101966
37.25072793174497
37.85355523264632
38.41064231959772
38.80385899117509
39.025675516076404
39.2415747596392
39.47080372203894
39.86653021227217
40.15407843553733
40.38885915840264
40.763405038407875
41.23483038249117
41.35725905464503
42.14470723214835
42.24073544574343
42.36817992871841
42.67367732635505
43.240599027401906
43.318907540753074
44.30221436798599
44.755659611859194
45.306790337959264
45.43608822382457
45.61314445068689
45.94623661922357
46.12869359166188
46.64171949823267
47.26922873015267
47.42776949735088
48.603407279870055
49.579546627823255
49.99289195293097
50.42916884109852
51.05211662918117
51.10289841993834
51.41791360602737
52.31596262304065
52.562370776501155
53.09447058194292
53.678023500101155
54.27740264908379
54.454440468740685
56.25691968883872
56.32529646339226
56.48822086916603
57.086622947965594
57.15610551729519
57.714881200606904
57.79144480036026
58.11638211508592
58.3764988646054
59.148513330628965
60.3384256817489
62.20402626465945
62.319373411109325
62.93027990343806
62.98180957062744
63.14281122067059
63.595250302166846
63.606117815801355
64.29970842693521
64.82289396419526
65.58868363560696
66.18678318716707
66.64014558384638
66.78487483565858
67.03235751702677
68.76624085052207
69.58879126358914
69.76809986550585
70.4221601733768
70.74621070901456
71.51698789069646
71.59692083882656
71.66036166063707
72.28006913293714
72.41540275728846
73.6162885429786
75.59936536831783
76.98555839610238
77.57812669204068
77.6362552581037
78.42967755707015
78.77677680053452
78.87528083734381
79.62957580919986
80.83865896077279
81.61353338768295
82.81763306975145
84.58958988451431
85.2349440088401
85.6518715285479
86.48036767959677
87.22903844131324
88.44482402959481
90.42606883819036
92.5810206722615
92.88658111043345
93.22132869200787
93.24740846145134
94.4713357874674
95.21590422271053
96.43531109423655
98.41621820175763
100.95813390231203
101.048627723442
101.23755680610189
101.59490453206098
102.849291072395
103.59080699424563
104.81334315859371
106.79530965473677
109.61020093843204
109.72602803504795
110.35550913766794
111.61228147768554
112.35059388135345
113.57811092168896
115.55987290913818
118.87552555998626
118.91850281843146
119.50395484696222
120.76756950135697
121.49922955073272
122.72964269098466
124.71257820149688
128.40854754858842
128.41960908818146
129.03886232125313
130.3058145513677
131.0346985423044
132.2701880841026
134.25097531247272
138.34209411039637
138.96154762086195
140.2321362281995
140.95764255075142
142.19690096038684
144.17674336789577
148.65555118521797
149.27181880045376
150.54495531198157
152.50841269400252
159.3296121004898
159.35623501159807
159.44130045615378
159.96957706214988
161.24665237782017
163.20901232306014
170.4457691362376
171.055315524828
172.33361727326792
174.29764833668955
181.89650210775665
181.9217463228926
182.52849413346595
183.81099343382107
185.7728648666309
193.7851671840668
194.38950973876211
195.67394101088522
197.6364041981403
206.03590150139536
206.63826756354464
207.9246132372677
209.88888836233767
218.6747876890351
219.2748763348942
220.56273263901832
222.52658753065242
231.7006642774325
232.29873377198817
233.58913446968884
235.55149989773264
245.1153946211701
245.71116220323677
247.00259102314027
248.96520213427775
258.91638701640375
259.5108809343048
260.8037966302019
262.7659872010563
273.10607396186055
273.6982275410614
274.99408026116294
287.68194446922877
288.2731160196436
289.56877302408395
302.6454482649985
303.23542259916525
304.53242258729153
317.99612507135845
318.5849607064399
319.88246032790624
326.48617585397363
333.7335490639599
334.32147303319454
335.6198987412092
349.03168608189054
349.8590256651948
350.44489456531085
351.7437947626454
366.36902241510126
366.95449645818087
368.2537088739147
372.35436578649797
383.26498443770083
383.84984884746495
385.14939165438193
396.45423332273975
400.54615173828995
401.13015251318944
402.4273590609681
418.2105785639311
418.794238063665
420.09358166630875
421.33074371928154
433.959517049264
436.25806536342014
436.84035416884115
438.13880748445837
446.9877306284514
454.68352237466263
455.2656597608422
456.5622845287854
460.0041408204829
473.4196581722104
473.4840803742403
474.06525365520326
475.3578018058556
486.8242464576142
487.2246835153313
492.6488324576235
493.2292442428756
494.5159779552679
500.6294815999899
512.1679037728924
512.731018210019
513.9946084600922
514.4235696606306
514.8240979769447
528.6179918484339
531.8907017909129
531.9486341498593
532.0288341995864
532.6208017349704
533.7800204963528
542.7987387692427
543.2073332305133
551.284447097344
552.2496221042544
557.3821800208602
570.9266397236496
571.8658479594707
571.9543370739153
572.2273677008336
572.2368929263074
574.7619653876732
575.2157225499654
586.9241731363887
594.6832724792107
594.7114332085164
595.0710193233846
600.0252689237383
601.8835679473683
602.270713591853
613.5488793979561
616.777544825935
617.243588420851
618.4088843691987
632.592175171349
633.0000682854884
633.721387299867
638.2412133136095
638.2642574253765
639.2233866047867
640.7919866846241
641.7872228842153
648.3406781480901
658.10266917882
661.1875187872898
664.0778408652662
664.1386834018823
664.4844429860436
680.2153555927115
682.6688989452506
684.5087790882892
696.3421196065658
696.7274310879994
702.9254650355948
707.6340100786705
708.970373816352
712.8676137200679
714.3576966165894
729.38174631697
729.7814403393105
730.3214021076601
731.6367635524092
736.5305912786961
746.2972566373459
753.5684737190052
763.200982756216
763.601964897327
777.3839544602127
780.5042571872765
797.7976742457375
798.2049891655868
803.8060086225064
808.8150367211334
815.489235136015
833.1706817901535
833.5706151946595
851.2513401052508
869.3222003401337
869.7255773185195
887.7908304411015
906.2505081677571
906.6504371005664
925.1089815706647
943.9582641045275
944.3195623962437
963.204772829158
982.4416000075367
982.8420142294706
1002.0773258402031
1002.8479725893103
1021.7028944643376
1022.1008402194426
1041.7279479887031
1042.4978206748165
1061.744343794355
1062.1176182335796
1082.156512460721
1082.92762898988
1102.5606433199036
1102.9608286239325
1123.362522977947
1124.1357408703975
1144.15625075108
1144.5554369913448
1165.3469325053252
1166.1191353455913
1186.5295919356295
1186.9284138622816
1208.1090600154887
1208.882313166944
1229.6794328351782
1230.0762236246321
1251.6502719657067
1252.4201885064344
1273.6129496856013
1273.9873115255573
1295.9698106026499
1296.7397797191509
1318.3211675514162
1318.72313430169
1341.0702229866442
1341.8393198461315
1363.810996048335
1364.208177604172
1386.9464608167634
1387.71364566666
1410.079481426206
1410.4710739260465
1433.6044656518166
1434.3659798387253
1457.1304792154801
1457.5116511610968
1481.0452851569664
1481.7823487044593
1504.9666746094224
1505.330503563402
1529.2558662516265
1530.1150213962178
1550.6438880164471
1553.2010876581712
1575.9265578517773
1597.621088965608
