-13.259451136663895
-6.881727286988709
-4.756992538181036
-2.6870584439917042
-0.647771449922919
1.3095896892751195
3.1078178717147793
3.219932307174716
4.304074507059408
5.1789389791981115
5.271499308835681
6.29567779256929
7.229495202749245
7.258808395635061
7.897551798382022
8.232048329345677
8.32382230726914
9.236016778516287
9.276378925713956
10.213448031372625
10.34727742092078
11.057500816030107
11.229386001351582
11.261212588753217
11.3164574955753
12.124488352233595
12.270259957278668
12.371552175757618
13.25366762825909
13.294505295730517
13.404877029503224
13.93893310005078
14.211146388965943
14.384227469824515
14.705226980726124
15.23466553100593
15.302550151317355
15.426259939640767
15.775217988734365
16.019584565248547
16.161105326288972
16.255434427878583
16.38432787054323
17.29560550570625
17.434988236781876
17.819253716149618
18.0665586489188
18.209239553490406
18.339134508050183
18.551094380283942
18.738681598325723
18.95789998373337
19.284467910485887
19.454308605541847
19.854245038939425
20.09100174329279
20.236247065391318
20.29409565171948
20.63921325165915
20.968235267215327
21.468300946951935
21.754496344815962
21.87616246474918
22.12504343558435
22.169695756607737
22.287656268239274
22.68687005671938
22.979881671578894
23.20077203428002
23.495956806326475
23.83933580654378
23.893108521910058
24.010525822525587
24.19526348871036
24.28916923570906
24.72708286482362
25.011174050869474
25.384500515129872
25.809200971129066
25.866700055161523
25.918796365607133
26.209696422615295
26.314352537655623
26.742185693557282
27.014869575505948
27.47769946879643
27.795784632411376
27.872944610606012
27.964252597998595
28.03223579465542
28.23517897120217
28.591336131775858
28.67750502571165
29.099315273105304
29.414257587745254
29.5402593413128
29.83010760388283
29.87691637987627
29.988167908127977
30.226532549286613
30.660640585132214
31.464574772298853
31.5078364490061
31.603073947275433
31.78413860798916
31.888682537403607
31.927651572109106
32.337529310961195
33.18033650522758
33.2458596100875
33.557022696724765
33.58863999262229
33.78268798020646
33.837618879226945
33.91636693850631
33.9671841671302
34.273147654230556
34.32842494462824
34.75144849196738
35.44599799551397
35.61460884291605
35.862640286802474
35.98393785172975
36.00985610539848
36.334976159506645
36.45284337929041
37.411809921740335
37.5664867547842
37.664736558806155
37.89280747734641
38.05119819246242
38.32740892842123
38.41430957423815
38.68661898111883
38.88466750648323
39.17968287559305
39.47285206680204
39.496221691870915
39.95480643381739
40.059864265352935
40.17409487090413
40.348704235328604
40.74191374399446
40.79508684833288
41.1745929456261
41.19443123451477
41.54169613027339
42.0511112780332
42.352853516271
42.47768075004496
42.86368903448237
43.17092819910386
43.201749256042746
43.89597180164844
43.9121226577423
44.08611301743347
44.46100420263833
44.49839945934608
44.880826382528944
44.92973820550639
45.19489172566137
45.284688830002615
45.95793042529069
46.01654146075817
46.4092180788733
46.689492873965634
46.82374071683702
46.97987857377463
47.19162210569788
47.27545842996837
48.02827051693696
48.08621336630118
48.399898351134205
48.42285877945669
48.638522079235365
48.75888457630901
49.33366353004168
49.52979040431304
49.73153675889144
50.019573464480075
50.140842705432355
50.409046365611005
50.779970933929135
50.80482106822267
51.29643668686143
51.62705333978335
51.6363302137391
51.8001885347886
52.03402757122442
52.127834116148264
52.17785017278835
52.438322105154775
52.938874688353415
53.43505518349179
53.70160500698183
53.93940709009051
54.0445287835673
54.58288098343425
54.72990034858858
55.27062767181237
55.53860031208177
55.74850751345741
55.97094555935204
56.04306146373781
56.05626180467966
56.12840188197986
56.438114968500784
56.70709061142929
57.008725215765516
57.640286946650114
57.72812976950209
57.80607571384184
57.996878703454364
58.05905659021474
58.173491547772905
58.64799931987295
59.23397945280524
59.546380516930014
59.706938594138485
59.83456245086542
60.051816716061396
60.10222536790278
60.21641929558345
60.64731954910386
61.39536704693996
61.61475000844735
61.760021930638786
61.825718244718495
61.936325029720585
62.063776785848255
62.44931029540721
62.63908728287882
63.0494218671678
63.56607575760936
63.748407039147665
64.02508841358292
64.07521813543602
64.11031408897398
64.26174129523758
64.45129362529546
65.00548951007966
65.25369036339312
65.27159467402792
65.45693280623115
65.5841704487281
65.61431395594926
66.10364952726832
66.23340686554656
66.46028952195817
66.6771519466958
67.41703355184372
67.62008222073216
68.15702970243868
68.4514329912568
68.47388585498184
68.65809152929184
68.69353808362389
68.740637634829
69.24564447484165
69.33045354768572
70.14618941965094
70.25539986808856
70.48479278119638
70.67231370477032
70.83932086711097
71.04598816643987
71.4822433675352
71.97630335585126
72.31496883275184
72.61193874230469
72.86611445279462
72.91817253316005
73.20636260245098
73.26011252021371
73.4210901812097
73.73392016121952
74.01257033128483
74.66882835335429
74.71756288181152
74.92217882465074
74.94524801439837
75.08517865464115
75.24218887461203
75.25980050363667
75.91542911235427
76.43196772395896
76.66458476421913
76.93551120747519
77.02552272308438
77.89124193151791
78.020927639179
78.33605647504675
78.52355519404878
78.76346908651526
79.3517360845134
79.42402396742726
79.80956967736365
80.00178580699304
80.08815576262046
80.42989194559081
80.70676188233584
80.79618741841435
80.84022430225333
81.06656931187493
81.17675447663052
81.86485973276162
82.13634614638167
82.38033437443421
82.44265810259091
83.4098889472022
83.45521423898745
83.48702994340557
83.64041936993446
84.00717783217705
84.11440954992494
84.16106121836648
84.46633602058151
84.69491031671006
84.76565697857399
85.14286666788492
85.35369961304251
85.5908784165068
85.69864390708335
85.93720953070708
86.01342401083302
86.56814789526953
86.63883926362922
86.80581637478215
87.43933944346547
87.65758437596952
87.89709697555462
87.99917541964376
88.03600076536104
88.79052064230078
89.03510154851926
89.20673587194963
89.34518449660868
89.70578817536418
90.01746324846795
90.17649007665982
90.20410478112166
90.62565401127041
90.85454925198592
91.44698210390759
91.52717915200637
91.60139437860532
91.68707061369622
91.87522762216773
91.9354096318237
91.97411295402738
92.04267703249639
93.22203567049758
93.50828863403464
93.55239224562027
93.78431324493536
94.18260046640178
94.23039361945152
94.86306197260127
95.37838005777813
95.55138258915127
95.61031945105663
95.63414090344207
96.57067880905663
96.63103682578326
96.93853038575183
97.38353849967154
97.66499467309787
97.88898131193976
97.99841631391104
98.05659098990506
98.19809910465231
98.63602693779136
98.79302599644961
99.45763883761003
99.65002844462367
99.79897621688677
100.0072546409514
100.03749616403258
100.32755089264907
100.95795905961158
101.35003845280214
101.39841554139399
101.46593844992123
101.78892810588913
101.90186647761637
102.15762495343778
102.48876195524457
102.69671234891639
102.79903695195576
103.19414584646316
103.51685802802918
103.5399078896539
103.97045872791975
104.59311169660046
104.84128150017827
104.97259658587588
105.81932599397517
106.01487726610347
106.14317701592279
106.32921497468958
106.36149524445382
106.87242025662619
107.0490299083206
107.23209861291289
107.40095080610635
107.43931184921827
107.99690940257553
108.35838681349271
108.40853746316334
108.54175451289537
108.58476608392701
108.93159704921337
109.00266858418928
109.07087137582423
109.31312417062598
109.81394459127203
110.50692035763352
110.63516579009745
110.65094602338374
110.69996477029224
111.86375614101335
112.70950477698206
112.89498854883058
113.35762496095522
113.38809237094073
114.18152813880667
114.3024535341466
114.51839232018497
114.75372378520379
114.8240068464543
114.90771972218857
115.77799497807003
115.94288517577118
116.58147577011133
116.73562093212905
116.92161842783682
117.1059069840968
117.2810444155257
117.661360998021
117.6712035883307
118.19565729461019
118.2049963667777
118.3746807349317
118.55460894038995
119.67753906358803
119.77523838282059
120.18922272514352
120.20494096010769
120.60340271046933
121.20654083606046
121.25985641757885
121.34496676946566
121.38180716982473
121.69495891039675
121.84371343661971
122.7835134677707
123.25285170383526
123.45688201998374
123.88493288227033
124.52424230830727
125.28089416289772
125.86385906874489
126.16389899037229
126.22595802309017
126.49118264314198
126.54079353587815
126.73068009272293
127.18964982429884
127.3640076285524
127.63015639326719
127.67844501568436
127.72549669043812
127.7727391456879
128.79051401166691
129.1310339991593
129.29331616732182
129.69463897844923
129.71796577498444
129.73889179855826
129.99796719182103
131.35737982129882
131.38293130847558
132.3773925283953
133.40246890323763
133.65588307628292
133.76402736611325
134.01752499327307
134.51223276495736
134.9575800221179
135.35964506593615
135.38265780634484
135.55373674586087
135.75421800155294
135.9821426195145
136.4478253245422
136.78008574152358
136.91241483761652
137.03005003879107
137.09871912399868
137.20118643840672
137.6351351524073
138.40162301919398
138.48781637008472
139.1264539159038
139.20101138039323
139.24769437851992
139.72219377744025
140.50650034196156
141.26826358398867
141.35440463773025
141.89484973325528
142.75971734456013
143.12865590866897
143.1891586367798
143.26422827046747
143.31469937797593
145.0552925797622
145.28956485642593
145.36287643506734
146.41791276112352
146.8140275698433
147.10718104717037
147.39450024309326
147.47453559498118
147.56495536889858
147.601592762076
147.8214830984529
147.9358009902967
148.11875720681562
148.46853555271394
148.64103319126073
149.03762378152595
149.15295806517074
149.16976496114242
149.31951548885758
149.49800889908704
149.73433317688486
151.38428241335487
151.56482737761422
151.80004966795155
152.3803018158505
152.65589568051377
153.60858624093638
153.85690883366988
154.08025696928024
154.1323186939074
154.95827082182677
155.25467239291453
155.5666769130329
155.58882945570718
156.08885109157157
156.32988912283443
157.08249956675326
157.40239276098276
157.5056099701696
157.60617824338925
157.857290016857
158.07827360769144
158.11413195658565
158.49192176887337
158.54207869762547
158.60731075298264
158.64630011092305
159.09484590770612
159.2098134319519
159.45136249919798
159.97681711216103
160.1069071588005
160.18471154596745
161.9062882556245
162.0965834459849
162.2506920579453
162.56490785638616
163.19802073205776
164.2937536859185
164.3091745610721
164.4580416958534
164.8813782524072
165.25449682738667
166.27063336604064
166.52062830686424
166.62900145950795
166.98964766910427
167.1186211696762
168.08774509454526
168.79739719575136
168.86092254612794
169.1571629484041
169.22874863518015
169.68942244597577
170.02318564819606
170.1339585562976
170.2848187377904
170.70535832845462
170.79670041341424
171.23934596241102
171.26789100438856
171.61439202181438
171.69770962802954
171.80980789252555
172.72637858996035
172.7810313219613
172.85954849995179
173.30606072496545
173.32944175865111
173.392909427681
175.3696689679233
175.63076742139543
175.93918017911454
177.00969628391985
177.2706541130632
177.32405093819045
177.35666107941788
178.52026183132554
178.7314584736029
178.7817506979679
179.1621345293078
179.53728794830675
180.39186385370422
180.62104917796154
180.80711410543472
180.96150786387696
181.15714981469748
181.21265175356177
181.8542067901678
181.9098460640017
182.1064277639634
182.32614969190715
182.43934496412103
182.63801472266016
182.72431333525833
183.16305608203714
183.52568668634996
183.628541181037
183.85451204641225
184.7891770051355
185.1396193046176
186.83345277426304
187.01209321425858
187.32353634499017
187.92089663399307
187.9671060757741
188.62156024182008
188.7072552736118
188.8085921400689
188.84715318417196
189.7016949619961
190.61163701627373
190.6254027221721
191.93632274432906
192.47431830967764
192.67403319091557
192.78991850298607
192.93076277570324
193.42953715833855
193.78381019063255
194.11787534840886
194.29478621937344
194.45133825395519
194.57771564976522
194.6322066057637
195.01717127185836
195.04687125263743
195.31940134127325
196.61489710077916
196.64917355392254
197.0877457440493
198.00773818525826
198.4748792910823
198.68614364642318
198.93769790830632
199.0418591519483
199.13850134027925
200.6639235062168
201.83673223549914
202.0744084756809
202.47739279332362
203.62445431061823
203.8663073318228
204.52592635184
204.71609553835688
205.13670813279333
205.3317741398029
205.64093917584796
205.79320849063083
206.09057456804535
206.4454932488612
206.73692826199454
206.79752541296202
206.82004272422034
206.8810565202911
207.17069201207377
207.26204930180464
208.88505960875625
209.02338548436575
209.08208400544058
209.62184811324005
210.32648476674518
210.48752092462965
210.6183024664402
210.9275562752747
212.13082061061317
212.90372829301361
213.92673389052368
214.69345988315362
214.7184104063665
215.3145625208145
215.99808234612547
216.61653294856788
216.76598080795662
217.34689373275424
217.55628415204566
217.88089543105028
217.8882412247863
217.94448246020693
218.0824529550484
219.31080103221692
219.3903342645501
219.4271445925866
219.45069737140045
219.7685339256931
219.9028895643077
220.54318577298525
220.68639697421395
220.72050616214705
221.51535617779967
222.36827633768598
222.5698227102528
222.8126855532098
223.55755717271086
224.66640871756132
225.5339315134306
226.15851238602673
226.16866109811937
226.88887652996308
227.0924699534511
227.17645943235962
227.34789483416458
229.39752621656663
229.99335670527688
230.18206837894664
230.36621750670932
230.51723161508883
231.65019292875868
232.04374012032366
232.16222026931203
232.39714091681424
232.46910694030547
232.67631159904408
232.90398491819445
233.1802513953452
233.26292797617754
233.35686625119908
233.6939580285844
233.93278015205775
234.33656478901102
234.53500241734105
234.60427784770556
234.87248240829217
235.19907809661836
236.57058405629766
236.59754296261713
237.56644767142973
238.00859026414503
238.5529474179971
238.55472862378454
238.79625566052707
239.41039104695378
240.36940965008915
241.06615819732326
242.41613314437268
242.81242283536798
243.53659394273296
243.7753230429779
244.0130952306186
244.28213367540857
244.63466186206605
245.06213841840423
245.3397180812188
245.5247886369128
245.8774034436925
246.16394190961768
246.3159785820547
246.3675059335804
246.887561053061
246.99007299753265
247.0568800102025
247.23472680601094
247.943113998652
248.21742506653192
248.3205588954647
248.63603020903784
249.98607022911452
250.2527480808485
250.41476367705494
251.7770621996582
251.8210098783699
251.9532676198132
251.96478993853444
252.06051648328636
252.532035476482
253.7763233147116
253.9036418890596
255.8238594763136
255.83138521272136
256.25471628055885
256.59991941208904
257.19469552403245
257.25632393323826
257.3144088771505
257.5724454751447
257.8056587303292
258.46975359084036
259.67405710700837
259.7778016233807
260.0973432561679
260.11456458080465
260.2521552366607
261.1756926142859
261.62145748733343
261.73657875127367
261.7576579064794
262.1180142284267
262.6513292877176
262.88011348867946
263.78283756442374
265.07321950354583
265.2243138926993
265.7576362229605
267.5726178330616
268.0592961213347
268.88409582254224
269.2384958327668
269.4313106342619
269.6223898310498
270.27787355002977
271.7580725918317
271.8169602900635
272.1205206953422
272.26638312028257
273.66166183953044
273.86107743314494
275.15282752996376
275.2856044435748
275.42399323650585
275.7561167746019
275.9262309040972
276.30504494518954
277.9476136997929
277.96954958990847
278.4810784847854
279.020879831683
279.9425079902524
281.7579664167392
281.902025485319
282.07168614961415
283.0352145454305
283.70462717727696
283.8062313287622
286.3331786444395
286.45192195625015
287.455487498446
288.29999328000605
288.43549079468215
289.2443526468075
289.3056724716907
289.60810390268927
289.80966055365275
289.8612980251755
290.50036285734643
290.7023632109077
290.8163437462874
290.85422532155735
290.88602903558336
291.0072281713746
292.27651262252937
292.5431839494526
293.2058952523951
294.51731710140007
295.08819653665154
295.310989769055
296.3320763589185
297.2218112559719
297.4942623163165
298.376189044294
298.38733688842797
301.02612287665323
301.2966054405604
301.6405972682574
301.7065580439089
302.27090215321886
303.0892672995857
303.39919165441796
304.1828814811861
305.46347981803257
305.57665380121097
305.83651101762155
306.0818490588653
306.1398467501139
306.3499885219742
306.4626660071076
307.50637096788415
307.77884824506424
309.10652617599504
309.48145344692597
311.29510107257653
311.67953662495773
311.79503608698883
313.34611334155335
315.50418114875936
315.98910376610354
316.2148734983667
316.64872299906773
317.2949656153552
318.7508610652534
318.8336289786155
319.1453339485791
320.81644644431236
321.0356801165179
321.1916401510309
321.8224442616424
321.8684748166482
322.55424722381326
322.74482270234444
322.8586248870302
323.29032480613415
324.83266306902635
324.84904162013726
326.2526854675153
326.64693316890447
326.75762809937174
328.6955609164403
329.68966610271065
331.17622442066073
331.3414547745805
331.86451293457566
332.38945385095616
332.6531026893514
334.4919577374657
334.49736088985264
335.99884382367463
336.55718563515103
337.03939486469534
337.51515652464536
337.8307644485225
337.8632063479238
337.9523419209147
338.05656295391594
338.5979527756044
340.57376470776546
341.2163267886251
342.11019885739904
342.38738075206095
344.4357291444269
346.5282808173419
346.8272435964125
347.08119920900407
348.39347929041577
348.5198096970938
350.2377366042467
350.6214606900442
351.349227174914
352.6863770822174
352.83427418012485
353.83564913539647
354.3779031085498
354.48359363359583
354.72866326323106
354.92632128621824
355.06745093546317
356.56639794684037
356.70293054795604
357.8487424163506
358.51653963378794
359.22683847340744
360.56453224629973
362.1766459192446
362.27225602568126
363.2099431470127
364.9914729036593
365.0377866646629
366.36656077630835
367.08883656760946
367.1394259835811
368.1816222263424
369.20472505055824
369.965084240131
370.5564168162262
371.2195188910932
371.24599357344016
371.36520814668853
371.42986067737405
371.5437481219785
371.58849012387617
372.3060149697904
373.22090609261176
373.98077546278626
375.0342344567341
377.08252534890767
377.91839571918564
378.3944066421371
379.72741947556455
381.944185639709
382.88439116943573
383.2186489826823
384.04620888592865
386.1112322243952
386.47970714960275
388.1532442006398
388.4334096970501
388.486356164659
388.5386762311701
388.6707660560822
388.6955467115879
388.7394529725527
390.1098206275937
390.1284789411735
390.4959408649232
391.93937556180134
393.9885830374454
394.0446327691241
394.9184554094603
396.634925662733
399.239502277508
399.7346150711819
399.7910549389631
400.04834161181594
401.3419406092586
403.387624230519
403.4062667156899
404.9505635577568
405.44795198406786
405.6368789129581
405.783835351053
406.3576274419879
406.39703281031683
406.4495081863497
406.49445894955034
407.42018256815567
407.4311049453434
409.2356954724622
411.28323759718097
411.8185337691872
413.9282739470654
416.6384980017538
416.80515109463664
416.9232940778232
417.0842736086336
419.0251174834704
420.6812743088833
421.0893885417756
422.9575839426858
423.1315406571705
424.16957695628986
424.4432287291756
424.5216348641867
424.5909415902356
425.10538807925195
426.9185902098369
428.965036437589
429.1139855841545
431.61084526057647
433.92732310703286
434.76590731182995
434.99429787895673
435.0137982949362
437.0971838365573
438.36190762202284
439.1614647697763
441.20243141345776
442.3739989593177
442.92136448790495
443.1765334045127
443.5215018657262
444.9895341606879
446.7957638804019
447.03686912978765
449.68510063746055
451.61482195428937
452.82835282697823
453.45508411727496
455.55716765640443
456.42312757402885
457.3126468010837
457.62073331504354
458.64409664817157
459.66129619597734
460.45647581835385
460.64818277610806
461.43081444119133
461.6076275372727
461.63594787912405
461.7411321384133
461.7980588113879
461.91697112923634
462.0273771113721
462.0955782353369
462.2847295266934
463.4479925056607
465.4960096186597
468.13689265464274
471.28245310403605
472.2312212372836
472.30072984130885
472.34636970522615
472.5834317730115
474.4026426418542
474.90247416942316
476.46934825150254
478.497547660041
478.51973681298995
478.90734622209754
480.38604610609605
480.47891362152086
480.58304891247064
480.86688095300616
481.0270512811117
481.5544803886901
482.2925169594648
484.33095254280255
486.9192849258566
487.1432970226027
490.15649879530355
491.5331141080719
491.5568664705736
491.93752117853455
493.6369290557358
493.8016571075235
495.6505271289302
495.7025618495341
497.72754561449983
498.8150409997935
499.07637761181775
499.5842044892034
499.6512518326891
499.73956866587747
499.8592230691224
500.1090034481495
500.558768664245
500.67264632399247
501.170900478646
501.2445701697821
501.5223193358621
503.52017999156243
503.5768208701673
506.21649526021065
509.41294937703725
510.55530595162145
510.7831350793608
510.8895324678598
511.1505917478721
511.2532428635616
511.402954069837
512.8289735793702
513.1152893221326
513.2649495562677
513.6538970041317
514.5699666162006
515.2187781814595
515.3792465090747
517.3262362549139
517.368115040046
517.8649511127305
518.9122343049825
519.100895675966
519.3435721326878
519.5240563409664
520.5770903289275
520.7699533757088
520.8529144184412
521.1880698233227
523.0713505873667
523.2773071962124
525.8489205766266
526.0132362769614
529.014517746657
530.1481449768773
530.8125698042616
531.1444956002221
531.530394501038
531.7791776313104
531.7950892851325
532.2593188805721
532.6726868250431
533.0664677514694
533.264283578381
533.9124498031315
534.6670294139668
535.3563825595336
536.0445158315732
536.6315843572871
536.8878724796626
536.9644173856069
537.3577079017011
539.3483231314015
539.482193373243
540.1010747751077
540.8275997656085
540.8482743483144
540.953895087581
541.0442985922831
541.146276672856
541.1848315688436
541.2308350090598
541.4726197918627
541.6491040352785
541.7348955062017
543.366657223385
545.7186413843888
545.9509872154064
549.2168207316583
550.2389159112466
550.776407433896
550.8614608335856
551.465935143934
551.6518545422548
551.7933888727925
552.7690993789847
553.2414255566154
553.4395874337959
553.7821196625657
554.1396635112691
554.7424915613555
555.760521938588
556.2616470131237
556.5336644553082
557.6730394001506
557.8433480556996
559.5365700567303
559.6371777008715
559.786495883275
559.9297112883532
560.243254781433
560.3532297200236
561.1119210832193
561.2873906541558
561.6007891404262
561.8070877229471
561.9163250506499
562.0792738281187
563.4600297342115
563.7166721489292
566.3066259185995
568.9143194464111
569.4887096215946
569.6805378210456
569.996441606536
570.3836465462246
570.9575546773123
571.9250570789277
572.1206197750512
572.3394014444101
572.6115161593639
572.7680386373648
573.1639480994817
574.4160705658155
574.5723142503872
574.8605332669101
574.9931604918879
576.3919921554436
576.521472896327
576.7280471809378
577.0838848221239
577.5433896076721
578.6906413552715
578.76301575157
578.8684315845284
580.6821266109081
581.4409294594764
582.3423362867487
582.7383052272518
582.9168482833461
583.0601165021113
583.1184371409753
583.247683032138
583.4588726723508
583.7153361131594
584.2337094536998
584.2483482841393
584.5353536134572
587.1102789814853
587.7063754388038
589.3024063791643
590.3062269644969
591.3849941995644
592.9473205443118
593.0460933554883
593.3974836703843
593.6737750498532
593.8280035508108
594.1443932648191
595.1115515534578
595.4986925940763
595.6752247483009
596.8670461755909
597.0955010413406
597.4522983450885
597.8422887420552
597.8733377934917
598.7223186628191
599.7347403431608
599.8778960327039
599.9257476343214
601.6602423886676
601.8942601915144
602.1943226512806
602.3068814548683
603.0999934270676
603.5415999318307
603.7230473024495
604.2860765432326
604.6039962203083
604.8399176969792
604.9090988924216
605.240147203788
605.4075995720416
605.4172762230721
606.8350693551334
607.0319863118754
610.6796232795034
611.3542360525563
612.2624303499086
613.8655727042012
614.5956963181527
614.6634414521712
615.0617886505321
615.199191267424
615.4215340300035
615.4891571790082
615.678416179956
616.4023461853643
616.4169228421941
616.460202627256
617.0938519915087
617.2808199996739
617.474312447244
617.6186438603603
617.7038589328857
618.0159680280824
619.152358997884
619.3573883722462
619.6382079860895
620.2417727214583
621.3765628329816
621.706313601761
623.1438493601506
623.2756119055286
624.9202693786501
625.4694051744301
626.2480300845164
626.4308390471208
626.4560496418904
626.8118132463871
627.0050114354303
627.0993280748668
628.6100029258669
629.6762346807988
633.0519819070063
633.5121258555256
635.7102356828434
635.7145659050003
635.9599723729657
636.539019302766
636.98956665261
637.1621506032104
637.3575058666858
637.9478095045495
638.7210046313311
638.9612615138384
639.3190395559785
640.5310961301883
640.7123080532849
641.3851352746931
642.0954823465049
643.3534126818593
645.262007129161
645.6030147128968
646.5518041222061
647.1499976433859
647.2256060465938
648.0349538263523
648.8633594156847
649.0009650708794
649.0976688431531
649.2412447625586
649.9287624376648
654.8846906650483
656.6142799323586
658.2835177802199
658.476521282034
659.5015708446831
659.8276456341292
659.9181620093113
660.0888741692157
661.3649358495346
661.655792098788
663.7295302586414
665.456811303992
665.7404124971328
667.6438186888427
669.4305168452499
671.6095348088368
671.8078313734013
671.9793128908552
672.0822303921569
673.3722593547423
674.0137469343321
677.2779356564637
680.8734450244968
681.4591725485232
681.5826207083142
681.5998898569649
682.1846321809943
682.4906579548226
682.6217811447335
682.6482905991962
682.896186365513
684.1585292114682
684.3845413064449
686.3058402569675
686.3374782592089
686.5459769405227
687.0586946517589
688.2724649976693
688.5682119201596
690.4858839674996
692.2771174039581
693.0592960258375
694.2662050959138
694.3814491357698
694.7114756665303
694.9727801336901
695.0852559056468
695.1087417895925
695.392483661154
695.662071231568
704.9360527410073
704.9638864949262
705.4202107041609
705.6230703459344
705.6638185241634
705.997958386532
707.103953278136
707.1962116638897
707.4053323315012
708.092826811446
709.2076068911439
709.3996200185345
709.4204687956982
711.6848045263133
712.1803436983851
713.4014337402396
715.4683284786694
717.2442894598611
718.1349859174638
718.3762920826625
718.4185496760534
718.4914446578938
718.7267157517998
718.9017527569363
719.0610743355337
728.2300491049963
728.2475222633645
728.9025733219912
729.5297926159567
730.6854457480337
731.0177084754554
733.1833252320532
734.9671757682452
740.8412941778885
742.092485295459
742.6058860735675
752.5160205387413
752.5479203161084
752.5582214269016
753.5883154620822
754.9483020832057
755.3667519648276
756.8014564951807
759.0006175190281
761.1229970687103
762.6825610432462
764.7254873351469
766.7883526732418
767.3831934153976
776.6336700274866
777.9584082055833
778.9730391402818
781.2399226860628
783.3629933788111
783.3680935083812
785.1769541205178
786.8574345421997
789.1465350198846
789.253337645044
791.6614135148996
794.8125256323492
799.9270801537363
801.9069156397306
803.8499025723205
805.7801650946662
807.6385447104408
809.3926493309739
811.5082936300846
814.199949768326
849.4019473036907
923.2573815900131
961.3560444839793
980.4441705858612
1000.2214068885551
1019.7068087084618
1039.864658006877
1059.736542706132
1080.297909246748
1099.4854487601756
1100.549878312002
1141.0749528601953
1142.1432969853934
1163.4762229708817
1183.4377663076496
1184.5150668945257
1204.5808914199997
1206.2331804658934
1226.5827344444506
1227.6554348897394
1248.104600569687
1249.7891536903574
1270.510310609317
1271.5790253842003
1292.413124472627
1294.12598582527
1315.2335446396905
1316.2836802187073
1337.5207318942628
1338.3541194151007
1339.1887683313926
1360.6926060339006
1361.757624592124
1383.3781905417266
1384.2071711087606
1385.0645521372066
1406.9337978057827
1407.9991700496953
1408.6885166731317
1430.0042256643344
1430.8119489668643
1431.7103661421863
1453.9041895154126
1455.0581235925497
1478.3455478707458
1501.8442488889455
1525.6323981403175
1548.1524774782708
1549.6527664458022
1572.3714775893015
1594.8142617193662
