2.8918839630294526
3.8611811413017803
4.862679504879878
5.77274562205325
6.827156509197071
6.837780881968619
7.6147276048479835
7.713756445344355
8.805253563114068
8.81459613652033
9.56569282990235
9.671006514861004
10.769623816882211
10.77517981816447
10.784209280992574
11.489798886444005
11.540585679436273
11.638072397440409
12.633957123052774
12.735967419110441
12.759239221768699
13.49122193721032
13.600206012162255
13.623273262737447
14.556974194156167
14.59313928661146
14.705034458169958
14.73254928616284
15.428224477112472
15.555928822175996
15.628952241964578
16.019802804749837
16.51816480272686
16.563606458736935
16.694805064328513
16.97835984447459
17.501475759889274
17.630655334726303
18.01825791223032
18.486683440072095
18.536821000115115
18.64404891713629
18.853290756701902
18.95152815017465
19.44243365221314
19.6246582533763
19.88293956420707
20.02461174905873
20.456890816320627
20.512415848526324
20.844757443262978
20.93312119084878
21.62310398069939
21.837761335595275
22.031711203209102
22.122575877258576
22.33692395427271
22.43418765224792
22.835224136918626
22.919114963090387
23.22195713040643
23.693261983452537
23.807159360246867
24.054476478249995
24.12514723773835
24.30731686259396
24.815450036950168
24.90095824411271
25.182459038310174
25.763377747487322
25.8008615795751
26.05090056990153
26.129581315179202
26.224036271417187
26.692680678690774
26.8988132904494
26.95866927589879
27.158002931306733
27.73423737864803
27.797909551146038
28.512212133322993
28.562950230523235
28.910496591383797
29.013274254144996
29.155038887171628
29.597324688654243
29.794298310402326
29.841018777414988
30.16009858806117
30.74563011130161
30.883414000400947
31.069628231429633
31.08337712082669
31.35308395736599
31.528720315166392
31.799839483793505
31.84570328836519
32.295477055596415
32.85893070812709
32.93248121158639
33.03949470988467
33.67954528315103
33.83088092161197
33.856626238414286
34.210791154704694
34.29318506017213
34.614809628436085
34.781571527424525
34.894410822126844
35.01206285078696
35.599192517042084
35.85569830815058
35.96305283947826
36.296487546678165
36.477012155333206
36.65770205831055
36.981940767311606
37.0180849022023
37.541212269092085
37.56291328890165
37.88618700396207
38.2849598201507
38.32423678127453
38.56753237096504
38.949470997712424
39.14053275520109
39.523801463439376
39.84655613166952
40.03755196378749
40.30611550472066
40.506449282539954
40.773807706290164
40.78366136959583
41.144574318115815
41.25623293645434
41.50286978015405
42.314616187758276
42.39520032319984
42.470211712615836
42.68238918081887
43.096218331431736
43.14851969568577
43.46128174364904
43.60011089664829
44.36537310732435
44.411805997957586
44.42531215157597
44.49927100405218
44.87367901758242
45.25354405169194
45.39368738832228
45.79660582106201
46.3539360381902
46.42784165831605
46.81984470716866
46.91556566507159
47.138957826272744
47.23613315012618
47.71732955270842
47.75176713720717
48.00255521278221
48.323555575511094
48.41908232443486
48.5265985541372
49.28376109862388
49.42126890710034
49.71298754721357
49.798502204805324
50.00965946758559
50.19419745697157
50.41119879355782
50.540971756684094
51.02652649087693
51.4725702727306
51.664514020512634
51.73364225674231
51.997906849046466
52.03227107076969
52.12462597837717
52.292256348598414
53.00174788055219
53.42600242039041
53.638667534967446
54.02338060396686
54.251492465752115
54.56493629382047
54.653938633911395
54.76095990709257
55.39052212745662
55.47715802831215
55.550527840719695
56.02760669726957
56.03418547247153
56.09251874260437
56.59451586698733
56.945073283403936
57.18336420363553
57.34010236524764
57.37372656525253
57.53570662668034
57.86581243247949
58.0355875120498
58.06624627709675
58.777013141688315
59.253544327767464
59.31322541002782
59.48666271691498
59.54202558018775
59.91094521351101
60.043178657298235
60.212936709492084
60.42622873631221
60.665354837843466
61.15414784689816
61.445274256816624
61.48237676654817
62.04787850654626
62.414172730461
62.439153292476306
62.63571519667373
62.99472135546625
63.11589360849073
63.37319904592936
63.42700578838982
63.9828751472231
64.07800081758822
64.17519605762035
64.44349695991181
64.97800077922881
65.20590486654574
65.37258211339164
65.4334165426933
65.57545465934136
65.81403930785822
65.93566244861454
66.23785293093826
66.44970988573868
66.72621882840322
67.21663164761777
67.7966876890011
67.90000648533501
68.10664904710603
68.26445100633669
68.45820899774716
68.64406561170033
68.75110538867307
69.08176015051654
69.2348119904868
69.45794021434395
69.87004720410194
69.92358995132267
70.48776839491035
70.73670373704822
70.82062174172833
71.23600481186932
71.25793387946726
71.43145658702818
71.62249870931937
71.82936637998502
72.35408267605112
72.63793343607239
72.77076508653471
72.781947432324
73.24570478607234
73.57660591017158
73.66248475354541
74.17234609000135
74.65335501056651
74.7233153251306
74.75985605625968
75.04513004615433
75.07595493392712
75.24910345410115
75.29928342496392
75.52642634841379
76.42110069831733
76.70662788776738
77.28102532819727
77.4852828463965
77.59351792572531
77.71947317367172
78.00181539534786
78.04166607132643
78.07667017084155
78.41433486761971
78.42754673199578
78.66370561928035
79.25451136854781
79.44045716564396
79.9789180273934
79.99451790550276
80.4232672594373
80.50185114745071
80.61764544546786
80.79458394665448
81.12787401786792
81.31972318130796
81.85523986812692
81.95922078282796
82.3346798865895
82.4101264475172
82.45529653382751
82.96190139467501
83.75902770939378
83.92114530673743
83.9395399622175
84.00312820203916
84.4578407049908
84.54602138593367
84.8383897221154
85.11468995083344
85.32203597055886
85.64757033124584
85.68145172187069
85.87662003263007
86.00939623691974
86.6235012292375
86.83311771922239
87.45746770189612
87.5981865359513
87.66219506950733
87.70991217518336
88.0118069533089
88.01980849050294
88.169948821413
88.6156482364866
89.04769128931916
89.5548190545786
89.57096565201516
89.83211306156444
90.02169077573114
90.76386293174417
90.84723551939473
91.51620336056973
91.53357921715431
91.76653046933916
91.88774811683783
91.96572104428134
92.02337350017652
92.06908340765231
93.24792167736592
93.48583832134024
93.64211084387951
93.9191433826469
93.97256783664332
94.19654076788709
94.49919693288504
94.68463399345161
94.72012634028643
95.3222711038772
95.59061580388087
95.64421520436564
95.97782682578799
96.26247218662262
96.39233424887476
96.62566356175645
96.90553477435857
97.16788489103031
97.55615575767412
97.96772862146214
97.99835192400626
98.08915424614617
98.59767324333293
98.85882365452082
99.34751617916132
99.51327634247404
99.52224132641226
99.61112792112255
99.93057290834147
100.01982700559624
100.14103145270693
100.31953298756397
101.17985951129586
101.47833762301754
101.72307866779356
102.0219773476524
102.15483941296029
102.29336803150039
102.3301679218867
102.46711031688322
102.76244997521248
102.80644786403568
103.11485099806113
103.31414706971164
103.38682053105263
103.97275937039097
104.3319181790217
104.59062191443437
104.87231848753764
105.15953273874327
105.61459436140775
105.65191588440345
105.84395711276014
105.93628750745093
106.33885627684626
106.38093172704451
106.47877791590776
107.26007654944071
107.33742322202441
107.58079048846707
107.90716516471609
108.01860021252357
108.37141618590815
108.40680148909026
109.06278006889809
109.33857818361933
109.857743465493
110.05720097494087
110.24013913131967
110.34602460938294
110.52238982838077
110.53499617318234
110.74005521740976
110.79244837781626
111.07039978041603
111.63275587625512
111.6921183251979
111.99845336575831
112.2111073583571
112.73960143352399
112.94457881328461
113.07424644972393
113.30116429142755
113.45289652305837
113.53476969338887
113.61586860016466
114.36439510265224
114.70327079581642
114.8142228415165
114.88873644792218
115.08187146607484
115.26978459484504
115.69540569955988
115.76603006658691
115.94852330788292
116.67387631827913
117.11220142424386
117.25570101934488
117.3625073745977
117.95604892490189
118.15713483653494
118.19562660901993
118.41160345657143
118.62667700906124
118.6717088433379
118.95451023624861
119.09255403757565
119.26857737452588
119.68084621721869
119.94579359363695
120.20222636130917
120.45923259330642
120.53074747014028
121.44432235530113
121.68753882833929
121.89574726396098
121.99480048575745
122.2060988889566
122.30464466992846
122.66762046692406
122.88150831989742
123.06524844384458
123.8583919900658
124.21344699839898
124.45257845898081
124.52413954158216
124.70127808496196
124.82542072308767
125.07906959869057
125.71836463749011
125.82813345980782
125.9595480429389
126.19186599713363
126.24819966558344
127.43017817898384
127.6289230022656
127.775129556164
127.83581567425782
128.04200906553876
128.2101015971836
129.4875818428598
129.61090739900533
129.72571406528596
129.8348962966779
130.73376294795492
130.8198120280539
130.88418970253784
131.22696931685627
131.42676260398778
131.43671190001015
131.44405309801573
131.49018963849775
131.73092806679156
132.23491447166697
133.39963484652617
133.59346405629665
133.7321287100986
133.81100281609815
133.85304919877126
134.34151179522715
134.48884242065364
134.80425777907007
135.31313386626888
135.36934271795843
135.49811381844597
135.765976961257
135.92798514423853
136.19943178316973
136.55098928474308
136.5970077797789
136.96067503146529
137.3239514712924
137.62773245761608
137.91790564512632
138.1857144855201
138.61349128966626
138.7328231598508
139.1534117191037
139.24134677236967
139.41692452304991
139.63516538310392
139.8368706027834
139.8935568548287
139.9954748265829
140.58977767778848
140.99648153278216
141.2125127168336
141.36685270224902
141.6400066143449
141.80308232394597
142.09521450397628
142.90906974454316
143.1009884136143
143.14384241816262
143.3281677349491
143.3783651368445
143.63536378918718
143.65904801760087
144.3548016581452
144.5658505242875
144.6455641497739
144.8361364828275
145.29970787855666
145.49181549110602
145.67548617953105
146.12956269663778
146.28123686550367
146.4823775487584
147.25280838395216
147.75976115781464
147.82843868157133
147.86900078630936
147.92685512072302
148.01515950067704
149.06045400413896
149.09059099577215
149.46139676335974
149.67188808898277
149.73373620897382
149.92196335805073
149.93530845002255
150.10486336489052
150.25589044921622
150.27039188493555
150.90090928673752
150.92821385558506
151.68331448412056
151.9387974352939
152.26943583479294
152.61893309114646
152.79179114858715
153.03217274512622
153.15180174591273
153.18416031447512
153.30354179180685
153.3189633587596
153.64661874608558
153.9233732498462
153.94572003330728
154.1486236751774
154.3125568641852
155.57484439182682
155.61771755942175
155.96953020292142
156.0631999650883
156.2541397135806
156.393931040741
157.1678893724665
157.30748503658825
157.56872480336617
157.67751124429327
158.12654434020797
158.5831694184041
158.61436161506956
158.86480743647638
159.15826586064887
159.31034772605412
159.39654238703363
159.40012343529827
160.31644882854889
160.43810872446693
160.55990783900648
160.622471754855
161.10203356291598
161.24005055708426
161.60225606211205
161.82648063221123
162.38761184071797
162.4529844854505
162.62665171321703
162.696923374061
163.10293599692557
163.35170407562396
163.44521218890185
163.61390269788134
164.05941157499637
164.31987609052842
164.35158735311836
164.63271334073363
164.67007269069143
165.10392360222696
166.32025060510273
166.3731139104335
166.65614684293848
166.68348240348737
166.72951681451363
167.2398137871467
167.81600383360552
167.9175543016373
168.14337227237522
168.27361099097786
168.3799949123869
168.8136174696065
169.51764303633666
169.68914965681074
169.71140398887758
170.10235082925155
170.31570402260908
171.24585924005046
171.47511205816267
171.53098633750662
171.6982430659586
171.7505824214608
171.94412003677522
171.9974985545236
172.37718786295227
173.3174180071393
173.452765114054
173.48057008881403
173.7035696928361
174.07279566897287
174.30432769550535
174.34753458739377
174.38372438112168
174.79872741358676
175.4435809786998
175.70906020509457
175.91408843709846
176.640293225606
176.6955153112364
177.07606488462565
177.3657638627663
177.417701988747
177.5628042158297
177.6789486104597
177.74157413580613
178.29165873678025
179.36643878344407
179.88899105574316
180.2093688537701
180.41579261886577
180.61613109308448
180.82115479501752
180.99934069894547
181.19910145590762
181.90100642709166
181.98587321823283
182.07571511604922
182.32514191248475
183.01052502810933
183.03424285633224
183.16593459815718
183.59361509619035
183.66807830805598
183.8128889675535
183.94649969648964
184.1399889063801
184.22740415679004
184.36652504538912
184.95889061370136
185.039169569047
185.12504325010178
185.16954028669286
185.40105884795994
185.50373455021008
186.9235680555989
186.9706787618107
187.17439478710568
187.46108287017046
187.6075371610843
188.16737864471122
188.2504814549589
188.46600063148765
188.87106271690922
188.89680959557236
189.2042319974185
189.48357072136952
190.03109950964958
190.3285268686867
190.8464547973637
191.10005169756724
191.35172339761746
191.51053355688074
192.07043161230425
192.25400740748154
192.28609897676102
192.67603106220926
192.77358748741298
193.01074366701766
193.05840022753827
193.43395895970448
193.6978609457193
193.79043981011
194.3211501345537
194.48700419322014
194.51848204967172
194.68730217975477
194.878925957891
195.01963481928138
195.23669934630763
196.11587057916446
196.53064447847404
196.5920302459938
196.82772968524552
196.87477550425012
197.02338294280793
197.04154036807287
197.67462965169855
197.9236441366914
198.791687504283
199.02800129381149
199.3405434097466
199.5563779896067
199.6548224316639
199.92423272472607
200.04104992599838
200.48918897956042
200.5540610104593
200.58959063403546
200.6643681561407
200.76265725764716
201.0575093136551
201.11906581862064
202.26127713852702
202.71447659133378
202.95066934919265
202.98551229423396
203.2105115624271
203.5361096909224
203.87071734389698
203.9840894882502
204.23141279283004
204.5437952005658
205.2536339709829
206.3816601540556
206.58446727897652
206.71116885313882
206.77736427313732
207.076717229608
207.13480650831437
207.263102367278
207.58050170507875
208.18438872649534
208.44709400188762
208.6333935009721
208.73857623235003
208.77093475940617
209.08445585608308
209.2666743714576
209.43134342043828
210.18965395916902
210.34897686997877
210.65901878881277
210.84375367884758
211.04747885229224
211.20602603024298
211.27078706452605
211.5189275454967
211.77650742530915
211.8261756486998
212.02608305978782
213.01789923773225
213.30010340633453
214.05101119131382
214.17342367469269
214.68557251331606
214.855039671776
214.9644113175495
214.9742023457731
215.3176905511172
215.4224422682002
216.79819134610705
216.86046246157963
217.19151520513415
217.63166575509678
218.0481394750927
218.5859389254722
218.63728320842927
219.72442182470456
219.7787220756079
219.7942611582716
219.8951660098092
220.24677661170273
220.69422150875934
220.99376098466692
221.15375099056547
221.72830943584881
221.76236287631903
221.89835411370495
222.70891471876024
223.65171054759222
223.6912888013181
223.76753264003307
223.879879443101
223.9042175360948
224.02148501432188
224.2368239290553
224.63745989364742
225.53334374858898
225.66205410167237
225.7766241958039
225.9317710362865
226.06541386079564
227.1123173597013
227.20716858418808
227.35030609210148
227.60888496175033
227.64688838712533
227.7108191189713
227.91684565125692
228.0817549816438
228.1170773837571
229.4442503008878
229.74607767081324
230.84232456812495
230.90575171787026
231.19733520269287
231.28059205428903
231.50210014369392
231.67340187965794
232.09033152641777
232.11946330589913
232.2399180736013
232.70618497173538
232.8105428132266
232.91590382077894
233.2222742465579
233.63361246519938
233.73446241465504
233.9444631428374
234.76059410907973
234.91755092039978
234.96426104252595
235.10957082171234
236.31236181015734
236.41912401946766
236.65058982413365
236.72593789121183
236.92307414422282
236.95554488737505
237.2656790633587
237.40434045257152
238.1006636829382
238.6943310118678
238.94882957450832
239.1882006872638
239.45530283141397
239.58753767388566
239.75999590051177
240.05525520046115
240.16800250852336
240.27057233958243
240.64813096860357
240.95604242416985
241.1023517443868
242.29734980960825
242.4757102748804
242.51814671131208
242.85171739359046
243.0776793970284
243.17505217688554
243.47955385888739
243.5449763348436
243.71185137002695
244.30879053878184
244.3233193527043
244.39522239754427
244.70833449782276
246.04499800679662
246.17401981969144
246.23074292504242
246.24362863941624
246.3249593290807
246.35105140856297
246.66531405218635
246.78326271884802
247.60917197896828
248.18084134983513
248.32788877324901
248.44064823586203
248.74527123078087
249.13340898201997
249.44901612875734
249.64896115099768
250.13644486578258
250.14721683700117
250.33236188579534
250.5478737294135
250.8050758958752
251.98707721883667
252.11447630138233
252.12826319749163
252.36029707444087
252.79179526108996
253.28824395195437
253.58454693240392
253.80610140038996
254.0687546796232
254.51078155979178
255.31785572454544
255.36503525630016
255.53612534784202
255.59065551535815
255.89683230363767
256.0363665000981
256.5183910030135
257.0105540804991
257.18077509288264
257.69422425661384
257.73327978218333
258.1123783339628
258.18173916316
259.168058178858
259.7600372456759
260.03842970211747
260.0829342544955
260.12555521326243
260.6411283351543
261.3797265736391
261.5642494233547
261.95532697167084
261.98967492271197
262.12590426179577
262.3063597150307
262.41090953393785
262.5945968144251
262.86897177391927
263.0832810424301
263.95320402598554
264.13004896580344
264.130699862749
265.15335610449443
265.3196581424674
265.51397276467884
265.9233082229904
266.154640483571
266.21485554187
266.2651253243464
266.6071598860604
266.6962856363779
267.8365517486194
267.87770853748884
267.9112864056935
267.97851917975674
268.3083499968861
269.49752761138956
269.7002315566859
269.70928942029036
269.93996863797594
270.0432707947278
270.2703443153636
271.5418539867523
273.172178069243
273.327641364325
273.55856528422294
273.6265621677612
273.8906221776474
274.0397705478389
274.0635304902605
274.23515084159675
274.3119852526989
274.6668002972964
275.16541326674565
275.17670927146526
275.3497050860576
275.89208217253423
276.18619223143224
276.3126314393084
276.67564283056595
276.8523258544206
276.8816980786104
277.0400517524864
277.1996646554886
278.15038854665323
278.31640397543237
278.57522411868626
279.0224323528619
279.99174610382977
280.0400989424063
280.1214769302696
280.34445992403073
280.47331429754064
281.01026073215763
281.3835233379199
281.75059595765947
281.91708953918834
282.0749843183915
282.4940939523301
283.4269857087781
283.51264658279666
283.75346463179307
283.902788943745
284.53366309227187
285.17616988051645
285.73740724114884
285.7448479822954
286.48943723223135
286.80244959842383
287.07243761886605
287.31649613795696
287.74433780944867
287.87396707128516
288.08626279870793
288.15556048111216
288.7473978339948
288.8193613344844
288.88831846921767
288.98256980848987
289.4385555134217
289.8261605116991
290.5152435438897
290.7708035129381
290.8479588031608
290.85756568082604
290.8802747481703
290.89280454779635
291.06924701440806
292.3824581874715
292.735881619627
292.89172784068995
293.4582033937101
293.51120169272644
293.92442107223445
294.221433755572
294.43353939862345
294.53718289951786
294.67647087018946
294.7103540493038
294.9193807169847
295.77272254722806
296.5205399600451
296.65823702870154
296.67586623859796
297.0683420220897
297.28572935872677
297.45056475270286
297.66924480169615
297.9476536062194
298.48805930969036
298.5818642443568
298.71910001987527
299.6546605908885
300.32423033918656
300.34639849203205
300.49180855840837
302.0669937515448
302.15823336077426
302.3248382174277
302.4344330262938
302.56302088977526
302.6699420227663
303.76824491663257
303.79199887032473
303.85354471353315
303.8629129770302
305.45623762685256
305.64367310567997
305.7454049407826
305.8183768286244
305.8529766893797
306.58148333434815
306.7823812557083
306.9385179631126
307.56667026414925
307.70934868833564
307.85561130155884
307.98911367158337
308.24830520623993
308.8065353396379
309.17429208941525
309.25254190882555
309.6808506613252
309.88268196148033
310.04177663502014
310.13317487241744
310.80292490156353
311.4837589039274
311.5569435022993
311.63487889665356
312.0320103858126
312.53374584808273
313.46306968395845
313.7653264937359
314.2993583798275
314.4841343325076
314.81598761295743
315.17392339316774
315.29847122884115
316.65277084310134
316.755957759297
317.2894634948859
317.6408327069384
317.73714888510216
317.9303377274942
318.47340873615127
319.1520706465198
319.2083716368518
320.4283412867961
320.6084565397383
320.7473858075367
320.98609279482747
321.0621414221304
321.10669889141013
321.1659580989734
321.2066232969999
322.4235053197611
323.0715633672522
323.108236043185
323.20818812749553
323.4083826156347
323.7796657463472
323.8295261673664
324.21491325015535
325.0435396402117
325.23486181304014
326.0662746604831
326.9968334296336
327.2516091291865
327.38273532935153
327.5078459179568
327.56883144880067
328.2538478937562
328.500741672158
328.575451642005
328.5938345464464
328.82487465156555
329.27461863947764
330.6597665272224
330.963118667086
331.2486098447588
331.36836265879015
331.51559693468283
331.6296310812743
332.64152080746305
333.00534895447583
333.33636886934033
334.79362658817115
334.90001518026963
334.9423768468049
334.9529959039532
335.78864301836217
335.9613707716946
336.13947317322766
336.2762041719567
336.52295669895426
336.85670635224795
336.94753554455457
337.0190509014716
338.822183904644
338.94908591169667
339.1432053504382
339.2948131367725
339.565970189623
340.1096173779992
340.27387975495174
340.79402403018855
340.97505543214083
341.03853253376093
341.2742885319797
341.7745009502423
342.4045908323192
342.74357819842385
342.75881879253706
342.8748707310344
343.08695267413964
343.24235867377917
344.57558238963645
344.9212792000548
345.5471752567631
346.0123645663082
346.3272538862036
346.4104966991757
346.9917768683708
348.38629100764746
348.7543332541593
348.98980801161616
349.36119261062476
349.5231074212736
349.6520446964049
350.4019717925942
351.03573165995607
351.0857350961707
351.1444203264233
351.49750951613703
351.54084440983803
351.70657909132797
351.8284136439329
351.99274860439186
352.9954081935931
353.0783739738708
353.53806476787696
353.6983877501221
354.8927851315315
354.95157805086563
354.96288996305344
355.0799005154007
355.0995156712785
355.30586995060696
355.90302942292413
356.36030020843555
356.40223541832734
356.59595305938507
356.933366043059
357.1052211802024
358.0330514893792
358.13477476632727
358.60998653670737
358.6230049052683
358.70662100323426
358.83727992893824
358.88765027540205
359.2543063187402
359.3463033640949
360.7143998503783
361.68245677377763
361.69847645583707
362.5497026080963
362.7424281890809
362.84570909151745
363.5597275933535
364.21527229213086
364.5005220533776
364.5159136839634
364.58603437200674
364.8921511670529
366.1955249646404
367.24949361456237
367.3370751891607
367.3946666773319
367.51243717780847
367.5589083016749
367.60580492903864
367.6111110427591
367.67692789494436
367.8374293381206
368.4734682578048
368.95715742474135
369.521671842121
369.5978203912598
369.7480152154514
371.03401498203965
371.1756631303977
371.3251278055264
371.48974960734233
371.5982112662337
372.15232555773895
372.33336785968373
372.78666883871045
373.01971629494307
373.41400045892095
373.46122457649244
373.62324889554293
374.7561402702534
374.78679449672705
375.1597316002917
375.41463353117274
375.47579378036147
375.7718275602175
376.6564432492288
376.8771157809352
377.2429574513765
377.43788296187205
378.5549866012826
378.8816975698274
379.07725395741795
379.1671990876197
379.2422042707135
379.8622376695986
381.4188692328621
381.6909970423329
382.15162620245576
382.4855297321907
383.11883712233487
383.3923248048728
384.2002817730619
384.47010302105224
384.52145572749487
384.75249896375425
386.14975690880993
386.2011826377199
386.43650165193463
386.5061826614809
386.6910186297167
387.55251689370675
387.56282238745365
387.9354710032232
387.95005749232865
388.29123803848665
388.4044730159238
388.50546637378267
389.16399997194367
389.9102298471424
390.37804709332465
390.52966497543315
390.8509272563234
391.2898183555061
392.33286689804345
392.66911266708416
392.6779278862499
393.57669035397674
393.907974219244
394.136999725013
394.1593792415675
395.40602066843053
395.57126507116936
395.645071883105
395.99342217132
396.0658454956898
396.2581796140145
398.33400827472303
399.24624222505776
399.27383598919374
399.91975393547744
400.37986080964095
400.949688580271
401.1125180738396
401.25674956392794
401.27623982168274
401.4800526394585
401.61605453201037
401.768293581597
401.82344210359497
402.4316699857169
402.5534266772257
403.2960254222017
403.7392705616069
403.8034715017692
404.47841656017937
404.8093753971988
405.2972760447138
405.41364197814596
405.70876266519895
405.80113385458094
406.25986331697106
407.6824872268311
407.82445840659597
408.2071546408366
409.4895555902913
409.6377934096754
409.6519361474169
409.9721585029779
410.1014618693389
410.2237941464958
410.47756161884433
411.27794413058155
411.4643725880235
411.7418076726119
412.32558699400346
412.4348482092569
413.29498882055105
413.3383424629477
414.4443705636319
414.93567451300214
415.63783325569864
415.77203791205955
416.83509197306137
417.22013692761135
417.86139435366624
418.41550329980026
418.56050578012304
418.57227036816573
419.45407440547626
419.51460373411845
420.21867355970625
420.3682821711452
420.54792286788376
421.4299736842152
421.48962853388826
421.72563344253894
421.7791009778345
421.84746473134
421.99101378401986
422.14947609267506
423.39456279437246
423.40465963226256
423.4853444157877
424.88552311620293
425.2213049872943
425.37573975740963
425.500749442172
425.5168784232336
425.7518503522379
426.6074487459785
427.01224052727235
427.33206492324535
427.65493546638777
428.20219405703955
428.28074980358065
429.1578158692638
429.6284037590528
429.7274046209201
429.9589368426243
430.99092857911586
431.1092019923804
431.3284278221485
432.6886683082636
433.32918977055374
433.35744521395185
433.5221566748067
433.80692640733827
434.1360691177135
435.0573053611953
435.94008085493147
436.10319468303015
436.1160881472571
436.2469352713972
437.459046328932
437.5277445509074
437.59465534210926
438.74054206473267
438.7633005404989
439.0322442564242
439.47494732346183
439.5083386130164
439.5652314028804
439.8284557446755
439.90691439415156
441.23290653666356
441.336472611568
441.4817785905101
441.5577829830665
442.254031273587
442.4250296044777
443.2009261917726
443.4572966325517
443.57890475110395
443.864562210043
444.30557047244054
445.096814838839
445.17634951198966
445.41289529105575
445.7251302587782
445.81437827998064
447.23879195873207
447.31263614211923
447.50422332802634
449.07217056349646
449.7221018048231
449.7892551172679
449.9289566185049
450.3098588467054
451.41020879787663
451.4822527575128
451.57827926737593
451.82667713343807
452.04292615391967
453.97402292545024
454.1785129491821
454.31784693154873
455.1790136451289
455.5367002012915
455.98873598828106
456.0427790022659
456.0633645226643
456.6980348755375
456.805358983334
457.5557213886745
457.9451331655193
457.97383973960694
458.0287319550453
458.54350506489686
458.62252306690743
459.189875884368
459.9503373678937
460.0180304939886
460.8828513598356
461.0983731541125
461.27311607344507
461.6965155596081
461.9166110538144
461.93170259596786
462.0272264045548
462.04012851152635
462.5027173371384
463.7629078802994
463.8825034770411
464.18253069705963
465.3729726886125
465.64395691049293
465.70815359515274
466.2569439259469
466.92842577441047
467.5399656937874
467.58260761808856
468.61825307726133
469.2841794483225
469.8716539874771
469.8801705604986
469.98935235417946
471.005465757444
471.93651373354754
472.41063821292937
472.64531218702825
472.77590814087193
473.76507894542016
474.75499880245167
474.8371043712206
474.91993922301873
475.1075524987974
476.0036659766089
476.33856786008545
476.6483063654704
476.8260572821703
476.8805821253254
477.27559927740253
477.472757506813
478.06738813085946
478.8057159252723
478.8645384859855
479.7292334415372
479.99558505787957
480.07968400848006
480.7859716841389
480.88049795914696
481.3713025390275
482.73774531874983
483.23511331768213
483.4186713077977
483.6304390019732
483.9222892176397
484.1389416807626
484.30011841664316
484.56189873767954
485.77840136607614
486.3854514963702
487.08738521015374
487.35159567420965
488.2461222901926
488.43560426263
488.6010515482437
488.7197900497649
491.53629862953835
491.64000093752713
491.71594346186095
492.06687610446454
492.2069119546088
493.25914613504574
493.8437644317684
494.0712078895877
494.15203895604856
494.16346437895453
494.71733042381135
494.9117682166784
494.9921000079197
495.20838309660365
495.5036282329069
496.06356233250403
496.11760926750713
498.04857577596647
498.08981136585317
498.3476414760206
498.5718138184482
498.7387642192573
498.84031983713453
499.392090873664
499.7803531144791
500.03315203260917
500.1067025651073
500.64401803712576
501.1296108575701
501.90209177401147
501.97537927067253
502.72595744076193
503.62483109013897
503.75040290607825
503.7961505834937
503.89486320755134
504.1684291689834
505.0467030749443
505.39863225615414
505.6454091545575
505.9611897344198
507.29998893836944
508.0064082779305
509.34663786166806
509.88375975176893
510.40842741797826
510.57131233228506
510.8082488986303
510.83444757583175
511.1127530981083
512.1356959393049
512.3442053316687
513.0332817173755
513.6841981830662
513.7866528695872
513.8149683032523
513.9697175054196
514.0867752884003
514.2198150824258
514.2714635130052
514.5013647212644
514.6061186321531
515.6732476912749
515.7346867121643
516.057927268462
516.1665323944225
516.7069302324647
517.3765508633629
517.6728760098857
517.6989873928327
517.8610693693108
518.2536575189666
518.2930002308798
518.4482449375147
518.6055969856237
518.9690075829192
519.2642144783672
519.6705528584738
519.7285834924446
520.0458867410124
520.8168880424864
521.6153632210362
521.8901582411958
521.9979146085858
523.1195014363218
523.2073737083628
523.497429576136
525.2879821869286
525.3263788146024
526.3688254884746
526.4770013385955
526.7645419951468
526.9723859931439
527.3181109745823
527.5320333571315
527.7087878354502
528.0596647109638
528.0918213121511
529.148018858437
530.3856149731473
530.4464929442852
530.7552037906785
530.9910218336955
531.3362042540027
531.4385087897564
531.6849895546554
531.852164739299
531.864418337743
532.2062615233112
532.4157449943474
533.2115212750658
533.2525473144195
533.6998760388126
533.7272158734029
533.8060353666727
533.9487173581573
534.6926708384879
535.5259772183919
535.6154296517714
535.7175698946766
535.7414795560328
535.9862462792751
536.3463574068359
536.8031663364804
537.5009988657829
537.6707270704453
537.7448392405288
538.0203734417072
538.4437751873269
538.7188776551995
538.9433254795343
539.6977746248692
539.7674236779268
541.1436729489975
541.3850027302826
541.5463398373479
541.5922499454473
541.8038696306726
541.9705280923366
542.2209090381359
542.4292808766822
542.5498747668248
543.3324469607362
543.4910954398958
545.3759860305196
545.5593305501803
545.7306645465553
545.7829319424347
546.1057085849237
547.3945643291614
547.7051399663844
548.2670927944822
548.4324059775703
548.7731871418488
549.7070316530177
550.3716900320537
550.5995649961118
550.7599381903137
551.0473898921974
551.233951567629
552.7323529271729
553.366706685754
553.8101029458574
554.091867877186
554.1312215498368
554.1643329205124
554.3161590576223
554.7531649002033
554.961687800867
555.227486273473
555.5445381857882
555.6484920537672
556.1093687542243
556.2561190175525
556.2942132958678
557.5191194516979
558.0882795673285
558.1885711938677
558.2426971555262
558.353403971044
559.1630238189191
559.5602761328372
559.6627212082077
559.8238129373523
560.0729097065345
560.1013385382936
560.2241283729131
560.4335853169059
561.3284267567154
561.7421632534223
561.9050679191504
562.0029517541642
562.155808429971
563.4225503373967
563.582598349703
563.8836733987082
564.2829286908566
565.0511557322046
565.3468967000932
565.7393894670106
565.9093782268908
566.3123625614903
567.6829569644505
568.0538426325076
568.7524610328794
568.9603964957516
569.7005375335314
570.0421235885893
570.0581115276499
570.8204120369645
570.8954445849167
571.3523934895835
571.7381488809965
572.0624482178831
572.5595883370738
572.6091401576481
572.7056218680874
573.6560510908618
573.6641934753515
573.8086130516147
574.1923988163588
574.2081643416205
574.43597990383
574.608185628082
574.9602869676676
575.1214653709832
575.8518399387274
576.0897828674591
576.364779211966
576.4986732055188
576.6462704544294
576.8962484899818
577.0850813290933
577.5522489649818
577.8951480810962
578.2525506721428
578.2764223818376
578.491376585747
578.9167352491825
579.012324875834
579.9175664924313
580.029020868291
580.6255990431588
580.9314804778859
581.0012219916551
582.2691426155542
582.4692392879267
582.8656183090168
582.9416277902269
583.1720615971526
583.6998938342426
583.9439723006296
584.0634348127221
584.2877328520876
584.4028391926396
584.7087083177092
584.8358886301563
586.4580919089994
586.617514489466
587.4930834486585
587.5977954954967
588.1419232554366
588.1709304109111
588.8922453488138
589.0373112168267
589.3783440229395
591.5881865516353
591.6305368255644
591.6859548529139
591.8889492792363
592.2033209193969
592.2743420401794
592.9552731040828
593.3922712834296
594.5642161920637
594.7269942450838
594.9706866023428
595.1680094722783
595.9756788846573
596.1435488107442
596.4118757167859
596.7644365253634
596.8145477471809
597.1715156673122
597.2271783248925
597.5410925028609
597.706200176871
598.0884993026207
598.2000237384109
598.5340158148384
598.7175826516888
598.9421479483462
599.2733649787884
599.971933057911
600.0533530979837
600.1001543715414
600.3250725016735
600.5014096889369
600.9385799399054
601.16627742725
601.598433765796
601.662473773664
601.7931415404893
602.1417335750743
602.188783084747
602.5404832616954
602.5842636583167
602.8312949986181
604.0590519589981
604.1569290499973
604.1678075456541
604.3881397406448
605.7871658008117
605.7999902568338
605.9722172995639
607.0448560998849
607.0767086627702
607.4407158076992
607.7001187453061
607.8748176372436
608.5590403944537
608.5899590269145
609.1706252757178
610.0910308851295
610.6059604256747
611.1047758336002
611.1573772364097
612.2692381616373
612.2962186460059
612.5835869068578
612.8527357085259
613.1499593921991
614.3470925920037
614.9721245917337
615.4172734005041
615.63953887229
616.2408352572289
616.2547129795081
616.3347953022868
616.3850099878675
616.5462827118259
617.2223571881822
617.2677561174069
617.3472840630441
617.5954907579277
617.7538921310706
617.7985482796746
617.875497626789
618.0828517990631
618.2734620257546
619.5024721795673
619.6175240030784
619.8553759630698
619.9156338174338
620.2999265312801
620.4372505396798
620.5030689726008
620.5313094763817
621.2831320188662
621.3544910240164
621.697680936705
621.8549855471728
621.9707446994894
622.0238800453748
623.6737998992083
623.7301740474643
624.2572119178113
624.3609456821129
624.4087367541838
624.9337100214161
625.0386121799179
625.1361436342528
625.4913338864009
625.8200637778672
626.4931870269598
627.0761549723811
627.3123991181951
627.7542376650725
628.6346390151618
629.0506360706652
629.150169916897
629.3125990493927
629.4517571339151
629.8271563610283
630.3497226849249
630.5186179998398
631.2552731233759
631.5486148693867
631.7359448870109
631.9376456489188
632.4458375194802
633.5309607005454
634.2951802600919
634.363897289472
634.7078264448697
635.7844951263345
636.0054044194526
636.6414546817517
637.3228906142571
637.7857854468784
637.9526504809728
638.5503410475482
638.6739609057767
638.7995976739065
639.084843716113
639.9440292760647
640.0380099178863
640.66610548959
640.7249712001823
641.3148959964886
641.3316588080195
641.434163501363
641.4744323308717
641.7246440790218
641.8971446084322
642.1201680676671
642.6700023325758
643.1507230938187
643.7149382882893
643.8225398490966
644.5381070014342
644.674799827629
645.5486917197537
645.7984497332326
645.939173266162
646.056974277624
646.5568114720477
647.2120393054685
647.6888199252203
648.0828778459112
649.4770261244851
649.893178818942
649.9116198531589
650.0085683126231
650.2798898653884
651.4559697075663
651.5198107451678
653.1327918043095
653.5032097017942
653.7755009243274
654.106881707079
654.7200957351768
655.1255115606201
656.3041014950907
656.6059540315589
657.468175647764
659.7612718232655
659.7977314690689
659.9105164888078
659.9882370358641
660.0634791537125
660.091157111379
660.3021383040144
660.5161817061155
661.4210497654086
661.7873863984859
661.944110554236
662.1479238491656
662.1766290931199
662.3159103993336
662.4048522593718
662.495398269992
662.5330348597734
662.6786112045072
663.1015407022694
663.4591647975615
663.6809427900183
663.8876306736422
663.967651463268
664.2359829850866
664.4053910287712
665.8849796778477
665.9171779228267
666.219342416039
666.250163352648
666.5272504607786
667.1711799852009
667.6393392986834
668.0024887606181
668.2066280722476
668.3699894272297
668.5851115199562
669.6787786224141
669.9000674686102
670.0981786337975
670.3257679806026
670.9174968468708
670.9947671545419
671.0848700529816
671.9526954837532
672.2102236872514
672.2290696322876
672.5625283395241
673.3644326961786
673.707242352134
673.8983330284892
673.969341752273
674.7170191882357
675.9735971749401
676.5611571617693
678.661405472235
678.8544962337323
678.8721410222913
680.3774121508225
680.5270359788045
681.5587555620115
682.3361216986705
682.3439907483698
682.4979778644046
684.1617959249388
684.8645191804054
684.9787762030778
685.0362302504908
685.4245141168798
685.5325609406813
686.1068204819394
686.2723089273186
686.3440619476786
686.4186249117333
686.6555570979026
686.8183574478829
687.0546654184722
687.3013611733203
688.1251463107761
688.5469748889667
688.8449220170494
689.0099767832314
690.0019516848204
690.0887639032183
690.4037088461902
690.4362695318883
690.7390621269188
690.8699138323199
690.9785486697585
691.1018089550063
691.4979380071227
691.765253975425
693.0644970543085
693.190515714521
693.5521468236482
694.4148807300642
694.4657694154445
694.6371026690574
694.900436321582
694.998762433816
695.3939623912851
695.642108252256
696.5960358346339
696.7881616700452
698.1767158785337
698.7818523739754
699.0015462879933
699.0849124535958
699.4939023875647
700.296594261539
700.5885190598699
701.5630810462724
701.7259741417889
702.1220478056447
703.848018241642
704.7114872254793
705.0763053065863
705.4216537390867
706.0269347975062
706.5382404307941
707.1002347061501
707.2638282954331
707.9533329943697
708.2153321749064
708.2673111361983
708.8347851386002
708.8386385269733
708.9000652244041
709.1604693863605
710.0360243030257
710.1238455950449
710.4516410604149
711.2809828427635
711.7827475544021
712.0513211260412
712.5886936204025
712.9304446342541
712.9920488746106
713.3741071889791
713.556573051466
713.8221677675896
714.0686772261384
714.2900943315358
714.6280256015172
715.912236582473
716.0306579255936
716.6527149271881
717.3372927383945
717.9024865463738
719.7440716970457
721.5758752822467
721.9048837806563
722.2750087704412
722.340691978806
722.5136720323394
722.9824313344795
724.6063852707609
724.8873007509519
725.3859915962194
725.4792533397563
727.6225330345994
729.5318372486747
729.8010213923997
731.6057675035545
731.6486641608477
731.7049759201203
731.9163756103826
732.2523417433082
732.4713706502766
732.8114087936501
733.2822689693704
733.3156099080644
733.4586437959316
733.5621654986118
733.7079953408789
734.0376689461552
735.4167300368033
735.8426810024196
736.2190808697237
736.7538909132631
737.0144586950969
737.6507092403908
738.6376314343976
739.2816886285317
739.57843731993
739.6211904289255
739.8908511543934
740.6573284285131
741.4209978116145
741.7485701602413
743.1765631448114
743.3723637848378
744.1390441192776
744.6081095080074
745.5451521467241
745.7462440236256
745.8747371255771
747.3932848279968
748.4621383477977
750.7944996930701
751.6447351653413
752.6612391514471
753.513048492814
755.1583713196202
755.3107774680346
755.5718067236265
755.9035882307862
756.4557587211658
756.5339883218136
756.6929549491819
757.5176876860531
757.8964741568988
759.5495143666342
759.6487224937189
759.7861091752859
761.0303611815974
761.6313334473183
762.2286959086756
762.7572138181455
763.5454353201017
763.6874297514174
764.1238238685567
764.3530396047646
764.5613505587927
765.4170896238237
767.1444291066765
767.386032091666
768.9024142428798
769.5931860464418
769.881826041225
772.4221216585994
774.2315513120836
775.3722387250315
775.5302998708495
775.9172806003402
777.9000815679151
779.4047160765209
779.6055155666246
779.6800206220737
779.7354733595661
779.8306994416586
780.0380962750291
780.1617490599835
781.5724505124318
782.0360258090245
782.8765860123749
783.5426154456056
783.7530374361414
783.998438572866
785.7750826193169
786.0978701032491
786.1147181052698
786.5211025840977
787.8128307094407
788.0605238605023
788.1861970485222
788.5546326374838
789.5718524088346
791.4080366437057
792.3452835752961
792.5128180278512
792.9667724187682
792.9898693400405
793.8066780490664
796.6124049929437
796.7045305419698
797.0626656089657
798.6640900884053
799.3541059354167
799.9384531451565
800.0289252258127
800.1089727351234
802.6993030952465
802.8205090539349
803.7414427919657
803.8756622998718
804.5826022671216
804.6165637010523
804.8013295226887
804.8907758101782
806.4285054096483
806.5678253226816
806.6236870998061
806.9131126980863
807.0382941724764
807.88071461214
808.3071433869814
808.70572823366
809.1859314446335
809.9500517900655
810.1690861282063
811.3279792617268
811.9106512935009
812.2939238301241
812.4870052501534
813.4672938039363
813.789171832355
814.1880974510715
814.2750079854496
815.6902518090512
816.1848016081723
816.3455920621295
817.3700382043304
818.1377650055675
819.0818625239876
819.4147676944983
819.6197593975411
820.9492184903004
822.3973480889526
822.4798480715895
823.4159786295234
824.1704954371918
824.8311119926618
826.1421376984053
828.2234325374877
830.2592843295141
830.3468827592368
830.4853730845546
830.4944543204635
830.5501500946898
831.5730256491204
833.830008879333
834.454965086969
834.7912491881312
838.3071839632586
839.6892590211279
839.8973765585201
840.6655630811694
842.1731326563906
844.3322230979614
844.982697746889
846.1167626777403
847.5345751898793
848.3424606835697
850.6616462573419
854.592373489519
854.7751497083894
854.811843323361
856.7303524442524
862.3756990156393
863.1652594826215
863.2853189665179
868.0001707177221
870.0084941876603
870.4027875046617
872.4180089326101
877.2380122585297
878.9011254104672
881.8716376954193
884.8567969022157
888.9562086090345
891.7990151003918
892.8814913277369
896.7738656186943
901.2195511974478
910.0009537904539
912.896688227018
919.1808319089262
928.7364476583556
938.6995903211374
949.0708635329897
959.9622322566349
1101.1052552465408
1121.4927873963086
1163.4718010751096
1206.2304273977766
1228.2371681465766
1249.7642715340146
1272.1480470827173
1316.8965515989623
1339.1911514295198
1362.3801943657768
1385.070999384669
1408.6608219068041
1431.7442268635666
1436.5140160553783
1455.7529217241786
1479.2332555001958
1483.7978380839645
1503.7462792688907
1508.7236383295567
1527.6461732096193
1532.494847555102
1554.7736076467118
1556.5510350241316
1579.084358857203
1601.3598614638527
