2.0896622326871324
3.90569810387037
4.057908767591629
5.846250534198699
5.950972433164511
6.0266632185457265
7.798281408889705
7.821634598617761
7.951985157335263
7.997526999660165
9.758796375046412
9.788503692178603
9.873868061948588
9.93371629071827
9.9595299214173
11.751679401775139
11.764089410623566
11.795056902163974
11.88869876543593
11.946056357374308
13.587057368276817
13.65051854790314
13.702231835970757
13.744823302132904
13.933529085266407
14.081653852425355
15.492898074223323
15.675929285443324
15.747343798879104
15.909724524527913
15.926991232338825
16.08084341465825
16.622300534690922
17.45723604365518
17.58434741571223
17.662240930443375
17.834069759303258
17.867852059568534
18.074698589219132
18.614088502990825
18.797507363960065
19.43433976910631
19.557221747965873
19.563400622058506
19.74754088731816
19.800904826355183
20.062709966593715
20.60655797128603
20.706006939142007
21.41698500671158
21.507606334077984
21.550918699546447
22.028238919228077
22.110034823310933
22.597809222153337
22.896661010664285
23.41476240172269
23.542758305449922
23.76447126907051
23.928892659845324
24.020016749739828
24.57905185786235
24.88909256754704
25.379863388637023
25.533726360317907
25.7491944234053
25.832891489914278
25.988534728379147
26.51686888630133
26.62651950782225
26.636254870839146
26.88225048710902
27.52130412385498
27.74302704652979
27.969418050949407
28.600513660274036
28.609335685333157
28.621774142443332
28.874875457984228
29.482941920682723
29.714138559431383
29.94842084794075
29.956399595035776
30.05073145306314
30.582149294826195
30.61471424726211
30.75044481534344
30.866845046372656
31.59342067508612
31.696172234321114
31.865374083199534
32.74352143078172
32.84239642797424
32.92927579415082
33.83539064177577
33.86147786799016
34.46290735831873
34.60413797620287
34.73828401252412
34.98688460934889
35.26170395536012
35.70523363751203
35.82027778984303
36.1717825892536
36.3784815873804
37.25536770169959
37.55233082323035
38.35067262217771
38.77813252507772
39.00757402043152
39.248352142975605
39.36596277576087
39.84694012090696
40.160306833140076
40.33536548220262
41.24205198071825
41.283816124823666
42.1544335491055
42.23003597862622
42.66158110318269
43.24175158997439
43.26344581297351
43.92721727512805
44.65219629130427
45.446082848623796
45.57814811309024
45.934011769393415
46.569085874246646
46.733820427988135
47.44097772309324
48.5436061786536
49.572577785918305
49.98729319525856
50.3268340152796
51.11763965747007
52.24420510572919
53.11294222651293
53.67009497669905
54.21919986496224
54.43709397949694
54.45881802074477
56.205902325279986
56.294540406529286
56.387168514531005
57.175379682587554
57.711935759744115
58.116060030781874
58.30575629224767
59.17127293335756
60.28126650761661
62.19978009604597
62.83318459722187
62.97699996937468
63.16763525083991
63.61935045161271
64.75323146549127
65.6156798166198
66.63975783988249
66.72922256492454
67.03346898490327
68.717159013315
69.61079741229314
69.66957759643508
70.44946653693246
71.51609421032752
71.58517917634147
71.63272939208869
72.4462075235859
73.56305735244906
76.35111679476016
76.88693845985944
77.66623964307547
78.80715700539287
79.66342390398073
80.78401929748793
81.61558338262333
84.49219853727084
85.26916822808788
86.41314113176043
87.25052433019528
87.26685562159905
88.38945539356435
92.48270748322442
92.49763123352436
93.25879473617553
94.40533859312848
95.25673624481554
96.38296168220674
100.86322335342085
101.63524681086062
101.6405419776369
102.78438888949518
104.76222201946715
109.62666517889426
109.66122263716917
110.39877269697139
111.54991725164086
113.52811492745599
118.78197666196299
119.54938482631813
120.70371571312121
122.68085846217933
128.30447550774645
128.32244896283348
129.08701320921392
130.24301687174554
132.22134383672952
138.2488730397543
139.01196264287472
140.17002902083297
148.5629249753539
149.32429643324292
150.48384280138697
152.46190345562104
159.26390478958425
160.0240490187435
161.1782445059188
161.18716477095194
170.35375446277587
171.11140317956531
172.27407132416903
181.82951444126834
182.5861646289755
183.75129872758075
193.67902436805758
193.694333092569
194.44873273965064
195.61440324462632
205.94496599586464
206.69883452526093
207.86554456268286
218.58406730454556
219.33660210016936
220.50425901160705
231.61031493211294
232.36203217826557
233.5306763687353
245.025048647676
245.77497719609823
246.9444499652369
258.8259204132055
259.5755437894274
260.74579265999614
273.01472896372997
273.7636134579596
274.93412022995784
287.5911068442539
288.339090420593
289.5106997045869
302.554469063668
303.30184291642314
304.47276197826693
317.90490402662607
318.65168360675165
319.8241050477552
333.64211660928663
334.3884551702218
335.56113711819506
349.0513361844757
349.76545437599617
350.5116408627015
351.6845594029767
366.27580832110755
367.0209622542908
368.1939030517558
372.37456312082855
383.17090883755446
383.91576571176984
385.0886561432002
396.47511595728764
400.45071123380336
401.19519253514295
402.3677072227216
418.11376362345356
418.85799216125065
420.0301187887532
421.3528424431479
433.9823749033659
436.157623381534
436.9022725815244
438.0734187631062
447.0086988019337
454.5817781094256
456.4944316998354
460.0270758551104
473.37875856092097
473.44147329584473
475.2872057649652
486.84828286294726
487.2406676275792
492.54006654549767
494.4393648209313
500.6517580879734
512.0067250949062
512.0527581338216
514.4474603244784
514.8398763365154
528.639756638627
531.7669091573883
531.9882924919885
542.823770733513
543.2174048494123
551.2185885255221
552.1564984483016
557.4048378637581
571.9789091306138
572.1815822534463
572.3699720820861
586.9473580824821
594.6217880895749
601.9090627637639
602.297621795975
616.7604953406853
617.2673438095921
632.6183375300955
633.0117348176983
638.2042189248724
648.364851632147
661.1875051297781
664.1045895269181
664.4997585420716
680.2399467503707
682.6296603669313
684.525990373483
696.3688802646055
696.7505924405112
709.0448921732665
712.8924633508054
729.4091705874436
729.8019625380965
730.3191907746235
731.6938897440732
746.3224908707551
753.5385465978319
763.2286804462108
763.6210124390982
777.3519819582449
780.5300414754086
797.8255391718179
798.2182390086965
809.5503862320619
815.5153162491091
833.1989071611846
833.5912752950385
851.277939785787
869.3510483962829
869.7433818883699
887.8181195389615
906.2799279583962
906.6719626470082
925.1366021527033
943.9876645938862
944.3842134883625
963.2322041305893
982.4718434651602
982.8635176662626
1002.1062533621944
1002.8793910591601
1021.7339062309139
1022.1253246394726
1041.756839266245
1042.5300567962042
1061.7751610786652
1062.1769994773072
1082.1860482534694
1082.9599343814366
1102.5927527109366
1102.9839894053305
1123.392927301765
1124.1674111859168
1144.1890342653212
1144.5799919238902
1165.3781454333443
1166.1522138010052
1186.5633208151482
1186.9540853778692
1208.1415928209012
1208.9147906891062
1229.7112248382589
1230.1060809782582
1251.683555986772
1252.4561289233252
1273.6482959692387
1274.0241351988461
1274.0646337632259
1296.0042908365665
1296.7766406776345
1318.3585592010818
1318.7476743671732
1341.1073391190666
1341.8766534656434
1363.8493758985592
1364.2367125636576
1386.9846150866804
1387.75312532744
1410.120359563708
1410.5053694980027
1433.645901164951
1434.4074119864813
1457.1743662018935
1457.555490954336
1481.091416303354
1481.8278698739196
1505.0161751220414
1505.3766396113408
1529.294195810791
1530.2070692054997
1550.5727338377205
1553.2190902762366
1575.9384406787315
1597.6000273076297
