2.7472303068756574
4.371588557254877
4.7023759373114205
6.285002010130663
6.6173004429178395
6.6706827084470515
8.194410977924148
8.21815806014109
8.586786418639957
8.643920791628734
10.141355656616195
10.163613038942577
10.525119798593378
10.55965938774933
10.598352038088885
12.07989456254673
12.113457384415055
12.125177045772496
12.46105918051242
12.499809971043213
12.52294959950187
14.05949695663228
14.067670339890448
14.118639314648114
14.382613054518785
14.445974697843232
14.472389214129901
14.562218515328977
16.003114221835787
16.0168860277299
16.033669564659085
16.304435889137995
16.42120248166747
16.488224458855328
16.569039238064487
17.10359586230312
17.964450468462
17.985564988602793
18.240174839709272
18.37451180992369
18.420118055647603
18.532682906052052
19.058212748058093
19.400087720294604
19.91969456330844
19.96313708809709
20.061262538134145
20.18470231740423
20.36722970542407
20.49961156776438
21.023938061060285
21.325703459124448
22.013898148326476
22.110076583912754
22.312752638661305
22.44302439587718
22.715778133772275
22.995348725790183
23.26849160702562
23.430601539768716
23.969177654217823
23.999895429773854
24.183094422358185
24.64231177034514
24.95308548292085
25.223527782729853
25.391236672121984
25.947459479927087
25.98516455692424
26.371151876781397
26.446547430776427
26.59412413997971
26.836836178162127
27.16424886391184
27.198234782110056
27.365687629252296
27.913389452930073
28.3703330376812
28.440709466064067
28.57302645414163
28.880059870886694
29.11924204926291
29.208037604988085
29.352597330047242
29.816816918726143
30.330314808156054
30.526304040512983
30.56875723081712
30.7282130360114
31.089807006503598
31.233932359875975
31.30415266924242
31.35489497058414
31.89198727111971
32.298428740674666
32.493997907887426
32.57090267433564
33.06093267424628
33.18685073035116
33.25260357881184
33.655483709951476
34.49320654769223
34.63402057151915
35.01323208240587
35.07906910693219
35.22674714238154
35.29966719616115
35.8238955033607
36.287291760653474
36.40045575369744
36.46511121523994
36.86953833656573
37.0056444663488
37.034543608071715
37.2097777173029
37.76529658599112
37.91008648435308
38.29438844577942
38.46001355059488
38.97270938423091
39.03467569640422
39.19922919243228
39.711848099688005
39.78105336423279
40.00703986976462
40.42508111570145
40.63109583383494
40.72584877989933
40.96958238333978
40.990598405505864
41.664360086909824
41.71984675203342
41.962878531581055
42.662774686507944
42.93289385969979
43.210729529468956
43.49770699812277
43.65691215213332
43.93837249654331
45.00456466568998
45.2923700515796
45.59204737810874
45.85926214542738
45.93453234229793
46.030562131422386
46.579216145916504
46.74210374711476
46.95654980020607
47.24860150416508
47.50460503679938
47.81790588315583
47.897231721966435
47.98192343240778
48.28423679903112
48.55070697337836
48.96816156123217
49.20294852102352
49.9491889309478
50.34294835565204
50.869058110405376
50.973560623469815
51.20962777449127
51.69758218003589
51.820561526922184
51.897500579106385
52.030507113896014
52.511862975760366
52.72934617855694
52.93319534196775
53.20177572874705
53.545639037197724
53.63317604884955
53.838480129763035
54.508608299163804
54.909341986549926
55.13776867706874
55.29551720703115
55.58144577618948
55.825496943731395
56.85310550061823
56.91942777917766
57.03104205710218
57.09154498492546
57.20241442534473
57.53962445662872
57.756937855133955
58.035824362762305
58.449400690134325
58.582564608199
58.885194322851945
58.98386781586029
59.045599363273375
59.423881120903935
59.52258432618706
59.688088238274354
60.15304449131747
60.75162794743862
60.9834102240328
61.00865408741688
61.48366063099929
61.63851373962585
61.9999926860693
62.2665116561904
62.96841041727072
63.08453318678019
63.473514875756194
63.5874289601016
63.72529844340632
63.742300022056526
64.03252336399824
64.20433308777798
64.94781774312153
65.41018537439142
65.47469896512266
65.57870466344147
65.99936030028282
66.12776518865857
66.4572407614052
66.97894571905863
67.32921036001444
67.41073308486398
67.97174163458178
68.07667991077349
69.08976059557416
70.03744116732356
70.28779623835509
70.33139613959207
71.03270639725615
71.0737784081499
71.37276532665037
71.4768918841222
71.98902118820247
72.2969663014274
72.39500992646197
72.55617894616681
73.02242603507983
73.44484889557542
73.90812144817643
74.03343257613245
74.29621460492075
74.90013636242588
75.67318413993641
76.22258752769316
77.27322197331598
77.54372421618469
77.6106604073194
77.6996190882004
78.23506789835535
78.30907892902347
78.78319108291751
78.81719251705582
79.02638986325748
79.32493654503185
79.52849886310895
80.27166933998316
80.35277423263071
80.78793852488258
80.84891489106529
81.4276997761535
81.5211385438396
82.1475771672888
82.52472250597889
83.08342643996592
83.08917199441149
83.51671388934191
84.86338752464927
85.16011670566118
85.51852206230896
85.764365594386
85.8454602264347
85.87692268579738
86.05472569145763
86.13562528111137
87.12682619335504
87.21145317310283
87.48948079038644
88.03386247551907
88.19982987705774
89.01908749951279
89.12742030085658
90.29488545409967
91.12599795555431
93.05874474422342
93.14934852153324
93.1655895345842
93.41680491945486
93.6388256661209
93.84712569073578
93.91299594372158
94.16579797252028
94.45747349834284
95.1236915005478
95.15590268680113
95.62721881003425
96.28698820993499
96.62856975166738
97.03079255205631
97.13893521817864
97.9623992085509
98.76896733922554
99.12051743940837
101.14185476621569
101.3841474829802
101.52742149429017
101.63326018245485
102.06200843806481
102.22405413136103
102.5794251731481
102.87329733647555
103.14551713260059
103.51089470691977
103.62156607687182
103.9049543164827
103.93567387774617
105.02631777294458
105.07773443669807
105.28418929205421
105.5180886286146
105.93654848436641
107.3964346170728
107.52984276783049
109.98135293102811
110.30944823591129
110.79192633067431
110.98693209840377
111.10746242084615
111.44895388472948
111.54419500792353
111.90816329850433
111.99615677051126
112.29587759440952
114.27310093169145
115.48738622174162
115.90515926568365
116.29063804214513
119.46031684892458
119.52430268304211
119.87122903773468
120.13297733033035
120.26467056788842
120.34847503324984
120.6535601319155
120.75516993232624
121.04292301752969
121.44894987805627
121.67884037017475
122.0474717194842
122.19147429232882
123.08377231656858
123.4472310310302
123.89626906716816
125.43685110596168
128.99976702326057
129.0555968033188
129.47296313934592
129.6776604201848
129.89632481632938
130.75442660120822
130.99373216319665
131.2623206473132
131.35670179768937
132.2353137032223
132.33150528414117
132.68592239302154
132.9901757931648
134.9860351797569
138.93098398588972
139.00856407414895
139.07696601033146
139.41956418827272
139.52099690261025
139.60321816770244
139.62092217333313
140.8760561596122
140.9271937334926
141.0456744562905
141.50687571421804
141.77526024881533
141.85281486452462
142.26339635100607
142.91904049796074
144.57306267314118
144.93007333656763
146.94121069450023
149.13896483869772
149.24907203550646
149.91419115346267
150.1961046289405
150.29916669070838
151.07661098429384
151.23929464572473
151.68394190932392
153.24705938038286
154.5039728263453
155.24446431419307
157.267337232664
159.6594786955837
159.8547552920072
159.95496017253626
160.26008860913862
160.4616711127628
160.61458335914318
161.12583097856594
161.24389721327677
161.42246133858234
161.88538962367
161.95051923960253
162.52215542305956
163.94757033960235
164.82030150695908
165.94610062254097
167.9668306098698
171.04356143009198
171.6694454170499
171.71269179550353
171.8518439286918
171.8844824711108
172.70306701043793
173.0318249837623
173.06523513255152
173.60767928242143
175.03355857006116
175.4916991045283
177.04467914553615
179.0644467857439
182.3774969188712
182.52238620834584
182.94272611043317
183.17704223372212
183.4932981781471
183.7249541880395
183.83208575982277
184.50913981464552
184.53315918633098
185.0826529942099
186.29848670245818
186.51486824452942
188.52646921674878
190.54231571191173
194.38301651261887
194.42961916257866
195.03775573253674
195.2777202009817
195.63479410648668
195.71248027470685
196.38186511920546
196.66560574528185
196.9435997742338
198.07893246513632
198.38522083895273
200.39215738367477
206.64136332758315
207.13113527542635
207.23052031159034
207.29374640605076
208.225345417386
208.5375796461587
208.6423442354395
209.19531835019765
209.94026848634857
210.63862484257908
212.64381151384063
219.2811066572068
219.9290590101997
220.75227646437654
220.87667985839263
221.27870980682926
221.829466773111
223.27713850635666
225.28384147980188
232.31025507784526
232.70370603717137
232.9527207885139
233.0319990228933
233.09348937758546
234.27324327394663
234.30667849723773
234.8187888072092
236.31280799317275
238.31470103620612
245.7229143281619
245.73664908012523
246.3672758960362
246.46190759782945
246.89118961544344
247.56777682041206
247.72147080455068
248.27200468552314
249.7241487141504
251.73030978317644
259.52732740962733
259.8757916945597
260.0136195960228
260.1130424781829
260.16917227831675
260.277344352322
261.2662745070122
261.5237045392677
262.0700247637265
263.5264683887358
265.5306262989026
273.67974703080677
273.7239387685414
274.35616387986363
274.44646790229865
274.76577438060497
275.0682385818357
275.714245636349
276.2559338896091
277.7154407642148
288.2961551415845
288.9313703943783
289.25294343434103
290.2911647969822
290.833145562818
292.2955722131592
294.29947311989105
303.2489761935211
303.2609378038242
303.82035827717965
303.89924730761516
304.5873765223699
305.2326096088841
305.26745650167373
305.795895915026
307.2578455787495
309.26318776193017
318.6115613439276
318.7835960734246
319.1587207740743
319.2484518831379
320.6063020091638
321.14624814643173
322.6083077041047
334.35037459200606
334.81669054540953
334.9840398391275
336.33589790245264
336.3502977944592
336.88192807324606
338.3455372849227
350.0200839697353
350.47460352582226
350.917527359356
351.0876758018678
351.10858537066457
352.47020434206127
353.0013912184956
354.46636841877967
366.98529828074146
367.61622300997783
367.7980344153289
368.9802621667989
370.9796677714651
383.8797939129123
384.5115790629197
385.8761894961939
387.87368608233436
401.1620818086115
401.79133414077916
402.5893895925311
403.1548519576733
405.15148096883894
418.825685418851
419.3327689308987
419.4453144400549
419.4648176912173
419.53613598759966
419.85038278641866
420.8167342892701
422.8117436367022
436.8709108232165
437.4775639637563
437.50574693180494
438.8590826816531
447.97915059156344
455.2940571410184
455.88668148849206
455.9236796018287
455.9844653787947
457.2788660135666
474.090522896859
474.37375516832543
474.41632318243853
474.5545293731922
474.71994946482755
474.85385119582753
474.9152470285481
476.0683570728956
493.0672694985582
493.24991243707996
493.881643002147
494.1347760328179
495.21276264911216
501.6304582352974
512.2536443070094
512.7418999844592
513.0078783881352
513.3408874068598
513.3605808280493
513.4746175900252
513.5506953491985
529.5783487320053
532.3408309148498
532.6395055877663
532.706410619496
533.0993006560237
533.1616600300823
533.3677187159473
533.7939014000341
534.010621835084
534.3137796341003
534.3948377156038
534.6488594032377
535.3791019605421
535.9177566140979
540.1349231389358
543.8717500126597
545.1458378546336
545.7966053104074
548.5602005790464
549.9860633026981
551.4544747751423
551.8470667207255
551.8581560047992
552.7117869715286
552.970124396864
553.1941638451862
553.4242241062304
553.4701963484263
553.5249323596574
553.7659272900258
554.3446925125045
554.6801401233713
555.0391591682438
555.4203132297728
555.9896160099008
556.3854200639935
556.4390783217461
556.7285796219221
557.0499749802603
557.0673917005355
558.1709906097344
558.3953282907212
560.7399778996588
561.7561580056358
561.7967218473234
562.0920896574032
563.0252379869378
563.3703970673429
563.4171697797378
563.7144653442435
564.7606950061112
564.9382994856926
565.5478011618394
567.4268330424985
567.5253162587611
567.762096620652
568.6382489440606
569.0558703231954
570.2719277099615
570.5132169639079
571.0409866995365
571.0822229984595
571.7797622181215
572.3168205755916
572.4883389308984
572.5312978071481
572.7314272849881
572.8972241556697
573.0154504015064
573.1671777439793
573.4110605088217
573.5407891676106
573.801753669908
574.0049192739102
574.2688649461652
574.4879824124101
574.5980741874224
574.6434054812349
575.2530372925904
575.5280639653225
575.6740477862525
576.0099564032619
576.3544967396039
576.4632697415902
576.519931347498
577.2369346125986
577.9113276715294
578.2657627667005
579.1462976774727
579.3352140036899
579.54816810792
580.3617488497423
580.6367165646769
581.296949849531
581.5687676020964
581.7489574972574
582.3107340778562
582.5658115440859
584.0759664427434
585.3758756982556
585.584156937136
585.797242490894
586.3793349688083
587.9264070409813
589.235900394281
589.3986640089489
589.7593308078534
590.5189906272781
590.6140692915695
590.7205748422682
590.8083777859453
591.1883057705867
592.0276406582175
592.1195530630738
593.5488303067359
593.6983190781601
594.1091113629636
594.454859467306
594.9804529959852
595.4889182877675
595.7491781505744
595.8245812292803
596.1495500295329
597.0097903766598
597.112934780093
597.8239656788081
598.2659278314654
598.6286588013845
599.1158955925114
599.5186258122477
599.7234602010789
599.8355849516878
600.4972344708654
600.9110512336727
601.0134911173119
601.1186418381724
601.2608489007018
601.6191697545091
601.8291713414101
602.000289978991
602.589654219059
603.3930808931414
604.1078538299831
605.0466043672833
605.6372643017581
606.1606638609652
606.3735168218004
606.4427809924416
608.4248713564089
608.6265035438518
608.8725044757708
610.1863048128122
611.8061687592993
612.2527680277615
613.764724769576
614.252630827836
614.7345117937454
615.1234276762895
616.5175562155041
617.3617349669612
617.7048746723583
618.0348829642907
618.2906454184528
618.7626357109699
619.0623059902026
619.3110705711126
619.9165145397741
619.9400267561725
621.1301923370877
621.2522502472602
621.4347156270534
622.2111608659166
622.5534275580168
622.7320325287965
622.957346416839
623.0434463053438
623.7757290862995
623.9305757228612
624.2078913362055
625.1447287063913
627.196286507717
627.2584267991216
627.3946842915556
628.417693408501
629.5764448831403
629.7231013247217
630.1449793884642
630.4850174051508
630.8625334270039
631.6950486795762
633.5985913986718
633.6486343962118
633.6756652727428
634.0768877019427
634.7746854265091
634.8758106519864
634.8893947301465
635.060644525261
635.1637658047931
635.7340722709558
636.5033744759634
637.2827529889582
637.5106757113358
638.537282423973
638.8582443509399
638.9190554903863
639.0042792394672
639.1305712318809
639.570279655506
639.6137205180005
639.99890181703
640.4886981450315
640.6117192310659
640.7284783166895
640.9954608116858
641.4777074659604
642.2371453359219
642.5788448861415
642.6470086546199
643.2257894399498
643.5571190197747
644.0707185610914
645.2250810414797
645.9429264191899
646.4568405609529
647.2141723032919
648.0196307424906
648.7439425208067
649.3212339791219
649.9828305758151
649.9932404279959
650.8094353121697
651.3596506527534
652.7839083861074
653.0377070614784
654.3660502355032
654.5998288914996
654.9410274134173
655.2626155355634
656.2199048965044
656.42772761541
656.7852005101817
658.0435939229999
658.1035584333349
658.5197400310444
659.3064739732183
659.3581050725276
659.4750475462929
659.6062710160217
661.2969596890229
661.4818139612382
661.6344009723591
661.9578762923264
662.4069156050056
662.4936057359502
662.5152660092857
662.7969185409005
664.0479218142907
664.1153343850785
664.6233521760101
664.6832357213619
664.8682875257817
665.1367692760789
665.1908232607974
665.5442713089334
666.1565993519914
666.9720434105623
667.5232547142745
667.7263115257348
667.8250011424319
669.3612967989942
669.7108314990635
670.8510450570783
671.8064958030204
672.606953111531
673.0227246319062
674.7023496410137
675.9178443365272
676.0475997689852
677.1204666942422
677.4936609823953
678.3881216535299
680.0581787914999
680.681315946481
680.885513696481
681.2144860303924
681.4155329063205
681.9584111759946
682.562327161415
682.9697890929195
683.3756994106824
684.2840790663894
685.2136738762892
685.7179259757659
686.1796340826309
686.6296537519962
687.0531241161842
687.4229418509793
688.1074599121193
688.1854625366783
689.5487338469986
690.0750396715338
691.9205126242895
692.0853264480317
692.2658120962653
693.1480944548088
694.6475264008608
694.7507876577424
694.8435914022026
695.0701008935595
697.0494675485545
697.1341491449308
697.1731218041703
697.3913354619929
697.8136456025618
698.5425647045555
699.1831684648732
700.6473573604565
701.0040655407737
703.3135225962611
703.3886393255062
703.9404460125685
704.2506345429744
704.7639581302901
705.8134675629377
706.7091768156688
706.8200369777172
707.8980808890263
707.9254022605271
708.8892862032113
709.3544883822996
709.616451820628
710.6003494037618
710.7946055771184
710.8700750076945
711.3888058803961
711.5787577589535
711.6305238651356
712.7798029340674
712.9963163300557
713.4745683024539
713.5965424525816
713.865123054754
715.3639402329289
715.4082524207237
716.2311320327881
718.5269208732459
719.2248491395611
721.0901690997546
721.7483868577331
721.7977438949849
721.8183180914654
725.2207695799998
729.6860118213721
729.8670156454879
730.4576628807173
730.7898030656308
730.8560499566443
730.8724507486129
731.1131825570051
731.1177913132378
732.2479732344077
732.3144863166833
732.4926853020189
733.751555452806
735.381353909842
735.7920704803164
737.4281775661327
737.7962866426867
737.8956959392563
738.763641179192
739.3486932909859
740.3978460383531
741.3751730861387
741.7712996749625
742.1434746958516
742.849077339659
745.1239316521833
745.1769869188082
747.298151833417
747.7672251619092
754.184574058361
754.1990889201185
754.2215001474912
754.3141443210379
754.6525560958945
755.5349917648878
755.5465169783366
757.3450403878796
760.5123381281555
761.1766374781736
761.6432414590406
761.9586331564775
762.4342980951658
762.4512202439114
763.274373494047
764.2822330299479
764.4659308037928
764.6549958033725
765.0922995885612
765.339667222278
767.7005269880154
777.8841001403407
777.9300292422065
779.7593295496591
781.4925776754827
781.5398120056306
783.3527463380839
784.8807518259805
785.3364669564813
786.8579986864239
786.9343613039775
787.0549856092152
787.4224742779522
787.5390700787281
789.5552651113428
798.8831147126356
799.2819042695326
804.0483514853668
805.3133272460963
808.3205462057738
809.8654327920281
811.077380007934
811.1297106050337
811.5528970941305
813.4708783261185
813.8216075855569
816.0533115830941
816.441988796864
834.2566493916606
834.6587700817993
852.2257059320973
870.4094218297408
870.821513598162
888.8029528369726
907.3380167196545
907.7322964851926
926.110935234509
944.6640308471165
945.059726064066
945.4411210752304
964.2001552209488
982.9931059695459
983.5360711241232
983.927403806577
1003.124484525435
1022.2177226263775
1022.7957309983285
1023.1813171988281
1042.7491133343613
1062.5546344237919
1062.8555987077782
1063.2335584105053
1083.1929775937103
1103.1148828586456
1103.657126902122
1104.1018930525665
1124.3425114012791
1125.351039223937
1144.7048522397681
1145.240831729637
1145.663177426595
1166.3071728448776
1166.4723162869093
1167.338436434448
1187.0620299017264
1187.6448592761371
1188.0297330876092
1209.1106548483501
1230.1771462611305
1230.7888692160648
1231.1890194951052
1252.6761771948754
1253.5303417972323
1274.3525725287964
1274.7446967404194
1275.1283569079064
1296.98941694237
1298.0240634474187
1318.9259060607521
1319.4389960521326
1319.8100441869194
1340.755135307194
1341.4994515940011
1342.225703798768
1343.1296830439271
1364.4773667948978
1364.9342177940043
1365.336250408909
1388.001956639163
1389.0206936467946
1410.7751539156814
1411.2037154314535
1411.595442465626
1434.6501639584528
1435.494891153449
1458.2093592642327
1458.5675221108786
1482.056198536407
1505.9523490320353
1506.243123003471
1507.6600796288274
1530.0872204807488
1531.0592144671602
1551.7172780798653
1554.7194107338946
1577.5194678780797
1599.119999715763
