2.194756712552292
3.9050239256821384
4.143430949887141
5.830638655005805
6.002436155734301
6.1001703294100835
7.771956584511119
7.78376407749617
7.9946055993286205
8.061884428406174
9.724388046268352
9.745165456709618
9.89786466254046
9.979557463099354
10.00752785542366
11.683511195366666
11.705516663738749
11.748614396196018
11.824440117718957
11.896554352678884
11.968703838682561
13.621486925284824
13.646413885112157
13.694573967527504
13.707155666558823
13.837533479468782
13.939178838301459
14.027611580144171
15.504263964680348
15.607024221185103
15.89985801874565
15.950254837628009
16.036250155963586
16.534615337209765
17.45403082136208
17.576192709030856
17.619553592225724
17.830017671524793
18.025420165723574
18.805794916173703
19.421373181872976
19.447413622001523
19.544181896316235
19.684989921841517
19.783585644931925
20.00825673847383
20.517832111801198
20.68436087540487
21.39596548259484
21.43635326566096
21.479815650398084
21.755498285156865
22.09779551520136
22.50989856257321
22.634830186089573
22.762850002742578
23.378918730745593
23.430166616381197
23.734390492145405
23.89172045802213
23.97854821717394
24.497976678672565
24.755518617545267
25.29034486215297
25.420134879274695
25.698514270064678
25.80131894450205
26.46745999961052
26.58179902196999
26.750448621354074
27.41580566835289
27.652036875499583
27.686220859313007
27.908283637892737
28.45921592759419
28.743904782354566
29.425619632863317
29.641278894962365
29.87451648301412
29.885335093158314
29.906380813235216
30.442647569814962
30.5669544811675
30.74319099883169
31.598112624857038
31.619130575129123
31.785072435201382
31.82672125374278
32.45000523787065
32.55934304259557
32.71427495814455
33.59434826974661
33.70615295233686
33.748822758510705
34.38965559025175
34.457379395979714
34.55819226903019
34.980192346246426
35.05531662713426
35.48172797951654
35.72321013555256
35.96265702332876
36.28010338674777
37.04844946981808
37.70262251185486
38.240663332903196
38.720509142922424
38.79932655074518
39.04217430807566
39.27982528571318
39.618506578111074
39.630124881532915
39.93232019025727
40.22075749770241
40.631069221542404
40.653555423067345
41.03868163189551
41.16867434892887
41.92578061885364
41.97028203273956
42.19927486482812
42.40704903532695
43.05428687334003
43.132701977998025
44.11953900831182
44.54892448998873
45.09774178338072
45.14872120973469
45.199056211596286
45.561616821570276
45.67349343258354
45.913007484892816
45.956626950459835
46.43463754551698
46.46821881531955
47.083379613515106
47.19380971737308
47.937501209259246
48.400204087851726
49.18971161351579
49.2838483104983
49.700517899002314
50.02787100935209
50.1448684626037
50.20818392142755
50.8180967852649
50.85075662726283
51.18965597525913
52.09564850127076
52.34369585530298
52.8451501920716
53.209440631611116
53.22926370498158
53.377792376796165
54.058250565213584
54.84266450650773
56.03948387888554
56.0811756872016
56.252146773132985
56.843460909343015
56.89005748795149
57.398805427434795
57.65911752155657
57.806788235035796
58.01926922248824
58.141202637858505
58.8855107497553
60.1048693175765
60.88305900184305
61.88305686973946
62.086642720968655
62.65236942856732
62.6860861647377
62.88572769656478
63.316866737281266
63.33930805448143
63.532528560478866
64.0664032202637
64.57416341403777
65.31290923477219
65.9680946867116
66.53709194013886
67.31135559383145
68.5196225545525
69.31097109567263
69.41149686853936
69.506932767114
70.13160682918618
70.49937346205851
71.17908749691377
71.33289745675512
71.39822892084503
72.12734430032475
73.35595999831735
75.32460729975166
75.34270966009844
76.71142226897943
76.73655203135714
77.31591789564277
77.33680247596145
78.15277767245095
78.59847820338953
78.62155257712016
79.33107182679419
80.56564392408113
82.5457853383901
84.30520075360126
84.9234501344787
85.46919029702106
86.1954050395916
86.92048670520998
88.15935893327635
90.14169964248188
92.23365565391637
92.28668574869705
92.6833493369664
92.89529926816162
92.9008828718631
92.94842082256552
94.17618795524903
94.89788730884285
96.13983814575735
98.11883549434913
100.6545050703667
100.70942420449204
100.92764208182703
101.26530192959162
101.2696417316667
102.54457813364445
103.26309426840021
104.50790026922239
106.49047161319874
109.29151110425462
109.41301648669472
110.01852106210131
111.29897121430747
112.01614323530369
113.26385344409148
115.24636968543318
118.5330700193234
118.55717956290131
119.15997623445598
120.44548212312228
121.15744052199561
122.40750717486027
124.38994779296053
128.08725062800877
128.097979320325
128.68819958717492
129.97627005849392
130.68624540700816
131.9405099878865
133.92072508369088
138.00715926195315
138.60491352039853
139.89550917146565
140.6031169373905
141.85734077223412
148.3142080966633
148.90974279729645
150.20216602924276
150.90803694960246
152.1660009672
159.00849923806916
159.0921941196689
159.60262602245405
160.8861141225999
160.90094947666057
162.86069218502348
170.0932401037052
170.68385340770425
171.96762461351216
171.98112367090116
173.9429041648763
181.56410464451127
182.15302530412612
183.45197725969297
185.41425864604756
193.42355923416568
194.0104767752914
195.31106671283504
197.2730266909224
205.67061608798895
206.25606819134495
207.5572649087378
209.5205422585934
218.30564114919378
218.3353972749784
218.89001236532425
220.19235499900128
222.15456000999623
231.32907759923933
231.9116935320463
233.21565832876476
235.17677104402648
244.74109038236733
245.32208277893642
246.62674638172587
248.5883472457388
258.5402627352203
259.1203516236233
260.4258927818719
272.72701583533546
272.75725866324905
273.3066978519431
274.6142641972951
283.29725477756796
287.3031251833775
287.8810681116554
289.18828253606233
302.2660987227926
302.8433812221024
304.15077565917386
304.2850765106459
317.6168795318748
318.193516482255
319.50179280748466
326.05030668917703
333.35532783758475
333.931258067165
335.24007306299893
348.59324774903274
349.48198327542633
350.05668622912697
351.3656708068257
365.99459945299645
366.56921017988674
367.87829989492815
371.913527986431
382.8940575418067
383.4685895813445
383.75998625336103
384.7777712285675
396.0107226986669
400.18041051205284
400.75429757735833
402.0627327027497
408.2470305672473
408.6311092816999
417.85190650072485
418.4255650841824
419.73434426677636
420.8834688612064
433.5123693204203
433.896656666519
435.9076444225364
436.48122143716137
437.78920318659215
446.54207322452663
454.34618663072763
454.9193568418123
456.2259354572626
459.55295420353997
459.9385827956353
472.97416819051364
473.16406964610724
473.73652566555677
475.0442311743088
486.3736085032237
486.7541792019366
492.3548536064492
492.926056124042
494.22643735959707
500.1802235893071
511.88142396927947
511.91640114654865
512.4690890905011
513.7533304064895
513.9705825621265
514.3558467196023
528.1682393115296
531.7513771020308
531.9119135027486
532.4325613306138
533.6080902177943
542.3450813620353
542.7283217921328
551.1939914439373
552.0368255237447
552.1377001525087
556.9293911719319
571.4970457270754
571.8370346226708
571.8952978276166
572.1867568123072
572.9866736339031
574.4966603822415
575.0277748447403
586.4704388137459
594.4587147294069
594.5201100650263
599.47331085684
601.426637541076
601.8096342252686
613.2205260414237
615.9812990759505
616.4083226714697
616.788192159739
618.0159411076587
632.1336295974685
632.5171443839552
637.9805811445052
640.3564880017439
641.1390521192196
647.883626372481
657.7735809474623
660.8225435391554
663.4985818645983
663.6179336135674
664.0013776588985
679.7570700284441
682.484938025028
683.8978946675516
684.2253134831225
695.8799003544398
696.261336798484
707.0402056294737
707.7008252582474
708.3112051250631
712.4080636250006
728.9197837104825
729.3011963792521
729.9405047603325
731.0382227923383
745.8371637610843
753.3749957936419
762.7364738299431
763.1193812925228
777.314042543207
780.0407119802632
781.7380161587619
797.3308979068258
797.7150191894887
803.1520842450745
804.3217383373034
805.4365193195757
815.0250150678143
832.702803157645
833.0851411825523
850.7835903933975
868.8523612010051
869.2356435968906
887.3230181893039
905.7791737895026
906.1616814130057
924.6386585443805
943.4836834517737
943.8688375546485
962.7339299871627
981.9657654259008
982.348705781378
1001.6029987291366
1002.3726283289095
1021.2254907997074
1021.6087625430455
1041.2504969425518
1042.0210346418753
1061.2627587260863
1061.6483765006542
1081.6782980126673
1082.447021830805
1102.0775637083586
1102.4604016766443
1122.8811834805172
1123.6503381247041
1143.6703902641661
1144.0536469957708
1164.8621237599052
1165.6325341813213
1186.0406056873344
1186.4229673181383
1207.6210089425483
1208.39107537271
1229.1890420314853
1229.5687567454443
1251.1563067188513
1251.9277076249953
1273.115260662836
1273.4995670687629
1295.4748072310472
1296.2411993214037
1317.820032046322
1318.205440264275
1340.5664590413007
1341.3348767219666
1363.3021589278483
1363.6869519024285
1386.4368905836695
1387.2042953116731
1409.5632151017383
1409.9476719222162
1433.0851284926705
1433.8492654295508
1456.6042806959329
1456.9876435818826
1480.513329381182
1481.265711261782
1504.4269319977927
1504.7988173648312
1528.7024112998135
1550.4876067311804
1552.572889575506
1553.1619250125036
1575.3055968768213
1597.194505825745
