1.8096686094641503
3.203708894277331
3.681535579544747
5.176171570970735
5.53238066051642
5.608306105608164
7.130341884572399
7.159923300251437
7.503296272056831
7.56037361483899
9.121747188089328
9.148799371608161
9.408969412999038
9.476527566095536
9.515035288884306
11.135994778837304
11.147262313282626
11.37795279293286
11.390606487499664
11.450276803676502
13.121397046611728
13.14197385243391
13.165158515980595
13.248748166461914
13.313175086523625
13.339713537482876
13.422560939037565
15.041260089790825
15.144371175445999
15.20952368270131
15.308694555556512
15.342851060502891
15.397263603619846
15.754379786627343
17.00106491469497
17.13802143177987
17.189112539876447
17.226229153343937
17.28751655531845
17.37362653844405
17.75990403328271
18.089287674230473
18.59198155849721
18.979304069387513
19.133500718955112
19.186001469141733
19.196455898857216
19.35613593095754
19.76646682531746
19.972838751848403
20.595737924658764
20.953569734360244
21.17062471786934
21.30517384878706
21.36618202064697
21.77500265235369
21.837410227882597
21.934947539632134
22.60003907915193
22.872954839698348
23.14985144284525
23.188626244193635
23.806503552228488
23.83940939094513
23.917666691886
24.944388200957707
25.053527365302156
25.149595486598383
25.488670738629096
25.839953018492604
25.959465560566212
26.635504378776787
26.82739006805805
27.12997702872384
27.491601214303806
27.78415441382026
27.858831953044664
28.784817322034808
28.793527145665898
28.989536323547288
29.107791783488867
29.49486467199025
29.53886305597528
29.885805845673968
30.767647636736296
30.872141545072157
31.001009542719252
31.500667266236515
31.541404743340394
32.83246429361172
33.43333745397613
33.530909445975794
33.54539809763587
33.98547906563433
34.8119549251903
35.31591337250413
35.549293763972216
35.68883212292905
35.98756234916435
37.27557820360683
38.273089210916304
38.82611149852514
39.25497746922341
39.99463106979842
40.155214543979454
40.8278373247052
42.11473623901803
43.50542364147746
44.05908473566017
44.83386675733284
45.387380045025154
46.059818488197905
47.34675421358921
49.129724604240074
49.68386906363486
51.0114264130873
51.685276914151736
52.97064696662501
55.14492410083795
55.69931086517203
57.026532236723625
57.70054334815369
58.98554140231377
61.550540367444896
61.705671544719756
62.10504014472596
63.43202951939162
64.10614473554809
65.39094233025993
68.33483369814886
68.34644588518061
68.39481155760322
68.90072225451259
70.22764095003932
75.53161475926616
76.08605633574314
77.4128435740066
83.10647622238957
83.66092830266021
84.98764442779107
91.07067088767045
91.62510338750751
92.9512901428188
99.42411265379783
99.97849808815631
101.30512816708982
108.16668714919516
108.72101918308103
110.04754503970462
117.29829092043609
117.8526422745926
119.17919141678276
126.81888320545602
127.37316285246993
128.69974751160632
136.7284334418668
147.0268698997929
157.71416226228172
168.7903588793608
180.25534092121546
192.1091368907847
204.3517133768743
216.98306314451037
230.00316987748332
243.41204176754138
257.20964782696524
271.39598826593345
285.9710622987651
300.9348530151916
316.2873567175358
332.0285652554163
348.1584853064369
364.67706636069784
381.5843515004782
398.880296533507
416.5648914421578
434.6381080446306
453.09994151623795
471.9502420570421
491.189071175764
510.8161339167315
530.8303900881056
551.2353355258518
571.9055510894412
572.048384769251
572.262250180806
593.2195853919502
614.7904630327281
636.7455406460986
659.0947854200734
681.8041345742038
682.0496075807406
704.7500976386868
704.9297252190335
705.0387944353224
728.4348230778279
752.3005505524085
776.5152778111014
799.0528030254558
1573.653257216022
