2.894171138941816
4.531217305724047
4.870308899948632
6.4632412692153505
6.838232881455355
6.8524431342507555
8.377830566554202
8.407482222722912
8.820348612573193
8.836729501994135
10.32982619315715
10.360286432206228
10.795193479287104
10.804156450976995
10.807615801385722
12.266832045711954
12.281293083816584
12.315342705506781
12.735453629056662
12.775230246445759
12.78334142790876
14.22559381428775
14.232184374287318
14.269135728445953
14.705589210569908
14.751759117743319
14.761914990435566
14.917003960043566
16.173590075223203
16.185815841593158
16.220265558256276
16.591064210694324
16.689717380556715
16.736414613625644
16.90022903352651
17.529206333526876
18.138610059467595
18.174593556661634
18.54344749321897
18.667433694333347
18.70833537317475
18.881494705471933
19.454863643436795
19.539094267466627
20.103387928031708
20.140587155882145
20.501813075708835
20.555771180667946
20.63768036824781
20.858391173203838
21.41238241026851
21.521103859879624
22.106158945220546
22.46576339457865
22.51294575781457
22.571592284068533
22.797313197016987
22.82391105726609
23.379659736837123
23.501803443685848
23.971614457882094
24.2056872172564
24.45009840846509
24.51035345398002
24.668889722580605
24.784390333943556
25.344581650148672
25.46812756905979
25.94073418879384
26.436705395684182
26.454786173558222
26.54338779167447
26.674463848663517
26.761068623698225
27.223013450233978
27.42234184275526
27.776259797513088
27.915636472723417
28.409989632173403
28.516499514867604
28.738345548676826
28.968731337889928
29.076768493545252
29.50709347981192
29.743474541951027
29.892470074104793
30.26155437331314
30.4923349839974
30.65817250218087
30.73860655447855
31.32178454911661
31.711452283069946
31.787703294323716
31.89301770540768
31.963619192456907
32.136842996239544
32.47772837188731
32.634488882815226
32.83397515362512
33.678430498511005
33.69824879266326
33.92608735030953
34.3198121705836
34.488658078534954
34.6195529520364
34.66758103756251
35.132237531619666
35.176739135227855
35.56311644642481
35.66289533133168
35.8982707001289
36.52294989386326
36.565720964008854
36.61967525241027
37.1319264981332
37.157597111616035
37.48821537370243
37.69006566445858
37.87089103962238
38.08814727741253
38.48485952748554
38.61736501357288
38.87114353887529
39.1385495562828
39.392641314648564
39.83362872628265
40.07115122281337
40.45910683767841
40.55222242498057
40.72721928396113
41.114445136447806
41.15797554993029
41.4267295328203
41.48933131656012
41.68445140582138
41.90600627402437
42.056129070652396
42.43812037027493
42.983785224280425
43.14299839806037
43.44701806891055
43.58845330938458
43.8174809298492
44.04141239717522
44.33644176023595
44.40465816912106
44.960326401534964
45.21969456581375
45.33415582277783
45.44017030061769
45.56653565655696
46.03683376742035
46.2982708676342
46.81753124978808
47.296835101929474
47.41858754919017
47.50641693009042
48.02109627154473
48.196280036655224
48.42497844808116
48.54595458642656
48.772030880791675
49.151377616604385
49.2763652696375
49.418647947697565
50.03087628585615
50.20074286473595
50.66205550902564
50.729914334084015
51.0403884550044
51.181977544396005
51.29803900503284
51.39027518691283
51.80118571766634
52.42570356506322
52.53108177871726
52.6354037527931
52.69530810323324
52.963546108526955
53.06649651173066
53.166896671211745
53.40062183430061
53.73952319931635
54.48032690683124
54.64426212149774
54.97009761579437
55.05999173636748
55.404156264815775
55.55244080279554
55.66149580885747
56.32146885527325
56.43285298041897
56.536581777756055
56.60515722613266
57.05583266216785
57.1069145899496
57.235707196199265
57.71097775852381
57.95814084541424
58.38275651171426
58.473151031442264
58.62288398214625
58.70772018618203
59.07927889808179
59.113793622283886
60.049742100324295
60.28472750280822
60.369167788499055
60.571147922169956
60.88985828673897
61.12173217786775
61.14135442653351
61.19580705193164
61.37530421096273
62.189028569682556
62.25649350293816
62.53082292590923
63.217129590916876
63.4574525003602
63.5516122211149
64.00170156634114
64.14561511722621
64.23775118173849
64.50044557768994
64.97560884845772
65.09161296016737
65.17236656601936
65.49894980127064
65.56126065863401
65.97835095702757
66.10114887907704
66.44103645556524
66.54136254689288
66.78469093512003
67.04452992881983
67.27076657503082
67.55019358277693
67.57538693458974
68.33779126040659
68.60437645147309
68.91391736678385
68.9989710068162
69.08575217118779
69.50232526218178
69.78289472025709
70.20951481701583
70.33136288626984
70.38750011763094
70.54946573926341
70.96877376385889
71.46818650928094
71.6011013831529
71.96550715894399
72.04583678375006
72.28141371300659
72.40852808248866
72.79699043601796
72.95335117693256
73.25435491540595
73.62019553636301
73.71981983100225
73.9159480187865
74.3812721300769
74.4397189063679
74.81373484468072
75.01036724616107
75.65716024256456
75.81651267396562
75.8961653996236
76.04520960612771
76.14804711265094
76.42869602355077
76.76782295298905
77.59897636055666
77.82826676199839
78.31660009183128
78.4231067077384
78.58322226630035
78.9070719455257
79.20742682812904
79.28942214015355
79.41132450941173
79.61327220459626
79.80922596363027
80.1078602566801
80.5638461282088
81.15141947697774
81.43339121430324
81.53561328932342
81.6139343647225
81.71155905565467
82.06454551229457
82.43487858083799
82.85238159815965
83.10401653416596
83.30247773572982
83.56789008240365
83.82557015989242
84.60970723863002
84.81158139790364
85.04988409760598
85.22017528086542
85.36825993903386
85.68751071914726
85.85194382824567
86.08756890693479
86.22307275520163
86.45744833186679
86.8383660942584
87.02035949011666
87.24834233514852
87.64336552951491
87.7871336090971
88.57101264390288
88.7746821200413
88.90351317987817
89.00390831852292
89.23593428939793
89.27990154291021
89.4844673055947
89.8602347782468
90.69277907982176
90.72109866239745
90.86688485851491
91.27938297153409
91.67828488102334
92.29412266605173
92.51416079019678
92.69051575635942
92.74926623292858
92.93636083838388
93.20462078745763
93.42741983269342
94.13020656835195
94.65252618245712
94.79039388697421
94.85078288293862
95.23027753714831
95.35691458940933
95.40693981801543
95.5466846391511
95.67338467617584
96.4622295342234
96.56561243922384
96.66749213372755
96.79512968412338
96.91088210259934
97.18689727274806
97.26184679101274
97.63197170870518
97.71097641087346
98.46374152424825
98.74105586656592
98.83648587301523
98.95098556745528
99.27330510123741
99.5265820524786
100.30731682313176
100.36963597591935
100.68719333593619
100.79274047854331
101.01182887901932
101.31869704906052
101.5869779215819
102.06903801959108
102.64024470472148
102.66290406379119
103.08455723715866
103.16786440053323
103.24407774377963
103.44397657016987
103.61637110767926
103.74695615680082
104.04892741668198
104.12224581466802
104.3408036012143
104.56402646345335
105.18532192128292
105.63420939283947
105.702421942512
105.74489661393393
106.45568207556458
106.52062109424196
106.79503194597372
107.13593281702627
107.30622297518036
107.65985901156967
107.70621076962718
108.34820462372942
108.8783711805359
109.02536546302387
109.13488046492125
110.27606450414335
110.35427359188412
110.83420407572528
111.04745617176987
111.14415106232774
111.3546263628763
111.74412443957702
111.81623579527309
112.03481522449661
112.14815503248577
112.38645007225979
112.4962077077397
112.86442917084162
112.95580466543491
113.18990746332175
113.95970114149422
114.07863222313809
114.20257241336505
114.37600882434731
114.40802622259079
114.90118979589242
115.6716147908469
115.84185332879761
115.92365406706737
116.42459666909843
116.61412337119155
116.70251454514579
117.40372234684936
117.88341928783561
118.31850506733339
118.46971576112209
118.90512875010249
119.04860535609285
119.4983415790426
119.53798628873042
119.75678634220192
119.84913887586451
119.87893297135369
120.50525103994332
120.61295454707715
120.70910197746424
121.20320004765388
121.45439414304809
121.54109897352737
121.74232713946442
122.47616899427993
122.82504285257892
123.13851109367074
123.4842972417067
123.56394650207145
123.90322827731248
124.07611702358
124.24687793634061
125.08609756864101
125.3867565373344
125.44966421801392
125.59440190005199
125.69981396003107
126.03519360802089
126.18805115041422
126.70056567137449
126.94138668933817
127.04992151049976
127.09951961064121
127.62433456670699
128.44136094795897
128.62105480153747
128.99026466571544
129.05688944054694
129.1445106490028
129.74474641122308
129.77740933944608
130.75541600162813
130.81072262899204
130.89617062263846
131.09380360058242
131.29312332326123
131.67816031618258
131.85426283896663
132.0865389963165
132.3239564815633
132.53165168094932
132.68521546864886
132.80988983076634
132.89917459887405
133.11222640054973
133.14730143497897
133.89731854992414
134.60993705950168
134.65011529433184
134.75020851560598
135.11962185874327
135.3039625606793
135.3278030720764
136.59424036131068
136.75682193450544
137.16055165753275
137.6245642229177
138.59472711124823
138.9742465197131
139.05338445923752
139.28211863646706
139.63123009579414
139.6917330595163
140.696584750827
140.7514630445695
140.90216126933794
141.0249524943069
141.32577905045713
141.60006388043152
142.03719216338754
142.23255531477957
142.38177882266814
142.6325106261055
142.669977864273
143.04279134038595
144.09899170859248
144.57435126539087
144.63052644329966
144.93700555059536
145.06833382221424
145.59711889826644
146.54636351301224
147.06351857394563
147.21309324921037
147.99460276543812
148.51728599070603
148.81194023305733
149.02936680964703
149.2280106367414
149.29006290486964
150.3047614746162
150.87569103869433
151.02414761167145
151.33197948444396
151.3677387042238
151.49900978093106
152.3227403995739
152.95970060368074
153.2721200078028
153.35907202957753
153.66373934621095
154.0539791382476
154.3977071468691
154.92805814587936
155.1501006109428
155.38378869858067
155.6010035482911
156.87095106267532
157.09380451581063
157.23079806462695
157.42068474610025
157.91136054678236
158.3732974922694
158.51309893794343
158.84128189302464
159.66333003380117
159.96148961933335
159.98873725968315
160.47412570797565
160.72545609254522
161.4979214074698
161.73851356550227
161.8619893147834
161.9827187242323
162.03897308483107
162.5876476542732
162.65857626995714
163.4493124082076
163.67291062203307
164.0513521586492
164.1493260657199
164.46678293041688
164.82894234662876
165.15948904633717
165.47515585947892
165.63388913532035
165.6977047787496
166.07993529730845
167.42408329737074
167.5815976951977
167.74746418019646
168.096502143286
168.18930063971536
169.12171030331982
169.55425677321335
170.4671792963264
170.80419739613018
171.078190869823
171.4325283318465
172.46679086846024
172.5629401002732
172.81498206626003
172.84016898618688
173.00793283767194
173.06544014915852
173.13108857060374
173.35919724782093
174.0129418635329
174.78623104935863
174.963651372658
175.12823464782002
175.2039007978447
175.55984397476834
175.80885750887126
175.85071806756656
175.90544922090152
176.72650433802312
177.1686870662335
177.7041298981605
178.5731968430438
178.66697971869388
178.75217523144855
179.01762036050133
179.2093257825846
180.65966770172682
181.3089401579718
181.5440525297974
182.5361175753472
182.59711446182072
183.1911659371154
183.65954345188015
184.32373563682535
184.4379416194346
184.4485604883059
184.6090690278122
184.692184625677
184.8645633584967
185.07616254996427
185.59804105298875
186.23828056548163
186.2770054461844
186.42733562619048
186.56250511040125
186.63152220802044
186.95902116441093
188.0599408734302
188.21265405923688
188.4289781827861
188.6455980788564
189.36961405527188
190.18473490460667
190.27461506383727
190.68455152032527
190.88317223374946
192.14821333588313
192.60172362921665
193.30623398947728
193.96358495766194
194.03544781660608
194.4218387814875
195.14058612452507
195.74784063396214
195.88609426250957
195.9638744150871
196.20356102835126
196.3814989498685
196.47631919431436
197.48760345518556
197.54032541481018
197.58151655565536
198.1337043554408
198.29786809991467
198.42866188107976
198.50346593456914
200.08608923800438
200.4124245762868
200.51090522323724
200.8680645647976
201.4221022473066
201.5391944586673
202.07134994666387
202.12848406897677
202.5477183593653
204.02158979621586
204.10250769729734
204.66684870298022
204.90055701106047
204.98290918087145
205.9023228704607
206.671261376253
207.0037556739278
207.79649872077292
207.88160278673
208.3184716102574
208.46320388917843
208.7237319962034
209.07598314256003
209.1390046407905
209.64527266804498
210.2906426874083
210.40700564144933
210.74695857660703
211.25337010590982
211.92607403035163
212.14602054235147
212.3489172895559
212.63501184002266
212.77501385869718
213.40001390580105
213.52047490970918
214.3156646462714
214.79533525604174
215.14897126725137
215.99018128194734
216.2808956536624
216.4366092037122
216.92665298098697
218.16040255193928
219.25698101661476
219.30942733699916
219.74548936916383
220.06834707993448
220.78419507277127
220.9579281255616
221.1139078250787
221.3582221960924
221.41044369371565
221.75602779988395
221.9089164932173
222.25535367796138
222.54865134549127
223.04779622334613
223.3839342478758
223.50626324904542
223.9202882325845
224.99531829577407
225.0901320253016
225.37857537168776
225.40751586332175
225.6444713212931
226.96155680091266
227.0501481109377
227.43553636534338
228.33496144344875
228.91479399672744
228.98622985809268
229.2573838000898
229.56481865770635
230.8159050192943
232.0236717656122
232.33711337017104
232.71116760954703
233.05401740497123
233.3511730459018
233.46145589725117
233.97128093305713
234.1475542242581
234.38850204571776
234.56061372559674
235.19289529529743
235.26997995827486
235.38569651858376
236.08368588122576
236.14797975702305
236.41329929276267
237.66803381328387
238.0315493668192
238.2750816112579
238.43126895202928
239.99944025971905
240.4538157124961
241.0546301581502
241.98792522687404
242.5882617167287
243.84190046008783
244.6440356535532
245.4673161622088
245.76581652560037
246.91407672738544
247.18816307046103
247.5507020381137
247.58344112284163
247.63341544489958
247.70813846613913
247.80766973245161
248.20323496853567
248.25973182889786
248.38009433620053
249.50663961410635
249.82497539996405
250.16391938930826
251.2998700176464
251.46826574461252
251.5812110595492
251.84500140637866
253.4136443843648
253.47661576691857
253.8578553725601
254.88332341762202
255.39957685137483
255.9989570066735
257.2724088781155
257.6932625923641
258.14826854975774
259.1668798998146
259.5541478734318
260.33688756543046
261.0159888689322
261.37940327182366
261.5937452804544
261.63825020367744
261.8452366156677
262.56915118260184
263.2292999044835
263.3217332427901
263.6166346512186
263.64707723123405
264.71622078664745
265.27257348782376
265.64354430718413
266.37213646847454
267.23736860828626
267.3756687164133
267.6824165992105
268.1010895621375
268.29003206274626
269.2116709274457
269.8005379013863
271.08099843753627
271.2045743897844
272.97462276387677
273.7418839258779
274.82086212910076
274.9093619818786
275.4435789523521
275.5817768700603
275.78616353915385
275.8037448632177
276.10583425422635
276.4433325565766
276.7773832393191
277.51513904001797
277.7952699488638
277.8492559148057
278.51514812328776
279.471235681211
279.78895123085505
279.83993427351203
281.4228272689004
281.49505942516754
281.86514124362674
282.07099543190577
283.40987985961624
283.98595498771084
285.2851133635747
287.17565264633447
288.3178405912957
289.0921100448107
289.1360937539553
290.1636582309287
290.3410244332977
290.37627087020815
290.54069578215376
290.9218850194559
291.3464811439264
292.0996821444669
292.39355822933317
292.7000569156721
294.0558940760407
294.40521697128344
295.44127113993875
296.01900136442146
296.281661022001
296.4395335013867
297.98570390914875
298.04089525763004
298.5368020861834
299.8654563686242
301.75248676278704
303.2902307504626
303.6093768660534
303.7153962827483
304.60039458335984
304.71066115416886
304.7504178786925
305.1361013702725
305.2603973537624
305.3384693541197
306.11853401577486
307.0705069611766
307.2650257677109
307.35576263606487
309.029214800157
309.3207361887429
309.36762052934074
310.9996887248512
311.01396476404267
311.39935195448373
312.971669539191
313.5164112756139
314.86761804163734
316.7196717946964
317.8533580788031
318.6316286160238
320.3067746648365
320.49580452416393
320.6881244129732
320.7458813357725
322.20858535742764
322.43750959993577
322.70522486194886
324.385875751846
324.4251020178364
324.71375808778515
325.79396964149015
326.367090222377
326.7463085062511
328.33051096530033
328.7202887577293
330.20313371710296
332.0728658211733
332.88245678389563
334.36814793550275
334.5173490266552
336.2408885768692
336.2777550945345
336.4258065961696
336.9634166408065
337.51637856468386
337.586047539603
338.17944596235395
338.2084992643966
338.4406925506061
340.1369582665279
340.33682203868466
340.458418554305
341.1360196056696
342.10215671641726
342.48014831316124
344.07719991338263
344.16971068796454
345.9448608574978
347.8154290413007
350.49461931025434
352.05998011373504
352.372894361603
352.5470466765459
352.6749426820616
352.6888678026827
352.760354615082
353.30921652062665
354.3126555766432
354.3801170905681
354.5615824503558
356.27176294560627
356.5734789626
356.8592231740479
358.24058208125933
358.60019189700677
360.21164071869794
360.72633447450477
362.0713638697124
363.93712442181453
366.3667199450219
367.0040638251072
368.40526201399496
368.7865981408523
368.85181911985046
368.8911562914336
369.0328168049909
369.0613714323515
369.4153844923734
369.45063481726896
370.0958821236338
370.83452028577085
371.0685348663325
371.1514592416891
372.78814813886777
372.9701208292482
373.0785119788469
374.7615004045242
375.1047194076553
376.7324066737036
378.5954110646665
380.4595781467446
382.86977762440455
383.8990362413139
385.37514802236956
385.79398490733445
385.91075028445835
385.95414908347664
386.19886340099515
386.85784062619666
387.73968649331965
387.9606878173262
389.42145547403163
389.69999651712834
389.96919881972167
391.671484494712
391.9931423387086
393.6423368899438
395.4989469995255
397.3584386934729
399.75643493819604
401.18015707501326
402.27637562876686
402.6770114954004
402.78883124959907
402.9553931314704
403.08865630786005
403.2313464369034
403.4637774385756
403.6661379052542
405.0313666663894
405.2351465587803
406.338602185576
406.99077393978746
407.2423408847358
408.9601733882215
409.25976993822024
410.93175959639524
412.78634431692257
414.6414335126724
417.0298034051291
418.84219105872694
419.59339705893353
420.76043692653167
420.89134049629564
420.94617303939464
421.27718119271026
421.39900794537505
422.7049959287271
422.88878645848297
424.6623197000214
424.89581450604857
426.6353161351271
426.69386714450917
426.9194687326627
428.60777654880656
430.4600653379838
432.3053802686117
434.67990051032086
436.8867317218829
437.24583993807846
438.68759675725454
438.81692407878137
438.931429908637
439.911939267377
440.1678592642536
440.7649937617955
440.9290341873269
441.2023273924239
442.72517471511446
442.9283312200255
443.21432143968457
444.69551176102084
444.94609512857056
446.67708746926735
450.3476859341184
452.6996931378055
455.3120081402804
457.2318285493809
457.2648239747255
457.3468723750236
457.7031350275497
457.7246105638787
459.20735170960353
459.33637439887815
460.02327161050073
461.16578961008133
461.329784394019
463.1391745300358
463.34331808627087
465.1166380238205
466.9303879940299
468.2027539426952
468.76011133312414
471.0787583834965
474.10547342010267
475.134012742029
475.81159148357744
476.03271801248405
476.0694729591876
476.1283887525454
476.206002826571
477.02748892643507
478.0231909684974
478.10324906829817
478.1506022283195
478.9564275606859
479.97816819325385
480.0909743337146
480.70249395864414
481.0843394657487
481.92076540788065
481.9685721906699
483.88378161957047
485.6933339701296
487.4236313573624
492.55399525791506
493.2591234056164
494.6549741421369
495.1039416006485
495.15306932076044
495.24334087858034
495.27037766614046
495.642761038284
496.00101858187287
496.576450993214
497.2037522356686
499.12791979343956
499.49627891262753
501.00542842487846
503.0067968737179
504.61974840820375
509.09527180709927
510.7254854008569
512.154794464795
512.7624850369997
512.8476600842795
513.7985723776736
514.6583354746521
514.7299074115574
514.7898755679153
514.8968154060932
515.1318302735696
515.2036297713192
515.4672446013435
516.7756076056535
516.9730731257667
518.5626919222318
518.575232190857
518.7426344567648
520.3714203571218
520.5601684932284
522.6006850400038
523.1720655925417
524.3378111722462
526.3298360928769
527.221756669161
527.7209943038351
528.4096770529264
528.5315531177532
528.7182134194118
531.6130689520809
531.6477682938051
531.7622947962933
532.137871410486
532.4754924180422
532.6276205322899
532.9037652555977
533.101821426514
533.4792332415695
533.8605685852137
534.1086247882764
534.1789885591384
534.5342075890715
534.6780686678752
534.7124722473214
535.3444792757849
535.4122712734517
535.7979595994631
535.8539925939923
536.3747428014735
536.6532852431385
536.8836420387978
537.1662348451249
537.536936716346
538.1656451548558
538.3089570287111
538.6257290515697
539.1917066249586
539.2872592655425
539.6543545347149
539.8543290787061
540.1928754839776
540.4203926959344
540.6624510552786
540.9981714805917
542.0436086388321
542.5728070479631
543.4034065233215
543.6522272368968
543.6916017323041
544.6303362698281
544.8271944192063
545.0907382433414
545.4066903851821
545.9718962831137
546.1175296292378
546.5260750389621
547.19124419463
547.5402917951976
548.5680306279694
548.8814267056856
549.4279463288228
550.4401521298754
551.1084203146542
551.4847883826914
551.72395289615
552.0612193568411
552.2268109944662
552.7124072373099
552.8636814620314
553.0902029669367
553.3649313166255
553.3930490564552
553.6659839906954
553.705082029392
554.6856535985135
554.8377221791717
554.8821035594535
554.9906432727922
555.5756789050841
556.2200359903924
556.3418540288368
556.4355587462632
556.74255505831
556.7795034690319
557.1855595212049
557.3378599893756
558.5940071272512
558.830547033549
558.8671986159809
559.0774834986829
559.2768562456597
559.9676640610103
560.1086555738025
560.6662481341247
560.7642939369141
560.9499993855691
561.1731093751133
561.3729351274978
562.2741797745712
562.39834212584
562.5248626526183
563.0206403870874
563.0899333820995
563.3572332164755
563.442525164104
563.5898658721654
564.0384272148763
564.8468430828829
565.0507206906223
565.247680379281
565.3609000822103
565.7524537471784
566.1600435360318
566.6344891044995
567.1107158853438
567.5635961412946
567.9657375025777
568.0457919266198
568.1998358775236
568.422363267737
568.7834366011322
569.0928506620594
569.2411358738096
570.1066657911326
570.3498346665989
570.3807186511882
571.1031327775457
571.2158180967202
571.3112409630528
571.6545585757065
571.9508948125844
572.2019707914168
572.4666032570237
572.5670593921521
572.8386976116609
573.3310342277031
573.4161540190493
573.7504107191014
574.2176333580363
574.2560902743575
574.6829708090934
574.8587751601576
575.0869945415418
575.188350691257
575.3148896448504
575.4220026042602
575.6284849342451
575.892724339348
576.6485094022564
576.7823431539313
576.8785218055582
577.0082781097426
577.2908335624912
577.7402431248881
577.8275460054676
577.8872813924149
578.4035680160794
578.6818675444185
578.8168698391607
579.0654977476041
579.2527631234133
579.64644052718
579.7492586738672
580.172814523508
580.7638031987926
580.8431104591136
580.9782496818323
581.3756082062771
582.2581427231313
582.3869282690238
582.7638706071282
583.4344470198541
583.9195340295502
584.0472826217964
584.1561288964762
584.3906575305253
584.7400209023319
585.1653471412121
585.381113909531
585.7775580407888
585.8557661957151
586.0841183161992
586.2117178581211
586.4573272716617
586.855843180683
587.4832147378916
588.4688736550025
588.7084949967455
589.211180542
589.4454286110412
589.5332547998225
589.8191154909102
589.8984357068547
590.1012363531173
590.2484598304071
590.4852334543091
590.6324488697708
590.9135439594899
591.1625056736333
591.3471953235347
592.1571546925114
592.1686361887738
592.7735937707017
593.2885315323741
593.4673737145187
593.8794134568407
594.0174477979648
594.2697710141996
594.4639856826393
594.7844910528122
595.1117885691485
595.5919767016848
595.667058666462
595.8439404692789
596.0655201655796
596.566898466602
596.7063088673472
596.9236210820716
597.2366393844958
597.5902160742838
597.9586820269503
598.1192488795855
598.4843605393634
598.5367094183925
598.8807351250127
599.1478688553533
599.5744326098783
600.2429471138493
600.382060047844
600.5036409776283
600.5988375920457
600.6990637952531
600.9398599993756
601.2358352673597
601.438796499829
601.7791744277823
601.9295677258682
602.4934781920016
602.8317405654275
603.1717259876705
603.4604033955515
603.616191366925
603.765600403539
604.0013415045936
604.2370289368853
605.2999434057041
606.0862378501537
606.4312399178299
606.6888325204812
606.7250732743661
607.2487532444032
607.6219550570927
608.3596024424323
608.7226452146543
608.9267672653423
609.1724486970046
609.2631830504009
610.1541676566849
610.4726530558132
610.8950632488325
610.9766272795849
611.1865763676483
611.9722344843482
612.2217426490636
612.2907437958412
612.8667278131843
613.4233730094697
613.8233472705911
613.9565860472436
614.0450603317438
614.2656730049412
614.6618481330312
614.8808456354318
615.0998796136762
615.6106385007822
615.9422915631079
616.0297739840197
616.5268387566015
617.1180667147349
617.3306373230101
617.6050878734355
617.8548100883916
618.1758156837299
618.2923487872298
618.4487426342143
618.6282031676286
618.7399466423346
618.9778258617143
619.4092649286601
619.6204026420132
620.5266771216249
620.7104220340616
620.8640867884619
620.9603789217564
621.0905535451402
621.3526226779994
621.4644527116608
621.6570099896921
621.7406119649354
622.0393598172817
622.1904402360946
622.8830943690119
622.9046766101486
623.0746606990364
623.3866771521267
623.584954204907
623.8323844195199
624.2676871968206
624.5680386958581
625.1172219956238
625.6765582178275
625.8474774886823
626.2001069034706
627.024655043881
627.3092684152754
627.6794818267035
627.9018207188999
628.1996418511335
628.4862150348736
629.2658925293085
629.6884400448301
630.020592066034
630.645526594304
630.8111081339559
631.0738233070423
631.3041142968535
631.3774491033954
631.8613018367969
631.9766009669952
632.1089998673474
632.5980369721416
632.6744987180869
633.2087119169731
633.8170635450161
634.0704560286699
634.4635834162514
634.7904311284226
635.2746267488715
635.5263553809043
636.2891518763133
636.4134255082084
636.9066353665813
636.9094176961331
637.003151828232
637.2929819178822
637.6531974896807
637.8601360747941
638.6363818031666
638.7062113796796
639.034687571227
639.2099704928708
639.243157367571
639.5900944357443
639.7019135118314
640.1191374490722
640.7021293579462
641.1058476237112
641.1522370326583
641.8294446642041
641.8951621130548
642.1859064223873
642.2719303715862
642.3542914243978
642.5384417248158
642.6323459503933
642.7706001464144
643.2458563946202
643.6702993245924
644.1528688018549
644.2783780533737
644.6645147016013
645.0675909309562
645.1509956549888
645.3615996155033
645.9957137742336
646.289116137532
646.5256183089186
646.656831543575
646.793856398567
647.3435612767087
647.8182081366433
647.9869006251881
648.3428179343497
648.4623939209265
649.5672853789445
649.9442843556176
650.5156907903425
650.7330697961041
651.0757281152808
651.7734176657076
651.9284110455744
652.0423970091822
652.1911397520024
652.362914496675
652.6630892331275
652.7321439431736
652.9362305125768
653.5584313483192
653.5657796960932
654.399613836268
654.9664903446591
655.040895666574
655.4929627486546
655.7567373974348
656.213654737316
656.4847438266045
657.1373856939443
657.4123411196817
658.2241535918608
658.3166234664048
658.3722734892234
658.5772000626578
658.8859594795913
659.5571416420514
659.6665841479231
660.3159269413984
660.5565937974953
660.92669553719
660.9794728163566
661.2206821867892
661.2924314411044
662.3143624934797
662.6510282521475
662.9705976629599
663.1600034558672
663.2063559538516
663.2923227666463
663.5697006630386
664.1906742253824
664.6015467720226
664.7890997494721
664.863104045263
665.067899718719
665.3001022412675
665.5286790327648
666.1385585387709
666.4129294872836
666.7836178304409
667.0259293211053
667.455432436339
667.8968066310928
668.0769695748664
668.2340674910857
668.3593951767355
668.5653964477268
668.7446826903247
669.2465893353062
669.6836071471059
670.2801149191366
670.7133657411081
671.5547769524616
671.7026533906284
672.135519040797
672.3271202942026
672.7746472645172
673.4882917333905
673.6915385275436
673.8585108932028
674.2245625240739
674.9938825377664
675.2516197099469
675.7287834818239
676.3235961509313
676.3848910029575
676.7357216381695
676.8949383860295
677.0122481705137
677.4086662803288
678.0811214218339
678.4830736259537
678.8756463322957
679.070175340808
679.1464207454351
679.7877542420172
679.9287665320624
680.0917186693775
680.154959355595
680.4665600092343
680.7384839139994
680.8442084987656
682.5136283032648
682.9619494631576
683.105802012792
683.2866561692507
683.4611564013368
683.8838589950121
684.0330169561128
684.0868133351039
684.1706551569744
684.6542579833488
685.0174677188675
685.5332902821712
685.9342322974608
686.1452989393421
686.4346703948517
686.5710247890173
687.2427622966462
687.3311142642108
687.642936096976
687.7983944097954
687.9592910667094
688.1731848426036
688.4219341065741
688.4759841564784
688.9491701984998
689.0962779287638
689.2742652243096
690.0565343421584
690.4910680357293
690.7946711459151
691.4003556014823
691.519920316292
691.7247584992238
692.023933024359
692.2451137479406
692.3524482001727
692.5675030159779
692.681473816462
692.9481831767688
693.0845777256529
693.1344325281822
693.7484269942032
694.7761895450212
695.0256423266728
695.124173256038
695.5025179860381
695.7342832579127
695.894561168471
696.1140822328894
696.2174159313686
696.5078555794264
697.2814778973964
697.450353283698
697.5675209775741
698.343706824076
698.5477364994297
699.6012956441891
699.724812022449
699.7658784282552
700.0877457296147
700.7282733774198
701.1590446664558
701.365290111041
701.9993650350536
702.1557163652685
702.2418841187497
702.3171127792343
702.6875005984117
703.1865021082392
703.4732545464907
703.5674372195972
704.0183032370578
705.275594424631
705.3170797284566
705.5631016256242
705.8202294009437
706.075601722047
706.3705013750097
707.7187151598814
707.9403105588627
708.106854246209
708.4077998492392
708.6923579705779
708.9030760271102
709.8578323158098
709.8733761443344
710.2711434054022
710.5982417882599
710.759156543298
711.1364082050676
711.4945206959829
711.8362554517292
712.0262408142574
712.256305997359
712.6653072551558
712.7515843658144
712.8996879060513
713.333119969921
713.4144539396419
713.5902218109816
713.7476525149639
714.3678869248761
714.7609559862532
714.8217669215186
715.0827694686441
715.3418844335729
715.7076918014654
715.9709539330411
716.586844961441
716.6739824155537
717.3774401892351
717.6951397226031
718.037619302342
718.5111830564383
719.1671142669164
719.5662738375552
719.7320143219631
719.9261095425902
720.2581946698338
720.916800835005
721.4386024746116
722.1289541615596
722.7879424612452
722.9782773202936
723.3359259609592
723.5282588377995
723.9713733164896
725.1870606112861
725.9725646895464
726.4940378767642
726.918206025119
726.9672393007542
728.1529037910011
728.7194073152805
729.4857400005643
730.2627160342673
731.0135702545736
731.2937942314294
731.412238509508
731.5606119957807
732.3457553295437
732.6391615902364
732.7794111157921
733.176823227651
733.422954252602
733.6333915141807
733.7006754068441
733.817509521856
734.025364494141
734.1877364576251
734.3440968770645
734.9734274336475
735.0657613131779
735.9029039221897
736.1124042044047
736.1789108943702
736.325178789515
736.7664133693754
737.6641612127698
738.1446943263142
738.2082757082239
738.6207325656735
738.7840043041858
739.1436623024243
739.2774864049707
739.5860971408785
739.9246947344664
740.2017719900404
740.372341112211
740.4425805242886
741.4415293950651
742.1706782832223
742.240411492645
742.3379910776736
742.3720591951225
742.536336995319
743.1589423450469
743.3591666987643
743.5006216914556
743.864205490839
743.8925708589754
744.5225001645762
744.6748830900964
744.9225112886692
745.1808341468795
745.9049582182548
746.1571713150803
747.2852979166184
747.9567274327438
748.1625911283974
748.2232073921463
749.5871627871755
750.8864130896625
753.5652278588884
753.9292719408204
754.6522218016783
754.8023186845581
755.0452870502719
755.3168796643112
755.8244474186922
755.9222630327108
756.4702653156955
756.5707890313789
757.6654428912535
757.8225242857699
757.9953421904287
758.1750794486883
758.3651488241649
758.4488264408251
758.580578108173
759.0231475990922
759.9020257487523
760.524851873841
761.0564158029057
761.2393972745472
761.2692967187857
761.9867249186414
762.2462161949155
762.6302743454112
762.8036749644511
762.924955925696
763.472137914766
763.6371291735712
764.3449544746031
764.3839871144436
764.8616865721026
765.34183838976
765.3743188587943
765.7374652874373
765.9493220351723
766.2256341343334
766.3197276543928
767.0425385800527
767.8211259441957
767.8653180160487
768.4716857191269
769.5296639769964
769.7628263906712
770.4550895813064
771.2522621390959
772.2102010533073
773.0371919305732
773.6540493823109
778.4545987318688
778.9282930547313
780.7374765800937
781.0742469723209
781.9550235557189
782.0189667994119
782.0555073599803
782.1941620258594
783.7270203194129
783.8623855027299
785.2561601706585
785.5992258438223
785.7733450236035
785.9236727338207
787.1262802532136
787.2135093668089
787.7030295803369
787.8307180378811
787.9891026792733
788.6698934104262
788.6797482272092
788.9037818723488
789.3109562845005
791.0827019921995
791.1282407555966
793.0992127755444
795.1690208597507
796.8283340209231
799.9239184385278
801.5144023099683
804.3978763744175
805.8820357202592
807.5024697746064
809.2076786554428
810.9020660896786
811.2897525159292
811.4692133252684
811.9837854294965
812.332314491457
812.4472357449727
812.568699573139
812.6439331264204
814.5345881426825
814.9404535827463
815.0191472305665
815.2447728772212
816.2505816134546
816.9356726070893
817.0375111202632
817.5102309731114
817.5329592954693
817.7689093210305
818.7717466096275
819.8495756056595
820.0115338684125
820.2481919307181
820.4659433485456
822.554647779303
822.6109936002744
822.7781281757246
823.4312868838798
825.1869360055397
827.1768559756475
827.8824254768529
827.972387218344
828.24113109669
830.4064469081002
830.5255236273027
833.7791191436319
834.6487616751357
837.0338136332099
837.5002402723186
840.7363236654874
841.7863358435073
845.4162818247361
845.6724859658041
846.9178169726619
850.3153098292579
850.5496440195175
850.5721145853563
854.5934429775499
855.5941384192763
861.3246165195013
867.4174995349654
874.4379185339831
880.9393296092584
887.6922444167965
888.2683884338946
891.118537143079
896.4173390722034
905.1740471927914
910.1880759742506
928.4219225416354
946.7616217919282
947.8901650814428
966.4884722228353
986.4228995729109
1005.4422575584292
1021.0759910250428
1025.6945675428951
1045.0341345583
1061.0663513176787
1065.7618723141977
1083.7442946401582
1085.5984553508692
1101.9315511702946
1105.323024585048
1106.5904176928539
1123.2613836893781
1126.824723320819
1144.8892395637934
1148.2172139243712
1165.2438685362079
1168.7676748312463
1185.9250292580086
1189.3064781045814
1190.5857009965393
1208.0020893623362
1209.6613075609707
1211.191776519936
1229.0178315442104
1233.769310456094
1251.5236024318822
1255.1586677925054
1272.9459116572534
1274.8216133918504
1276.5011134912004
1277.7914729061501
1295.97888468352
1297.702425691257
1299.40596453673
1317.7534686856263
1319.181624539627
1320.9532980791903
1322.384725545058
1339.9315121222467
1341.0015860586884
1342.2945053328428
1344.8412731407975
1362.9082437720074
1366.9734381241503
1368.0986216687145
1387.0004941427799
1388.9018855487059
1390.638649064998
1409.5676367529504
1411.1433137324432
1413.3499624934352
1414.5926353063442
1432.5203736813226
1433.7389304741037
1435.9109063054257
1437.4929004292364
1438.222718923285
1456.702301914453
1458.6489629845066
1460.880591005349
1461.2282563047313
1480.042968736252
1481.6770018003806
1484.577393211474
1505.0327896576657
1508.3040028063294
1528.7340934815309
1532.2429755030157
1532.4978753511887
1536.235726240417
1552.8077267717272
1556.3884954809996
1556.7025142496639
1559.1643642260287
1580.887481553208
1581.8120982060477
1602.783146372461
