1.6302808950822805
3.0148604557986096
3.5088563102378907
5.013545848569798
5.386564653889187
5.462786422053355
7.0087785867077095
7.012900599557161
7.344735862246958
7.437514099234047
9.009940935484638
9.012990067771476
9.299698183055071
9.318930906363565
9.4091948140024
11.013325223735109
11.038045535677917
11.277563558461882
11.290203007684147
11.29443994723775
13.038631416362131
13.07537022366415
13.174694711974157
13.247027456884407
13.253618176469868
14.95585465258426
15.132883962847945
15.193561461484574
15.226692695330307
15.239391372255675
15.638465502704525
16.913821001847506
17.110218690623412
17.119901151954366
17.19317526610254
17.198492555880236
17.975577205355563
18.471705884386584
18.890891030456984
19.067579091025134
19.077808275739624
19.085447222796798
19.856061053195397
20.864633575844916
20.96958053070437
21.05494250837107
21.185658044749584
21.22620145849882
21.71362738700261
21.813994982859715
22.753895044943622
23.028554383246703
23.06611316840759
23.790994465687554
24.53340167967951
24.820734796983533
24.916573964150647
25.023998861159782
25.764454683757773
26.699675664742497
26.70115973828021
27.00092342604947
27.651831441711483
28.658579842621297
28.659196752771656
28.85822645298319
28.863103327753326
28.97427442067943
29.433869416867264
30.635878090711152
30.74350336783335
30.86141331705022
31.596340734287377
32.60913503103513
32.643092996544915
32.70131931860053
33.305094275277604
34.327908159062474
34.49614363001777
34.678152092567615
34.80553696837105
35.18547525378864
36.27764692001874
36.65136554812198
37.14326400345133
37.54072258565454
38.14278965233652
38.440151547009165
38.538259107129996
39.12006665550435
40.02315245259736
40.319678636226634
40.74744345675905
41.093238499683046
41.17536401174185
41.98092112432546
42.482236912887096
42.98005537261197
43.37393840823062
43.95769693751814
44.38494606319388
44.7614351942332
45.21748516616217
45.25428721526517
45.93084515038527
46.9240270904741
47.21203925573455
47.81760099410938
48.427070942594746
48.99715772256038
49.18879541916307
49.598945142424846
49.6593072854295
50.877494235842
51.16190949777104
51.761520433988736
52.83523244464952
52.86890663096491
53.04863571110057
54.49686523534796
54.811972642166225
54.82996053038263
55.01154231087882
56.78506748650549
56.8918690184183
56.99259806169927
58.67176254874009
58.849595278058466
60.45306989918558
60.826322331911925
61.41647764480918
62.79940117766034
63.29679583324277
64.68607165120004
65.25451246175724
67.23122840249387
68.21153254367138
69.20429385296437
70.09184281070705
72.04955051123248
74.02625734557925
75.3963923981009
75.99931234294841
77.27669671372517
79.23439775610345
81.21109655832255
82.97082897346769
83.18414195157233
84.85112816667917
86.80882270502475
88.78551504260662
90.93466816958068
92.8148235084372
92.81500187536497
94.77265189795935
96.74933835384512
99.28777737682034
101.16806734019463
103.12575218661996
105.10243362749844
108.03005335869518
109.9103391496828
111.86802028618135
113.84469873591367
117.1614147618561
119.04169776644173
120.99937480634236
126.68179702440497
128.5620771864085
130.51975106696992
136.59114815546408
138.47142562971254
140.42909671590158
146.88942567902194
148.7697008581921
150.72736941486562
157.57659488259765
159.45686801061126
161.4145343565657
168.65262738870075
170.5328985482185
172.4905627479476
180.1174988145789
181.9977683082781
183.95543055721825
191.97118920628387
193.85145698458604
204.21368126844933
206.09394743878732
216.8449602883007
218.7252255038888
229.86501394480354
231.74527832828377
243.273831645278
245.1540951128683
257.0714038270479
258.951666481643
271.2577221080924
273.1379841496016
285.8327791102397
287.7130404092075
300.79656790308786
302.67682870006945
316.149082273825
318.02934251495947
331.89031629890576
333.7705761246421
348.02026437167706
349.90052378658805
364.53892062213237
366.4191798173208
381.4462795199108
383.3265384634175
398.74233470727717
416.42707942271386
434.5005056997408
452.9626043177191
471.81336285391285
491.0527672342631
510.68079604632106
530.6974176610155
551.1026053693583
571.8964392661162
593.0784611563748
614.6488570526725
636.6072815822342
658.9533643115502
681.6861352853251
704.8040855027407
728.3026668293252
752.1689900484228
776.3380089392879
798.8079498882023
