2.061921253030431
3.602558109300909
3.9675731359099826
5.520715905280187
5.808550199650767
5.898583054690953
7.457160999822259
7.464189976014394
7.791969165369437
7.844144068899441
9.419707228384489
9.423660675073634
9.664519893075012
9.760601683575747
9.796539107645964
11.383833031643624
11.38984725821521
11.423876505185548
11.599281281240351
11.65518257221639
11.769270116910073
13.353588355131615
13.370323277485474
13.414534133273069
13.451236593907353
13.577480326105418
13.651773919550708
13.75391808055982
15.257359344976553
15.365415414675203
15.40200469106677
15.610515391902567
15.633831366867671
15.745663915050747
16.103539560420366
17.212896920018263
17.33548109683358
17.510035443593637
17.728138118856368
18.110305681971827
18.410390016221317
18.957754692371754
19.185835765168093
19.306682610346247
19.472890296826296
19.69836963567188
20.11787663418711
20.296716050405013
20.960864354016994
21.45270467259998
21.647534951040583
21.667508972495728
22.123277088567388
22.211218393184325
22.26860142086397
22.965079321226142
23.536750256383623
24.13814201678131
24.20062143311602
24.26398663227609
25.305964448644186
25.357244255086115
25.499593550197336
25.885037448205953
26.184723123393912
26.26644456944545
26.988549391183778
27.19292032527263
27.199416546767743
27.481032263563154
27.889374574756623
28.253982783343833
29.1597307705673
29.295775349147828
29.36469228222048
29.460785985020532
29.893723956904466
29.93486236996299
29.946676110903677
30.271123861999854
31.139145935744196
31.25224466017274
31.466166420464987
31.902097780212827
31.948777914603383
32.403668291558084
33.115687205294414
33.21745314910375
33.81762147138385
33.928096631970455
33.95879808809171
34.14442120540509
34.39890464182904
34.747174400395096
35.199257332138885
35.70695554317388
35.96001926871702
36.07492158788734
36.40218875764883
37.17985521629978
37.67104824684366
38.4790932690752
38.66985514828161
38.952078468424766
39.24578358626604
39.654235616849235
40.136650403171586
40.41267171422356
40.55743281122412
41.193743901931164
41.248376087453394
41.26627693197992
41.63278610428279
42.43891045312049
42.51862795704027
43.25256050629221
43.90882755388997
44.48073459120742
44.50331840368065
44.59568002492771
45.25526511910169
45.35836690091515
45.796201373828524
46.473544256317226
46.49453076089815
47.02107853094473
47.2886277252882
47.75918527866218
48.49214602368731
49.44032886587906
49.539785310489684
49.740394667165035
49.82831647286955
50.112731258477396
50.15949617763629
50.49822109321744
51.42575407774393
51.718668398903695
52.115443874949705
52.5294760735458
53.39027251382149
54.11915105211617
55.37055769645855
55.55982411320573
56.13185796144069
57.11814733604362
57.446046307420296
58.134015560478275
58.156419778819824
59.40847542191797
60.137259496257855
61.389820337338705
61.85329946615449
61.9696578230969
62.14393647950484
62.54036321737722
62.74766198869973
63.85562501055998
64.54249690043552
65.81791832730254
66.54555805571358
67.79902442501086
68.75902193225986
68.77015140294522
68.80903206989208
69.33853188322823
70.58095616660347
70.65593969712519
71.34039964477387
72.61637560975556
73.343019811089
74.5973232945027
75.95850563737663
76.52562182448035
76.57556027452343
77.37906118351486
77.84325777791483
78.52817510965762
79.80514987337597
80.53051274155212
81.78508593586199
83.53613322011344
84.10262586915304
85.42082734166807
86.10432459976728
87.38220318154536
91.50263601243172
92.0683701982364
93.38746398940656
94.06985601187185
95.3484583895672
99.85836101285821
100.10705244045259
100.42295755636762
101.742473331391
102.42442960055912
103.70359803924744
108.6032130528703
109.16666609373098
110.47728226635247
110.48759517951392
111.16800881889075
112.44733494957177
117.7363289939881
118.29268897573623
118.30012271612364
119.61993444843287
120.3005274892897
121.58005896889121
127.25829760550953
127.82066552760146
129.14174829058268
131.10204453120764
137.16926003817866
137.73091944865357
139.05234801965622
141.0124797759783
147.46870356999025
148.02996597323806
149.35172922526058
158.1566928834024
158.22153191488252
158.71778968258363
160.03962380196572
169.23414627788975
169.79442321162267
171.11673907147733
180.69908169404974
180.70123233709026
180.70440896463282
181.25975477595475
182.5824552094417
192.55425606396645
193.11384807857794
194.43677208414923
204.79731140501391
205.35665337208076
206.19004521954642
206.679639751833
217.42907063648687
217.9881680651974
219.31123200807738
230.44942551121576
231.00835981254846
232.33158645725203
243.8586111425308
244.41730029205328
245.74058558404724
257.65628798414036
258.21488118399327
259.53816390167657
262.1454736917522
271.8425514027023
272.40111345981524
273.7246737737898
282.35281345967974
286.4175561803139
286.9759932429431
288.29932112093417
301.38108042384073
301.93949976817044
303.26300887761784
303.3381946620977
316.73317136503067
317.2916092032623
318.6148238701869
325.1014993881609
332.4737907372638
334.3554161978462
347.64247203004567
348.6031150172261
350.48449954775
365.1207161629357
367.00201720375645
370.9610570660473
382.02657701806413
395.0570701201384
399.32085693201924
407.2740191638346
417.00327311727943
419.93070127231533
432.55222337771266
435.0734452612387
445.58229784755423
453.5316855708053
472.01202081091196
472.3761839074072
485.39506212858237
485.8212668701961
491.60651749083866
491.6082817658541
499.2189702056985
511.21352632326676
511.22683453191496
512.9787465277022
513.4152545091098
527.2025962862183
531.2047680283939
550.8389117080923
551.135484132177
551.5795954103171
551.6175355045768
555.9640505229754
570.9374950286813
571.7301937778624
571.9316348800472
572.2578674955507
572.4674374002838
572.8247632510656
572.9544774898798
573.1874560897357
585.503116167561
593.6959290907977
600.4387517444326
600.8672067291733
615.2860823620318
615.8195681051902
631.1657437108812
631.5746634994076
637.1953090478735
646.9132515988277
659.6039992971703
662.626573153333
663.0558556513051
678.7849909711715
682.0684991047463
682.6967582462919
694.9185514036337
695.3072390795691
705.0298042021843
705.2614874711318
705.6413396801981
711.4339071478659
727.9162824851587
728.3520284444548
728.9069378966065
744.8602943498922
752.7080444651916
752.7130492093262
761.7346901270245
762.1678637406857
776.952727668122
778.2524952542742
779.06387294747
796.3347691624869
796.7624787574913
800.05514760404
814.0451535184287
831.6962783721318
832.129910482979
849.8036457724415
867.848841672107
868.278482247809
886.3397415839405
904.7695412797364
905.202007509464
923.6530018951161
942.4989776707017
942.9338661413185
961.7443856565624
980.957717456903
981.3840894136922
1000.6122621530268
1020.2100999531162
1020.6403118131607
1040.257759728511
1060.2791349679285
1060.6574138901965
1080.680801834534
1101.0595622718174
1101.486572036749
1121.8809658017642
1142.6487532020813
1143.0748883500587
1163.8584566899403
1185.0159564182802
1185.440613344011
1206.6131067258284
1228.1585390959924
1228.5828622608992
1250.1443914281076
1272.083804664854
1272.503332082165
1294.4537539247208
1316.7864797476966
1317.200203409727
1339.5388083386351
1362.262563000296
1362.6711226573218
1385.3999181067093
1408.516001486287
1408.9161857500787
1432.0360038470453
1455.5445375788875
1455.9335630227852
1479.448156195363
1480.2145483505665
1503.353081995619
1503.72191012926
1527.5534696553455
1549.8984580842668
1551.5148771796046
1574.1396060203765
1596.4015190853677
