2.650630908634693
3.7168749313249263
4.565178679133652
5.624623048146157
6.442582351724793
6.496309355931981
7.489814577535622
7.56457686891844
8.392928601338202
8.438191948411056
9.449113518883367
9.522507758466757
10.286956431536606
10.345615375314873
10.370629091596731
11.391052923257618
11.443961561734957
11.492415652944548
12.193407201743813
12.24439706470987
12.296335897424228
13.401999048322223
13.47130343132398
13.563717898586395
14.030895725474547
14.08634699356413
14.16251892329516
14.242048869443641
15.448027134476785
15.546646929371482
15.872916109593007
16.004248146785585
16.056271698616744
16.181283746433476
16.359717639957235
17.418100728733872
17.53584815251887
17.799716877155788
17.956417313125822
18.031170827495295
18.102933925640514
18.26633272596667
18.84049505800776
19.183464428822788
19.38587626794037
19.529876887165887
19.74946667588123
19.935762532654344
20.031013677376826
20.216150154852876
20.823274343738152
21.089019840336306
21.5292406541196
21.701437437370455
21.80040547612873
21.999290846971252
22.09306965060639
22.18570935225145
22.442910376888037
22.81291575927544
23.040251945668075
23.5965965381789
23.669100136038328
23.972702809340685
24.167379438980717
24.34682934365947
24.8022420340875
25.010809058344126
25.3826374871951
25.754061452152808
25.896220900261945
26.048778633540472
26.130986312478342
26.214003956361996
26.30120745892227
27.00179932983785
27.713422495078404
27.74909037900572
27.98335019771162
28.08787812003323
28.261259490621594
28.536313767501056
28.71387200509304
29.089837758584967
29.72320485983871
29.80805165651715
29.854071100322884
29.94251838445238
30.069465539812583
30.181378295146153
30.24971242253858
30.53921319001647
31.46320003029015
31.707891914103623
31.786322821002617
31.90916691430127
31.997922577523465
32.08566430702585
32.34343860715829
32.729085056194926
33.66552861040216
33.72789139815277
33.83332818737888
33.943536071692684
34.03065394114176
34.19476793958336
34.28095233370499
34.63619456158376
34.75270696923943
35.41142576649491
35.599771227645334
35.78014872858106
35.912009207755496
35.96963510482387
36.11152092897145
36.53459632248009
37.39617487385992
37.535852335170866
37.790952273842656
37.96930700693619
38.2638514617825
38.40330215676778
38.477975936384915
38.74331071203722
39.12569315982788
39.48739847816048
39.59235252738564
39.691980971223316
40.091177337422494
40.44017453055994
40.673239593442844
41.11902482423077
41.214270433599324
41.382660392291214
41.486598277035135
41.88553629211311
42.33669198404891
42.406078502511285
42.58693878924366
43.11698442381147
43.32016602590631
43.680579987281334
44.14424730491622
44.3647726774202
44.42005493024114
44.53634347657369
44.73015576880676
45.111046783086685
45.25660397747933
45.2952993603002
45.63062705444286
45.94615517419837
46.35740388524505
46.43106953557585
46.61992354195495
46.969491136114215
47.117751919045325
47.27103493057663
48.14599576713879
48.35748113876924
48.56149302343973
49.00476412385966
49.192881486626625
49.37470207438493
49.5918331025557
49.85948692236265
49.994829956739004
50.33961336725951
50.37800730366405
50.517650289580466
50.79914861273708
50.9100330113532
51.81162762684808
51.99037103800382
52.248525736068515
52.36066092799191
52.49916279100939
52.9204010911713
53.043591813484376
53.338010635419806
53.98592716583211
54.1075464669666
54.181495750797794
54.256831206590704
54.59804328186699
54.67608253164133
55.765224048356274
55.97546395687386
56.00882294107605
56.04213884756225
56.07603803022999
56.151966229420616
56.385094026852016
56.600746947859996
57.04376491554133
57.3089248219893
57.67679934814162
57.94435185068696
57.98440840098026
58.011671699467946
58.12406830925446
58.26712174973695
58.28248788164255
58.98601308039311
59.83628569120205
59.92023024117685
60.015404079295706
60.19529422473251
60.25077559883491
60.5978014736193
61.019668387387625
61.435182088595674
61.67899892954171
61.84542366874207
62.01400869301988
62.162402929848106
62.42613799576834
62.68778023777881
62.79691071096671
63.132698303252496
63.883685184210314
64.01970675218003
64.13988635397538
64.24517625923951
64.42509878989694
64.68350240491013
64.95250697758907
65.48133195499354
65.49815226922618
65.91144671948362
66.21198563138675
66.2464182240196
66.61839309038061
66.68179345145583
67.69897013659954
67.87504199394195
68.42295742172836
68.56605318380872
68.68665336823514
69.22482370039786
69.59645626423156
69.84631618128351
69.93743100834723
70.42821613630822
70.54591541645203
70.71822321845721
71.14357373236331
71.22329404327465
71.47791255462629
71.5214069402883
71.90016415840067
72.3188594783704
72.40399655919074
72.62772559174276
72.72657600003176
73.41559596447217
73.5246275871752
74.11059872846407
74.76095696346337
75.22544573498003
75.37209596872403
75.89769120714652
75.92401897482647
76.33733059376281
76.41427812380533
76.53071192707841
76.78592072042858
77.23002078049966
77.34060234546769
77.55761471989524
77.92868738877024
78.40758082516821
78.41293756739567
78.67186206885059
79.09885517105958
79.12585146260201
79.45433762377787
79.55836404339654
79.95729760831938
80.6022623284202
80.78016009287035
80.9114156806969
81.15945609824624
81.88370955063216
81.978458247625
82.32522031408845
82.4134736870701
82.55929012743783
83.13621861481559
83.59918961658552
83.99038279117362
84.36157832424433
84.42195272147228
84.52432559725167
84.7214555262461
84.81671749682317
85.61266432343258
85.90677279598036
85.97677474074209
86.24807585344045
86.31442411618349
86.38600486833901
86.6397343473584
86.71890668547046
87.93777166240227
88.04742981558847
88.11548283229203
88.18124050374372
89.05556851209738
89.16836408461937
90.02453123867309
90.13328425040434
90.32667943447791
91.90045074462499
91.95558187332277
92.00383506749415
92.0967509220553
92.33295169855161
92.77630258652128
92.85004666790337
93.09720752411377
93.33506284047591
93.8909253029362
93.95784517766002
94.19943376554328
94.229237927451
94.4613868497621
95.14715628969029
95.69285209427893
96.14643781025869
96.32274738641829
96.34766936749513
96.65564592186182
96.8067788603961
96.89529632597075
97.89718772239515
97.97707267284355
98.09943996889271
98.79438725551594
99.28812236055242
99.97365516145055
100.06543267726114
100.3126813821803
100.68211190268651
100.68881678380818
101.2746706479782
101.86028751883538
102.17527642080125
102.31166469795836
102.57133372206525
102.72164616306769
102.84141358518235
103.26764397514776
103.65317180765683
103.91272543845271
104.03103458202258
104.50085322261596
104.62154408174034
105.87155648955503
106.10312459854683
106.455457850659
107.43410717068961
107.5832798622359
108.32445404177093
108.41694561268758
108.4746329426013
108.64997208534079
109.05674941798651
109.43343040347486
109.68309294889471
109.99402410859987
110.2167254527288
110.42138352181203
110.5282302403261
110.68659668769315
111.05565051104041
111.31656001135238
111.32480716396923
111.61439955712021
111.88003871560565
112.00786885604319
112.14305382185236
112.96860159497928
113.24687486331936
113.3102124535288
114.22141533222981
114.34372434795111
115.1976879287034
115.52690842799547
116.06705460078018
117.00315518611595
117.07411345160762
117.16096977335951
118.1895940065288
118.37406601115308
118.54168874513974
118.56738137160173
118.9597842515545
119.04260837169893
119.2696313995741
119.57381674420901
119.71926406153844
120.18800573944205
120.24326238792503
120.44983639115455
120.75419688327715
120.89646639192841
121.71227580606782
122.37882452699056
122.68314663872846
122.79395792691206
122.98218023666941
123.89134125782569
124.03244897575266
124.14249046074092
124.32927934309568
124.54699249466742
125.75197438137164
126.12466299361407
126.20584812076326
126.29158759532507
127.65831933951256
127.71129906648036
127.77383213882888
127.9586310247431
128.06770735503693
128.090276506883
128.10018335718868
128.4011826551983
128.9227258350861
128.99068165124075
129.71052288769246
129.8881224751354
129.9718692478876
130.11676529163577
130.8427542736216
131.74436781419772
131.90140731890094
132.11339029736004
132.39356342081933
132.6365790090881
133.8531987326941
134.1032096718505
134.88598681135778
135.72823739987234
135.81184509184402
136.6804486440733
137.23927929020758
137.61530564726925
137.62800457406908
137.91922242999325
138.00230407889924
138.53310347201543
139.40999906034898
139.6218419307041
139.71744556633112
139.88163924750182
139.928954202257
140.3629692335908
140.55939416855801
141.129956374447
141.61592671129242
141.6416096308406
141.77572471540503
141.81199047627751
142.46597364488952
143.76254244804142
144.4064101060306
145.6392867882019
145.72088474202272
145.8290462059419
145.98647356500646
147.53266689525847
147.64455040069822
147.921855741661
148.08825193986283
148.30150776011715
149.0541010860434
149.32224867453166
149.92114101767456
150.1823599908066
150.26824859716993
151.22493545076836
151.29944076147967
151.5468173373355
152.11033131677212
152.11336112404481
154.0606530131327
154.09559465057444
154.32796524070295
155.12177326513145
155.35108036546535
155.9400990032416
156.01928685820053
157.55550182932183
157.83307636535739
158.60995768826038
158.86283822185806
158.99016031192792
159.12466004945074
159.32668190273932
159.62222348865615
159.80136524310672
160.492769732797
160.6097097315085
160.8716964022855
161.21100251914922
161.8474089591004
162.79937439320753
164.60469381089905
164.62813722587018
164.74834991848437
164.76537518605085
165.2675364548466
166.70901609249862
167.85717418797205
168.52344585170113
169.68654453245892
169.71741370096365
169.88392301762812
170.06755804953906
170.2859049238388
170.31842038344405
171.25623695297597
171.51266002120113
171.68655681372778
171.94864947596443
172.53603129409183
173.8760474177483
174.0895646793876
175.31367378920842
175.56779563218336
175.8267148124821
177.78302814498704
178.53821602348205
179.5998375537382
180.01739336544784
181.15243648582526
181.38936590856142
181.5189823450864
181.53396740073796
181.5665591790227
182.20018554721162
182.3347978293083
183.1520076164851
183.41438601403507
183.63002671732735
184.85973556869064
185.3434001746812
186.25702556106793
186.390996765324
187.29224311216774
189.24749912646212
189.6309284322741
191.06612355113108
192.85507419156266
193.00707201981
193.2780794725702
193.38863918081907
193.4900013201164
193.7981876343436
195.00602998235868
195.08096463143806
195.26931990651116
197.19730597180205
197.3351723028949
197.85767806142658
199.14643611774804
201.0927879079839
201.10460362982434
202.9210992806647
204.70992984068334
204.7447815013433
205.2501040991914
205.6302611228448
205.65366201256145
206.93650701464043
207.24990387252748
207.51195571994737
207.567614179502
209.44040533849267
209.7126144182394
211.38960581233403
212.94849201290364
213.344054247603
215.16448846049522
216.59974109057126
216.9542948549646
217.88175321301225
218.099639335074
218.16706400639598
218.26505814713906
219.17836172936086
219.8816361741236
220.14477281897558
220.6541652534602
221.95577333555673
222.06919127843136
222.08102131711007
224.0235707688579
225.1924310487306
225.97512572288326
227.79847594255216
228.8498735630118
229.5860906692756
230.9023812162463
231.28567360391466
231.81250420417643
232.8978614795343
233.16492483529984
234.5887994507648
235.09303697441598
237.04244095932822
237.82475536677657
238.99497671811022
240.8199500499322
242.60620211582884
244.31154646262996
244.69534947634966
244.8064708442802
244.83321785002798
246.57538893832287
247.6099712158971
248.50225032251663
250.45156874907727
250.84578352297495
252.40393790585415
254.22869781008478
254.49424687540994
256.0165473455049
258.1093223357573
258.2426670094453
258.49357564710743
258.80687299282346
260.37329497802915
261.0193990508661
262.3004071674648
264.25060495292325
266.20122781197887
268.02683424617993
269.81478304052104
272.0395284475419
272.2962601230999
272.68053324894436
274.5600436131219
274.81759200024743
276.486918161413
278.4361148834024
280.386935261466
282.2137772020049
284.0024636387996
286.2274692479286
286.87121107036717
287.2560905466355
289.0080956498779
289.1355953146947
291.06371842351126
293.01122693454806
294.96257775711723
296.7892563220655
298.5757442290895
300.8029283911656
301.83503749200275
302.220126454028
302.3431486696261
304.0996450585916
306.026653846197
307.9731691201366
309.92596215407946
311.75371910520107
313.54196535565717
315.76708526251343
317.1874980180498
317.5732357402728
317.7228115471659
319.4524771529336
321.3792339991165
323.3276379920433
325.27832461744356
327.10640411684926
328.8944155972762
332.9285891345289
333.3145964679448
333.4161689290182
335.19359282893527
337.12023196915277
339.06887835034195
341.01916771089145
342.84821429847176
349.058236843674
349.44466455263597
351.32343371355097
353.2504226441545
355.1984725921698
357.1486923286115
358.97750792344453
365.5764533094118
365.9632304050911
367.8425066945124
369.76933222552674
371.71727158487437
373.6666833436877
382.48325131103223
382.8022609944654
382.8702142897834
382.93948186876776
384.7415027742393
384.75153362767
386.67558718583484
388.6239036675423
390.57349936385833
399.7784005209286
400.16577337926253
402.0444610223751
403.9709029531237
405.9194222432501
407.8684790158055
417.46191922135625
417.8495008614419
419.72254051386375
419.7284291103308
421.65438316366715
423.6028795545665
425.551921576763
435.5336375025714
435.86586239952993
435.92196742631694
437.7999580658628
439.7258901332596
441.6744279054391
443.62346383544826
453.99329269486117
454.37248105536156
454.38259126072285
454.4190619449221
454.4866192407216
456.2596992515952
458.18560132372227
460.13367286408436
462.08323860907296
472.8404117412951
473.2284656776847
473.29704420445364
475.1066528899994
477.0325075569873
478.9802225385602
480.9308334298675
492.0739939853275
492.4623210026122
492.5876192332031
494.33917278218775
496.26734216207996
498.21111568159307
500.18424034605727
511.6909424955106
511.87766326714427
512.0412024833295
512.0863271430782
513.9526590328699
514.4562444855667
515.8487567107458
515.9027102766361
517.8174399597697
531.6223128440083
531.7261815424081
531.8221825995074
532.0852896297314
532.2096146814486
532.3974573396712
532.8523881651129
533.0886509982197
533.8956967736189
533.9840396262153
535.8248780878592
550.8098436411432
551.5493691133822
551.9483166769874
552.1852219210914
552.2976459087376
552.4165460628325
552.4594775879092
552.9302930294756
554.3045061929702
555.1563278448979
555.5333564341308
556.341027906277
556.4875700160995
558.2597695605878
567.3007111970724
569.6881450811288
570.9923413462832
571.4000081568369
571.9344863290812
571.958855558438
571.9871894789119
572.5299120780277
572.8902408961554
573.0506343021672
573.1461234410737
573.5172657013394
573.8313775266681
574.0032285590692
574.8986262845368
575.2022382719463
576.5036400300987
577.0750322169172
577.5283324534188
578.7687474267723
580.0048467822595
585.0786418600005
585.89817582724
588.9585196190255
594.177554781911
594.3432518365507
594.5196731568903
596.2463109522799
596.6318085485625
597.1352544416908
597.6818666863009
598.465502249724
598.5529516762919
600.5225921045151
612.2702618939201
613.5682672020039
615.1523643724155
615.3884128138503
616.1131132288353
616.2087761405811
616.4687997324942
617.2142630811586
617.298657065171
618.1451280640989
618.6970763366178
637.3156506030133
637.8663440386479
637.93071161037
638.0191798023467
638.6133844792289
638.7833012620422
639.6514462262555
639.8913327416836
640.1076126666
640.7451489660326
641.8087042964232
656.6206362326639
657.8937223469238
660.4279453273455
661.1058911263218
662.0513349671062
662.3241788929569
663.5510111710752
664.2518334503324
682.3039391380892
682.7238163956554
682.7584603274179
682.7815428625752
682.9914919057555
683.1901936876413
683.2166058136286
683.7867910721784
684.1438179602203
684.9893197991679
685.597616134672
687.2644039704634
705.0450580612345
706.0968234955247
706.5113480997055
706.5181605592479
706.5508137411458
708.0879844254531
709.3248452134985
709.9803135352807
729.4148887137752
729.4196394906021
729.4431982509349
729.5609710508194
729.7701410850502
731.5258794827765
753.4610808755236
755.3011664660671
755.7950064779204
757.6525878495328
759.3300290876169
777.4875024536907
778.2219274479463
779.5939009949216
781.6396294125212
781.9256107643314
783.814407002562
800.697943425162
802.4332145815902
804.2302967854314
806.0687066027198
1020.2531132098878
1041.2273516181463
1081.092078105229
1081.6639204543128
1101.1063162937717
1122.2861377222118
1122.8610313012043
1142.695685770186
1143.559212646208
1164.2692165620558
1164.839629940247
1185.0646537263879
1185.92642504555
1206.203670033536
1207.0245882783493
1207.5948229429828
1228.2075577632902
1229.071030129839
1249.7343449566783
1250.5469160559692
1251.0990596672975
1272.1434233053844
1272.9936547911132
1294.9146207471356
1295.4588804756663
1316.8633121691144
1317.691951467935
1339.1625570531642
1339.9911523886221
1340.537456092677
1362.3485073364736
1363.165886998978
1385.0419583066578
1385.8747925940816
1386.4004820677087
1408.6266253042552
1409.4136933339773
1409.70880821773
1431.7121896409444
1432.5554222904584
1433.0364615135989
1455.7037995441692
1456.4278896067617
1456.76273489004
1479.1798148107143
1480.227966619261
1503.8932050068868
1504.8359162370866
1528.567351095605
1550.8601341119868
1552.5979984967453
1575.107114277007
1597.343713195007
