1.9487484243932236
3.3979064817836053
3.832085462270145
5.33857090490994
5.670157210829669
5.755407443366521
7.276413593675502
7.300941844086938
7.648988420589662
7.698855055424996
9.254294342887562
9.274316445444521
9.526681373756235
9.621550242839543
9.648294383310157
11.22731522286355
11.252624067736436
11.267456281475422
11.477558383674703
11.511663838971172
11.615394579913795
13.229517424551352
13.238953894857756
13.275869057503549
13.335701063785274
13.437052336937949
13.472317717259177
13.59321751750084
15.137915309565251
15.242309843356486
15.290837443214023
15.444892005767478
15.469621898698692
15.574609347808508
15.902676961762436
17.096633050943172
17.225519708960398
17.265343219564436
17.3521356856793
17.406481256276955
17.55252441491193
17.91217552659238
18.227619881529296
18.745243007182147
19.207720917228308
19.317459405362474
19.5244288842637
19.922661991800112
20.11364640789451
20.750882496479377
21.299856845530947
21.451640065208675
21.508112902578787
21.932525220434815
21.994269712190956
22.07996855133663
22.757284296126485
23.338108039388068
23.571339508766208
23.95853466723761
23.994375565424242
24.068614322901972
25.097221216295406
25.195132763479236
25.652194940119866
25.989911754895324
26.054021872607553
26.092842117408377
26.790281093356914
26.983120857993928
27.657249729431058
28.033864950223702
28.95035037134697
29.099052561956338
29.14682141455685
29.6627699926563
29.7051533268216
29.735626598137305
30.055829278586568
31.031995292111894
31.352391311925683
31.671020946018714
31.70979592865234
32.20696766166312
32.99506258254408
33.59338952270245
33.70025296482713
33.718827782570955
34.154245514050935
34.54684786377058
34.63945581850976
35.47902475319303
35.72159353362959
35.858800088437434
36.15782528235312
37.44188801917724
38.293752640120935
38.43721684562745
38.99678187445589
39.90857134072458
40.16851889758393
40.32170974979303
40.9998935704783
42.19845532227897
42.282937985409674
43.00350184027298
43.67150531279142
44.23066510076929
44.26335627993761
44.35744368389642
45.007971212923835
45.173844169050284
45.55572698293643
46.2305054864684
46.245052203800284
47.04006713906426
47.516959081664496
48.23768787076755
49.196289214032234
49.29781792485871
49.624760195942216
49.857252179459174
50.2437329861524
51.18134027688394
51.85976566515317
52.275102996438115
53.86277155245043
55.3144294158435
55.868175970499095
55.87374382417038
57.19790620192851
57.87590150877464
59.878518404586146
61.721258467240006
61.88380966531464
62.2802814597163
63.60451422124892
64.28225054125238
66.28463353221603
68.51062289337453
68.51945410162658
68.56994594667802
69.07667559100751
70.4014033667514
71.0784199092936
75.70458791106702
76.26251635740279
77.58718151230798
78.26437094792212
83.28023691519093
83.83797683660242
85.1627330936843
85.83946075464088
91.24508030568197
91.80255170616095
93.12856323204326
93.80391608312773
99.59916724156898
100.15632978261931
101.48131875066412
108.34238423952921
108.89917127991275
110.22385706041462
117.47439910568664
118.03133300449987
119.35627989480454
126.99537684956823
127.55183037248051
136.90531805310968
137.46155191607906
147.20403387800033
147.76015022565477
157.89151194694585
157.94974500102106
158.44759921043163
168.96806212712303
169.52389107531272
180.4332185704043
180.98897582908776
192.28721025668287
192.84286002794224
204.52991991510473
205.08551852791064
217.16138184275655
217.716943513612
230.18155612539147
243.5905131579553
257.38814004504655
271.5744623671673
286.1495205444216
301.1132430546329
316.46564027798723
332.206696037567
348.33646198482523
364.85469164250065
381.761700683266
399.05721161965346
416.7412345010394
434.8136694153372
453.2745318302039
472.1232824185833
491.35995408259674
510.9836358062006
530.9893966780918
551.3966352936338
571.7787429622497
572.0341412022955
572.23080003255
572.4972555198071
572.731150939841
593.4082693667683
614.9827875739172
615.578376661505
636.9257624885753
646.6721333640633
659.2897039466144
678.5435287657629
681.9235498266712
682.3101546206179
704.8756563149321
705.0777160944017
705.2671872512248
711.1925187811053
728.6153850089515
744.6197022770436
752.4679915234882
776.7186776308594
778.8215316046324
799.4099801151965
813.803124800736
849.5602841388597
867.6094540251149
886.0971524879819
904.5339245791725
923.4094051315852
942.2351732414551
961.5010644249713
980.7150819283609
1000.3682259412187
1019.9716384869616
1040.0127085855036
1060.0053719165644
1080.4363486504176
1100.8167083998553
1121.6350703029557
1142.4051019844296
1163.6114586193082
1184.7706346900536
1206.3646513701462
1227.9131557670755
1249.8914909299876
1271.8325058778248
1294.2054613111422
1316.5282479570556
1339.2835834726343
1361.9996559161475
1362.422292772147
1385.1388587099825
1408.245483766943
1408.658358397979
1431.7647497117841
1455.2640223726526
1455.6524695705866
1479.1590626019872
1503.0650118979602
1503.4051295501627
1527.2279740715242
1549.6564785898672
1551.2878665143676
1573.841491261077
1596.1992363512038
