-1.89160142152465
0.6070474016476324
2.6473656655648217
3.342906677966255
4.629535030769356
4.690930166922364
5.36075206174397
6.634451134799288
6.702090495430157
7.301758768593465
7.365413594843051
8.577842964153037
8.63854842836608
8.715262858795848
9.299383971337823
9.364342529422801
10.384579840285928
10.61286615674494
10.737130853592397
11.276127395628468
11.322437461946935
11.369744107769877
12.496849304954026
12.54733486625598
12.691883822454852
12.760299288783244
13.304106438650544
13.378646221161905
13.496143074871474
14.296292240624636
14.602621695880563
14.765088006850048
15.246788335424005
15.271784921060624
15.381026837875412
15.522360321765737
15.963111117211435
16.39891379287072
16.470455515551368
16.647527497957608
16.760342730493143
17.352572999612367
17.51295899830704
17.953628889004072
18.442666560124646
18.48507129984799
18.569465791003637
18.694217918706055
18.84906846127465
19.201130159413648
19.3213906622073
19.529241604447922
19.97759722858306
20.466976664134023
20.6205041173262
20.626312045279253
20.834135662125792
21.299362068741786
21.539611063926486
21.97120003473024
22.02036713000687
22.208855823726786
22.411411768295803
22.469031059541805
22.654599471397432
22.856756576528895
23.355855860546153
23.590876037388774
24.016250406473617
24.091722435005536
24.29062947089048
24.505523031797328
24.632370312910744
24.86408754786345
25.388371021347545
25.72212714761147
26.002870300999312
26.09579080013309
26.11562372864237
26.22980453526531
26.52836702991654
26.56105251813697
26.89829386489609
27.359063620654823
27.7591867038295
28.071371411400634
28.187634945376406
28.260863470142947
28.587008974605446
28.715109053879768
28.9856690354975
29.234622368425033
29.75921121140193
29.792940995573485
30.072818839208754
30.111700447745744
30.247956276825576
30.554874388832104
30.648023579092808
31.126928133338268
31.541240561229756
31.773849596655662
31.8242589201677
32.15972687606827
32.19218935216711
32.31345258083924
32.43179030207768
33.69802926788933
33.827029210823156
34.17259100434833
34.22935448042199
34.26983139977834
34.29172641192967
34.414803880063566
34.522251234631874
34.77518346097975
35.47054859550553
35.84022280230977
35.902115304928365
36.04715163654542
36.26304855340633
36.30885127791682
36.624875489023125
37.00645057786193
37.56683162211496
37.86944179736148
38.038298717094825
38.21037478661396
38.29821553481146
38.68419766688541
39.106174664264074
39.35572533356344
39.96919515616676
40.06209106911088
40.09191989764511
40.29444087768345
40.66029122542439
40.705301062830614
40.71523412121629
40.80239941102606
41.23053265914134
41.458215146589346
42.09525199865205
42.32724772127619
42.45902974756216
42.69021953977016
43.13654620279344
43.514184519353286
43.807123190445154
44.34600878386602
44.392864661566996
44.46433675755807
44.51318392616355
44.58683573893361
44.78248747717342
45.14602459225889
45.289107587952714
45.55008282282029
46.28736203530025
46.412082143168085
46.5425861687723
46.68395153316316
46.92409292744233
47.32097850739547
47.50779947496847
47.88007429343736
48.37534839448432
48.502657561474486
48.741767388850164
49.21021761146633
49.273888287519334
49.367892848408424
49.75417316849865
49.97918958622258
50.202419762783265
50.386694390103834
50.7744496957642
51.37842703785642
51.45612759561586
51.77189272370342
51.98679834475717
52.108752318333536
52.295592964463744
52.350157370087594
52.4013895253286
52.44230937714973
52.730651882368235
52.97180059708495
54.00348577361594
54.06282807063475
54.35820130679165
54.483015896681145
54.63364798111457
55.38415533051433
55.92942599730543
55.99897442966585
56.013076729212855
56.16842764650509
56.21951679567004
56.39294316396195
56.56381999848398
56.63801801234774
57.01354444155568
57.24319862286329
57.82369933883583
58.011980400007204
58.041567348207316
58.320747389316445
58.35078295010293
58.76115364000234
59.29399645247253
59.8263004098594
59.9215876425925
60.024758799950526
60.14467987797875
60.2148695347341
60.378587444792075
60.592489326489506
60.85995942809429
61.44969827161154
62.03020139148295
62.23430404449755
62.395853055011656
62.41836407120955
62.61618630949988
62.65538287491307
63.07203884591993
64.06234726634464
64.25215286839577
64.35768893357204
64.42592818828776
64.7215783288009
64.79163047710706
64.91428709078369
65.05947652072723
65.45553420912023
65.46913531437384
65.56760578058854
66.08493675994218
66.15395606955109
66.23361538231887
66.70025716093755
66.78063624219206
68.09551718686546
68.24475366474526
68.66080070951472
68.70495761615724
68.81539972795959
69.18422632775426
69.21225784625746
69.4134656505338
70.12208762162321
70.47146940134613
70.71959347605275
70.76455128508927
70.93873970543778
71.22415560988121
71.48270591499549
71.5200325660401
71.71513729317945
72.33717906186625
72.55637223656777
72.63049388605586
72.74564736540952
73.23589372314092
73.57143583909584
74.111912097622
74.44890674080222
74.62951496391499
74.75216975932722
75.14649108975783
75.24032365500395
75.60320608314163
75.73838455991667
76.36989096411342
76.4014100146984
76.59654140048198
77.26578321009369
77.34170904950777
77.55332126282012
77.72627662652513
77.90473405938647
78.36503779435117
78.41271990492669
78.6984647034591
79.24037296379741
79.34954016212971
79.43331572782496
79.9272989721801
80.1786975084259
80.30020788636433
80.43287257576159
80.51726751038046
80.75290137763808
81.13239185394188
81.45325429543274
81.75341921275542
82.427719178592
82.7858578330987
83.97908974297637
84.16863471858878
84.45965254384468
84.74007220007842
84.78150137202962
85.99021266258967
86.1831854466556
86.27082132915766
86.5328665784523
86.6200658851227
86.82801231358852
87.31600306280038
87.93140947698778
87.99163541607173
88.28283859575606
88.3279417114992
88.6318080713604
88.81923475738333
89.0605245568624
90.35812280911526
90.77586134001508
90.9279029273473
91.02822745077466
91.31036136146983
91.88787086759737
91.94653034178089
92.0329116272438
92.13424819114725
92.3109585156988
92.5915218828311
93.95650732659405
94.10642346430745
94.1899358472244
94.23871549226439
94.49922274975036
94.95518957232201
95.12829685206627
95.60248388450577
95.62346944773199
95.96059026404315
96.20497472277322
96.28970298992466
96.44404680731417
96.60886255464825
96.65942332749329
96.85188579472111
97.41709081684334
98.05823352750863
98.1307046884469
98.3206707716934
98.90207314491612
99.38592272592405
100.27163693934811
100.3037021565393
100.48417928298505
102.06360930315172
102.0717765694179
102.13757034036959
102.16689685226174
102.31277929104394
102.58552368285022
102.65580846472488
102.70711918964776
102.81612784755318
104.16620486288757
104.21484039737226
104.3174663986745
104.64688056297305
104.88256216975142
105.37467598320877
105.69039320656779
106.57642142346165
106.67264655018106
106.85567246470517
108.62375965829511
109.04749404871424
109.22494845115827
109.4359966968766
109.71682467211662
110.03048077766859
110.42488322425886
111.056772967369
111.32789524162271
111.40294653026346
112.51859188711582
112.95471208779342
113.06114989460336
113.38410175540078
113.65315273296719
114.14622946703982
114.31499020798451
114.50464928393934
114.84927720063423
115.2078563034075
115.41354323380267
116.62387147159147
117.3653681405853
117.68443275323008
118.18101017635612
118.33494708443315
118.35604055108624
118.41233449956448
118.97471821356305
119.16343424066173
120.18984773217501
120.45822726113205
121.25895150077697
121.69883054244909
122.00529606594019
122.11379257145157
122.19423699283922
122.23912002032951
122.51380716347039
122.6717327669012
122.80187570808279
122.90938986587545
123.9475130472783
124.0209717891166
124.1992883583435
124.20667768856656
124.52305009798567
124.55276396214853
126.0356402814098
126.49465080900151
126.94445712626988
127.13276168628231
127.70344988833881
127.76980231341619
127.87503670763617
128.0259818125584
128.2932916759157
129.71169543417733
129.97767972027964
130.38932419104887
130.51314598570747
130.74373522477555
131.71579441342143
132.03411230084888
132.1671666946995
133.07850134495945
133.66074057754415
133.71809953360327
133.9400842538067
134.0643319366287
134.7769412306369
135.3074960472942
135.99286270809006
136.01634654004
136.2627550832388
137.61456489281187
137.7816686016485
137.78301136860009
137.81270016261038
137.910946368053
139.210434622253
139.6223432929865
139.85593004270788
139.88571878690516
139.92889077508448
140.5158339031611
141.62625515847887
141.94245208256942
142.59753467049504
143.18352742642878
143.63040168032293
143.9078722320335
143.972560651562
144.0384155801439
144.23282337133162
144.47903401889758
144.59585296215454
145.78233598592266
145.92264118351838
147.72092911378132
147.8194986082185
147.91466029788265
148.08084757761142
148.34106193600263
149.26907356224757
149.40101933444828
149.8171147086276
149.92223820507883
150.18356832940677
150.1895907966808
150.26432298241426
151.92545920960657
152.24017147097996
152.5060724919546
153.09320674011573
153.17301625003034
153.4280491053072
153.93006198016585
154.27064680344031
154.92124757445885
155.69088886316922
156.21917678590273
157.86132335392193
158.01847033129985
158.5667958271434
158.60328744262918
158.76710198325858
159.31066846834784
160.11633143618536
160.61023568298552
160.87105804774544
162.61327837898762
162.80375562329644
162.92661032020703
163.32378736303605
164.61804018005645
164.95695585639515
165.98589177006863
165.99135248619845
166.02080559744746
166.90715917629467
167.7692802100546
168.70560807476687
169.606355654008
169.68056403169513
169.8422677595331
170.80256952118174
171.68714547993056
171.94631564580624
173.4906293998697
173.63764361248306
173.6906959735013
174.0011693031132
174.0742944360772
175.6947050634771
176.03216563361633
176.67433544788267
177.12815075222883
177.31932914885758
177.46279619396654
177.72609682400318
177.98216081477938
178.06751609658463
179.7804150597694
180.29449983455206
181.14653425894386
181.30661649723518
181.8772060901496
183.15279162816356
183.41048448216932
184.3243986707374
184.56579578328132
185.155720757057
185.46710340952077
187.16008469525727
187.49644203071742
187.74985196766028
188.8437323204592
189.18639308173823
189.31757335668496
189.438728220516
189.44555600149647
189.46898870925813
191.24479163118139
191.37049134415372
193.00122850692438
193.15948171951598
193.3414900037832
195.00719236520294
195.26386609391375
195.39888678081746
196.02851468934765
197.01008566843592
197.3200454804688
199.01414455158033
199.2141244345265
199.34943162530163
199.82883363381507
201.04291910733892
201.2995137851482
201.55966872691104
202.83247674803943
203.09766231556142
205.19505040003037
205.24484342175336
205.37329023262777
205.40207573793793
207.25031718301625
207.50536696338563
207.88369499241648
209.2530219945379
209.56206040503434
211.0670957792824
211.59121267130132
213.28600954112179
213.5412463297047
214.1652615258472
214.19035931344277
214.6857289724091
215.33669054190963
217.4366382757643
217.876618010514
218.03239575502047
218.10462625024238
219.88208131980232
220.1367336246556
221.88469804775326
222.19271504037653
223.30932355164026
224.22268427062883
226.17209788500688
226.92774145945356
227.20941854423248
227.97087266132115
230.06746088560593
230.89752664650806
231.05167954586108
232.7559059739297
232.90269621863203
233.15574237111275
233.170973978304
235.21243244135096
235.93976733364568
237.24218104192676
239.19155640738464
239.56325306792127
240.2171155592551
240.61952144718575
240.99082431243133
243.0867132046109
244.30703504268362
244.46004737361778
245.77578737269178
246.31183156681558
246.5649667087391
248.62064371431367
248.96030765789885
250.6504538815132
252.5998003877008
254.39831140188238
254.41540364931686
254.50712636111624
256.49519338101993
258.1051314812969
258.25704081419656
259.1841893488057
260.1096986023241
260.36193174751116
262.41794134478334
264.4481322087156
266.3965975950815
268.1955604443858
268.3005554219309
268.6050861056009
270.29206998920733
272.29184269701545
272.4427376519387
272.981081356646
274.2962083580443
274.54774628913196
276.6036389679717
278.6333843302897
280.5829323992695
282.38130650192124
283.1793684232675
284.47594913091103
286.86722950909865
287.0171936345396
287.1668980546522
288.8714070770885
289.1223903737928
291.1787088137413
293.20785950360795
295.1571760615047
296.9559388499166
298.1431485588757
299.0536938835154
301.74122634962134
301.8313091325374
301.98019383831746
303.8351609462987
304.08563260005417
306.1417294657333
308.1711957717761
310.1204511769573
311.91896208152957
313.27355656268173
313.49745962062445
314.01610013720745
317.18389850921614
317.3016437334568
317.3332467043443
319.18768607035383
319.4376317205576
321.49363927916033
323.5230579693281
325.4720667949734
327.2707513211259
329.23778399198807
332.9251787024369
333.0728471122995
335.1780537058333
337.23411700296
339.2633692879977
341.2127042077496
343.01123600334347
345.1078952404036
345.23254811726713
345.36757625592736
345.5639903532647
349.0549937001681
349.2019121916221
351.3072230507912
353.3634134827188
355.3929921772712
357.3416939184256
359.14022892908525
361.69137533888363
361.88821278258985
365.573359407054
365.71959713203273
367.8254861547707
369.881200595179
371.9104409489818
373.86006648511443
378.73416489845573
378.79520512873717
382.48022642614217
382.62582980860077
384.72912772409643
384.73665726076075
386.78734856033356
388.8166666119919
390.7655671100889
394.5655654174228
396.0904331339807
399.7755234631913
399.92054060497804
402.0261613104544
404.0820118851796
406.11124642059815
408.06026752455614
413.7755006859254
417.45916644431384
417.6035767279154
419.709178035922
421.76494010401063
423.79434600018095
431.760018931453
431.84897218050963
435.53101817899363
435.6745977374778
435.69815238463553
437.7800684200431
439.83670557477313
441.86493975638786
450.3079888217138
453.9906978734384
454.133718723439
456.2359840808566
456.24425015312227
458.29481120377704
460.3234033064781
469.15662704957225
471.5163058536665
472.8378246882212
472.98084351181114
475.08532733557337
477.1403704755483
479.16782200217637
488.20194351371197
488.29129186020134
488.39678411755557
488.61451344415013
492.0711919638812
492.21357407999534
494.31771216800945
496.36731292773663
498.3956335199913
498.7251906389918
507.90150051962127
508.01791918737274
511.68543972805924
511.82744473622756
513.928201572345
515.9923505244442
518.0144715072926
526.7505245564953
527.6032246364028
527.8858707561837
528.0174899849934
528.5075615395921
530.8088193877473
531.4987183180056
531.7401445661817
531.7627723971242
531.9080347168023
533.8564155161964
534.0356618852361
536.0195115028536
541.3626606530887
546.5380294608608
547.3051429418581
547.9213975243122
548.4047062972853
548.7366690483078
551.5839350099284
552.2340370343599
554.1019079747055
554.3098697487912
554.5092263132298
555.4704351651109
556.4317857883815
558.4201300186719
567.9742631238431
568.6848029179289
568.90018181167
569.2230027197281
569.2946644753922
569.7317356484156
569.7764449797758
569.9518635132018
572.5241930246406
573.134377485112
573.2063667228273
575.1141707155947
577.1488919657496
585.0089349104564
588.9419047040739
589.8933756182247
589.9574913376771
590.462664982835
590.7737454211392
591.5109184973736
592.9645502569408
594.0649594716799
594.1866442297018
594.4966120732354
595.1512201991895
596.1565075646225
596.3695084356407
598.3424423199266
600.4188625543131
610.3814224339299
611.1124060833848
611.4808618192368
612.0270758796916
612.1686045769003
612.3776500439066
612.4656118116332
615.3248947559738
615.4273196331993
615.6933736587611
615.8787144841637
616.3591281138378
618.1159012691628
630.5017581707804
633.7436835855094
634.0261353950985
634.3544372129838
635.0708463616404
637.2922708704402
637.5864002656374
637.8136079167338
637.953717616993
638.0806904636854
638.7381710493808
639.9843317660986
642.0206776046033
646.41802297541
655.5530476207965
655.8208815586665
655.8606979690402
656.2397227347665
656.4135815236986
656.7360545863214
659.0998392979403
659.8060287036137
660.1397273127118
660.3288919278823
662.2932128685724
664.3975862977168
678.1218442864771
678.2900970899184
678.8195939558194
679.1844377073238
679.2872857977642
682.8383657108656
682.9173461070902
683.4882475114018
685.0574960494963
687.168095611958
700.7909706468098
701.4786605849843
702.4319663898085
705.9869618479119
706.1077810031719
708.1536797234738
710.0266843665752
710.9393156590824
725.9798686012185
728.2602985861434
729.4988406588491
729.6808094421286
731.3318499544041
731.586021464343
744.3666803982038
749.8801711338908
749.9286092361268
753.2273447087489
753.6458235271907
755.6621007249776
774.2066405315884
777.193475305288
778.0146899717005
778.5682480736654
779.5603592515146
795.6066959571601
796.338757864376
796.6863980689214
796.695919284533
800.4712247798809
802.4511942930487
804.3891368080526
813.5505021216002
849.3076714881624
867.1097682033449
867.8554265783099
885.8445931061666
904.0240396110293
904.7791194324253
923.1583888515024
941.9246810124351
942.4834499211215
961.2489784249271
980.2099717540875
980.9625468557384
1000.1184852631155
1019.4637632283858
1020.2197286792031
1039.7639172675272
1080.1888278141018
1100.314338075463
1101.068775306985
1121.38867395511
1141.9012270561643
1142.6600072592576
1163.3675522426374
1184.268146130504
1185.0278313159356
1206.122951546944
1227.4038972310536
1228.173336440147
1249.6908258977667
1271.3282475739175
1272.099986999986
1293.9816584502225
1316.0395090796492
1316.805117071478
1339.055975915495
1361.5012407311174
1362.2886518541272
1384.1855044760616
1384.9181349952007
1407.7380776774767
1408.16697129321
1408.5534478910618
1430.8058970642253
1431.544934108248
1454.7023130788295
1455.208817624457
1455.5909316661837
1478.9713950970283
1502.609663504844
1526.4219866976748
1548.8738427457822
1550.430175763119
1573.0857549358504
1595.459077027614
