-0.5131161953720003
1.4809562866296813
3.37971197378604
3.54866239374287
5.235459602246695
5.390439632713308
5.591257110997431
7.219240635971341
7.376300694533104
7.522518139021671
7.604947308914315
9.177272151398117
9.260127193576674
9.297041682653544
9.54901121543056
9.591940849334023
11.049032330158896
11.188892332063142
11.283034307010638
11.540803002002198
11.58021182474937
11.6205018647809
13.010748113227804
13.229120375041655
13.28592640975392
13.373926422480467
13.573514781025619
13.631905726859747
13.839108219793884
14.8494347230803
15.102017720677253
15.270870072801316
15.614539270913276
15.79749772357355
16.181051983581597
16.419536026714372
16.945143108864812
17.13501521255154
17.17498893526358
17.27048967153945
17.61210831183318
17.81607654011051
18.34569356944839
18.977551302099464
19.144237223678637
19.22186819792695
19.263264071701624
19.565489439168886
19.60110551443803
19.8255284025862
20.026351784106797
20.359986798647213
20.99921421748479
21.118108049742574
21.254184506447707
21.334978134690243
21.800467901526932
22.099114068407765
22.357590324852186
22.596916985395584
23.003607217400358
23.17818697630594
23.27390037579249
23.356506639962845
23.402059667914767
23.732103068945563
24.137128472053465
24.351680526532352
24.636287222466052
25.01536742566573
25.330537779718597
25.436665626303984
26.142799366832932
26.28411424826316
26.341523063365916
26.62207599303586
27.02420198167983
27.244742107283326
27.3239241764635
27.450070799351256
27.47561199690863
28.153895631669066
28.318304919974324
28.380455285853348
29.11463027117203
29.20432850234994
29.4725752535111
29.707631500324275
30.186771477359816
30.372896441063542
30.473938887277445
30.623699148076344
31.128845456494133
31.158736628392703
31.252849378282505
31.466312661683766
31.86029974926718
32.3800895724346
32.50731891797076
32.53990257824718
32.61904633660014
33.17582386614228
33.22168559189611
33.46018796631406
33.8034919998495
34.50741367940651
34.6310208740628
34.992525647449476
35.15816496770698
35.26025981785955
35.36737635461372
35.62870258760177
35.81896039123276
36.32792430889681
36.49872496031156
36.74200039648431
37.03638144956412
37.128252465717665
37.2302014792578
37.290585161646305
37.71735719014461
38.40246420912798
38.51261521091051
38.672470015928965
39.02980930683082
39.259040673870174
39.493417426224646
39.75158617597774
39.9123673121469
40.47406047478476
40.524044205560685
40.96831950065227
41.03439785586591
41.24063296177407
41.76326731734866
41.860385584572334
41.89000984502945
42.10796332774689
42.32229352850001
42.58287727691244
42.61415437806814
43.0504315442436
43.554617129618556
43.754988034511086
43.95583123992847
44.024264665496155
44.635929710929936
45.0240119342468
45.153343208668055
45.204894150300134
45.58360080048978
45.71073735696301
45.784954254216075
45.969555103140905
46.382336589916896
46.65754060417885
47.13999280501513
47.21104222083833
47.467711283476966
47.69578086868855
47.88236449403339
47.95483572611881
48.06121877730905
48.233702110385984
48.63299473789771
49.21739328043685
49.25489045488656
49.60955711932595
49.760619068114295
49.89168612262993
49.98213514877736
50.575503630321634
50.85561453263523
50.890208935749776
51.24883341550611
51.463954696279984
51.68279106507252
52.08556344691864
52.766134569672616
52.89774050482961
52.92927973074655
53.25467299623772
53.31626746898322
53.5418255834873
53.77369927727117
53.91064401475899
54.109126487308345
54.93791087542097
55.57390661135609
55.72198112361966
55.850506706411664
56.28134496950992
56.93802124304214
56.95558565871385
57.34448393790662
57.400812772805196
57.50561515206725
57.595615822540076
57.84105754283133
58.176968528341874
58.937086514597624
58.970583798677154
58.98114702892857
59.55492906678966
59.58920426005262
60.02621922611027
60.15400120291651
60.20337438681845
60.913969468299925
61.00199364754869
61.02777848270201
61.26255975712044
61.492628120288714
61.6295335182054
61.850878075833606
62.61179586139367
63.08627992939173
63.14525897083292
63.40756216626898
63.642746589753244
63.82382440093816
63.94324607098155
64.22099568704786
65.02728181252584
65.14710108436279
65.43071737153443
65.7443881752705
66.0190503060925
66.54162724906494
66.62895870586418
66.74801366762112
66.98680568494237
67.09287392225967
67.46028595898322
67.54883999679048
67.87411782568923
68.06468326652747
68.839660182285
69.19528922434048
69.84103972616997
70.0843793059029
70.25314951291897
70.76172779848672
71.48657827964725
71.82259526429033
72.04289827357216
72.2782741410194
72.36272721845953
72.84468585629071
73.49324648067842
73.5346960496737
73.94773202623946
74.18104838587466
74.37437311388318
74.88387950642537
74.94795119826229
75.65548058410683
75.98551108222824
76.24098159997412
76.2762858582887
76.33277448596945
76.43531704721347
76.90436978141284
77.47612910330619
77.56763800067694
77.96927385828467
78.29709094713245
78.3484680598105
78.48187652529107
78.8594673552217
79.50332349765551
79.55957493796505
80.05032800901698
80.36762226232875
81.43729894265024
81.50335464555026
81.84565060292586
82.02434850034221
82.09667617959876
82.29788575107779
82.44656395834888
83.1075809519335
83.60701525870634
84.11357788586066
84.9696782937728
85.08806453409328
85.17628469763798
85.53473417972953
85.59325140068873
85.91267853663018
85.97978275851825
86.07815351148818
87.11716593410986
87.6617490064377
88.31252197965422
88.9063217803901
89.12420849102189
89.1580205418948
89.67530541977035
89.77062226913661
89.83448749629434
90.04156607187338
90.31772618802317
90.33636315250256
91.70857579492858
91.84572953009247
92.13640220372042
92.41347705483665
92.79406772906799
92.88941946732277
93.08406501314003
93.11738086659865
93.18027141780125
93.5558601430776
95.11492110328867
95.21810091332648
95.58647488814059
95.63920324251592
95.80477675209816
97.1282936145841
97.38604406124345
97.66890464081806
97.73720653049338
97.8973378556771
97.93763745211433
98.15284957054759
98.24227107308184
99.3239651227162
99.69260852470825
99.9467186293178
100.08110484645877
100.71948425320154
101.28710903198633
101.4711081144589
101.65097494947028
101.92394196656896
103.17529936527596
103.23291957753545
103.49427360765259
103.55310862651851
103.94529886039969
104.0082329084205
104.05287798575274
105.38855695401907
105.51804280533251
105.88009479097383
106.04850865851564
106.12641255838483
106.75260086722149
106.95659066676124
107.40828975407312
107.53903273066305
107.61441636595613
108.04476035127085
108.08384152659168
108.70517183972245
109.78214605141781
110.01741833013776
110.21931377437296
110.2456517095981
110.67945963465561
110.7183692093944
111.19020740248183
111.60458410638407
111.65111747912883
112.27364242308423
112.76307353000367
113.78046288719487
114.29177416342698
114.80587590523707
115.07600653160712
115.57779009003018
116.04220319545698
116.11504255201399
116.22798593797671
116.33702095339031
116.82324390151408
116.97488180627707
117.08138668051076
118.55279566558765
118.78135742121043
119.4002748610901
119.65984088617773
119.8266152316349
119.84904190909134
120.39888048797313
121.43049324715126
121.90770808715041
122.55102696467488
123.20051261465942
123.44729305946075
123.92925130697078
123.96815344213594
124.06444473760595
125.22669870752424
125.43882391061975
125.65196529798108
125.84843846563142
125.97737197574622
126.15359781834678
127.92278627706666
128.01104615912607
128.3897630064911
128.90301489508965
128.9457006908701
129.3564083776101
129.44053509918626
129.55787878559732
130.97444254878403
131.43919885508708
131.70883259067028
131.95613024250008
132.99088653138807
133.4844134462274
134.39144934882503
134.97544728838804
134.999067618837
135.50214235044993
135.5813386959557
136.20260643476166
136.65570547799226
136.7566708996333
137.45294313899527
137.55669902147332
138.21779868539608
138.8764818955691
139.09810382419653
139.2781195084082
139.3458069292024
140.90480055527104
141.36397665923278
142.92218540241757
143.40190119565796
143.9364843071882
144.93197675008597
145.1427444054647
145.42552138130054
145.7579837916337
145.84606790180763
145.9361208541799
146.03920335960413
147.37667373316225
149.1923768366032
149.26193886283943
149.5885979074364
151.18106874346321
151.22740959589112
151.61833585562562
151.68277704191286
153.23981200894858
153.71231200598305
153.86909192100813
155.2518185697939
155.73699078699389
156.56860170521497
156.87420947447575
157.65659255849522
159.56831177528085
159.87745418253743
159.90342669521567
160.28255534115942
160.4001820558755
160.64001351861936
161.511587929649
161.92305473487795
161.9449491317201
162.36811298693914
163.9441895604127
164.40818624236798
164.72389018155764
165.95673943681058
166.43320816964288
167.36068787276122
167.64602472575416
168.01749850611975
168.3846829071399
170.26283618277324
170.9545011395086
170.96392844123005
170.99399908566954
171.36600025057652
171.63295227557015
172.21371446579
173.02164716844112
173.45074217765364
174.89322843043138
175.038897528541
175.5044464111364
177.04891478720947
177.51671570191067
178.0622555898953
178.68333394400562
178.99975285141048
179.04280256505098
179.1745945966414
179.46826419559727
181.34536556181195
182.33262424193032
182.47373308931182
182.83811514167851
183.30541537506227
184.50073288474096
184.91795156249114
184.9543308314673
185.9839090434711
186.5148447639785
186.96893563905442
188.5277943979165
188.98818794322656
190.19243120831146
190.52893751203464
190.55257531672663
190.80493794062832
191.01182846190088
191.09414492353372
191.4929778480922
192.8246525072618
194.34028859488848
194.6948522607736
194.74362854033777
194.78298841167057
194.935046355122
196.36752546783748
196.76772967496333
196.78416432305605
198.38154723521865
198.82417340158156
198.84470719130536
200.39345067873708
200.85219260729914
202.4214611034419
203.24531682679924
204.6756278474453
206.49136564947236
206.5941106337853
206.6440511503365
206.94193932994875
207.06637425592638
208.62158423657004
209.03111900806766
209.33044491921964
210.6362426927523
211.07469177608695
212.64740254985293
213.085081085634
213.1352634118838
214.6760725435787
215.8614341384903
215.89149870585794
216.92785413992098
218.88751534513747
219.2363231863081
219.58084124214332
221.26286863924128
221.66450262049557
223.2771149960957
223.71139979716958
225.28903994052365
225.73554018739264
227.31717945330675
228.8757014824544
229.02674386843842
229.1269519997975
229.56377304759843
231.95133947076926
232.2667409263973
232.60138581992965
234.2177872788731
234.29310950370808
234.68396328006565
234.78122964482233
236.3055490320541
236.7320378407427
238.31713930226232
238.75760526859887
240.34550239855187
241.59292290578108
242.2811691413156
242.34790185806935
242.4376825714452
242.59062540256477
245.6810801948106
245.6976662955429
246.0113947272096
246.04350924162048
247.70795178126218
248.09938149942718
249.72131057299117
250.12487147846812
250.15274187104117
252.16828681767825
255.83394054190674
255.98409175988442
256.13384752060074
259.45675498413846
259.4874337627721
259.4989703653089
259.81000331943443
261.5117956151103
261.897321966329
263.524180959734
263.9438383889847
265.9681771923898
269.63815451039807
270.3065668770695
273.6792711973595
273.99589851635835
275.702367314283
276.08321709163937
277.7158419325483
278.1258906610937
280.153957572723
283.8274874706392
284.83238392048037
284.89439803853355
285.01594495546044
288.2578590375343
288.56857475783727
288.6483504356688
290.2802179860447
290.6574281483046
292.2925712364235
292.70575735007753
294.7276677113793
298.40403123227003
299.75758841910493
299.8400797567062
299.91752453335647
300.1361704717139
303.21724398880025
303.22781512763726
303.52908747178026
303.7822469010806
305.2457705276385
305.6184914287677
307.25691733061296
307.66488825641324
309.68977444840425
315.09645545723663
315.1960316779866
318.55200114030725
318.57631822061086
318.74778412656633
318.8797856273858
320.5972750307038
320.96682362765006
323.0142637899925
325.0381663988562
330.8005341443118
330.845067760804
330.9316689488418
331.27875442828446
334.3161815515053
334.61351893647134
336.3357500644475
336.69819133757085
336.7098783075182
338.7520826657782
340.7722761193216
346.94377640236377
346.986412303765
347.05181684770173
347.08664151872307
347.24285818259057
350.4416590520359
350.73497222991654
352.46195890088615
352.82328020844477
354.8721416858877
356.89777295432265
363.5690396813991
363.6425894178217
366.9532437820802
367.24266884616776
368.97095314072396
369.3342441666901
371.3807615738344
371.9935278056304
373.405085325621
380.4638481252659
383.850174771928
384.1364320361201
384.25372891700476
385.86711947490755
386.2279948173033
388.2739386670334
396.09383714709975
397.7372033995789
397.8374750964592
397.8751398356573
401.1314040978041
401.41433990831706
403.1469772152764
403.50541440030497
405.55421765667427
415.3666061201614
415.418234402489
418.7956433396974
419.0761371314393
420.8093846608098
420.965324133999
421.1670121146614
423.2140686380701
433.2998270821317
433.4651112040842
436.81134567837813
436.8347249738806
436.841414288299
437.12011579593195
438.85184541559056
439.21189612638324
441.260959809433
446.62671325540424
451.6734150473941
451.88563439005367
455.2636581086505
455.5408715851379
455.58341731011205
457.2711990105466
457.63278011039284
459.6787308613249
470.66718842060084
470.77562052812476
473.06285136233873
474.0377707755662
474.0625813743916
474.34018270224124
476.4264959343944
478.4685620821969
486.87935886780286
489.4826128172314
489.83717201243996
493.2105939534995
493.4976431527793
495.5862074740405
497.61315545937737
500.27719053144887
509.2548856824776
509.5815128986711
510.6681646250548
511.56219571025764
512.615621615389
512.68913123979
512.7315309154548
512.9961585244155
514.0494864326166
514.9907813751289
517.2293181728134
528.2672233179286
528.7701639257385
529.1212189563284
529.3706792049022
531.5391097649649
531.6045100222844
531.7730474614322
532.3232864132762
532.5733324750728
532.8529374960087
532.945326167025
533.2765065476925
534.5193861937563
535.036132201427
535.4413140910518
537.1289582761874
538.3765514265922
542.8798821458104
544.274871827291
544.6438829452749
547.5125334230204
548.6205964611994
548.6772980807667
548.9359830662618
549.7052636067401
550.1264728993714
550.2696323916232
550.9945654307564
551.2639162196721
551.629214623153
552.2621165443044
552.8723492398864
552.9255125219622
552.9574199021331
553.228811503691
553.5021834330834
554.7891400408157
555.0330598802335
555.1259260931823
555.1619301198439
555.7232922991337
556.1784467749808
557.0251990863684
559.3915033205478
561.661705305458
562.1393361448831
566.4805112412452
566.7548938145212
567.3949128028091
568.9672881878149
569.1543858849888
569.9226377099188
570.4316355543796
570.610312195956
570.7430359746561
571.4997894503372
571.5957632297736
571.6741914738595
572.3878582415562
572.7451767521839
573.3593941671346
573.9277025634942
574.0966275055897
574.7092048112486
575.8949457496509
576.3184294785426
576.9443384973484
578.5951386989485
578.9479187670016
579.3294909243523
580.3581096959933
581.236972361804
581.647731401886
586.56632806956
588.2607776601428
588.8321138901889
589.2341148752699
589.8934199285749
590.3617992547589
590.5760118963128
592.6276254911938
593.3486373823321
593.804886218418
594.0853052778382
594.3586940413973
594.6314328291209
595.5784711598455
595.9856618088982
596.1099167179277
596.5101909546594
597.054784088132
597.8181809874658
597.9744282713752
599.4489267436792
599.6906278031028
599.8222486273191
599.8485955996388
601.5462654942796
601.8633049311692
605.3269450423217
607.3871162783611
608.1257986072447
610.4009958170351
611.394789334567
612.6791032786278
612.85323531071
613.5367580428357
613.8944081914854
614.8637390728624
615.1182397049598
616.149046168414
616.6438997928211
616.8850238358424
617.3113315484183
617.6036660754556
617.6266143708017
617.7075732153183
617.9531137377313
618.3349667260218
619.0584778748027
620.3345892005618
621.2748272649744
621.3185681009793
621.6221348025878
621.6798758258301
622.6901635584968
625.1955376899293
628.7331365570908
631.7608455964719
632.1972031231066
632.8081444976242
633.4327690165605
635.3056072555967
636.4997636848061
636.7138356673418
637.0994690462716
637.341610972327
637.5241693769619
637.8136760704803
638.0501386152298
638.1283001563728
638.1319778253583
638.5786191008431
638.9157111751191
639.3240800713287
640.2108815219889
641.3377988722825
641.5675214210778
642.2705605541233
644.4327728094164
647.981105420249
648.0787979857187
650.49995451086
653.1952006205462
656.8014005280766
657.3038259768565
657.720284124246
657.7986312693766
659.2139296701247
659.4280512862083
660.1443385392204
660.6065936856616
661.0657096336848
661.8056313143337
662.6379171897147
663.0838168025724
663.294780546714
663.6721166171774
663.816578516939
663.9809908641307
664.0400202751008
664.2402482985448
664.5986293818612
665.951122493561
669.6757088467026
672.0220595261959
676.4639980546885
679.3882847593591
679.8571689842588
681.527349479892
681.813088759766
682.8388745746335
684.0704558003737
684.8807788767904
685.1389603881486
685.9607561930928
687.0284374666046
687.2536199356286
689.0846737378151
691.1083050306462
691.7460081781213
693.9570062714201
695.8457071650342
695.8780715075651
695.9774832419205
696.6719702194126
699.4324206846402
699.6038952022776
702.3222620609858
702.6084904048499
702.8031255102401
704.9594777155688
705.2303581720367
706.6010155976246
707.49750151566
707.7149462889269
708.5412772646354
708.6364575068478
709.8531800762044
710.4008845225184
711.6228058556203
712.2712810173596
712.5104222527348
713.041181714026
713.2000094926992
713.2467133501639
717.164755157505
728.9385020265202
729.0675634962465
729.2465443623813
729.6132996893853
731.2958365804978
731.973304121816
732.7313977499443
734.3394986646504
735.4385681330612
735.5027628904994
741.6172831481026
745.9393010469289
752.933958557845
753.147483916012
756.3181356759759
761.3898810678726
761.3931771143439
762.0847664621268
762.7866106729691
763.2616366430108
776.9816614515637
777.025584576696
780.1447619505261
781.5877616982067
785.6154155622878
797.406839593927
797.8656199403576
803.7317658055983
804.8000798054021
805.6858275150075
806.444497335775
807.7685857962458
809.1952102055415
810.7737352265036
811.425758270288
815.1321097299971
832.7409959982147
833.2308198606903
850.8939506638915
868.9216316844047
869.3858142785526
887.3905635735358
887.451446281085
905.8250334819375
906.3107467894788
924.7594709690156
943.5826940831801
944.0378845992662
962.8569833803869
982.0317850329475
982.5036029478164
1001.7269388893145
1021.2746037051824
1021.7587043999239
1041.3761573937863
1061.376850716265
1061.830382916793
1081.8065606165244
1102.1522084267922
1102.6245104055313
1123.010863688412
1143.744384562323
1144.2224630078683
1164.9962519131805
1186.1070812695084
1186.5961748746447
1207.7596060903666
1229.1917305611655
1229.3635082275175
1229.738411398576
1251.3049356398697
1273.25463194429
1273.7392720422235
1295.6263949823997
1296.3607765679233
1317.9264313779574
1318.404473102235
1340.7491787643123
1341.4770940629471
1363.4267371804501
1363.8982357435261
1386.6152491702196
1387.3400309228132
1409.666552912275
1409.8121480315615
1410.170447981815
1433.2717961742442
1433.3430786706233
1434.0501550140414
1456.8134119835584
1457.1868283745089
1480.706320098116
1481.4472057314397
1504.6271454417686
1504.9636628194137
1528.6980183801147
1549.875374689007
1552.4188609025655
1575.1308128899361
1596.8483485146203
