2.8534856447374564
4.485237897358075
4.822278117239232
6.410594520005121
6.775715302299496
6.799282718031398
8.321662933411714
8.350078898174415
8.752706788593796
8.779339571359973
10.271064147092263
10.299412400493782
10.716566616921398
10.732041308861044
10.74374017212271
12.207223956581561
12.232814060862866
12.251842130349711
12.647217188446133
12.693713132492839
12.704469499801656
14.176438373219113
14.193392276008845
14.206730166576188
14.60381356654249
14.66021328835055
14.673928529964424
14.798134855761699
16.120507464651304
16.136233835046212
16.155987443926993
16.52954423148263
16.60443814117703
16.64338528229584
16.781096495816435
17.382622293517656
18.088122571766093
18.1117928269364
18.47150793031796
18.57171358016882
18.606430961490755
18.759498462458815
19.333518968411
19.481754712992327
20.049716119441097
20.07950417849493
20.372834025698886
20.42953090292097
20.539423412020962
21.29385852213717
21.445706551029147
22.043032296666343
22.329838952311498
22.371372978104098
22.481379014258398
22.67695566428156
22.789553137849307
23.25948571765606
23.41700087283812
23.775268824680555
24.149214939579753
24.296355136911465
24.387463725588518
24.55698145920955
24.74694109633492
25.213651210823333
25.38699704520025
25.73826780962191
26.26761728342565
26.290012262058397
26.5145007878894
26.589747844812884
26.71704555992374
27.073261245042865
27.35966781365827
27.554772400835603
27.7097884458305
28.226374731825473
28.47751706585382
28.682232452465872
28.821158820503815
28.990812107277524
29.42579462269738
29.51702932480013
29.686880147494207
30.085822863282647
30.450314883119034
30.633330676732356
30.684745017169863
31.112215173971595
31.478609501670853
31.591989124746505
31.709246104039718
31.72435077687452
32.02830441178819
32.43139218552675
32.599721427593266
32.76525541878794
33.44728584965267
33.49107512999489
33.67227582807762
34.08565053142499
34.43098373088947
34.576430201721045
34.61365794557925
34.98968996178801
35.147988962765375
35.37873800868746
35.47338596072688
35.642551799266876
36.26098076362815
36.4946930314503
36.565192474348954
36.88559061035291
37.105889271591764
37.26598948685322
37.440363556519365
37.61266153932987
38.02615887172396
38.213054572671254
38.54930171075269
38.73410578330951
39.230478512878534
39.578621703695305
40.03465159494795
40.19303780194206
40.275016288760575
40.64535681274968
41.02004129912084
41.09666350314582
41.18909913003623
41.227817899070295
41.44558984325826
41.82709464398442
42.00192461877565
42.176181878058664
42.829291553203774
43.066296233804714
43.17145662015944
43.40435756116086
43.520178397862836
43.95110370067429
44.05242871729699
44.15009742988323
44.89358253371814
45.06551896066207
45.15073608596344
45.32935087943711
45.365291430680756
45.90393309899024
45.98449256242946
46.11213891784594
46.50897500306268
47.04206228695555
47.27215476500334
47.33741895353907
47.40018874791273
47.86923465265484
48.07278824234758
48.184182107683206
48.429940259242855
48.45772118587165
48.99388350377822
49.10089147090626
49.33789149281738
49.777036151838274
50.1111808287236
50.41157595349457
50.548385506358876
50.95764483349321
51.03225988259134
51.323078122003494
51.45889636743194
52.19974696426928
52.2567084817684
52.37637782214592
52.72481257878385
52.946000971638625
53.023348051164625
53.34573755576709
53.66504678510451
54.14651481529886
54.31912995281856
54.69350005262031
55.00403809637783
55.11559460207221
55.536015264087936
55.97314380762186
56.0960708087486
56.225727308070574
57.00756377996388
57.086610323826434
57.16071382804409
57.50456021658489
57.667722807554945
58.047927297621065
58.23948133806501
58.28619184382162
58.61201982228867
59.0254634340759
59.07889108254474
59.17486587300559
59.658950607170475
59.976597676314704
60.03516495172736
60.22099899497293
60.66827424706663
61.08007519362777
61.1247824910787
61.90232101165861
62.12830498722435
62.185069238481276
62.85174810098058
63.07829698926122
63.2848599971281
63.53144814287822
63.715835064941906
63.98900679408035
64.1514362999075
64.58542295393696
64.74137128600762
65.10140821342911
65.42661432606694
65.52284807077596
65.68945177076252
65.95814328965413
66.24648785536382
66.60464611638882
66.68884305518397
67.20021834999687
67.47165495414498
67.52836069017083
67.98547190136179
68.17164536364373
68.54816365029478
68.63001715337191
68.6503822787308
69.32940600043982
69.64401008176655
69.88830052817588
70.0612365645957
70.36441330945644
70.60185358677136
71.3823127582112
71.52312919719515
71.60330328936837
71.73980301760352
71.91031344551197
72.35910738761842
72.52832315660135
72.69440942468337
73.0491707354531
73.27548817164408
73.5179811191938
73.66462892204306
73.96919484836471
74.33167171357941
75.37481348238205
75.46976996304954
75.75277991663212
75.88400898290483
76.36300870567301
76.50410938117044
77.42397997924036
77.60077481027025
77.91059746325064
77.94488434294153
78.194871523419
78.37266869249898
78.48378046213628
78.82301190044852
79.11972398916703
79.2607702932861
79.3863016551601
79.61095745768203
79.70916808809595
80.49106633562909
80.76199205219247
81.07081222020928
81.27272771817265
81.60289568262506
81.71801621193254
82.29083507464134
82.67046346065932
82.72929524329014
83.14497405819691
83.29203579841531
84.1252279315257
84.37498164047682
84.65504168146089
85.05120424925487
85.2030513879572
85.59701380866878
85.67126404665251
85.91019392355805
86.0369219858284
86.29690774816218
86.4397566951267
86.61829302277053
87.20721741554787
87.54771764402611
87.70329225917133
87.92803565307982
88.13007787954265
88.37167835764697
88.49296402952436
88.50218437715226
88.93101935010499
89.17366704939369
89.21946304258337
89.7120038415381
90.23327600625927
90.31462053503766
90.54830336900193
91.18578743363474
91.9913124613514
92.2393705086339
92.30185688487124
92.47944134762936
93.17744494922617
93.21034904309053
93.2863879997193
93.99304611074217
94.30279478248616
94.44051565197653
94.90508200839783
95.04761364496835
95.1186112565168
95.21469418580523
95.4058922263487
96.10463026796837
96.32746822971622
96.39094594036447
96.82498904878217
97.20951200672106
97.52051807224593
98.12540480731347
98.32523686853328
99.09298732833582
99.23068163004952
99.86255618235491
100.06009330250842
100.27060225363748
100.28825634111962
101.25569063173361
101.55296989548508
101.58149041216316
102.14571748575813
102.22803068273471
102.76195719751806
102.82582539653309
103.00438220016954
103.2980518432596
103.40861699900202
103.58464025076955
103.9892111386462
104.10522572342464
104.1632945629427
104.76043316701532
105.59188888676408
105.98318137770524
106.03430489159487
106.17097895359412
106.30636598819308
106.70748343056066
106.75528550143011
107.60134711721328
108.09305251180191
108.6444085256692
108.85086785927582
109.78336212481774
110.33656313467
110.53540849650875
110.61042809606555
110.76134318395657
111.58523347089523
111.62583037680317
111.75559451885313
111.91047025752601
112.01388534076409
112.3338932335374
112.37741764045859
112.51486846765943
112.98277648421586
113.53063752040357
113.63527098956146
113.84571091197694
113.92160194886402
114.091346078421
114.36973133051782
114.55510212265122
115.33452251268072
115.45621657828731
115.49880779204298
115.63715107826283
116.31244992637313
116.41259835240227
117.18677895339005
117.44430424997215
118.3385501309589
119.14150653299382
119.24212266432879
119.50449388536443
120.37243458284455
120.50419538763447
120.54355378708065
120.76482152441807
120.99402560308253
121.26704410950447
121.51203228590037
122.35988677658699
122.44697584912501
122.67563421993799
122.7423883755793
123.05168584087424
123.30551323817087
123.52520037911115
123.7603404098296
124.0685664774726
124.63936623621893
125.21829590624814
125.53299395174312
125.94590753504565
126.37880886043466
126.59658389142912
128.09788251898763
128.53683042900823
129.03654723980267
129.66709892863082
129.68371085833334
130.2546457571997
130.30829300679932
130.42546462398718
131.00120286041115
131.04834120798455
131.21001623947237
131.4378394660561
131.89113080264937
132.23356705468072
132.37795881685727
132.45217879232783
132.7969871741585
133.06297006194166
133.70353530404472
134.18027841821464
134.72973227285652
134.88556678719885
135.08952549006167
135.19972425070424
136.13651776192393
136.31007689153924
137.06267487274297
137.26627016070398
138.07568864298202
138.9610635289724
139.03501795090085
139.230328941793
139.31071606321524
139.96719866622826
140.2411146985821
140.40319067495346
140.97732636648144
141.21076145637113
141.43880631938802
141.8584414589342
142.00285185830882
142.17722960523133
142.47482447606666
142.98798616062066
144.11418469694402
144.66253900091525
145.00666392077719
145.33840986806743
146.09023027625406
146.6967900217007
148.03486264228184
149.15714902625655
149.27854585033595
149.87813414284471
149.9494501083783
150.372118953702
150.48157706938227
150.56150590687602
151.2119253745764
151.28752896716512
151.35128251904362
151.9206743287417
152.4917815092222
153.22605534822193
153.29986519035788
153.94738385362837
154.42648273329115
154.55455109775068
154.63899218169945
155.31983449460196
155.4988447912079
156.39207290894342
156.63295782503542
157.34794397353258
157.65894745416477
158.3448069130821
159.78414741456427
159.9744820333919
160.02862280749528
160.0847106266582
160.22084080033153
161.26164674361138
161.30725090513596
161.40833642076018
161.71063352960826
161.99013899086918
162.18849767853482
162.26046612359272
162.41794802994593
162.79944811768215
163.19730005704173
163.99500221868902
164.11209022895196
164.72599892584606
164.92136556807628
165.14750867606975
165.43927289550754
166.0211395544071
167.0944623582767
167.11415400443408
167.65184859277684
168.05851672473716
169.06125072125008
170.30902801162267
171.07457628005574
171.68311212111243
171.99720112827646
172.1850518141529
172.35438480407723
172.39487025186727
172.4470566742951
172.927075927631
172.9396413834547
173.08983199710022
174.28451589273698
174.32833106911337
174.694717874535
175.10120960224174
175.46604007212565
175.62277191624216
175.75621936319016
176.24106359295325
177.0314956703323
177.11376127015265
178.2059387678824
178.84489601815082
179.14750464245495
180.18752587856798
180.95693428674872
182.00731836750487
182.54985598784967
182.59602036739582
183.50784953335517
183.84192724883778
183.8751433937896
183.98671221507567
184.0148414734629
184.3728054587054
184.55650973178098
184.62554228582107
184.95626537396234
185.03109289762443
185.45507779343168
185.77041226525176
186.45289348022533
186.5733145846461
186.71333690738336
187.71895724744675
188.5741667361907
189.66374344061472
189.9247759550584
190.62235434600953
191.6282225274432
193.4694023882972
194.40588826778387
194.42907704699098
194.98435721898963
195.0013752057608
195.46930100009044
195.62223387713271
195.71491514505718
195.76125555008963
195.89460829267924
196.42632393819596
197.36996895993013
197.53971816382005
197.64077366025947
198.08363912993562
198.1915605910565
198.44272068947535
199.5870138054139
200.26571319339683
200.4624617488285
201.54956337234356
201.96878716338063
203.4920723101263
204.30490493126456
205.36611113865635
206.66322088572954
206.86303499063104
207.00880707203217
207.36954648923845
207.96803674480458
208.13449326685722
208.67561399016373
208.9048470159964
208.97440997658018
209.89084698403713
210.05155979887599
210.57760190996558
210.69143809282377
211.84031672754773
212.70562721662358
213.2464305706185
213.80374394450484
214.73064834636358
215.7480084769877
217.60869353504322
219.30537402510424
220.59988768269892
220.61636148970337
220.94840504103936
221.2650768455085
221.3153741466028
221.54051337779413
222.29590705138637
222.54279003776165
223.32992843896398
223.6185899724098
224.4849810114746
225.28856567668214
225.34366260625245
226.44414493050803
227.36626982517512
228.3906892104311
230.2680358027912
232.33329923444035
232.4051538200676
233.17768212543257
233.64266593024027
233.88304224265542
234.18419136267994
234.34659287057013
234.91885781196305
235.02270855110254
235.2660811886424
235.5753789319288
236.35362645783795
237.54269607988206
238.13877054475873
238.3697375963264
239.47347639653478
243.28631884716913
245.74527157053498
246.885500094316
247.01487158628203
247.0611246151158
247.22303564913577
247.58834036809176
247.7559073771493
247.93314452689233
247.99069960082568
248.98923908743726
249.76532704116173
250.9320606676009
251.16271333455592
251.78061758239002
252.88900814282556
253.81669963490197
254.85868247864505
259.5473309409475
260.23380587361004
260.6479975999498
260.8660101830165
261.1449069485861
261.3740295490391
261.5600193582694
262.79308669351394
263.0924088267187
263.5047790337364
263.58346622821244
264.55679999387763
264.7459662565395
265.5653161322182
266.697797256095
267.6147625836987
268.65256292838444
270.4864767123068
273.73610003176015
274.4535298908569
274.5719678709351
274.69089777746325
275.0532585678696
275.0944204229666
275.1668967004012
275.7176353409719
275.7486925993283
275.80637393129405
276.6607291865472
276.98802859450035
277.75977195285145
278.356587491488
278.9388065861421
279.768665265081
281.8030763459302
288.3103517300919
288.6549342482653
289.3465854277459
289.61205475480057
289.640498774885
290.32258028183986
290.46788515074695
291.5679087944719
292.3329526496157
292.5371537430345
293.5156844992744
294.34206210238113
295.4740309178525
303.2817480294714
303.91361301936394
304.51655300253543
304.6004938756011
304.6461147100624
304.6929935705935
305.1935658122423
305.28685182876654
306.53517666604057
307.0238032537447
307.29897540922633
308.4823912943387
309.29331162665443
311.33357375085995
318.62849671297977
319.961425623826
320.2544542041365
320.5800560858399
320.6361729321323
321.8874016424828
322.0841047777062
322.64533853187214
323.8363761325945
324.65803053443096
325.80346242434877
334.36638527330274
335.7030790291329
336.36713612890867
336.42931917710285
337.6331865220134
338.38207453781746
339.5798994923522
340.3916588634158
350.4895099447021
351.168550068463
351.83053742620723
351.94149518640927
351.97175651024077
352.3610726236396
352.49939558117785
353.14875436894715
353.75776586339396
354.50404203472726
355.7088771367014
356.5117150788686
366.9996352799902
368.2928095609297
368.3445711163561
368.705220537908
368.81738822610515
368.96724864235614
369.0072581415931
369.2617849402431
370.2744054042388
371.011499301066
373.02011157807505
383.8963448919573
384.7919966137785
384.9374053502354
385.2440448247871
385.7581720430372
385.9011010577701
386.15032644603184
387.1744721033902
387.9035840570362
389.91216997880065
401.1751857403964
402.44904751021966
402.52501040528387
402.62738104076203
402.63691147724944
402.6797348611252
402.8586462953729
402.96019223344007
403.1316571677371
403.1794639545176
404.45796526854747
405.1790618331068
406.40913606637497
407.18753734143974
418.838205444943
419.8944331654248
420.0438227261195
420.19703816504006
420.34861268607085
420.84043632737485
422.1245823985499
422.84258897668497
436.88405783822964
438.24574396499963
438.39427788824025
438.8736729817748
438.8825094210872
440.1736331519895
440.8814276013994
455.30812082898456
456.6724648033393
456.83616446212
456.90382638079177
457.06887155065033
457.3014671415452
458.60013183254944
459.2965346532661
460.5488847614579
474.0921904512537
474.89680432242966
475.3580028634092
475.4766266814856
475.6603805782874
476.09015286423363
477.39462302472054
479.34717338338993
493.23571188292925
493.27207225668144
494.03256571548513
494.63517286741376
494.77078096725154
495.08768778490634
495.2529269447011
496.60939169109923
498.4933315295269
512.4872709322555
512.7608713981028
513.7046814541961
514.0478007686412
514.1309807100947
514.3692387506363
514.5344422744257
514.7077746052754
515.1293126573078
515.4618545316584
516.6048150093017
517.9407754147002
519.812260550402
528.3448543931896
530.0414915007526
530.8247656515505
531.0664973045014
531.5534343228633
531.6679437618575
531.9538632448483
532.3607016186476
532.66074239062
532.9473818774616
533.153757961234
533.4004656378264
533.6946153367406
533.9278587804632
534.1385800769104
534.1902982400691
534.5052573798127
535.2396130847292
535.6708657804352
536.0630322138057
536.2859602346431
536.5634381622551
536.8999409208494
538.0450000654383
538.1958965115131
539.2707589196518
540.1897776214349
540.4588972234694
540.5943616990095
540.6875030504267
541.6207528812189
543.4903877497369
544.8153102218464
544.9477632683237
545.4138698809381
545.7785332930263
545.8658975431356
546.510512323124
546.6879511660525
548.0443890043941
548.2201610382702
548.5560219161237
548.6716342561151
549.0183343571701
550.2555891896474
551.1520532667656
551.8186001212332
551.9710573533664
552.6924422679845
552.7550159221171
552.972372698826
553.1180765963602
553.2138189117579
553.5507175206338
554.088793514301
554.2283137724387
554.5041825838325
554.7862112289424
554.8595744266414
555.2054564164289
555.653011752625
555.6980107795086
555.9475973779773
556.1015714509472
556.2020273206832
556.495288034155
556.5985663125472
556.925609051804
557.2203706212426
558.7490049457525
559.1942324564873
559.3714288901284
559.6414768113704
560.2213183491468
560.3595693311373
560.8608572760198
561.2418180666989
561.812263235047
561.9720804835841
562.2777225645599
562.4198372135438
562.7864864394745
563.2701888548007
563.650940092343
564.1488130924907
564.3230265733113
564.4104442684644
565.1550565480062
565.5866483237803
565.8926899606827
566.335013025897
566.5551732808137
567.1915552967129
567.473874465628
567.7864605005309
568.1627051924079
568.7351180451252
568.8968919633162
569.4239363617181
570.1399556951055
570.3508118357755
571.1341888799926
571.2207234676915
571.3501492720217
571.4019359731307
572.1805373405397
572.4768705985604
572.8834244648035
573.0930614098478
573.2066766875082
573.8654483317794
574.0313312246022
574.2229439557061
574.569431189037
574.8058146462038
574.9636083436586
575.3088006265347
575.8527232080272
576.157290551103
576.3089217174461
576.6008095014179
576.8189088602447
577.0148302597414
577.1254593240725
577.4109839098444
578.074944884177
578.3819392118581
578.719229402006
579.4559891928442
579.664569301615
580.3415382855177
580.5850465338547
580.8916547118416
581.4824888112842
581.6303871818689
581.7742486738135
582.0967450892041
582.2731029146058
582.8458651650742
583.2762950409791
583.407529105177
584.3210886777604
585.6719448171025
585.7008307170794
585.9641340311722
586.6741646353787
586.75538985429
588.2232679541779
588.4466227491562
589.0958208311656
589.1836353940865
589.3670599666067
589.770624164904
589.8890320044627
590.0990940327031
590.7500655868381
591.0033112283263
591.7022399687307
591.8540948830095
591.9871650436537
592.1272540206148
592.5813609789307
593.3658836137112
593.6789532883474
594.4325160468131
594.54063233487
594.732235242316
594.9811380071343
595.459965132458
595.5525352832941
596.0479621179978
596.4684821837442
596.5035349109401
596.9430011764264
597.3356949045814
597.5499796522511
598.20302689946
599.0045287368072
599.1699539595786
599.4973299021418
599.9265284821124
600.0306860626177
600.0808753587196
600.4039869982992
600.6234819137645
600.9414156555384
601.0831782064308
601.4394512332432
601.7046495077946
602.0076594662954
602.4910989178527
602.5694364826652
602.6952800909369
602.7707844048012
602.9936948469045
603.2252555893446
603.7401149239897
604.3089640170447
604.8784442363817
604.8949215360341
604.9950579128923
605.5800993545229
605.9140891746653
605.9366350158527
606.2200775122125
606.5331002546727
606.9157732942953
607.2039613425615
608.6837943948937
609.0044518688674
609.2145074794655
609.3817283444406
610.3706545950158
610.7950917224576
610.8387100946721
611.2155762542856
611.2809410314563
611.3900241078578
612.3586971143395
612.9299980747917
613.0280800965583
613.3703346364958
613.8505313636904
613.9251526426169
614.8715049587576
615.2584466917601
615.4808456312215
615.749163396751
616.0277086974552
616.974181499388
617.0357378348807
617.556579492608
617.6440534137914
618.0986909045567
618.2185276806258
618.3107027134281
618.6449531733648
618.7062894154234
619.1221562630903
619.3855737460437
620.080857460721
620.453027098224
620.6772731839591
620.9700337833733
621.4190376943703
621.447294787988
621.8216526137257
622.020305783416
622.2917413332083
622.4673299537505
622.7937504424397
623.0641319345136
623.10876665345
623.4815927451621
623.7327791244809
623.9123330237433
624.5366308543565
624.6386725343497
624.9289090584263
625.5270984362013
625.7229514482142
626.4486332470559
626.9855175494739
627.2148343344106
627.4967806174255
627.6027937701181
627.7387649886998
628.3470584963355
629.2680072411216
629.3220683641026
629.8105572865687
630.4431796320886
630.5707145179126
630.9381701518964
631.0567885305801
631.3479685722822
631.9274591643058
632.1804009488889
632.4489300482405
633.6771783738935
633.7302112062561
633.842782567811
634.1175617575628
634.7381675947313
635.0147938487046
635.2209641534446
636.0315031454354
636.1300143951999
636.1659682623159
636.7851245105634
637.0409691569464
637.5526781465501
637.9801454742277
638.0415674465337
638.5188395256545
638.7470590273861
638.8556421373632
639.026950765848
639.0972826402738
639.3616919605882
639.8288608499256
640.2024293681313
640.5168926263464
640.7303351158442
640.9609355125721
641.3799069622586
641.4707898201897
641.5248453824587
641.6748778210473
641.892548530239
642.4485130223726
642.9216569424875
643.1842881302168
643.2984506961319
643.9120122146325
644.4406582732116
644.5655636951894
644.8415809772293
645.0944346248682
645.4313742100505
646.0218979468414
646.3318361564627
646.4404846439938
646.9930710307159
647.5006674596443
647.6361653646069
648.2296423154145
649.2014526286691
649.756341397925
650.0427819880406
650.2931147684136
650.9301429213538
651.0179292565672
651.4217580283704
651.5188492632833
651.6544865257947
651.9963915366747
652.5124864002651
653.2413183656047
653.2702717065479
654.1769535972686
654.9040150501671
655.1914857074798
655.4291757944873
655.6986690998554
655.8175519171272
656.7856728617065
657.1961844916676
657.4259722464215
657.8490425225332
657.9696792243616
658.1289508468136
658.1827986733368
658.2527222839899
658.4535195382789
659.1627804136635
659.5066081113929
660.01671880791
660.2197904318319
660.3633881020512
660.4694078324487
660.6899456280462
660.9015601961162
661.9600336603027
662.1089890961425
662.4513652502525
662.6741245136484
662.7244210376756
662.8281394328401
662.9829345264033
663.4355853304467
663.5301619595084
664.3673806187865
664.4654323689065
664.7469748723364
664.8080916355202
664.9522666070635
665.0444339005411
665.424863286414
665.8305773808049
666.2354939788661
666.5019884339617
666.6120892555373
667.6501441445567
667.9132442727558
668.087551753313
668.2152943891628
668.7583295776607
669.4233178215108
669.5017516220795
669.6468534903959
670.388627010925
671.1048025549554
671.5243674558753
671.6624977898273
672.745347166068
672.831546497663
673.2878239059518
673.6805731337483
674.9404630155658
675.1920566702581
676.1556324296231
676.5811444096237
676.6865237647858
676.8941181131
677.8178640113571
677.9077622791979
678.6656645022451
678.7851332126114
678.9028388605051
679.1498004184758
679.4668862290287
680.0757378988718
680.3956057527832
680.5446885358351
680.6468782983103
681.6731593871609
681.8742289750256
682.2880577738858
682.4535315978897
682.8155841681623
683.0146283434123
683.1838410684078
683.2896075343099
683.3821024707734
683.7607804947299
684.8332758491161
684.9789591748162
685.0964119649947
685.4396458047603
685.8639437101109
686.3069986373882
686.8902688955651
686.9370273231626
687.0993551155391
687.3515089878813
687.6252274512578
687.8307521816242
689.7478361266104
689.9909635291548
690.2188947179966
690.6310694470988
690.8938563405961
690.9646654765977
691.3072510780001
691.8754773748761
691.9910213381219
692.1913275919503
692.6453386530992
693.4249819096942
694.2892719847113
694.9185069820765
695.3018054015043
695.5504107545364
695.7402517716112
696.095523252258
696.9494335033762
697.2684250726944
697.3646515057442
698.5087894453624
699.286858040941
699.4134782795904
699.6809223661595
700.0601376347236
700.3928502187085
700.7983685303924
701.1038435035678
701.4157536808167
701.7275833526651
702.2489758467325
702.361080889561
702.6743501458603
703.6103821372069
704.7502766938601
704.8158279169636
705.1048015692108
705.6397528393443
705.9553437964761
707.4357146681327
707.618164570664
707.9317495878598
708.0343409786674
708.5292840707889
708.9738474879744
709.4927198942829
709.8408697692046
709.9241499734655
710.0721908124682
710.5795071709398
710.7773347183074
710.9454215288619
711.4054658233064
712.0510417755488
712.1874465458799
712.4733801240737
712.8301165395482
713.0976778423143
713.2152112991504
714.1731796144934
714.6592321112006
714.9124098015332
715.026513039483
716.0562087842984
716.5377565917274
716.8086475188197
717.0499312827768
717.3652541225475
717.6062345556528
718.3659231530089
718.9697989393636
719.261253918352
719.5132477024293
719.5707033232177
719.9694091281892
721.4785319490753
722.0260582558047
722.5642798657417
722.8604889059676
722.9893220533446
723.0837169691018
725.4602157928263
725.8248012021551
726.3012462888619
727.8002752787266
727.8174088526149
728.5275586444452
729.9400092199181
729.9721279296884
730.5783361844661
730.7281037103029
730.9586941403774
731.1311933665986
731.6682213005836
731.7221302553563
731.7660256584707
732.0757964944933
732.6139379834651
732.993599498876
733.2632051219643
733.324278698008
733.3833473072476
734.0384745629306
734.2009431861591
734.3468873099745
734.624326735854
735.7742825197084
736.0539521847331
737.158761783713
737.6230225153167
737.9563905831203
738.0195538555275
738.3938646848562
738.5894278539414
738.7989072666105
739.1392117272363
739.5762776688568
739.6524587526111
739.9192990363473
741.0175788316134
741.8469070489308
741.986943846339
742.3236525993889
742.5085129602613
742.6469441168304
743.3828361449024
743.4493639767737
744.1062658913139
744.352987915644
745.0864624337846
745.2520611174228
745.6632900615426
747.7929036556743
747.9582112745177
748.5146243531328
753.558175881861
754.6769081876274
754.7052728933894
754.8383440841429
754.993427294262
755.3535227748825
755.3804355798057
755.9505406776991
756.00405474141
757.5849530638192
757.9127199780684
757.9868079162519
758.1894163517682
759.8658815137055
760.7831867020595
761.2520442423747
761.8065509023728
761.8106590719135
762.0984704275485
762.4947661089703
762.5273060904836
762.5834141937962
762.5979062061014
762.922358170128
763.8740208880392
763.9060796054424
764.5095099366767
764.9606951537753
765.1967638826093
765.2902213031535
765.3465170726989
765.6941732643492
765.813371748727
767.1469335804458
768.0936506543035
769.4131078444943
770.8975681992799
778.1842059137101
778.425993803856
780.131190052157
780.2399786452225
780.2867645447037
780.3914887126725
781.5943818176222
781.8727839897791
781.89289999546
782.8005208518663
783.5758181593619
783.6167646955197
785.6114330973635
786.9197353366035
787.2115282128642
787.2794363863145
787.4411549447242
788.0549745441367
788.0843596697849
790.3564262455459
792.418382729007
799.9649837893048
804.2285920439454
807.1168474505564
808.7447289483791
810.357718455305
810.4171218232756
810.5595251838402
811.0925045164232
811.8091278932833
812.0200048979366
812.0400167775524
813.9943417098667
814.4290448886517
815.0867942012816
816.5269369022902
816.9930206419597
817.0947861847396
819.3352234840336
819.8516571981822
822.0596922664188
824.7217246186209
827.46207359616
827.6071408817104
830.0024665333556
833.2162240654967
833.7752431590523
836.8593246810602
841.1834058169476
849.7867625396143
853.4887584780076
871.506116023178
890.127082419826
908.402411028044
927.4481053657498
946.1715089122875
964.6914966639649
965.571060685921
984.6341374497127
1003.5019433023424
1004.4485593107427
1023.9041018136419
1044.0785585802312
1063.9380840045305
1064.2870551170658
1083.5236236187006
1084.5706350554046
1104.8038709594377
1124.7669506431957
1125.7671319563144
1146.4124039058563
1165.1593833656955
1167.7534053143193
1187.2162057717078
1188.7885205079256
1207.9051418876297
1209.548116458651
1210.471198583864
1228.8065297042294
1231.9607318720807
1232.6525083881875
1253.9893648467034
1274.589001056811
1275.886601815452
1276.1655325838517
1295.8781583031569
1297.5408057121904
1298.4396244890077
1317.6604473630198
1319.0903936372822
1320.5208425605965
1340.91530227965
1341.9778419017023
1343.5932639775363
1344.3461461044499
1362.3433423812367
1364.6972916531654
1366.1689401106187
1366.4813529672529
1386.8882553035799
1388.689263419651
1389.4682948121197
1390.153001356493
1409.4609350204912
1411.0090492281333
1412.4376731223758
1412.7436322956705
1433.6172513360646
1435.4635762763503
1436.1961343563348
1436.8634702593524
1456.580127801538
1458.2519612611002
1459.5248992816707
1459.8734584177378
1481.2617836635034
1483.2691103491122
1504.6085945969564
1507.0442224807628
1508.2921598440596
1528.3283197589258
1530.984213624482
1531.9354866084548
1535.103778168771
1552.4619287252324
1555.9804494885293
1558.0853796488368
1579.2118145813079
1600.83808416072
