1.9428201315808793
3.3884646809334265
3.825327955821244
5.330540926327297
5.663630607597553
5.748510539250688
7.268773369569393
7.293938205401897
7.642250881161663
7.6920400538120735
9.247353766282115
9.268070317419141
9.520686075065221
9.615211147709347
9.641251266377019
11.220910012070147
11.246848393718277
11.261112814773014
11.472404250483027
11.505435688441242
11.607796224547204
13.22413415704735
13.233809482601002
13.270125359667087
13.331046610453981
13.431090682905515
13.464840957437795
13.585352535657279
15.132926679088934
15.237308739622684
15.286501786373956
15.437849692448498
15.462854426452283
15.566401047681744
15.894641341959517
17.09174750651266
17.22104294447916
17.261343852490263
17.345556085339666
17.400146209931908
17.544230754134464
17.90405624753752
18.220242027254702
18.73689250893694
19.20378355618833
19.283671372908742
19.31090984863422
19.516470161982532
19.914480623293727
20.10618293465733
20.742513779802245
21.293302488598783
21.44378505833502
21.50118037027259
21.924411156969423
21.985726401420443
22.072311458273145
22.748888121145672
23.330121447798685
23.56658833785425
23.950827076342545
23.98605041556585
24.060692688811496
25.088976616016193
25.188129850237736
25.643215591235474
25.981955827095547
26.045868815027593
26.08628788296776
26.78214299640759
26.974740758646806
27.64820722749094
28.02473079644807
28.941988730572806
29.091784875487367
29.138297717132065
29.653664127470197
29.696007152304624
29.727523040755035
30.046924790687328
31.023345119863805
31.346785896464702
31.66184088973885
31.700568032162547
32.198570538720276
32.98628410914142
33.58468625116417
33.691171341092755
33.70940444035182
34.14493468703918
34.539157172662236
34.632184482733614
35.47015714748038
35.71224423645747
35.84986563725905
36.14846657389563
37.432999983897936
38.28558095407796
38.428250495464425
38.98734970594572
39.89936821528567
40.159037661264
40.31261369118299
40.990424157424236
42.189023827695046
42.27377055878718
42.993968556516315
43.6624102722029
44.221182400818776
44.25413219083742
44.348041105337785
44.998445903123425
45.16569908864621
45.54650556276143
46.22113238308743
46.2354919993218
47.03045360442127
48.228089002215576
49.18673202621616
49.288589399415905
49.6160519289136
49.84764456551828
50.23400710436568
51.172012370703285
51.850116512463465
52.265320966077695
53.853062855664255
55.30510747416501
55.85839880313532
55.864066940318
57.18847780681688
57.86619214638281
59.868757532864834
61.71185523969702
61.87397201323794
62.27055267094743
63.59500881417136
64.27248891013458
66.27482295173321
68.50103529130122
68.50989608944867
68.56047920168633
69.06690015190732
70.39180736217337
71.06861609080589
75.6950323155754
76.25270899201026
77.57754677146164
78.25452096534579
83.27062813117287
83.82812939806509
85.15304593356757
85.82958709478982
91.23542753957231
91.79268038973184
93.11893158321641
93.79401686189428
99.58947053089082
100.14643103462487
101.47155417803123
108.33264453704999
108.8892513438534
110.21409133168156
117.46463018314414
118.02137374588467
126.98558180655493
127.54187658100597
136.89549613925055
137.45158477295718
147.19419310247181
147.75017191987945
157.88165872933536
157.93966270262806
158.4376116190908
168.95818449792552
169.51389498961493
180.42332983149606
180.97897372009257
192.27730776142795
192.83285284407103
204.52000859584692
205.07550785919688
217.15146304095907
230.17163299903063
243.58058433929534
257.37821024950483
271.56453442290024
286.1395942789919
301.10332228168465
316.4557278074161
332.1967952662809
348.3265729918683
364.84483291554903
381.7518588260217
399.04740225076404
416.7314677833521
434.803960939686
453.2648950788501
472.1137589292567
491.35059090507013
510.97451276069853
530.9808995155412
551.3879388108311
571.7722906788745
572.0266832132693
572.2213512041311
572.4842204796458
572.7200444138724
593.3976426893034
614.9718381288939
636.9157168742943
646.6640170824598
659.2785116851699
678.5354127540377
681.9175536292439
682.2952702231182
704.8693477019916
705.0699641097843
705.2539242331281
711.1844119358209
728.6050465943986
744.6116348974458
752.4587527242074
776.7083130012129
778.8133866026924
799.3887579808116
813.7950024682967
849.5521104193914
886.0890151125443
923.4011900400146
942.2268922889373
961.4929124221893
980.7065008617018
1000.3600426885051
1019.9630482465633
1040.0044902224217
1059.9968219904185
1080.4281630628705
1100.8080579795778
1121.6268292006898
1142.3964133891543
1163.6031827663687
1184.7618960743243
1206.3563230919276
1227.9043553950592
1249.88298075646
1271.8236139001656
1294.1972090768388
1316.5192205516792
1339.2750092978781
1361.9904384042784
1385.1300369565718
1408.2359581665214
1408.649551760881
1431.7554281284354
1455.2539800200339
1455.642566255849
1479.1487326100182
1503.0546228397748
1503.392772877117
1527.2163595327177
1549.647104586128
1551.2799340470924
1573.83081979656
1596.1919928212055
