-35.36981114676072
-28.592957472259606
-26.45867128175726
-24.37843559487758
-22.329619308140835
-20.365538241939433
-18.555294583689964
-16.44310470243797
-13.730892124697103
-10.519876042279527
-6.873017391120548
-2.81375653005729
1.6467715497947495
3.143263560489451
4.828192661721417
5.178880681559201
6.500841088682087
6.803152522664206
7.1977413703483215
7.210093881184232
8.762627720294
8.798970446068795
9.218925864753006
9.23118614108848
10.722844208362952
10.7909907442126
11.235114437919659
11.24096231078197
11.255501823974425
11.759518763959711
12.594450886382338
12.740320045479097
12.784949816187773
13.25475784602502
13.274575819092274
13.387289873693954
14.456654833662954
14.634603421475592
14.772139344613997
15.282067885746194
15.396095117538765
15.810009435398719
16.5002561093618
16.6535948948236
16.74914830800294
16.797675531543796
17.279654708895475
17.358526179822658
17.456263275822213
17.824477323643098
18.52339488255648
18.63997055367486
18.68575443156262
18.85944642934328
19.291096421854892
19.41429317147936
19.666557899684413
19.835313350724157
20.53407061934083
20.632617592874105
20.6719089648688
20.88566710817224
21.406021690147444
21.68256530090692
21.84717602015922
21.937644034134905
22.559575816937247
22.66559900587533
22.890958806241983
22.97963344346652
23.33032688401307
23.4352568615165
23.704908265257835
23.843041801000872
23.97095846629642
24.60568953100428
24.676237822515887
24.92856682259611
25.016318252428125
25.595302287481346
25.672264036576
25.768200626166617
25.985888566262926
26.699231858603277
27.010361701030693
27.056228795201346
27.614766782596575
27.664548717218448
27.762925941079533
28.001189149039266
28.539193184356197
28.719704336076475
29.028978421437607
29.36501199681888
29.642243183209803
29.673305066011565
29.781276593564865
29.87379724519547
30.05435932990653
30.501321830313508
30.743010668960654
30.81134498844691
31.669081110134154
31.71398724511258
31.81503630192672
32.296632034532585
32.74243094346236
32.82813224874843
32.95593093590299
33.15136219440408
33.66271719560584
33.74218432404257
33.7841493031373
34.14794994758544
34.7531094765459
34.83868361826163
35.035622221307214
35.30141768026675
35.44832939301526
35.60626223408625
35.774318507944834
36.18423380565882
36.259353049805476
36.61305790557838
36.91038924492324
37.33434950287351
37.48985432102036
37.74919110174058
38.20610141156081
38.39717835551578
38.851358162231826
39.01270668077326
39.170090060767016
39.29843809930357
39.341554866018996
39.64191830244551
39.98108243450144
40.18187471367196
40.25835818340047
40.91898661349013
41.059931628352636
41.34113579290717
41.53206736819177
41.61549970490507
42.05095174016714
42.18522596627285
42.28577495536531
42.94610049619982
43.0715991137045
43.31682125032257
43.34975189120524
43.89143992060375
44.08934074943525
44.115205921736504
44.20970654233992
44.33199088128506
45.090550847145956
45.309196135752764
45.436669675152565
45.48599879350303
46.00612967521821
46.15410418964525
46.25756688905182
46.36895253016531
46.41981814944326
47.08993377775213
47.11145916234664
47.49631702423946
48.17748990769866
48.39267915001652
48.61210392342967
48.885262609050294
48.99053144606817
49.396560411044746
49.49298144135837
49.928045715424126
50.21898580710811
50.414415698195555
50.46600442217577
50.677732988555775
51.02386544378136
51.13160271907702
51.407603147733624
51.587159798191244
51.630476663787434
51.990083803136294
52.361575474580206
52.709490736178985
53.029411921617715
53.16037144565198
53.4235139838222
53.54891890913768
53.874597739650106
54.04580574981431
54.2843500251603
54.39461154504407
55.03405469024235
55.15632488669281
55.50150097187935
55.52899273842027
55.96723914503048
56.06986997813063
56.30161879647994
56.519266406590184
57.019719805398104
57.1476918942918
57.19452255461121
57.506356489279746
57.86371660913068
58.03178298004349
58.10812577099114
58.58125241977135
58.86699046693347
58.99450191817092
59.12556085480537
59.1868994757815
59.555952649252454
59.92615977671536
59.97103847908453
60.0761834668155
60.78654925571245
61.182552030056954
61.20844693545584
61.5222654887185
61.838129429845424
61.95043447046736
62.12365588696402
62.38054263648045
62.433358580861984
63.1849935191323
63.20167863966975
63.56418506628145
63.634540133455516
63.759193719861294
64.02245048275483
64.16546880479814
64.45613505702894
64.53541974036368
65.17624471618814
65.28320151893628
65.63593166343402
65.92275364974823
65.97271408054584
66.40698703812207
66.41155732565208
66.52900936781606
67.19410193957243
67.3911503239672
67.58993677605163
67.7071860174067
67.97898361181663
68.0453595600062
68.16769960262576
68.54847207155862
69.12630374011239
69.20022863485899
69.60203753256208
69.64206193451952
69.71353443489336
70.44533564380396
70.53253286967993
70.6053319751303
71.02598926272762
71.2643635769583
71.63350130386233
71.70986746211995
72.32510936157033
72.46048304890293
72.5599467515492
72.7859663430388
73.13624901944516
73.32233133016683
73.49977516746155
73.64050434857117
74.41076321760954
74.50637913688591
74.83317049692555
75.3553973281216
76.03185997122993
76.07672648612122
76.38507627984326
76.43063464212193
76.71536702501038
77.3674212387529
77.46166745021284
77.68790105548192
78.1511245946361
78.40471777493813
78.52023597114443
78.86456087236317
79.05637988039695
79.25183687697705
79.68341411079449
80.07850956422396
80.45968494372892
80.58166551757331
80.82162370861069
81.05487808390805
81.27219236555558
81.67782738374135
82.13840601590609
82.56861207078443
82.88515782477064
83.15569499954852
83.2415659593603
83.62157627316387
83.65834918431813
83.87322752441425
83.92636031497315
84.00974398873439
84.58086288917502
85.17646937088217
85.25853701647286
85.53287897569551
85.67437793424416
85.71092652185766
85.97438173513777
86.08836160501986
86.15460403169624
86.45908541238713
86.62223027806564
86.92985016257431
87.37041448613496
87.72238052120642
87.88833921924017
88.13968374610046
88.48142509029589
88.92503294797102
89.27586088806211
89.6452314869259
90.00491652641999
90.08371803521004
90.2335021858483
90.4708241977986
91.05285560417853
91.2757028884152
91.59731000750624
91.89993797417613
91.98310029440066
92.16921256481969
92.60179910232473
92.6605309432478
92.92410577916064
93.23417571901724
93.26238443664444
93.96110761926563
94.06788240052289
94.08516747244366
94.15985468969932
94.37322222856068
94.48315673427481
95.14498811366443
95.2957652006649
95.46798414604353
96.005977330463
96.1371464713858
96.24638281089767
96.31632748545132
96.74146581102885
97.26235717371509
97.383513955082
97.57129719932396
97.77311366785554
97.88001422021321
98.17240045725129
98.54290434126048
98.65805300931294
99.148716714818
99.2561022905691
99.81526295204685
100.15561569496955
100.34863669869902
100.5093116330122
100.5408264247281
100.929949872069
101.22290746800883
101.55071005667271
101.63326139047953
101.64177878925597
101.78226168151387
102.04409372850867
102.42606809774253
103.14685519228102
103.29753080825618
103.52300285404073
103.62921001029638
103.72702232950991
103.8449310727857
104.13132847254921
104.29446083228673
104.49035359023654
105.21733949852046
105.24730056322589
105.6659727021124
105.80441569670789
106.10467140723354
106.35998939719995
106.5273514296992
106.65724689506585
107.03859220834481
107.4404528138763
107.62839353445113
108.10117140375584
108.43740112432361
108.49511109592322
108.64225363481962
109.10540649197885
109.20462137580171
109.43716945702181
109.58198574298714
109.74771126680923
109.90645770133003
110.42744355493721
110.50374706226805
111.1506206014807
111.19984883281188
111.46587020999746
111.66968583784845
111.75851087156319
112.3803414841475
112.48397174395421
112.97773690855985
113.2445859444662
113.26576245371915
113.58621412644645
113.94935116440303
114.0876902479366
114.38049423042348
114.97292179873448
115.28652112200143
115.34943297555513
115.48323115134436
115.57751309688938
115.9881200042936
116.04099796074922
116.40359511167011
116.72799742311405
116.90396390577439
117.23460726403486
117.31236244961923
118.00126739956438
118.09223267718995
118.24038859099639
118.39944110331734
118.51661081144165
119.1542954921832
119.46027253516466
119.5513347930825
119.80188877371268
120.12853290322359
120.31654882505553
120.44861168235806
120.57975138196372
121.19316608155602
121.23605371389846
121.5401277092862
121.65604398691706
122.38253835987369
122.8587972649835
123.2404704824106
123.52872069069657
123.66086761803204
123.81459696909772
123.96820054825362
124.44044645705658
125.45443038126075
125.67459665697034
125.76815044543312
126.31573629515479
126.41901807164375
126.4667498197056
126.85801730138587
127.08805741633962
127.53374769515334
127.77924375849851
127.85732055191333
128.30164420618036
128.49558418777556
128.81842635119068
128.97582038574004
129.08874342385087
129.84123749819062
129.8907357890341
130.03360217637658
130.36104297903302
130.40539065651654
131.08373949035413
131.16096715939966
131.89941203019617
132.02668864434804
132.2741103264982
132.9606194011323
133.08962998389933
133.33867427433808
133.7786261246371
133.97056044889376
134.33475535503035
134.63373243645938
135.84919714546814
135.94766508015508
136.00531964201934
136.26388002334156
136.57120543389317
136.75862676699575
137.00915415904367
137.09694234957217
137.46118070645363
137.6548554263246
137.71946514963787
137.82949632659998
138.11758338935007
138.71216019104224
139.0141257037623
139.12998619051143
139.3309237517017
139.55312161446716
139.7813477778545
139.87689779553892
139.92259835169153
140.0280346212441
140.9789395153779
141.00882888986084
141.68633057980853
141.85849387363177
142.4840720305487
142.73557445685807
143.50503945623828
143.87770167163123
143.9679717114458
144.39137761089933
145.08569650487001
145.45283678094788
145.6623820933582
145.78569031969056
145.88112541674806
145.95535972190072
146.97353593368575
147.5306601980836
147.6056197771114
147.74015524784036
147.94603292156464
148.01107639362723
148.62609951430022
148.8390132147819
149.08650547415036
149.18034282593507
149.3467069290504
149.79849599376718
150.08810291982866
150.20563125481706
150.25142165846563
150.634450207332
151.21650220007146
151.3119288398782
151.3488659935753
151.96690929955165
152.1583775181805
152.40250692833064
152.63807649285974
153.02831397414874
153.6764420614798
154.16622846840465
154.26122643852958
154.33856724379905
155.22254149383707
155.5539463421255
155.74375781919264
156.19711759584575
157.26195854684542
157.33289794284443
157.44730968600498
157.57942572558164
157.80327324514224
158.06950359895188
158.6872350524757
158.7134791717145
159.37564172164176
159.67972704905338
159.81980562599728
160.00370841282458
160.19209768822157
160.4976653218618
160.77670511995942
160.83607029125108
161.24228713303083
162.02200347926612
162.16374173157197
162.51340335527783
162.70303559699846
162.8299803214339
162.85507324108113
162.96105499872755
163.36872126713888
164.16450041781087
164.5715957796736
164.62683525265558
164.90007472313266
165.7602506084825
165.88764279328768
166.0123059801455
166.3831383883493
166.89047738859577
167.0891869067762
167.29837954199223
167.39278832301056
167.99577978254672
168.75170648510743
169.22161811284806
169.40000671362935
169.68618098321176
169.7851367099693
169.84792275274552
170.08352204274553
170.24070818754709
170.79581978267794
171.23045692293928
171.46724378687333
171.8719334551433
172.13137486774858
172.46492832392207
172.80373465691127
172.93318457865212
173.04454300901023
173.18782264366163
173.2823960531796
173.39910901653602
173.50978105953604
173.92990905219892
174.26000476278907
174.52237449363454
175.47784456034665
175.59703210731328
175.98488084469662
176.017366108918
176.49624170536455
177.26423372578233
177.6235170976214
177.9662229098614
178.01308353232278
178.70416681674038
178.8813266833787
179.70063524885396
179.82857310606366
180.05392438148382
180.16054429884002
181.16417000070481
181.24416739766994
181.27335014310523
181.3306252219968
181.7064899416306
182.16478350433385
182.81108668304276
183.097354270532
183.33899383232082
183.58003846103634
183.9599396407868
184.45336864668528
184.5668850752127
184.82257742528526
185.12095064053713
185.4012459574689
185.49175984342293
185.75787696646196
186.27048729045737
186.46611384822032
186.59185164767584
187.43202333222342
187.46152878557055
187.55848954231325
187.57156085641432
188.33082965157104
188.57155094627166
188.76313346612565
189.22252926356109
189.43164430662867
189.68838501743085
190.65435147207037
191.11046420937717
191.31387731003062
191.73467261114817
192.64823008988282
193.06610388930613
193.11933981695623
193.1374999954337
193.3166162901035
193.41576518162614
194.95628021729536
195.16376567460551
195.21454429328625
195.53991986656695
195.6964209955528
195.94847786375271
196.43557736326073
197.2486560829311
197.32318640862476
197.5680107690319
197.87528551993543
198.02461265730318
198.37579805714853
198.87341072160154
198.94468128173642
199.03644599925468
199.30927137857842
199.4145581380505
199.816743279928
200.43664336091885
200.75705723255192
201.13856386233874
201.31769801361094
201.62901927397544
201.7778824998338
202.11552331007368
202.6062239161277
203.1632993711255
203.8344917200436
204.1569302714914
204.51876450152292
204.65740764596245
204.8024897856165
205.21181817275837
205.3727440459482
205.44284452755676
206.4478270415577
206.72953103042585
206.9478150048364
207.4514322384892
207.65204156539968
207.7888272288822
207.9219432767412
208.68359487396202
208.74266243262232
208.83359338795125
209.3585009688912
209.50632196101483
209.76138854499715
210.66860159540067
210.87924676557876
210.89286369095737
211.4259133761389
211.55295805647737
211.76187048692103
212.05034905397912
212.17508806162786
212.30592444589374
212.51687090666022
212.70968191406214
213.03908692931566
213.27991507360446
213.56346647047414
214.427425697203
214.70075087087605
214.99124967078131
215.4055918909481
215.6625497270675
215.8662966208641
216.67027948903097
216.77710408557365
217.27094960319354
217.42579087679306
217.4849356127881
218.00097633422791
218.05059888504348
218.43336619218405
218.59998053622232
219.20047324725954
220.02970829746204
220.09112858866823
220.64131735867824
220.95544061646632
221.32553874042125
222.15690551292843
222.71044273419395
222.89674620612146
223.12022506873686
223.31641195795368
223.35341432987812
223.50409116204696
224.1901392746973
224.77735350028726
225.08823937740883
225.231464991941
225.30724075455277
225.3797736838439
225.50193860260657
226.14783971780588
226.20623096488657
226.43935620792325
226.62635070995339
226.68536837052037
227.2026589006083
227.3284714499557
227.37043946993074
227.54523107692432
228.0372091082782
228.94500067800507
229.30128867304344
229.7276563483331
229.93208093082842
230.09223819756585
230.24433779111877
230.670411961691
231.031075697512
231.10018483987298
231.84074282852117
232.39543899035306
232.64466481540268
232.75717626375348
233.0079341957691
233.1153427276213
233.95349809753034
234.3507279540495
234.64986115455443
234.65628428684124
234.89949819159386
234.99961389940424
235.16985655402314
235.27364169462234
235.77162396231276
236.3457088484085
237.1496699045901
237.2069933442109
237.3792240352858
237.80636130229098
237.9016846284466
238.30598319320708
238.75692245775934
239.2083547605342
239.31048342706703
239.9886324783708
240.09975453197453
240.2021181582223
240.41613504582375
240.8460147439209
241.01920804504852
241.05869581128385
241.1686315303479
241.4570608445563
241.59381739927105
242.21779515343462
242.74177935764453
243.10033455567338
243.28319194313363
243.67795317989828
244.15161894922468
244.31302177257933
244.44229542470782
244.86617287979902
245.49346481354462
245.72409244106225
245.77501615457905
245.96731155017815
246.52079781388736
246.81310567294622
247.65721689348334
247.75604360328614
247.7703489242739
248.58177282901056
248.78650310134628
248.83866737969095
249.7588103200512
250.00754318832406
250.5455849277778
250.61157510781115
250.61896078186578
250.95106294251866
251.74938533104452
252.3195676231383
252.57063585998472
252.61790080420954
252.85340608215657
253.08208479456587
253.19850939130242
253.23556401894422
253.69560879075073
253.74646288786383
254.4223614813116
254.51591576178623
254.5798581109622
254.76339234609378
255.0137830185913
255.2592350206436
255.87327587771873
256.17577455058165
256.3116512982973
256.5061359033936
256.5332462792101
257.59140960937725
258.2329947154044
258.30095169169033
258.64217962222943
259.0881090739374
259.14662562652427
260.31928546332654
260.34177134133853
260.70318840066557
261.13094389374453
261.5657337468229
262.1862875372801
262.3781217115211
262.9369357508569
263.0211400525308
263.25196973294015
264.33660450691815
264.44170354367526
264.4786187039626
265.42159611409676
265.7005574273372
265.81838079160775
266.4155567122997
267.5540813870673
267.86913941878123
267.98705479049715
268.2769717439775
269.16121805268153
269.5820379538074
269.62790066858315
269.91753555033034
269.921268631516
270.3015829777464
270.5800369525614
270.6795710350212
271.7235608072352
271.94876726936235
272.054186021867
272.1081664502196
272.35872233009496
272.43560872067997
272.66839463313056
273.12650647958554
274.0918259914526
274.5055730434148
274.6069852584129
274.9351950083831
275.52510984110256
275.7530074111008
275.9695590136529
275.98116789975666
276.1796924823728
276.5139205211626
276.5764991674094
276.6315720331532
276.8082820734034
278.6008656079618
278.6591274781703
278.9690351857266
279.5390067869352
280.59924406211735
281.2998270948628
281.7456233473996
281.8005678615034
282.451785953593
282.64495680892173
283.49534323627245
283.84656428802674
284.2699595386202
284.48028099891525
284.7361838438259
284.834457649668
284.8953292778871
285.2854111221104
285.62085739802677
285.8989623793848
286.30160205503705
286.5503496184593
286.87630877338404
287.00907721373807
287.0799965283124
287.892970262433
288.5564366061279
289.0670501090278
289.140793079682
289.5978704507987
290.13823689874016
290.3299900919606
291.12229970590107
291.15955919768084
292.32205430508344
292.7071956397862
293.18247107275164
293.7147609403117
295.1838470965102
295.615124579747
297.02197528137754
297.6714209792255
297.9577099140905
298.2159913163179
298.43309672726866
299.05010833347166
299.56341490316333
300.0263817922228
300.3011881655851
300.67896682594835
300.80844707432016
301.16705650078063
301.64321047078744
301.9568373471591
301.96994892658796
303.35709586299464
304.0435413493194
304.07037741437813
304.75718167958604
304.90338582373505
305.2960641702304
305.9525378058198
306.10260117324464
306.8383967072077
308.1424985059547
308.2803503892592
309.2536954331289
310.1313915991024
311.8578628568467
311.9808407678357
312.12573695960316
312.26665260966
312.55546397891555
313.4008064815015
314.00438053062044
314.5236377125612
315.7021818820212
315.81944229298153
315.9666110260306
316.3491938762185
316.5961925685288
316.63938449798195
317.1660396071904
317.32362345160846
318.65140451328074
319.08147515303193
319.39719218484487
319.6989255891947
320.6464287744497
321.4495854346409
323.231253774368
323.48886871424537
323.5392973708304
325.46509377131287
325.56832222327705
326.63513221970163
327.21353276396553
327.32619554173607
328.7547198635659
329.3488127034655
329.59437597952626
329.94850485334075
331.178361825694
331.5905641651849
331.9394370696189
332.10731003504446
332.3434265378191
332.5806465302001
333.0532757751998
333.49837296278844
333.66196754638526
333.95084383274275
334.1784093238963
334.39666514420566
334.7477843470396
335.0489743391472
335.13364453820765
336.3661662941869
337.17571257194845
337.2823889519051
338.1167170254911
338.57327373352746
339.2229849243695
339.3382473176438
341.22080891019425
341.57084956198787
342.5568453067563
343.0354282036036
343.06201216347125
344.4913439016316
345.0979372099705
345.111616197665
346.8871717001699
347.25855099933534
347.66667787048146
347.76869369836356
349.11264751973647
349.1775046531146
349.36997226647316
349.6656122672365
349.74610444556254
350.47529056262783
350.6545611459567
350.7669212703808
350.91490788910215
351.008189320464
351.2534217569086
351.2642457917589
351.71794262452386
353.06546471389777
353.3078196491732
354.1946622928
354.3551632738606
355.34605540843535
356.9109163363022
357.3377775990871
358.27281917074527
358.4020879226987
359.17334499769834
359.361510599248
361.2074314021176
362.6644026226014
363.7873288244295
365.68791193214764
365.8786012324368
365.90246395057414
365.9961172770149
366.2174619642032
366.8803241586821
366.98880346969224
367.4302775981603
367.57086338491496
367.75809270957046
367.9893852037808
368.37737876914923
368.6947363078544
368.9413784862483
369.59597731491436
369.81404333674465
370.4401762791448
371.85482231368076
372.60897420045046
373.8413878027373
374.3890498787681
374.7657394911048
375.6811860112401
377.70689314158113
378.1996100393468
378.763664927258
380.282790867716
382.3955939338547
382.5865519277541
383.38666958438046
383.43626975206683
383.5242864719732
383.612256039185
383.7352031314257
384.21565401438727
384.2923676656793
384.6559689947236
384.823223269488
385.10060973154543
385.4609004349702
385.561441930709
385.7850208258086
385.9404280276559
386.1436066244712
386.7062941538696
386.9429744154829
388.74456543193907
388.81868059232715
390.73160239795067
390.89926192927743
392.571111278336
394.5912039838572
395.2574176833741
397.1702842094086
399.2949489312542
399.70973690544474
399.8664637374469
399.9080288440687
400.0325446441761
400.04668314084785
400.29802259627434
400.9707366681259
401.9354332208526
402.5184728202678
402.56425475211654
402.87239670103054
403.1810097839998
403.48982046896987
403.78773353137103
403.87758627868226
403.9939743489536
404.1048536213305
406.0191818864847
407.7194600772122
408.01258338318866
409.8449393238749
411.856643605966
412.11954562655666
414.4260457967345
416.8876523708715
417.5210687858503
417.53098357398864
417.5482410038887
418.0052343746699
419.59911231805506
419.8087270633388
419.8210963440848
420.52154426538215
420.84907940914513
421.0604823421807
421.44493866539875
421.6457892537972
421.9478710480209
422.0350458717757
422.08618824434404
422.3587602680415
422.58370054638794
422.8643818579327
422.95081008360216
423.21392033084686
423.4612388318009
423.6855767364556
425.0311026570012
425.66721617473337
427.45888401116434
427.515784884161
429.3554749328639
429.49854222308795
429.5169353129141
432.0847748353123
434.1418848323516
435.15805404527754
435.5757507810112
435.80051342256456
435.95578035209815
437.633142619705
437.67491494498546
438.6805901051208
438.99526262248116
439.21951458981414
439.6877860977585
440.03998043407375
440.6714637836906
441.0604037737395
441.3389145070455
441.72339409065796
441.9137687956932
442.40873665366195
442.61469433575627
443.6934712515955
445.5394949660399
446.92626473025456
447.5074920090901
447.6687321824928
450.09778448795225
453.1572548183439
453.8629911496466
454.0040051538769
454.098178800465
454.90160538166515
455.4433469115452
456.0647559568344
456.6587136291493
456.80263440701367
457.24887640278985
458.10627416059026
458.4014112914532
459.3077396599678
459.82926523151417
460.1309063599788
460.36463887255695
460.535256045929
460.5688716716271
461.2975837577359
461.3535243189857
462.12046692356995
463.9484061723596
465.8753182938828
468.4501106179194
471.29439376567564
471.5368722145228
472.06657504885294
472.4047987725487
472.71823600575243
472.7809237788529
472.82004309150017
473.5618467811777
474.17492840699566
474.8127133716152
474.8574354797356
475.1232630386553
475.35450247971437
475.5543641941399
476.1839796262933
476.8891224476038
477.55503404206337
478.00005358918355
478.9743944336216
479.1885173535786
479.9945865959278
480.1328159037377
480.80673499222587
480.890286170877
481.5367959580438
482.27105750861153
482.71811900265817
483.34121114333846
484.38904180962874
484.6933882081722
487.2066337594032
489.35113049299207
490.91481072603256
491.14618744113955
491.54442958076413
491.9640285433511
492.1643915463233
492.6888949021064
493.2750089114607
493.5232454344008
494.0165822358204
494.8004203557921
495.2725263116328
495.50645878566195
496.02622701724465
496.2187734175976
497.13985567272505
497.73853320059214
498.0561889168793
498.1256249076309
498.34244825378187
499.625402712778
499.8226669812231
499.87867109348093
500.02996400244103
500.1243513130982
500.4126684313461
500.49403827883907
501.1489879702306
501.2147160907592
502.65398550842986
503.7542829197526
506.3932178248734
509.8383157005422
510.7946414292743
511.2986969445488
511.40422285189277
511.49984547561803
511.59590853602907
511.7265792209081
512.1589631197766
512.3177146679537
512.6913695562396
512.7779479174611
513.0575054931438
513.4608288421022
513.6812576700605
513.8992685101055
514.1913144637367
514.4036167680488
514.5033311750271
514.7512127043688
515.6310082682892
515.7750102196092
516.387987040688
516.4135472079112
516.6083506940398
517.5209374846368
517.6542373006162
518.0229634276241
518.1360698125455
518.6502336632399
519.2736486188055
519.4333711531174
519.8250651868655
520.4447834024452
520.6418071071074
520.8274797218145
521.0922004563117
521.4643421292812
521.515981176203
521.896902021528
522.3046920742667
523.367440698148
523.5227466234237
526.5953494895276
528.1361299046197
528.6747167990967
530.0637450892739
530.4458874368925
530.536498752782
530.9498456181124
531.2025009799362
531.3792578106724
531.7037411279604
531.9500872424885
532.2882700580254
532.3951163068249
532.5103610201852
532.9060305190209
533.2495446504901
533.4968134506771
533.5622426247209
533.8494449154973
534.574366204199
535.4067558994672
535.4756928388122
535.6803825979003
535.8314391145773
536.5664170288732
536.8599097098536
537.177934921582
537.2398854611746
537.8694885090226
538.4859345439907
538.5336358445429
538.8848306686385
539.1496184722513
539.245326247965
539.3309484484906
539.5753224148951
539.7060946746449
539.8442794117534
539.9797455686511
540.6228897307765
540.8297070393874
541.0528784002131
541.6222869615241
541.6891099224587
541.7428958661515
541.9485094705608
542.0897747846687
542.5237847620856
542.895367706578
543.032625611913
543.2465105347073
543.431177375367
543.700309759775
544.0088543967385
544.3019002019513
545.3063880546622
545.8932820436456
546.1177338141998
547.1944719292297
547.618774338764
549.1431786961664
549.2537903256695
549.3282855729855
549.9772739914101
550.1589226852905
551.1941757871658
551.2830794174575
551.3897056930307
551.8159226899842
551.8591172415134
552.3816600115505
552.959808560895
553.2398332908193
553.2787562657288
553.6863869995761
554.2581975803643
554.5588840800519
554.7279878666037
555.0379450625796
555.9758680786331
556.2567101981376
556.3789961520602
556.6307300843046
557.400076254748
557.5359160749105
558.5366989166241
558.8249529572611
559.3280100273101
559.3685987831412
560.1318359550962
560.6807900495666
560.9626935759447
561.1530589225857
561.2173097829613
561.4899632976765
562.4142100879913
562.7547774507326
562.7941458416811
563.1050910425616
563.1958329398801
563.8136485494799
564.3780910411192
564.6446764410308
565.0317253913292
566.1956975710129
567.0709960653628
567.3242715033808
567.6473346946118
567.7192562425683
568.3017953356616
568.3760204317185
568.4220682237067
568.4361752286321
568.5290245367303
569.0372912797411
569.6347801254932
570.159000284655
570.2237809469649
570.3687417367123
570.7114942653697
570.8525295904966
571.1581651215446
571.2086490593737
571.3162844435639
571.4391080224374
571.8963022105852
572.2318049514001
572.434133511095
572.6628767175247
572.8558479799226
573.2132113820958
573.4607699515856
573.5932892487614
573.9964489583683
574.1076863060642
574.3450918315776
574.454843618567
574.6199190404604
575.2379079666272
575.4380287691658
575.5895001898919
576.1106245778076
576.4802895758897
576.7468129467952
577.0851751118616
577.2075313046894
577.3325680761635
577.5618985153459
577.999599325917
578.2700130101616
578.5963608710573
578.8994287910654
579.0612448521886
579.3522494005862
579.4994970756395
580.0876121595221
580.2585964506152
580.5962102752491
581.4327851040954
581.787967514909
581.9735918856796
582.5036029483439
582.7785539518171
582.9523141974516
583.1969878286535
583.4883002963744
583.8300622058405
583.9408862955347
584.0894318032015
584.2676362993788
584.6106674746532
585.1738161764872
585.3392282391944
586.2269192793135
586.5638932983576
587.024479972231
587.1098026534933
587.2239702285151
587.6876291177258
587.9209372997279
588.0693366317282
588.7691622313355
588.8326563154405
589.1134093502552
589.2439344035131
589.7662283184204
590.4245730511142
590.5416686432368
590.7888629940683
590.9231125749376
591.2296651313778
591.6107385499291
591.8800294882942
591.9808590827773
592.4817654184736
593.1931729033837
593.561249737174
593.8200892371708
593.9455701010457
594.0500042444311
594.6178725379053
594.7642835015248
595.6999626224004
595.8305370523128
596.2869601645922
596.3786529123973
596.6923555112238
596.9503800213839
597.1732523621818
597.4421476179276
597.6082613526651
597.9235346331908
598.4821428741991
598.7405518916984
598.9452434736457
599.2665479938651
599.5177273792717
599.7806579140995
600.0741407739356
600.503306314594
600.7401647938332
601.4543212421831
601.9695214734486
602.1486749946044
602.447567647746
602.7214417222882
603.0584159366863
603.7381285916863
604.309678536517
604.7761067422311
605.08185401377
605.5562575198297
605.9251051219982
606.0145041016939
606.1710027245076
606.4483646650899
606.9143958525087
607.6181468366174
607.7367374265684
607.9618347193974
608.3540687330159
608.5092925932005
608.6636470735604
608.7566802266881
609.0288827621464
609.8754524441823
610.2492679296945
610.4609852793512
610.5901641106846
610.9663502816238
611.0994391625836
611.319314847761
611.3999388869768
612.011959021904
612.7253188765276
612.8552689637016
613.5236594775769
614.06589457921
614.1630305241679
614.4680254418231
614.6023419679045
615.0952213988433
615.2897337757811
615.3604785034144
615.6110731237753
615.7758646191234
615.9986879508755
616.3741898772751
616.6946317551292
617.32854341302
617.7793332170872
618.1343139651234
618.4009354453644
618.5829513105383
618.9065544056298
618.9422268900547
619.4843692763756
619.9360194068292
620.4638246888339
620.8711493314961
621.2218711413054
621.2944227717156
621.4554244062213
622.0683939568494
622.7488481262817
623.3236089420938
623.9469854174579
624.1376221403228
624.3280443951388
624.8295891387534
625.6676533904993
625.9818016779509
626.249298330462
626.8715441583537
627.2560870536366
627.3739441481639
627.7510065844754
627.9539762695596
628.070294487995
628.399684425738
628.808536245536
629.159511498295
629.9323285330878
630.3775770823835
630.6025637197171
630.7898595353171
631.1163958251971
631.6121333699181
631.7506153419046
633.169316935398
633.4365745236568
633.6079269700588
633.8594329010976
634.7629895148524
635.3739322220292
635.8380069444063
635.9341487241362
635.9976057056432
636.3697530764271
636.6714584523738
637.0120606538363
637.3759717660331
637.6520476578313
637.7058500370487
638.5548657502247
638.6159169703702
638.7783386761483
638.8453721916428
639.305401760883
639.3821429331615
639.9944148756298
640.123425050578
640.3899321035676
640.5813115011301
640.8613430513449
641.5965141511602
641.6608328998029
641.8179626160198
642.5671521555972
643.2612238815038
643.6330522371327
644.4570288045061
644.6125126478809
645.7380001643422
645.763748679996
645.9461874576865
646.1311251887612
646.5305405695561
647.2788805659575
647.6481801086004
647.8299001322001
648.3063395408543
648.3954854034253
648.466398222508
648.7589443056065
649.3030830527953
649.4521288607343
649.6947607767362
649.9635789629407
652.1793524132664
652.3394695998094
652.4850063421356
652.7022713111319
652.974981021135
654.7264685543735
654.9832837324814
654.9930400324123
655.2360402379911
655.4334342002115
655.5708059893242
655.7797370848789
657.6895049409912
657.7736329675118
657.9020301831349
658.0383993657352
658.2145415086962
658.4305611172367
659.2889782766046
659.9859291258435
660.6015198451589
660.7248357638358
661.1828826130002
661.5043585700994
662.019208635283
662.1073071046574
662.4839820260036
662.7762506988968
663.1929922837302
663.3247649059673
663.5448074761099
664.0668295258621
664.4512885329018
664.889371627529
665.375251054948
665.4359872720086
665.8318733312705
667.0856850123848
667.449772492672
667.8312040798837
667.9356879571167
668.1007646131185
668.358285779979
668.6933383627152
668.7151781061904
669.4141288743133
670.2538964768033
670.6082208579877
671.4412740992801
672.1309674761028
672.5678455450383
672.8900035223483
673.6480541043329
674.5613684265556
674.7799334318388
675.4977413632125
675.7634042774404
675.9461817659035
676.0184918338567
676.4491608229195
676.6517672252393
677.0421083873268
677.1378554922289
677.4824606096234
677.9019465954924
678.4789905570141
678.7138022400685
679.1501198238285
679.5470659010493
679.8174643749933
679.951687213421
680.4246559249068
681.2612000058607
681.3331047304337
681.6343508662135
682.0918399458749
682.2964119735836
682.5885586040312
682.823657575104
683.6691544681611
683.7826489104805
684.0177684037931
684.1316517993936
684.4992885195916
684.7913356527083
685.4552172470671
685.6260931755538
685.7585560663524
686.3214081312314
686.5990813643709
686.7402245366421
687.1204041013513
687.3111259368751
687.9377352582089
688.1096074504782
688.5809750859042
688.8908556344394
689.0696419708715
689.0995234759228
689.239289089188
689.3403282264437
689.740758554314
689.96784901426
690.2959436173549
690.9879845036679
691.0143119556244
691.2100522014442
691.5011621677489
692.008900952136
692.0178935126096
692.8961087264385
693.1310425529422
693.632849158175
694.1397178543601
694.496011686199
694.6084016814585
695.562985804417
695.8287000858313
696.1121277047947
696.2326644023534
696.7507096261629
697.1340602774733
697.1983214303266
697.4815569150312
698.2579966827271
698.5106473715981
698.6442517109047
698.9213178007284
699.3710615894786
699.5639466376326
699.8090474996811
699.8438814900004
700.7136230449977
701.142407785947
702.1725282158492
702.2782370179674
702.6042207057678
703.0507459872525
703.5440183659359
703.5926614284015
704.9756395436409
705.047811403505
705.0951564356352
705.308125525347
705.4791212688255
705.5484472968317
706.0839416188987
706.6812964119152
707.2107848806269
707.9086629346737
707.9663764416822
708.0952566028453
708.1647013357798
708.3741920972512
709.3854637314768
709.5054303258369
709.6878950025573
709.7375693152424
709.8816984528264
710.3726383797688
710.6721761469092
710.7703431982112
710.817485519557
711.6122895356148
712.1308532521472
712.4226897405272
712.4302433210896
712.7184743002075
712.9604050634056
714.0333313973849
714.1730813159446
714.42933474651
715.1211539773971
715.7837576686575
716.8621685367041
718.0860775267506
718.3560866858829
720.3995191690424
721.4048096538672
721.5537304829443
721.7883115104826
723.2870172838306
723.6534422094029
724.48484410135
724.7283863525118
725.110246549594
725.2541903571819
726.4246559056352
727.1074697818434
727.427867783466
728.0669504226131
728.8339357530348
729.0222277180396
729.3146176873266
729.3849127610143
729.7187382561372
729.7638908583665
729.8667507188507
730.2793555670536
730.4113999909381
730.9243800736724
730.9955029684909
731.6278778993027
732.706726405663
732.7651670764768
733.8112946969383
733.9308607861728
734.7039803104475
735.6570432883954
736.6912057570564
736.703408746113
736.8494924801116
737.1564477401556
737.8246763932618
737.9417417493164
738.462948357878
739.3331528817698
739.7180022581492
739.8164997286287
739.9738318351182
740.4552607321536
740.715207522635
740.8844677267712
741.3479207989485
741.816373474978
743.0662166738464
744.0707917645055
744.5824328043966
744.8458552183655
746.3782037373444
747.9651335293163
748.1033044343371
748.7864243919976
749.0781259071649
749.2290854136819
749.5689731317581
749.8844090587014
750.1882211645801
751.0798727848368
751.2357285142655
751.4997619760292
752.253447981643
752.5070232148295
752.5366070815884
752.8068010319078
754.8547294266895
755.0102755562075
755.0442443238009
755.1715842041367
755.1979275661191
755.4086602131916
756.1833550201488
757.8377067095279
759.4009727566528
759.8023918998832
760.397387352284
760.4359540205223
761.8054301261395
761.8605796775199
762.4825032270778
764.0057317113772
764.7943471795131
765.3701280545254
767.6373105204123
770.2346242331458
770.8674549641124
771.4830858033245
771.798373876832
771.9632562080216
772.4979556722249
772.8883257279858
773.0799246334941
773.1454197437779
774.0516349852547
774.1768022098775
774.5742669035136
775.7589756007006
776.4549929640004
776.4831856092087
776.9770463766004
778.3770150098209
779.860386987726
780.0415198128346
780.5474809453582
782.6871594885473
784.2057082900585
784.4502848257041
785.9132977008792
786.6908345256502
786.92457243562
788.9267100740589
791.1770172146514
793.6752830151185
795.1634783945007
796.5307462081164
797.0119714856082
798.1666010189422
801.8016443586773
803.5216410268795
803.5334397661396
803.5700862146921
804.6394011462748
805.868229819076
807.3250710554903
807.937565622088
808.7259978234731
809.0349698208269
809.8862033113744
810.6072542948659
813.3691198002629
813.4927236977646
814.8569928354451
816.3289068347476
816.3739685251309
819.3388014903529
822.3911047751292
824.6132186934607
827.5320644794067
832.3912019922507
833.3865561653316
850.6603799111926
868.5372917280195
887.1524768179776
905.4428726046797
924.4692619938853
943.1508604742031
961.7576939277475
962.5708788495178
981.6322026910418
1000.625055333389
1001.4431386678438
1020.8889878499903
1041.073462598212
1060.935066238565
1061.2782645214127
1080.8070272523642
1081.5367714887182
1101.7875651490479
1102.0632985219606
1121.897667153089
1122.7510047418887
1143.3847093173981
1143.676118308165
1163.8859940990674
1164.7164901516144
1184.3105055192386
1185.7528058089329
1186.0282775645733
1204.9829197672225
1206.6603915674302
1207.4127075368433
1208.2597742788369
1228.8493152088447
1229.2981312842132
1250.2665517960884
1251.0085558704254
1251.7013438886065
1272.4917392300686
1272.8521852180465
1273.1336305920065
1293.024922704899
1294.603744288714
1295.402790125193
1296.0425934882117
1314.7603509156606
1316.1685352851182
1317.5104160091068
1337.9751345074603
1340.0183142465019
1340.4966401824413
1341.2105520553075
1361.7579148992186
1363.0731731880867
1363.3888640618288
1383.9492094589198
1385.620095477087
1386.3697381739794
1387.0536505787843
1406.5193027414955
1407.9220978868607
1409.2965946334423
1409.797815030279
1430.5056613615993
1432.8073531841117
1453.4354483041914
1456.240985519205
1479.8158865287112
1503.4444456889055
1527.0857634385259
1550.6035392084405
1573.3827206834032
1595.2696037733456
