1.2680799813422357
3.198830257684663
3.4778499551926316
5.155138323602378
5.249443762880994
5.484722560767773
7.122825249342446
7.208540094904555
7.365446624565373
7.492201491566922
9.084311173098863
9.183177591604847
9.210341981363342
9.361473501117068
9.4982798368611
10.952479840247195
11.15782524264446
11.317114647916197
11.382199420192583
11.503419503635046
12.739057946738624
13.04835672765433
13.154893336506033
13.355554240614554
13.497051142761695
13.546208952137032
14.84505518012904
14.94098553384008
15.059697259418853
15.147840089083674
15.573717552825714
16.00285337272593
16.863973577333446
17.052301462126817
17.06036451047063
17.587525179531475
17.70206608484397
18.014318382236674
18.85869380676639
18.8698113759913
19.057118539143765
19.07889263498
19.81258019547076
20.02531301071742
20.859062286732147
20.864207331314365
20.930434183199445
20.97666747839099
21.092342837308212
21.838254982960613
22.036438277380665
22.120380422632003
22.824480747515345
23.040516367843114
23.09339915535106
23.851351521610773
24.06100255856825
24.127546364933863
24.572285970534256
24.62185738068108
25.0357011663054
25.06979181171337
25.782751599926712
25.85319498633906
26.134296309874205
26.683424845055036
27.088759213794205
27.78574207520871
27.791410932878183
28.143737563087377
28.622067697775023
28.711424592111683
29.111891236946175
29.603115472963665
29.796492313911696
29.84259013405456
30.727122782405882
30.733670225956097
31.005853174665837
31.804990381995754
31.84910906267508
32.761091127557876
33.0697920929122
33.85721630639618
34.29662534556274
34.77795314166093
35.17981517254242
35.8626834720302
36.30241561533757
36.78028980690451
37.206727794423315
37.89341296400643
37.91327473331326
38.70863589666772
39.14321286403184
39.22262577817285
40.0210136303422
40.0440399981629
40.31662633583055
41.148530217084996
41.22575467953881
42.04797835547034
43.14229338181714
43.148872900337665
43.15917104150222
44.063188529490006
44.381395296296425
45.25649111823776
46.0655793508395
46.38627682178112
47.28264086951893
48.391156935659914
48.77357923813971
49.29593212175048
50.010088598996724
50.882071079540935
52.01456739014144
52.90776839889722
54.019012428991104
54.59048269994476
54.79059490977596
54.92218434615697
56.02888350854912
56.8985977386429
58.03298256194928
58.92397713355834
60.9379890443888
61.19752046641215
62.43745111478257
63.305444014479384
64.44120168177618
65.330481425895
67.34410014952815
67.99437344951575
69.23552024479436
70.1020144797067
71.23883278862054
72.12673663800656
75.18059122270068
76.42297362101579
77.27764705551553
77.28915346886583
79.31260490239744
82.75671558039822
83.99955619036034
84.86383896756077
86.88815412499892
90.72162259308911
91.96525529030052
92.82853576275065
94.85259279276393
99.07573622210103
100.3199535958166
101.18244836592692
103.20634964154259
107.81887798994667
109.06360104331169
109.9254002135562
111.94914198405243
116.95091134351128
118.1961763931973
119.05746142539742
121.08095648628772
126.472015523239
127.71766529412096
128.57829335001784
136.3818713081283
137.6278752568429
138.48794608516496
146.6806573794209
148.78668558105753
157.36821508069332
159.47416588969122
168.44449077962952
170.5504375621427
179.9099071206932
182.01550793912625
191.76364043516045
193.86936058115444
204.0063038384153
205.86459607149203
206.11192551713046
216.63769588995382
218.74324321525847
223.73794027895985
229.65782889284924
231.76330112230457
242.3894401924397
243.06665665827296
245.17205176581587
256.8641568294001
258.9695180986672
261.81909126927115
271.05044720187493
273.1556533441396
282.0265427840616
285.6252955960221
287.7304299870432
300.5888306593921
302.69393670137123
303.0118533425581
315.94099622912825
318.0460363331489
324.7749791360554
331.6817760049616
333.78674274225904
347.31579038401907
347.8111273283748
349.9160346896393
364.3290435885196
370.63427950330794
381.2354655944568
394.7303516496466
398.5304307795555
416.21345966424053
419.60355974425005
434.28480594611176
445.2553468414207
452.7440599023104
458.2716469422973
471.5908381102323
471.6847700460585
485.089189358689
490.8241187713405
510.4428741077469
512.6842756058663
526.8751652659382
530.4330785392184
541.0570272820402
541.453093549614
550.5498529101371
550.9747853878424
555.636666520585
570.2072417808723
570.6029819871206
571.4032976049137
585.1757206111743
592.9335125315104
600.1349620601302
600.5317801353477
614.4986923450809
615.4921696670151
630.8401606756731
631.2398657894304
636.4423534273337
646.5861451663075
658.809313430443
662.323120224957
662.7204837404912
678.4576130619023
681.4515377965847
694.5823074631428
694.9757715233803
704.5853411724199
711.1065637460695
727.6208094914555
728.0173275567256
728.1865877950665
744.5330678923951
752.0724894422123
761.4359437177809
761.8328978389665
776.394054304911
778.7367034151637
796.0286100011141
796.4268800231815
799.130108168228
813.7180850834926
831.3984543227125
831.7954551029657
849.4766904908912
867.5459715573245
867.9438114747969
886.0130485728477
904.4707863228334
904.8681109448221
923.3266444524272
942.175489868688
942.546053790432
961.417951008244
980.6529586084667
981.0510737349002
1000.2864855327903
1019.9101837353079
1020.3081428136347
1039.9325278140368
1059.9438312323393
1060.3361599785937
1080.3563637560696
1100.7571667394554
1101.1563111101
1121.5574651658246
1142.3468849152787
1142.746423131684
1163.5362672065937
1184.7141736242288
1185.1143972267016
1206.2927659000657
1227.8590709849072
1228.2598448919089
1249.8264733700137
1271.7817530278376
1272.1847187564376
1294.1409814502224
1316.4826110839629
1316.8899833498256
1339.2313991089225
1361.9615515089904
1362.3734464333663
1385.102959845861
1408.219616910116
1408.6415988958104
1431.7580354338065
1455.2516404227672
1455.6900958092635
1479.2053156447041
1503.0842019200438
1527.037523842399
1549.442500966692
1551.038462409346
1573.6545363940365
1595.9801232890054
