2.2147642616273786
3.955168614338838
4.171533725824892
5.886942062950252
6.033406340105597
6.13446104182056
7.833042041636286
7.844207679552742
8.026607113190918
8.101224143030633
9.788671470271586
9.809246038890883
9.939670177990747
10.01321600285187
10.04832803433089
11.749788279481836
11.772072019911397
11.815655664668823
11.868227596385454
11.939736556224435
12.000243272055595
13.678874618681032
13.70504143169837
13.748692236311339
13.77175720894764
13.886833976258913
13.975919939160661
14.096554871120663
15.558029755929402
15.659651318744329
15.703303245946623
15.750644989281966
16.02075300055832
16.10113411128098
16.626644439403602
17.507610090550376
17.628003796629734
17.685523586095005
17.893199364506874
17.89960506720224
18.089583670408114
18.892970206544447
19.476273095004625
19.555836503154815
19.60078581326888
19.747362270231864
19.851750374970457
20.07431373123314
20.606816392723648
20.769743291229204
21.453233239926686
21.536965276466695
22.03629070169467
22.20082126334128
22.597260319180695
22.72025895008452
22.888165862425907
23.44804260489843
23.5361061079574
23.80290619303284
23.937317857311353
24.079392527797456
24.57939442802361
24.878532768594322
25.394873341697817
25.525424469424763
25.919529228272292
26.52801737643861
26.610095299432825
26.668272341697296
26.87113768913087
27.51446140894422
27.773036342350174
27.802887111488836
28.006507020378397
28.599190983312955
28.631597764181134
28.63427632039992
28.86288548537274
29.490088523225225
29.75546988038819
29.982650314154366
30.03087720234772
30.048617117264286
30.583691006926937
30.59982422003246
30.725452488001082
30.85603725914358
31.622031824242125
31.73006422211011
31.915004203328873
31.941586311390928
32.58605029531618
32.715629668920855
32.83789154044536
32.92584689524519
33.70804710121788
33.857136267865684
33.881870815208096
34.53676368612667
34.58691740720726
34.71162469009646
35.012757648295356
35.228741436986354
35.683915480188865
35.851027853163714
36.15581579066584
36.42585248874954
37.21946738268026
37.83039927382737
38.38452182116325
38.79409487482227
38.98673323608965
39.210674820955425
39.441246244439945
39.82777719537379
40.11965409940088
40.363024328792065
40.7440805483482
41.20438045040714
41.32817553365422
42.11065161451996
42.197646039143635
42.342151751444206
42.63132597233852
43.21164435659725
43.290150524519326
44.27371154968794
44.72344700249611
45.2818177344588
45.39901997143061
45.60682943021952
45.90147089800109
46.09496750233828
46.60971073594789
47.24048421959413
47.391126173785516
48.11037121104565
48.571857293704134
49.53194316028452
49.9462659118225
50.39446771665413
51.01446616554382
51.06322422374947
51.38210258629012
52.28153081178516
52.531576164385925
53.05520147978527
53.62883211321192
54.24317161103143
54.40737662150434
56.22292336754643
56.285890523104186
56.45100500810889
57.04827364439967
57.1140041223987
57.66365918251791
57.77198087076805
58.067362201168805
58.20262847747783
58.33954529750582
59.10684873018147
60.301736398680674
62.151265684798986
62.28278705080948
62.8900832470351
62.929618210549435
63.10207024263596
63.55140362050226
63.59496814924448
64.2629657830285
64.78354727536805
65.54476915473894
66.15957343808373
66.58559021116244
66.7457104933206
66.98210626418623
68.7273034527851
69.53646623621266
69.55992181803828
69.72646775501633
70.37568034802344
70.70722055017325
71.46114147422769
71.55491693565652
71.61870530085565
72.3694045385264
73.57495574833689
75.55818142677107
76.94175985844683
77.5366809878424
77.58793484391245
78.3854757794538
78.75315349313982
78.83178089199356
79.58157945820628
80.7951007375154
81.55522170298764
82.77435453805228
84.5438759946779
85.18465043242159
85.62073278019837
86.43462461169085
87.17930171810804
88.39878556403669
90.38040843671523
92.53342373581779
92.85626525176671
93.16933349301414
93.19692323868964
94.42376470859956
95.16434033384401
96.38788263100247
98.36884641971764
100.90890566207752
100.99183930417493
101.18744987799398
101.54131303771493
102.79997994508355
103.53646064515453
104.7639971855826
106.74605374897814
109.55846875266614
109.67513399667072
110.30046751410039
111.56144588339396
112.29597062301016
113.5271268163449
115.50911774109723
118.82286817901013
118.85461137642424
119.44758370158452
120.71507058301567
121.44323181498876
122.6771780554211
124.66005218868803
128.3611845487941
128.39330604241027
128.98122450625442
130.25193272373028
130.97737363122013
132.21627898324178
134.19703393086075
138.28711257037665
138.90276779061963
140.17692025880916
140.89924524080882
142.14148458266024
144.12147926732905
148.59936880831845
149.21198770799546
150.4885748135185
151.20878546252462
152.45135484576406
159.26191480029257
159.29860174852266
159.38406697652832
159.9088141030656
161.18926625680112
163.15092331768625
170.3874737473671
170.99365594464146
172.27497745475827
174.23907034168127
181.82822796118998
181.86234630245156
182.46604550880696
183.75153762264102
185.7130328486866
193.72512270265398
194.32635599996252
195.61367308813962
197.5759834097286
205.97515332424769
206.5744873437304
207.86359499751
209.82756813498435
218.61346003658173
219.21054331560183
220.50105869788501
222.4644701202242
231.63867102715886
232.2339533713047
233.52684352236204
235.48903551102097
245.05287043325626
245.64595877591074
246.93981727411972
248.90227027868292
258.8532569268664
259.4453643072634
260.7406033020427
262.70267215425696
273.0128001162529
273.0430673094922
273.6324848414104
274.9304238428667
287.618455754058
288.2072329154427
289.50502232956273
302.5818399758082
303.1694995787982
304.4686310858084
304.64393307461387
317.93251299994824
318.519109100028
319.8186045207696
326.4112306476149
333.67010830355497
334.2558068172702
335.5561515771534
348.9562370496771
349.79573669709964
350.37956371343415
351.6803325714708
366.3061833673677
366.8896681791156
368.19071509631715
372.2784655060887
383.2028351342771
383.7857271005
385.08705721624636
396.3778653770933
400.4848437933873
401.066989696214
402.36699378729134
408.6158522848273
418.14494093360554
418.1510352639413
418.73236044934214
420.0334549739238
421.2538628684047
433.8828174238895
436.19674116704635
436.21067080606144
436.7801899509579
438.0804141281956
446.91023906274575
454.62735238801037
455.20780463822393
456.5062712052038
459.9270755866234
473.3425306475482
473.4310061457572
474.01056577230474
475.30495799657155
486.74689949817343
487.1538529916843
492.6007820764752
493.1791114318038
494.4682614934983
500.5517977204333
512.1251117826263
512.6881624631121
513.9556155827595
514.3479957086831
528.5403098512514
531.8624412241732
531.8966427457667
532.0075066495554
532.5913420565911
533.7515006542409
542.7208351231432
551.2705652587908
552.2256623652554
557.3044282642007
570.8818833224329
571.8814188029295
572.2085294782001
572.2179557147258
574.7061200282734
575.1873752068966
586.8455992266752
594.6683399271069
595.051729784117
599.9373081502893
601.8050624435361
602.1933246032879
613.4959837390057
616.0518444437494
616.7208281735694
617.1646256318124
618.3480669971862
632.5131970337815
632.9388124735572
633.6422899629973
638.1903181017883
638.210010013521
639.1588644008123
640.724418019666
641.6818707714783
648.261421896572
658.0479545152064
661.1319947298281
663.9985063765982
664.0351165453523
680.1358271758065
682.6362177388036
684.2199638473426
684.4505425483998
696.2623385640147
696.6518053443123
707.545811084336
708.856330043998
712.7877303063179
729.3023783849076
729.704283947609
730.2627093776173
731.5391930044291
736.2925564615625
746.2171009293902
753.5395122040553
763.120935947948
763.5276087528412
777.3688411443898
777.3788161637884
780.4237161826337
797.7170548938441
798.1428746571398
803.7358304831428
808.0611970078105
815.4083211226272
833.0894668214771
833.4932423049466
851.1700875915553
869.2409271521605
869.6557844034837
887.7093741598992
906.169220232964
906.5735691621021
925.0272575036914
943.8760202187086
944.2518383986485
963.1225803903199
982.3593312481046
982.7667305102505
1001.9945642289204
1002.7657018035118
1021.6204119116047
1022.0192888362889
1022.0276900124871
1041.644719603578
1042.4155278071626
1061.6607444853807
1062.0410288510052
1082.07285878946
1082.8442369333472
1102.4769693865956
1102.8849437471797
1123.2783435129475
1124.0524053813874
1144.072051109113
1144.4773509584327
1165.2621783196007
1166.0347426240028
1186.4448606243454
1186.8491047468697
1208.0288510552277
1208.7955815064665
1229.5953422954465
1229.9917483554154
1251.5639922932307
1252.3349771624212
1273.526194003124
1273.9055557182653
1295.8828481545067
1296.6529568385533
1318.2334636527355
1318.5719981527823
1318.6536377606042
1340.9812929061259
1341.7510549313738
1363.7221838046369
1364.0812669969503
1364.1407329537446
1386.8570251389938
1387.62470964987
1409.9892756210352
1410.3453310333507
1410.395267313414
1433.513416406321
1434.276034748656
1457.0382349242566
1457.419927201962
1480.95202675179
1481.692072208238
1504.8718844536231
1505.2373474211602
1529.158966987799
1529.9906854060123
1550.620718662166
1553.0887718781166
1575.8158060073895
1597.544652764147
