2.905148156399977
4.5438135472475265
4.883462913155843
6.477779733537233
6.855154533784106
6.867168337373709
8.39363185850609
8.4235248299753
8.8388546298303
8.852778839942443
10.34643978648668
10.377479952587432
10.816642956426398
10.824065421424809
10.825739213771488
12.28346415476871
12.295416712282952
12.333519592465096
12.76109079316982
12.797706061374
12.805373388649386
14.23534685887139
14.24670911018276
14.287826628804398
14.73469372794673
14.777010720952575
14.786384100075521
14.952081394529479
16.187137345485556
16.201625908932662
16.239119214419798
16.602845705074436
16.718497235074558
16.762815027802027
16.93588127779523
17.573010173461725
18.152842828752732
18.192868355197003
18.559462834729448
18.697987735755877
18.73709565302214
18.91810545371622
19.47638341646445
19.570295506132023
20.118773350933772
20.158458454892717
20.523466366690478
20.605430425487476
20.669301762638028
20.896172998076565
21.436233237419483
21.554358719341213
22.123843495716635
22.49208747243378
22.560692548370053
22.60469754702955
22.816064316960198
22.85131643120584
23.40586081352533
23.53596232523013
24.032183301925695
24.22108596741413
24.48222293281778
24.557772442882765
24.705015227437258
24.794572304799658
25.376045929955335
25.49926032897163
26.003425431014417
26.480679611958628
26.50473878917779
26.555948704805136
26.698848018680838
26.77281440158213
27.26946557216405
27.439390501920023
27.84551229868603
27.97974481662792
28.462961037342165
28.530633089131747
28.752204902241573
28.998079317024004
29.118020850111396
29.526837017000204
29.81487033456692
29.957274367211824
30.317112514156488
30.50359398732819
30.664629305575847
30.75275756092203
31.38516048568883
31.78358371033563
31.840054533438924
31.945891147535338
32.04121355037447
32.179742293657746
32.48988668472649
32.64359265941936
32.851519667573946
33.747201536218526
33.76839007551082
34.00633083170468
34.38800405573274
34.506699640246225
34.63108741053238
34.68305560024279
35.16057321861063
35.189557035633314
35.61919224265575
35.733145603315926
35.97964864411893
36.581778905036124
36.594110206164316
36.649117807139994
37.15528901513899
37.22331410508024
37.56059920393439
37.764587593393486
37.953098048566396
38.10912347304038
38.565664737907795
38.640340212835724
38.90458951026409
39.15007008436154
39.452516068686734
39.9154943338092
40.07893311794896
40.54595248985059
40.633216743496
40.75436827668061
41.13332363766125
41.17467959896293
41.49565942143647
41.58143143924828
41.76316778929077
41.936498118411045
42.067804446031595
42.52672306709136
43.02022585774415
43.15952635690907
43.54110912311771
43.65615830059766
43.91133919027196
44.05774741029706
44.429010685783126
44.493593122601936
45.24460621793192
45.35507571072578
45.51882403999471
45.63376276689734
46.05452527294984
46.1182928701501
46.37608013120824
46.91827700912072
47.336861384404735
47.48095624394159
47.55560748864017
47.753752543638306
48.054543380953056
48.25731896840161
48.46593688887932
48.616520662486295
48.874005259975334
49.1758524542873
49.327274057970364
49.47821806013532
50.09317513926737
50.2302103605443
50.71135612329406
50.829557046532805
51.04975603466806
51.263053826540144
51.404594124007616
51.42323941445646
51.910975035944425
52.465753715448386
52.63720513036938
52.66437847060095
52.79430044184199
53.027728366091225
53.105243873800504
53.24791139644858
53.41902066800774
53.76758770758129
54.58848920022611
54.74962943855409
55.03664527853372
55.08525578789867
55.45177018568758
55.639684355387956
55.72065857904286
56.426481944979415
56.54108148944311
56.632677696791404
56.64221738364062
57.07187480901557
57.11309616351479
57.2581887209969
57.755627939543984
58.05120727437839
58.48977620986905
58.563320427474125
58.72380444106751
58.757377792744705
59.09695215441411
59.12640682930551
59.689274399977904
60.1734271575162
60.36874970547699
60.47947438131493
60.68461213582827
60.95784811455938
61.13928402836927
61.174930381177354
61.21938812569901
61.465670384816015
62.36079849171119
62.64523955049797
63.308007522528044
63.50017186510051
63.556915117719925
64.0563520086243
64.2587346581152
64.34698760560713
64.61519654999836
65.09104669828518
65.17569292040093
65.23870900090716
65.52122152114399
65.57531110237176
66.0535581612976
66.13213076867372
66.55828914095072
66.64741596203834
66.8621170170427
67.15837764230663
67.29482831362796
67.57775032455345
67.59580665503007
68.45959660491985
68.74640247641861
69.0218618456336
69.11735254007168
69.22589061096129
69.54204092400563
69.83033529850476
70.31236679313749
70.39177018985062
70.42614773170477
70.60764407615781
71.08845812295739
71.49394889581994
71.62506877186046
72.08632691997401
72.12738864718041
72.38165596880569
72.44682075676934
72.87701025394044
73.06928907350505
73.3000754251794
73.72422007998047
74.03577703067226
74.42368623084471
74.56552865879193
74.94080667716699
75.12078543219307
75.20905486471794
75.72457438532953
75.87348971340136
75.99614817691109
76.08230984239637
76.25411687215865
76.45552920768642
76.87930660245276
77.60572550068848
77.94997637861019
78.47186512745546
78.56819293538332
78.66418423025046
79.06085860559318
79.33090904100189
79.36468160366282
79.46663409909988
79.63805016985215
79.93312157339557
80.5864747430771
81.27681833914927
81.50985878760946
81.59798580532149
81.66523172301353
81.82550920942862
82.18834537333944
82.50202159542198
82.88812283482744
83.22723203148995
83.34131111318062
83.64501157840012
83.77678784812453
83.98507692035462
84.77055276271113
84.94775180791807
85.16334078883123
85.23960454797215
85.44742484462527
85.71923190283586
85.91272203283293
86.16860825696111
86.2869840881884
86.54910752339673
86.96738271241189
87.1485786824124
87.2773240144587
87.67225153860362
87.81290564012285
88.71738692754599
88.90257378833276
89.04401147241853
89.17383197650294
89.28507036776872
89.62959855282166
89.92031556918232
90.8376287624163
90.86142285989847
90.9976024940902
91.31025530211646
91.47252948552676
91.815185406415
92.35198839209893
92.58871056294191
92.81593835996802
92.84297344667422
93.02249043745866
93.20946214589834
93.51197857201669
94.1657065482374
94.96586130375717
94.9836963787575
95.25833745710213
95.4111666950847
95.53800285821296
95.69237545241288
95.81657936378764
96.54424933036735
96.68393016238244
96.73603423042029
96.92235739145266
96.93781188892169
97.27716947418922
97.31945864653831
97.68063779672292
98.59971523586083
98.86193493282818
98.8994065401062
99.07468240413286
99.30796704882998
99.67442225159914
100.37901317715107
100.55586022307016
100.81875025240146
100.9349763428573
101.10165606576336
101.59102946401434
102.24508169998566
102.80933703081159
103.11220311499731
103.27538712654115
103.37424112402823
103.48513127228459
103.64675701324025
103.84344239357594
104.08135693861627
104.18508813110373
104.45225278989236
104.71610742241774
105.3185251261941
105.66706243807229
105.73728275501271
105.78014367387867
106.60185089967138
106.69076900382836
106.74290031387913
106.9639434228576
107.27032013514308
107.48874359238047
107.69544704933875
107.76758819630359
108.4122898494413
108.94987430835586
109.06290096610529
109.15229756852231
109.26585240231304
109.67919338580865
109.73113688687782
110.35247998753002
110.44366055446133
110.88823851274657
111.18969496225205
111.49103094253239
111.80667987559981
111.84821699458772
112.16361858568713
112.22464185720533
112.41954264440123
112.97613877320713
113.11658611158877
114.07701740934438
114.13800301849052
114.38381512824016
114.44501440205451
114.74483289659952
115.04848742353892
115.73297212454605
115.9178303386675
116.05978419698452
116.4647760913439
116.69216850502386
116.77955109278247
117.51492153345438
118.0226180797434
118.45847658639647
119.08157303142848
119.25061125249354
119.50590656812959
119.63740435521176
119.85312182434718
119.99640497165964
120.059227749065
120.56473315571662
120.65794823744685
120.75978429670982
121.33793012950495
121.57136014483731
121.63481454835438
121.8082706537825
121.90487934865331
122.45833133983386
122.60517684629205
122.88214021984078
123.27219355575846
123.58068558728685
123.61672895749807
123.82518316359466
123.97015052827619
124.12558780644811
124.34362050418454
125.22355785816838
125.5187361057188
125.59639753893737
125.64502798050057
125.79440814892999
126.19880831163766
126.30835187171388
126.87020116221117
127.13094037834007
127.1948558685955
127.30472482597096
127.66552307264621
128.55227425181823
128.69034147591645
128.77577634532568
129.0421302691821
129.15801678232256
129.26951276525807
129.42428336472744
129.7756423751008
129.82733049706331
130.8889385747444
130.99207147841295
131.0615835183731
131.14333451180892
131.35077863627131
131.82639552032117
131.9811814340382
132.16732361849176
132.5150599679486
132.81943909779372
133.01959597717092
133.16203323619933
133.95108107079312
134.69498801838142
134.78086219915303
134.94647717372368
135.172712258969
135.45078513835833
135.72375869035585
136.0642426019431
136.7337153298986
136.85739945239942
136.9981153602405
137.20427340676545
137.6729132540519
137.74395535137
138.7455237215279
138.97854737823553
139.82368236550278
139.8795851425979
140.62514622368107
140.83288035199163
140.95059443539486
141.04265901683155
141.09583297498637
141.38049229860016
141.63291875004666
142.0974435771265
142.3012863521937
142.54630696375554
142.77756487737025
143.02874601129983
143.09312890649187
143.7653930926737
144.34182900992772
144.7129760898941
144.80677297173855
145.06479794325412
145.120395170492
145.71900493911846
146.6342475685128
146.6914498228032
147.12397071520547
147.39742941970135
148.08465587713766
148.67972912560066
149.0234496956101
149.2964513590843
150.3891931256516
150.58228273230105
150.71334485341612
150.9977901738972
151.15875276419814
151.38243719511564
151.4436377669851
151.53855763118887
151.68472695413573
152.49465190031452
153.09788008881327
153.4023610124803
153.4752428572795
153.6760118336313
154.17338501159549
154.28284731121332
154.39135073087607
154.5868535287529
154.96086847016167
155.06817224763168
155.27299314831376
155.4271728017646
155.66250881238764
157.01778864444697
157.2177127079476
157.3698081512261
157.4705721637665
158.01038585428793
158.3776010616714
158.62350942261705
159.00689845469222
159.99113173069168
160.6197482859028
160.6739227912847
160.9081683760427
161.45940608146046
161.56654501692293
161.8659010945455
161.89860331333577
162.09288981722653
162.20022796810792
162.681662405523
162.8271849364254
163.67219658576977
163.81242182515675
163.8887180836583
164.11140403329426
164.55113649790752
164.8735086908687
165.29393025369757
165.5343776738699
165.5675306651724
165.76243703727908
165.79378286873663
166.13444276595766
167.55062461323726
167.72906255204086
167.96801507125386
168.16420502757654
168.30899986439988
169.33165253492572
169.7226411409892
170.26808595512713
170.70147547957606
170.9647884406141
171.08219844934027
171.61709006928209
172.58246304797743
172.67840230303293
172.96923618613258
173.0245852022192
173.06405852306148
173.18722597294354
173.28611171657528
174.04373588985365
174.58027737994067
174.84088617159568
174.9159133122051
175.11537503514825
175.1918920084492
175.27850133857
175.5935378681148
175.8638825256891
175.96089392804834
176.0253127481132
176.86901029504583
177.07878870762408
177.22737911180187
177.93724083372402
178.27476912460241
178.77004963617088
178.82153024866503
178.9596939857126
179.2670514329684
179.49155073956302
180.82969124889118
181.3517341168769
181.69513594354888
181.97858547520437
182.55046842805464
182.56999357050037
182.75092813057682
183.40333462444397
183.69056064014012
184.45123370399315
184.58900120264494
184.6281810632429
184.68227993675734
184.88869921197917
185.03400802713148
185.6802434227303
186.39829012892477
186.59127407676147
186.68613799573512
186.71099140088685
187.10560352630768
188.28859933357114
188.35656462097037
188.65750624959668
188.71374143258262
188.91929372137218
189.5582850443731
190.15912120849947
190.34080994776292
190.35866564523306
190.7406716140827
190.9634408992046
192.32061603531548
192.7519039708473
193.5354376380341
194.07368964167756
194.17795137988563
194.2280403052694
194.42417694633906
194.52540158163015
195.1714324172467
195.7551124279054
196.0107164306807
196.13438324778747
196.3317870095606
196.53752284833186
196.5822938106831
197.60461564137933
197.63265608215846
198.2686580619732
198.42636396197813
198.5546906001337
199.23694939837006
199.6003942458108
200.22906504571037
200.56096329525383
200.62175724368478
201.02158882576248
201.56721720194105
201.6392088208253
202.21564437106403
202.60646342723544
204.19456806383545
204.23439557803428
204.27245005826185
204.46103692554448
204.70960546885235
205.07322316424813
205.19758217815524
205.37815169115862
206.1011824937898
206.67346080357655
207.02990742508925
207.992411965394
208.0788356425938
208.4295881662401
208.58729649302623
208.80271126399322
209.1305736259392
209.19262378421666
209.7188894009792
210.1465375136175
210.44547050071787
210.5474720603672
210.81867823779854
211.49088091092892
211.88686926958513
212.26114190923295
212.49162057024012
212.75256153015144
212.8518802156143
213.49948496015128
213.5678695590992
214.4682940757535
214.8574252136666
215.38068644662923
216.16642559512388
216.4586641623189
216.6555814031754
216.96813096299394
218.3531137908043
218.40634842390475
219.3121776492298
219.9442877339258
220.26849704163175
220.94850397780723
221.11667400088058
221.23522070141945
221.4469481619844
221.6361333967867
221.86536844044488
221.980312908651
222.48495287524062
222.71002727124656
223.18377343861627
223.45899143108824
223.55021149226133
223.70277019991383
224.11785878491045
225.13650532938073
225.4252839840749
225.47713347967016
225.7538231737601
227.113998069679
227.20322683944832
227.49977705070742
228.5773924352934
229.0890094236176
229.1700236977567
229.30043281128798
229.60460715092677
231.00682076962153
231.02248447094578
232.21295700867364
232.3380801800706
232.46723222727832
232.66496580237103
232.91397761625274
233.5394309413559
234.00693655033845
234.2660384718961
234.47899775528137
234.62849348531316
235.159251900834
235.3464449778421
235.4303726660136
236.22463751232013
236.36923073247473
236.4947939866601
237.58834413650084
237.75289694673177
238.1700292306562
238.3968303132363
238.50520783949878
240.15341680793622
240.52404519757582
241.1614204375848
242.16319772055542
242.47837857784458
242.62771024604135
244.06109524309068
244.8382639896779
245.09967549186862
245.7579781134693
245.92906826834027
246.99738087642257
247.63776117478344
247.68185667853012
247.69630615807714
247.88419456809532
247.9056218254432
248.4117861116455
248.46222378024717
249.7040832143386
249.91024632836638
250.25604117074957
251.41823274827237
251.60991169535984
251.8545062635768
251.92487469396184
253.62647131397603
253.9368530066865
254.9027748654473
254.95813385507518
255.56966353719363
255.60017471364046
256.039821407681
256.9967769807539
257.4855333534712
257.9019084002471
258.4450994072561
259.3853514507438
259.55758387486065
260.52240123357495
261.0789125445538
261.4899397537388
261.7108568984801
261.80610128714983
262.0721182485743
262.82156662162345
263.3049337538578
263.7103930044313
263.7419490663355
264.8338196158377
265.4137095407693
265.72574884975376
265.8928373139711
266.6057606213821
267.3914247852335
267.5633966978861
267.7568808665117
268.1396306662069
268.366829016969
269.3985742251846
269.4335822420699
269.8424093815458
271.29706909131926
271.4540618713445
273.1866325109688
273.74360691229776
274.88282748241414
275.04113812472536
275.4986232774186
275.6235688856896
275.6952715862131
275.90843940123045
276.050523490644
276.2242508265149
276.6305936721632
276.9022753062927
277.89847977667966
277.97326891050494
278.20621411680156
278.6350412303955
278.94765095293604
279.6112688580338
279.9152929477446
281.6053506210654
281.89795272758795
281.9439352965432
282.1622795613588
283.599249774806
284.02814742735626
285.2209624798744
285.5010483906529
287.3923092464941
288.31901958475925
289.0753110447208
289.31849198081056
290.1554960590153
290.2698965242235
290.490357496677
290.5480071977918
290.61082033701035
291.07910881922834
291.3863473012552
292.4935622416261
292.82587958045633
294.1953962786822
294.4926590112264
294.4953796652615
294.9808735027109
295.61323214910016
296.014041732346
296.17303499135426
296.36380012758383
296.5163600845532
298.188285460828
298.59821224872496
299.37194001327276
300.0839554432631
300.33507827105035
301.96245375028286
303.2818248455171
303.50360939095935
303.6876318219638
304.0193097689894
304.63346154500994
304.75499908055343
305.2359364835538
305.2894037875785
305.4619833337444
306.14290811126017
307.39729633043544
307.45872522799317
309.1685481794468
309.45488762770646
309.46575401778347
310.91423359167754
311.15566258434654
311.4778601049773
312.9454408992912
313.16492935908457
313.5630143258155
315.07243075261874
316.94618461113305
318.06342820857276
318.63875300080826
320.25524102725575
320.33588777098083
320.5914729933958
320.8113307591654
320.8274264233635
321.1647695825854
321.7296314215669
322.34459319785594
322.65787061659734
322.81469866909714
323.84053274774186
324.66321912373184
324.81246552182
325.8730892475143
326.51629908651563
326.82933751377647
328.5265324637802
328.8810882449029
329.8405624152976
330.43090653061495
332.3033279365259
333.1085934400069
334.3704970583236
334.71149361738344
336.2478545076583
336.30245312260126
336.331756457901
336.4321567328255
336.5633620299808
337.0903025803237
337.6006281160286
337.72550331490095
338.4894935833087
338.5552933024405
339.0837294557292
340.5137374241405
340.57091404270807
341.2161783311768
342.2594377398345
342.5378463991486
342.57438218486817
344.2753036963989
344.35431803043673
344.61232440418695
346.17580874589663
348.0554762358688
348.46449562315377
350.5004834454751
352.3838161759612
352.45953597483225
352.69240693009743
352.8308511728879
352.87434859755825
353.00150788498337
353.41967509775895
353.47263731478637
354.0821641551291
354.2033471519359
354.68271796819533
356.68053297411734
356.94261577988766
358.39456792833926
358.6890305001446
360.4122187281581
360.7706990519094
362.3160559378679
364.17776886823026
366.57742254903224
367.0054014793489
368.618189370051
368.96805983932313
368.97412705301394
369.1072462376899
369.2130135136387
369.55652471493084
369.60260512971723
370.12491222646906
371.1986872442826
373.05705875186396
373.1904217779257
374.918803447892
375.1959399187855
376.23073474207905
376.9264805939555
377.0334474613075
377.27427749238007
378.8326473533729
380.34557102833975
380.69953525278515
383.08559138940984
383.90020902664384
384.8596060217792
385.49811880451864
385.8705656651359
386.05455802345284
386.11383409664467
386.2282760293099
386.87854650667964
388.07474280727206
388.09505794819506
389.5347148224786
390.0865854005696
392.0896310074633
393.8498926995458
394.1620514742018
395.73946142216164
396.9722012378008
397.60041370067205
399.97004980290916
401.1798276038973
401.39728883742055
402.3960696240082
402.70269381459104
402.9557115619821
403.02474647786806
403.15792395387484
403.40132574969067
403.53636832035085
403.98769681671456
405.37699261019196
406.27637487891997
406.4336168990093
407.3666821995731
409.36630149241256
411.1411312194411
411.4307653998501
413.02997821262676
414.8940602491865
417.23586688755853
417.25869212239496
418.84325380628746
419.69602559715673
420.8225923723309
420.9908308344182
421.0714737772848
421.6957028902273
423.04198419587414
423.31780341640393
423.6695974478462
425.02552638535104
425.05942758842144
426.91508641788755
427.0261200442821
428.82101341797096
429.081784601843
430.7053518939937
432.562085123735
434.91474110991345
436.8878203865926
437.8114430415415
438.86980186079575
438.89729245746526
439.1229592816422
439.2542538706613
439.8265709904544
440.1813961771286
440.4614601152715
441.0884622884603
441.11966426487794
441.3069752226405
443.0614380929374
443.08313011628496
443.5515455609893
445.0564020012343
446.87467432903617
447.1057063152223
448.76122157915404
450.6018483151178
452.9467665081768
455.310259370572
455.83860683371427
456.9341694043125
457.29446492468657
457.4364155454878
457.55330928788413
457.883116984775
458.0296803935423
459.2325529984621
459.50975157914905
459.54090646631926
460.18205375845326
461.48272739799694
463.15717675792087
463.43555346998136
463.46394062427515
465.32555846838625
465.4932835383291
466.74791745617614
467.188416658579
468.4772521867453
469.01592712591776
471.33268717643847
473.27734240449564
474.10643192482996
474.1474662922932
475.09803599272243
475.33572069469875
476.0899975161673
476.122908565653
476.3218463088693
476.35451790162404
476.50009817845404
476.8357843974566
477.08102267893105
477.2961082213948
477.4816665102484
478.2925797920145
478.3098519186419
479.18077214554916
480.2617316977284
481.30637582470905
482.2289652654096
484.12385774859
484.44303674060643
485.03097609549127
485.9030770310521
487.5250185462045
487.80822812446166
490.0197888705587
492.79196296899084
493.2629456950189
494.8184869974911
495.35145817438905
495.4184022164957
495.5184263703255
495.808757645573
496.2800803643986
496.67186698143513
497.4575993264714
499.3875151058026
499.7634903758748
499.77870925225716
501.1721710106975
501.4035644112128
502.4800331981551
503.21032570776094
503.3331950458141
504.8908950195163
505.1564349343305
506.9454630500581
509.3397420105414
511.02217586326145
512.3487386808563
512.4683183286946
513.0329757696462
513.8290054578887
514.6885942657339
514.8250580861057
514.9785482900728
515.0907434744702
515.2848658296803
515.4187408028142
515.6515642733192
515.8695987909588
516.4910386933226
516.7352394923903
516.8945355974392
517.1037435029506
517.2993398077873
518.3559151436493
518.8117337630066
518.9574232801742
519.4606068431892
520.6353084364335
520.7265545070563
520.7403802160543
522.8395332406847
523.347715479157
524.6088497593133
524.9624578618661
526.5497433572946
527.8959677327775
528.4484972311561
528.5861486838909
528.6922691490012
528.8531047910585
531.7601385794187
531.9447389742968
532.3850825454842
532.410155933026
532.6759639369457
533.1272559271615
533.2043274314059
533.5888670089503
533.914179757734
534.2230246320825
534.3974477666277
534.6535507728008
534.8684009079907
534.9262549187384
535.3930060194363
535.4870426803636
535.8971636498967
535.9594476399202
536.4452329058643
536.8165563682428
537.1979631680238
537.4151797571462
537.862270834458
538.394662174058
538.455438146773
538.8116804398859
539.3704943369055
539.8560033103821
540.0912798201259
540.2752774699392
540.5915761399497
540.7239073364003
541.2012309317
542.1001152300707
542.7403889586562
542.792087013541
543.4660879703332
543.5129940876864
543.7043583958641
543.9450496169892
544.84205019253
544.9525279861131
545.1908900958873
545.4964276116685
545.7320745870516
546.1979911870549
546.3448629339935
546.8692587290789
547.4957749694794
547.8517547776299
548.4774623321384
548.7697506211379
548.9617154512158
549.1119909905943
549.7159073855709
549.751968349894
550.0414919385546
550.5557876086986
551.3266249285412
551.6487738976296
551.8137830334377
552.1368563194765
552.4459331643017
552.8597055843803
552.9495047960833
553.189516392113
553.4672808382722
553.5179747927483
553.732510505605
554.021055757976
554.8497882964397
554.9568336494734
555.0129623991444
555.0984636223392
555.7050354737685
555.8090632682029
556.1672136159972
556.2671685465828
556.4884341168823
556.5892979438156
556.6387501613007
556.8852447155987
556.9653502927426
557.3243101387
557.41377916344
557.5385591698362
558.8595031157639
558.8941261464565
559.1436783882501
559.405945982011
559.9997600648015
560.7651481599482
560.9838104964925
561.0814222192768
561.4326109784731
562.4367208369205
562.7566128747216
563.1847075929355
563.4212303777564
563.4983645620272
563.6520107963175
563.7739347986428
564.1884886610432
565.094931174586
565.2422737068807
565.5647052966318
565.6789767351385
566.0268124039654
566.3458456896041
566.7651530252843
567.3547900777235
567.7485953762016
568.1407684380632
568.2714985326265
568.3797095459162
568.5181749722376
568.9111892343137
569.299837508233
569.4366707854924
570.3604312063973
570.4137328154236
570.6165706110609
571.2397862946278
571.3386923864646
571.4502889327138
571.7991785137303
572.1745970162348
572.4797257589571
572.5731190422665
572.6041467426116
573.456983836369
573.487304021257
574.0391291695933
574.2949619851671
574.3724880082727
574.8789450355019
575.1791279271655
575.3338722851825
575.4560920200557
575.5369370781456
575.6505273986261
575.9191508987718
576.1698278247479
576.8842203579447
577.0800371878344
577.3258306620745
577.4339667241211
577.5402626550487
577.9807504856431
578.0853816283746
578.137876526794
578.6151715382738
578.8600625336406
579.0067284732908
579.4665251493509
579.717631438975
579.7930138012013
580.2957201374919
580.6252600361629
580.854840485363
580.9572771961721
581.1166349049835
581.5362159758241
582.4658343457764
583.0781506228741
583.6336731014459
584.3146128299137
584.3968288799214
584.5633425109946
584.9846673917306
585.4444437576361
585.5881118905635
585.8077231575573
586.0091166465417
586.271509839287
586.3302067176088
586.9307857994495
587.7605224122509
588.5138041030316
588.7791194945162
589.1772929360457
589.4408250611025
589.6289430007015
589.774993254768
589.9495674831962
590.4613359792079
590.6829981056051
590.8412753401274
591.0245139398862
591.2958616712181
592.219067375878
593.0976793138137
593.5061161615456
593.8157048941097
594.0695559955342
594.2057106715538
594.5095808647261
594.7973249523304
594.87085020922
595.8260291632283
595.9460433620347
596.0459133602405
596.3049314657036
596.6525750722919
596.9233579599212
597.069286945003
597.7654625235906
598.2497230931367
598.3596196988675
598.632827926664
598.6952846659441
598.9565819989892
599.204210325635
600.3859266528098
600.4973796532875
600.6029453098413
600.8415567049243
601.078721217103
601.2863924392535
601.5898894121318
601.6560173331677
602.0413562522349
602.1047559299355
602.7109491414781
602.9069211847863
603.4209767101792
603.7215972983325
603.8156906333163
604.1543471723193
604.1896298780797
604.4789311911019
605.4534119368316
605.488901699616
605.710679484151
606.0340752635724
606.2833036503113
606.6122152169586
606.834654765244
606.8675627848164
607.0468042697082
607.4002787439514
607.7811747011252
608.5541249461127
608.7899365552787
609.0682694792907
609.2415539851554
609.3663774467167
610.2599297027202
610.3228378816949
610.5020269391495
610.5563439710617
611.0066363463075
611.3212437433166
611.8686512044703
612.2590700941654
612.573329649368
612.6346933048725
612.8520756558503
613.0453540026426
613.6218658764221
614.000997360062
614.1847854931103
614.2852552977804
614.8334165228545
615.1002285702299
615.2643793795794
615.6825138382327
616.1749329452082
616.2635445842405
616.7108180454086
617.1475690308587
617.4336920188462
617.6773119218284
617.9833619042586
618.3535813719127
618.5302368830834
618.6664843592768
618.7990326409097
618.8045797126314
619.1766417410598
619.4961775857466
619.5521845022682
619.7555655916861
620.3567984321195
620.5610966240262
620.7564366113579
620.9122541010732
621.056042873005
621.176988566916
621.2540549435788
621.4525602670592
621.8571757253945
622.3100415046267
622.3421241140368
623.1716696889534
623.2016648589564
623.3387585057264
623.8504894225488
624.1221428384622
624.5605502052697
624.8175897398501
624.9477252160967
625.3445979026488
625.953342945432
626.0250883123945
626.3855772808979
627.1475212943694
627.4094401973441
627.8132432002479
627.9782014098822
628.028099513287
628.5667527487142
629.4302198978401
630.2649782376888
630.7548037882705
630.863030405572
631.053531252147
631.2595862309876
631.3532390032395
631.5451174574594
632.016412625016
632.2135572576476
632.4783654419407
632.7813658644575
633.8773868148393
634.2539243481705
634.4605594788538
634.5231333300432
635.0127874570638
635.3691391030363
635.6438799772927
636.3805694927656
636.7563591844952
637.2100479651465
637.320346087276
637.4751256403221
637.6106959712597
637.8031492837392
638.1921271477268
638.3429977159161
638.7010860362111
638.9292229443115
639.0995764539715
639.3277209648811
639.3363175139569
639.737873711205
640.2694142495515
640.7558300770088
641.2252568052252
641.4788731286795
641.7775301360697
642.025951689
642.1644971667997
642.4364808996861
642.5162597213467
642.6558273164533
642.7383262105043
642.8930756145797
643.0552000445937
643.3877160373474
643.8765990339157
644.2846545532769
644.5899325495238
644.8983586522837
645.2339314143263
645.3717558008005
645.50707496091
646.1855724786267
646.4894152038644
646.6795917578413
646.8303507037181
646.9945563020549
647.4772984819189
647.9219021838613
648.085678809166
648.4202910514069
648.5735019777379
649.7221610515774
650.1076077794316
650.6712783993601
650.8556869393396
651.5457214360788
652.0921476384973
652.1261331394188
652.29021057382
652.4457850963531
652.609665541885
652.9563490309642
653.0137779321763
653.1456120445988
653.7130850221969
653.7624003097208
654.5517678160867
655.0621204137476
655.3416031063102
655.5640482823466
655.973626938167
656.5141313728541
656.6750263101816
656.7616469970029
657.2729933416348
657.5055559961341
658.3031013218911
658.4334746234198
658.6533250159007
658.7654764273107
659.1880489160683
659.6067331491591
659.9018571446347
660.3864694075614
660.635519108151
661.1095567508318
661.1548491366395
661.5988411725307
661.9444704155777
662.4381189971698
662.7207249674459
663.1529714468962
663.341560521854
663.4441049377203
663.5898966656935
663.6650324900056
664.0167265169939
664.4104206684453
664.7560275108738
664.8729650588441
664.9552343417597
665.1929045817342
665.4546753771173
665.7396033228481
666.6392798444251
666.8975001798493
667.2047851435675
667.5180811112172
667.7245761831683
668.2493178850452
668.3635010625495
668.4266516976992
668.5136901790281
668.6861540951443
668.9407751613832
669.4210280583778
669.7406916468199
669.9798800848382
670.4188780898158
670.8436139262238
671.8220660162943
671.9878423649076
672.4425166930336
672.5839962380929
672.963611401225
673.5165135913136
673.7595009204241
674.0581766889758
674.0679001672355
674.4449088209906
674.7598062161545
675.3128104105933
675.4294178447842
675.927945611479
676.0816868510583
676.4185861306519
676.5022748610694
676.8090106159997
677.0223324567406
677.616448674512
678.1543707717833
678.7269470835143
678.9547705972271
679.097355594616
679.2688843280922
680.0768866801939
680.1244520524166
680.2445959585284
680.4544826861421
680.744453973973
680.8188989152386
681.0050527021115
682.2518027185165
682.6483713924009
682.6699761359488
682.9536885315567
683.0807982208514
683.1541792335687
683.5978918579348
683.7833340954559
684.123852242009
684.2126745719634
684.2862154284735
684.4039414605182
684.7161058470209
684.950552139121
685.110753378185
685.702652261851
686.2757708124053
686.3393057834858
686.742320413834
686.9082255808984
687.0917185426448
687.3845776129217
687.4661774385387
687.8174816612275
688.0476511105066
688.2573213395899
688.3945017679724
688.5193643211005
688.7913314666213
689.1250435100272
689.3793811569661
689.5535922627271
690.173848172033
690.703467023184
690.8990587925571
691.5045843860405
691.5873390228737
691.7107913582821
691.9721425321686
692.2400137033488
692.5244700694087
692.814963729632
693.0239152517058
693.1682833895994
693.2742588616629
693.4503403813763
693.7519124825203
693.9305217357489
695.0734025664971
695.128889933247
695.5603044459244
695.8985041134243
696.0790062567012
696.2167955845835
696.312369041656
696.367510113679
696.7018258305055
696.8712908259552
697.4310195025977
697.6783935239237
698.4892760364384
698.5784071620902
699.1975266998077
699.4242546206473
699.890669137898
699.9104830062413
700.4154112581092
700.5284732800924
700.9719202442278
701.4483629723837
701.5130364662516
702.3233968981145
702.359555191802
702.6048176342973
702.634999651906
702.9324928408658
703.0884864265348
703.3541740799932
703.8142802056899
703.8771832446456
704.261631839559
705.3766688709549
705.814482902857
706.053199218374
706.1740794140776
706.6162261062387
706.6668936338948
707.7838678503206
708.0421206716394
708.1890830709881
708.4919288558119
708.8164061633265
709.2276633040905
709.985105712855
710.192272867286
710.3977519024136
710.5775521659401
710.7490461756971
710.8497790388373
711.1984246491548
711.2484012080873
711.7130369735914
711.7508142185023
712.1473878986229
712.3082998145636
712.3132220110283
712.78186766362
712.871916691139
713.0119461838204
713.5005930324572
713.675060955784
713.83789193924
714.0203929702279
714.4746603243238
714.772558071467
715.1062282484005
715.2142710530026
715.5376519417943
715.6211561840181
716.0036342131674
716.1386440294585
716.7702434071656
716.9025322984753
717.6104313937988
717.8562458294484
718.3987513013084
718.7849647481082
719.2250797253736
719.2436204768211
719.6783098328156
719.8432469741749
720.0816786831092
720.3687672093552
721.0282172252557
721.6727139695446
722.3897499405089
723.2874334497908
723.5991460603545
723.7880533265684
724.2410908889883
725.4450016846728
726.0683680055619
726.8413541684042
727.240767382837
727.2500139893947
728.2327873656704
728.2816314573761
728.7605868125643
728.9463157270216
729.6848388819549
729.7872701039573
730.0578629098462
730.4688549954382
731.1331032821952
731.3537831541018
731.4604040341372
731.8946891403938
732.6003458320579
732.9872301031398
733.0514602925676
733.0679487282902
733.5578123812307
733.6384427546733
733.8755819800988
734.0444861614814
734.1448811204788
734.306928143177
734.4346777577048
734.4954136498008
735.0008538963104
735.1192412679133
735.3836521479294
736.3130826771333
736.3741900415099
736.5104534690108
736.9515771946903
737.8517221626881
738.3310278927285
738.4362527751849
738.8152042185894
738.8898726128585
738.9906330385571
739.3442917348737
739.4080900100706
739.5405594739394
739.7746016107448
740.0489527273352
740.3538903997204
740.6299383686556
740.7761690127502
741.5865398910265
742.3041318590518
742.3493725486419
742.4420375519701
742.6057566410227
742.6766992672693
743.7614379023489
744.0366444649727
744.0770355225912
744.8645850681385
744.9027493576046
745.1221766703202
745.2542080404687
745.4641113294514
746.1490240764424
747.4836686697706
747.9665310300624
748.2666384615679
748.3906452315769
749.2350969727295
749.9081234947913
751.0749249173691
751.1970892499312
753.767321509533
753.8766015772611
754.1449583112977
754.8635953546357
755.0996733678062
755.1509190987529
755.4259303874746
755.9950835471137
756.0831700857917
756.2532410627106
756.7291820721638
756.8235751288622
757.7163413751886
758.1422955499003
758.3944123659384
758.6090385642544
758.7481277618072
758.841273920189
759.3955989580408
760.0874336807349
760.7192778535175
760.7869871678123
761.2283002801664
761.4810431011637
762.2419825954865
762.3477372863682
762.8078538294861
762.888745698332
762.9363991664815
763.0959040539909
763.6478554650954
763.9880203231518
764.4898832517637
764.7711989203739
765.0397638539482
765.3614537322121
765.4359710538336
765.533768694663
765.9793102466562
766.1916615001103
766.421730334932
766.4683245954774
766.5518494089553
767.419482432238
768.126944105025
768.5214818462548
768.6497363038775
769.8220758464097
770.6333659362568
770.7642617176564
771.4031533675922
772.4305605282411
773.1330779832214
773.8258808544632
777.8332749918678
778.5372572175879
778.6396436700503
779.1431023470138
780.4314715356631
780.9303532476389
780.94459961072
781.3356665519578
782.0387369847037
782.1233506718238
782.2039748631706
782.3368549425778
783.97034423027
783.9907285758327
785.3013691995062
785.4828528145832
785.5229011651242
785.7205128453481
785.7686347147085
785.9807096485767
786.0913715568992
786.193464042111
786.8467974020606
787.2178940423396
787.85576800582
788.2077180408157
788.9666633623945
789.2637988064774
789.6047404828425
790.5612785275315
791.3935371763793
791.8489414990868
793.3769437257675
795.4341963015089
795.7002360533996
796.9921365383748
797.995904282914
800.1607353365787
801.7941215922242
804.4690748358612
806.0187772595692
807.6830080822717
807.7087478302905
809.4274703446592
811.1594903407849
811.6399742107653
811.8319657702833
812.2260972830509
812.3206398291585
812.6665265487894
812.7221203018294
812.8300729603545
812.8709702025732
814.7911244024128
815.1522326789539
815.1725813651227
815.363384428324
816.9980982673684
817.2840098889958
817.7066539712314
817.9556308751635
818.055671677894
819.0877299749197
820.0827979361314
820.2054776666978
820.4035161966806
820.4310692869162
822.7397519653384
822.762577210577
822.9383819507883
823.1742485681384
823.8080696194202
825.3709680463913
827.342904609826
827.4219132206332
828.0034012376462
828.108387899835
828.4272464860576
830.6649798544523
830.784704478005
833.8404838077328
833.9271095862584
834.0509161209773
834.9831208582868
837.4067110989929
837.736695062106
840.9578603152994
842.0045238372714
842.3618885696294
845.6654424529944
845.9310395828368
847.1287399085447
850.5585616612284
850.7189892886303
850.8469406520901
854.9890037974502
855.9165192580343
861.6431718859345
867.773638607162
868.7872914978502
873.6765864963841
874.7518134280047
881.2848260690115
887.7354897076922
888.6781482538565
891.4382888600569
896.7937867765958
905.4648262877499
910.5880837889578
928.7030666617327
929.7796086583783
943.16299662063
948.2840366487466
966.7822321481618
981.7916138835577
986.8312752989895
1005.7231508713899
1021.1032253604558
1026.1162763756536
1045.266228738694
1061.1023219010367
1066.15231103888
1085.940434725007
1101.9769269940275
1107.0038297871151
1123.2895432384685
1127.1694673098734
1143.5382895512378
1144.9464358755895
1148.6538307154049
1165.272568520691
1169.0550995579106
1185.9607599928768
1191.0039458847807
1206.9627097029647
1208.0341621676346
1211.4091657968386
1212.35017154588
1229.0531183777266
1234.2294595765802
1251.5662468378862
1255.5849733830116
1272.9931849056552
1276.6318851374626
1278.1999340946884
1296.0176941751172
1297.7535032182027
1299.6712292085178
1317.7827836851209
1319.2139539802638
1321.0473572431588
1322.4506973921216
1339.9599945204434
1341.0307487615485
1342.3997752129349
1345.3632705160487
1346.4831408956059
1363.0549428199788
1367.102889621679
1368.5992127994464
1387.0391098353496
1391.0971543636192
1409.6007260147812
1411.1885311557262
1413.5843600780993
1415.1172462757638
1432.5522506710156
1433.7775527636904
1436.0628595855208
1438.0630326354794
1438.7882909756288
1456.7386959681337
1458.7803177286864
1461.4634196115774
1461.7920210775774
1480.0787505590563
1481.8018894213624
1485.0988502063526
1505.1512003466585
1508.7800921868666
1528.840146732839
1532.6570965857297
1536.8374846101754
1556.7818494957487
1559.8173465607586
1581.322782695167
1582.244210068861
1603.730718294499
