0.3257893060088467
2.396403621417633
3.3930612379787437
4.395094938592015
4.9640480376749245
5.396839350623148
6.3838430025470805
6.960419072683733
7.332397030428146
7.406014459288874
8.358483621532022
8.936776013396981
8.985237862210866
9.323459037181275
9.41461859748055
10.239711425777882
10.910764024373801
10.989287793203557
11.298590341654197
11.343854323205072
11.421886566102009
12.029047422770017
12.794997999348974
12.958630692930518
12.994233171301733
13.328956276036457
13.431780173628333
13.507760416854742
14.214115481980908
14.58690488139449
14.855973498993315
14.989369538302931
15.418950460256823
15.534868232427069
15.978635813961128
16.653362632340095
16.776311966103787
16.87740554150858
16.954392257229742
16.98640760328856
17.383753209493378
17.554089480263343
17.99458555022737
18.681340533887525
18.824682054246246
18.864782274202994
18.901260469853014
19.516569861944273
19.566775824135043
20.0015917823216
20.18250546469741
20.686402592002423
20.820071013125318
20.849320351069665
20.895354894954746
21.555670864707338
21.6042541822877
22.01901210134716
22.104779520146675
22.66646271559518
22.733649147882865
22.86663786347359
22.907133087321537
23.641314575699198
23.813539830504812
24.046235009477883
24.121668316247412
24.473625602446624
24.793668520176045
24.857579658617706
24.897783289447364
25.649132591196317
25.769931690953953
26.11833010729427
26.387267216142412
26.717283894397323
26.82171155728782
26.935596514992778
27.600154758752986
27.76178465177762
27.882489474159918
28.12974426191269
28.391800157670257
28.462079085959928
28.83389870984633
28.855270393500533
29.044111471642324
29.431231620512694
29.78523975963123
29.830979311501537
30.155305035211757
30.430090858602313
30.503396360604874
30.810577264625493
31.309480894083226
31.793511808618987
31.836168247678767
32.27403415517498
32.32306562638995
32.50227620931028
32.532813331111306
32.6302501318668
33.84742721722262
33.9199828085923
34.285895846099784
34.36764976887143
34.435407876025636
34.54204041499789
34.62614556631077
34.827397500543356
34.87483252216715
35.85377581068828
35.964063344030556
36.25732344968401
36.29351999228442
36.56456496276401
36.94668283605372
37.153822635329185
37.61988570213098
38.278754521794085
38.30027471695439
38.44036513606915
38.53013566739785
38.9852780232433
39.135366589589836
39.71133138803337
40.031695792196494
40.28657418892216
40.31302437302326
40.969897101348366
41.004343226934814
41.141883251810064
41.258792830082164
41.78499532184343
42.334104980641634
42.36011302154995
42.390981592638816
42.50188106147751
42.94652536021284
43.82303244917066
44.083666623891176
44.37378936609635
44.47148862497654
44.73421518041773
44.943172101232264
45.05482019231517
45.157815154632395
45.311883834192344
45.84165214996668
46.37973171017259
46.821132161465464
47.01676662197572
47.18908110363223
47.78011946033106
48.0101612732765
48.09414172289269
48.387596923607525
48.53363757815565
49.05394614238618
49.339583253956555
49.50207872078201
49.58087618594713
50.00343746460018
50.39199553821052
50.569896383167176
51.07195292999847
51.66616432088535
51.747832133780754
52.00890806828629
52.4233806499759
52.64227576745195
52.685912292652624
53.01375966005895
53.9957025076661
54.04632302575054
54.365592957356604
54.604789434111844
54.68301768574886
54.81509381694857
56.022870266324176
56.58271105831062
56.61797106997116
56.69504414839444
56.907678462759385
57.02624857202066
57.545833565835345
58.028002312897335
58.05256992153665
58.631075309434
58.65634852040239
59.60465526066479
59.845223494429895
60.03156347280254
60.203640297177486
60.42937454695552
60.43665034016779
60.653656778789184
60.69438407643203
61.14525326478694
62.43191763513879
62.53036443446955
62.648651734694425
62.71296290324639
62.79122395018417
62.98898904306999
63.08341120921647
64.07063441227676
64.43660605406608
64.64411818646172
65.05562522951408
65.06238004220016
65.23424023697278
66.22470306561625
66.39898072185395
66.43352349747167
66.44860905135484
66.71563315256346
67.09831269659752
67.23128500806665
68.41707999816363
68.54531248457847
69.11426825978614
69.23099608157533
69.78463550776284
70.40912364488369
70.47872101093313
71.04771997007681
71.23446707317382
71.85672960286044
72.03532831731988
72.63364841701247
72.84401156442371
73.2390322429545
73.893081892674
74.41563727203403
74.43805619659568
74.73548597154829
74.9605869932819
75.90877963470913
76.0550469453835
76.41868984948988
76.96985825278922
77.2759258438893
77.65673961724467
77.84051928899868
77.90778728645797
78.05819558751956
78.4227318874011
79.04162484930043
79.43121426775438
79.63744444696162
80.42614260901192
80.85728854550308
81.07728260226587
81.1429428730507
81.75254241005928
81.87458789712105
81.99242516184458
83.09329665707021
83.99561716260726
84.47867931129714
84.54557041132138
84.70504902163889
85.02669778669707
85.99936744269645
86.60807042962314
86.62627074026506
86.8194012580204
87.64476074932585
88.00273424081693
88.6520987497086
88.93697916565421
89.06310189515557
89.95189880624277
90.01259936576004
90.66724496393319
91.64853243253802
91.96168584686805
92.50929053317945
92.60010766191547
93.96509677266937
94.39457368860465
94.5804997543056
94.83031924338377
95.96823134120912
96.51020832351293
96.6132504858514
96.6419121475499
97.97278359772645
98.08749439533212
98.31056747101972
98.63068656849183
99.21590369160484
100.31664990826074
100.56329129476751
100.86249455143077
102.31938111412128
102.35765218169699
102.50163442121999
102.93397291159346
104.32264073571571
104.47406474846028
104.96962186260672
106.32749686813968
106.98361523969066
107.05233976154742
107.17850543926333
108.9180708310905
109.0606708308885
109.6048546615797
110.7106931390849
111.06364031212456
111.67597330625141
112.82667227622608
113.06638580807989
113.71145576799132
115.07086422675661
115.5317152729013
115.72784600133404
115.7902213619137
116.18476689887264
117.6574526795315
118.19342502869256
118.73635492713284
119.45138068815021
120.19620276118575
120.80734405874239
121.56852102627167
122.1986896858903
122.84317570572962
124.85685282677339
125.70501907792429
126.78851758634738
127.7150670869164
128.25675377641795
128.3890053957835
128.5820952747471
129.71764001406694
130.32764967080385
130.69955804470771
132.36302364452297
134.37714078999403
135.31202380061836
135.46368061630238
135.61426714841298
135.75490180549593
136.30823455225905
137.62550064217484
138.16652774600638
139.62794137466975
140.23686637689988
142.27226811125348
144.28614608342883
145.6633695844002
145.91371731806387
146.21698818543382
147.92470290327591
148.46475695266497
149.92700497140925
150.53556208921052
152.57034944295276
154.5843258913581
156.515348500553
156.60100555229081
158.61278280804027
159.15210810041452
160.61494046623426
161.22256675557884
163.25718758267644
165.2712401962952
167.67683806997448
169.68955204242425
170.22771319094983
172.29847845115748
174.3354726814036
176.34700366114805
179.14199236844084
181.15508090368593
181.6928340233292
183.76331346553613
185.7981427509343
187.81162009677368
190.9953668568012
193.00933012172231
193.54647513885604
195.61688434742726
197.65165879743424
199.66504960604993
203.1996198754388
203.2397350639335
205.25231029659713
205.78881159363982
205.79796071125278
207.85929047179204
209.89392793935104
211.9073654772693
215.8697491512785
217.88402585161504
218.42018050996836
220.49034452690879
222.52502958357775
223.6709834403315
224.53845147259972
228.89015726134429
230.90441295393526
231.43998690836213
233.51035915477263
235.54484347705585
242.29835348293895
244.31350539676774
244.848757592217
246.919174951838
248.95339484985288
256.0962471218053
258.1112828767229
258.6460434973083
260.71623589969477
262.750628108215
270.28228347003653
272.29773714228315
272.83216918657087
274.90223859883804
276.93676806531624
281.9596132722454
284.8569971976017
286.8728537427209
287.4069125209642
289.47696608632884
291.51133647256296
299.82139627242935
301.83661928639486
302.37072838450206
302.94497860552156
304.4403409046522
306.4746662341094
315.17347444026666
317.18903423346075
317.7178890768675
317.72382016976354
319.79236487368036
321.8266122334943
324.70793812010226
330.91433789219303
333.4632375818352
335.5329876103816
347.04400949027297
347.2487094340679
349.59238064880094
351.6625649760771
363.5618612274489
366.11024792786293
368.1800466652159
370.5670656755896
380.4688006376936
383.0166316345412
385.08630302198077
394.6627494811395
397.76398212144255
400.31135027735525
402.3810046457174
406.8582045152483
415.4475830682791
417.9943899629238
419.53502242860907
420.06398643736526
433.51927856090987
436.065670408716
438.1349918653215
445.18718412704925
451.9788766115615
454.5246122638052
456.5923182221479
458.6285396778445
470.8186584003309
470.82719712750867
471.6181271716489
473.37157235322616
475.43972938158123
484.9800008105355
489.95818735429043
490.0616372752352
492.60357752488187
494.6704889684313
498.8247944342447
509.6487082543921
509.68677711018904
512.215199133038
526.8086878518149
529.6759313371558
532.2579816032325
549.8182662047299
549.9808818969288
550.0590723828626
550.4762464329266
550.8244092546078
552.6329884835926
555.5700207919715
570.5405944164731
570.5508272554662
570.8502347024631
571.3806761231239
571.6424829434739
573.3973629197487
573.5388440019153
585.1090602245138
591.7396997348981
591.8523944261732
592.1230445232009
592.3393216192777
594.5105845236491
594.8508747493275
613.7549796676686
613.8943222389225
615.4254574972359
615.9089109486532
616.1780570071079
616.4703215314217
635.0321568385485
635.7323093697249
638.1868347393898
638.3942814141395
638.750482403762
646.5196926205996
658.0873140643279
660.6951398037302
662.2061542052272
678.3924691388327
680.7849629478494
680.7960526641184
683.25339799104
703.9474956899898
706.4579099831832
711.0400431387195
727.4950033224285
727.5036074292559
730.0947130809649
744.4667415310005
751.4425645172961
753.8906856014144
761.313234017817
761.7856092444524
775.7671758828009
775.784918286085
777.6044397440598
778.0454362127246
778.6701893437601
795.9142678240497
796.3825424509695
798.3708579505142
800.8148118481223
813.6517397434991
831.2741970606742
831.74803506638
849.4102418093445
867.4266593244156
867.8983039333893
885.9468724215171
904.3466610795487
904.8211893273572
923.2608930665624
942.0954932630218
942.5417256566234
961.3525720883872
980.5299567916261
981.0055325748311
1000.2209245394696
1019.7858934329739
1020.2620245098055
1039.8671091231304
1059.8171538045312
1060.254434825179
1080.2914625009632
1100.6341293248925
1101.1119751841907
1121.4928714665336
1142.2221680711593
1142.7022554610148
1163.4721577892155
1184.588267742258
1185.0712897430665
1206.229272216215
1227.728570817521
1228.216387534327
1249.7622715871587
1271.6516254107328
1272.1436663259726
1294.0793151233327
1316.3568266363095
1316.8521702777614
1339.1712477644858
1361.8260035052665
1362.3372387194574
1385.0442719936718
1408.068961132588
1408.6073934457984
1431.6992737845467
1455.0452340999989
1455.2548440540568
1455.6396498043805
1479.130723045884
1502.919549447366
1526.775732213196
1549.1998288776902
1550.7796194039158
1573.4111390377914
1595.7563052241064
