1.6384290842638696
3.444059814101623
3.6026175401993243
5.36341724510456
5.469605673763359
5.58859407939048
7.314492442590776
7.358250260937597
7.451993307587976
7.582086380492727
9.280979711761221
9.312620219070707
9.378845494154893
9.433584375247255
9.578190029594767
11.23809949705773
11.256532430685237
11.283192826234236
11.431919017556114
11.575269484999971
13.027213334023264
13.195873751538874
13.237361430337646
13.390597880752235
13.536498281001826
13.58691783193904
14.999380212552698
15.224276658881351
15.239413078755286
15.60771149342543
16.01444241904528
17.16332483354803
17.217921047378894
17.614917614666236
18.0057015013535
18.025204070112427
18.86836031304871
19.146788702108257
19.215879851546486
19.60600264258979
19.984659744285413
20.035635764882596
20.87571289013606
21.23419683727225
22.04617472047469
22.128591552387306
23.207550929630994
23.214448021295926
24.136594870368025
24.88144380760872
24.889395929324216
25.21370505700936
25.78956798336704
26.86152601139222
27.796014594251567
28.860690634722136
28.933846131841996
29.848353587773094
30.91325857386261
32.912065493163844
33.383283949634084
34.30161127565084
35.36221424300625
38.22687796018006
39.147621769675645
40.20544546813076
43.4629298446853
44.385162715718195
45.44105387053627
49.09011387756449
50.013407669793494
51.06789935023358
55.10781639406094
56.03184356852888
57.085282803660455
61.51552825739692
62.44009862340929
63.49268906136678
68.31292722685137
69.23791226044771
70.28982352721576
75.49982728317728
77.47645957570464
83.0759805939351
85.05239839798703
91.04130663808219
99.39569054401396
108.13908683203881
117.27141752415446
126.79265197423
136.70272747932668
147.00163911239483
157.68934973165338
168.7658389990284
180.2311058421891
192.085126772752
204.3278648257468
205.93507136474787
216.95932992737164
223.80844104403795
229.9795010358105
242.45995936481972
243.38837089770405
257.18592980417344
261.8895143807393
271.37216266750744
282.0969857298208
285.94705442450106
300.91058963611766
303.0823055068913
316.26275074515115
324.8454053127225
332.00351467361463
347.3862344391943
348.1328532503343
364.65072976447675
370.70473932006763
381.55709005823724
394.8008782533818
398.85186985052053
419.674568147276
445.3259671176317
458.3449392356837
471.7549298281554
485.1626435877476
498.9611428971133
512.7578866723259
513.1476103004825
526.9453259855567
541.1306405351304
541.5203306015699
555.7067873960236
570.2808974825472
570.6705215720236
585.2457559326116
600.2086577461398
600.5983563711836
615.5621935647118
630.9138570108183
631.3038662861919
646.6561086571974
662.3965567175239
662.786265078277
678.5274871677549
694.6566396963731
695.0458776538514
711.1763290294979
727.6942873426974
728.0838255418737
744.6026263007659
761.5093316645598
761.8988764979445
778.8063353143731
796.1018214523043
796.4914556394848
813.7875102453327
831.471732568453
831.8611889244992
849.5461008153089
867.6190894453143
868.008568968977
886.0821459664238
904.5438693202613
904.9332451577628
923.395600440204
942.246261674221
942.6342092546556
961.4865017484457
980.7257249554326
981.1150102775342
1000.3548027828816
1019.982783387447
1020.3719818067974
1040.0005295854087
1060.017246521322
1060.4061142578976
1080.4236917323835
1100.8291886204659
1101.2182405173287
1121.6242649177004
1142.4185351960346
1142.8074772882421
1163.60227179701
1184.785320228135
1185.1741537274818
1206.3577247001183
1227.929557443936
1228.3182881941784
1249.8906567875529
1271.8512954388657
1272.2400004645006
1294.201178035215
1316.5506103987198
1316.9395506584326
1339.2895029635024
1362.02774418179
1362.4177667879626
1385.1564080978833
1408.2834221002074
1408.6776352674303
1431.8044808989355
1455.3198692340927
1455.7246451975677
1479.2468148640353
1503.1475343558197
1503.431853088512
1527.1923986815098
1549.5868741228135
1551.1915951418193
1573.79985875179
1596.1143727336294
