-8.165511721344407
-3.7255271090105637
-1.6040609153677847
0.45735085222605854
2.4853173248951084
3.2491815237161017
4.379577548253412
4.434394573087808
5.277160162001383
6.2277099174157655
6.387957801609167
7.252132449576987
7.292141583081877
8.320554805534044
8.350588716177901
8.429263456161063
9.256825112458937
9.306508340603283
10.31569285705795
10.450958337390144
11.023617352258823
11.244782464454328
11.282719543584506
11.346152631790709
12.222208915394312
12.386167236409932
12.478272562013707
13.317012973592423
13.433186638788403
14.023432862388646
14.251031974221892
14.326739721585351
14.49757641070634
15.246958042121175
15.32412250942563
15.45304873375894
15.850808534924052
16.11967877684998
16.219204400770455
16.367556639352273
16.491838704486053
17.313245590693782
17.455867200954096
17.8233480691277
17.94620985893622
18.174903298892772
18.29521361574067
18.444031565366636
18.67666601244491
18.974885631282838
19.297270993233955
19.4797028420134
19.907193934465955
20.20014971583176
20.336799131575965
20.384756427760127
20.73506697244491
21.02148413041418
21.493127823963718
21.852889182018053
21.88848504130732
21.987514390349514
22.211643276358906
22.228941329574166
22.382422060473157
22.778489669130554
23.06670750186615
23.53448790893756
23.93572568807322
23.973327883627988
24.087050965860442
24.23656565279422
24.373859752591116
24.799377519862787
25.092847680372934
25.52905788362085
25.82258051573557
25.96129339309699
26.016556444563495
26.24666903338847
26.34362266792978
26.420481901362663
26.827807047710067
27.08906240708231
27.61915553194209
27.86086093728236
28.002955497234556
28.05857152679439
28.28954531845428
28.631833037351523
28.783111236794113
29.115010857047977
29.566603077628606
29.665958828997418
29.879208804599315
29.891192725691724
30.091043690265074
30.280006430110436
30.810794829352055
31.200632104358885
31.49515007290679
31.646877591387266
31.72306314589993
31.889069731485645
31.92559952178604
32.03231619764898
32.35346226764124
33.34816318743787
33.68504023354869
33.720128098056215
33.88094187650502
33.944510343971956
34.0200569026904
34.06294602663086
34.28586806308722
34.336685296961306
34.75461158902191
35.60399862524792
35.741617469697026
35.909376434272986
36.029503721825535
36.12327074153377
36.335378400892516
36.49090397753751
36.62993517866138
37.50188702086441
37.691215514392475
37.77524189364756
37.94742207691759
38.18814301985265
38.367186412649396
38.43202900946832
38.859641455875035
39.175886970710216
39.64178278899812
39.68543048824841
40.00658661727112
40.20898582166606
40.302918967318334
40.39459975300625
40.75298880400079
40.9594643103035
41.18583348600911
41.20894900754021
41.7144964669644
42.061689800326626
42.20320373281722
42.38504403221042
42.502471528808556
43.02440775170015
43.21050711148797
43.39463536530023
44.06886819058252
44.08777639785364
44.25590403270444
44.40961859761937
44.48315755918148
44.53032156028957
45.06081088665914
45.216255730478956
45.28831571751727
46.143888806731105
46.19217843298357
46.42209254469537
46.86991870230152
46.911875773855456
47.08854698571259
47.22230614349257
47.46381440593114
48.028521009266406
48.085744080115774
48.25813146896868
48.44228171893583
48.47195573278463
48.807901101239445
48.92408754185791
49.34205084891891
49.70424522501041
49.74717276620813
50.03411762286772
50.29860830278932
50.44790653374458
50.972533811587546
51.018250949222825
51.73526154403294
51.812966644416576
51.89501675392836
52.04402708741712
52.1816059581162
52.308309052034424
52.45226087270236
52.948997075585055
53.634327644339706
53.87618964161082
54.04422203626773
54.13413148799427
54.4630714944596
54.58544074662843
54.62896422058516
54.94518372786119
55.48746261444569
55.72197179379377
55.91781481374287
56.05267721797504
56.06437085009935
56.12716502997134
56.20595187628556
56.5335620447795
56.830692553515505
57.019652734141424
57.79665221751083
57.83427100482622
57.925957081936836
58.06321247916671
58.07643228669538
58.85702673500881
59.45991159308617
59.711288557099834
59.89675983958505
60.0681854842735
60.19948779681492
60.31721551173337
60.66562689682919
61.27966340190252
61.43458714748077
61.8128211379668
61.937893635000705
62.024433455569934
62.079658746202945
62.139171825431404
62.45927576947687
62.645099531349786
63.79581391289488
63.93201621236949
64.07941941553928
64.23933454734396
64.33109240079798
64.4589240713591
64.48027428930533
65.3771660988037
65.46217026651752
65.69167094281806
65.7774389848005
66.21114794625119
66.31004899223034
66.47357825423997
66.68442760994483
67.63821742815166
67.8236750347687
68.33499270321232
68.41832711211572
68.52087305895185
68.66661737060672
68.67397168819076
68.7507273145843
68.92636904404199
69.25635489329252
69.54968783255241
70.33336767792731
70.45294932963152
70.51357081889404
70.70806625250385
71.03174998948516
71.2446362798408
71.26628849221609
72.16458603647382
72.32903637435517
73.09756544509695
73.26663580836936
73.44581159474768
73.64732353589979
73.97341344398443
74.21833141946948
74.69322868122572
74.72375055538915
75.04183195627192
75.06549465649832
75.15132472078065
75.27248165685904
75.34382243908601
76.04304417064658
76.11165707366222
76.35570165564384
76.4469222310546
76.8830573146856
77.12754241757861
77.24827013801092
77.29734356357787
77.89794727925282
78.21540989933519
78.35246382008474
78.4456934015609
78.76081366560798
78.95627655301186
79.4244437380962
79.58873594616009
79.99415748929103
80.06735260598452
80.28158404790757
80.45092631569322
80.76160021241535
80.99149005494532
81.14635937199958
81.30462403822014
81.86617345328924
82.32213430538903
82.38732031126774
82.45696806468146
83.64551794899256
83.67771893403815
83.68229386202147
83.95356656551088
84.07250753749105
84.3083365852481
84.40683970998298
84.47847074062874
84.70107161900495
84.77752092567387
85.16163897306149
85.50222563441669
85.78547090924023
85.79333708771095
86.01914402330287
86.136756591461
86.61081885083073
86.78228998049174
86.87223715621532
87.6723351934586
87.85251860198255
87.93348281577788
88.02383798166959
88.20904957766524
88.80479309347446
89.0543287565767
89.5941505503132
89.8985047290617
90.02927322517023
90.41494849603703
90.44437614403368
90.84398032652017
90.87931106712644
91.56150256763516
91.6151221097295
91.64709915271385
91.85586675356369
91.90243355496186
91.9719339292116
92.0424793279099
92.12877624078702
92.39592382524214
93.23445562165287
93.70543797205328
93.75327204071151
93.98286164233471
94.01977001530415
94.4661701666277
95.12748970053734
95.58317618074
95.66642688558603
95.77396504392173
95.82057415015935
95.9892160228441
96.63049730228562
96.73545072670208
97.02419833857275
97.62415117000126
97.86159633238209
97.99229579075246
98.42096653381435
98.75735568249203
98.91265602260329
99.84582156457229
99.98628261614631
100.01838104039264
100.04428574666287
100.32664665078684
101.12208529404997
101.21522313201653
101.58856775571685
101.64607790687096
101.66535537092474
102.03555051102607
102.10047754659098
102.16578910292252
102.33840702943807
103.24523682240452
103.73092672497559
103.74316531855594
104.17210039079768
104.3409696022612
104.59798703060683
105.2040019509299
106.06766816269545
106.21283201638059
106.31764170061464
106.3433618272183
106.42509846395237
107.12995427898016
107.23906319086969
107.42696214289415
107.6583496301958
108.19695539869834
108.3619713644652
108.73736661950784
108.75251315805686
109.04201237793643
109.0706378942245
109.22171866521467
109.55162334252464
110.01342933493203
110.07448216020738
110.23721812705993
110.39708250515491
110.51665716267077
110.66840657987308
110.85090560289377
110.91259507218714
111.08142159816299
112.05684366822429
112.09110705050566
112.9072310602148
112.95676735701166
113.08268809937819
113.1636774735782
113.62032969332888
113.6422548087656
114.44168919361742
114.73802674993883
114.95902690236785
115.08755871805137
115.7832319865662
116.14668655897847
116.9373345764861
117.16854355252637
117.29725560520919
117.87019180256564
118.20291043205302
118.34343954078201
118.48648198762544
118.75498229692495
119.02262955984456
119.2507592141424
119.64219085542243
119.78153343168115
119.93136990100697
119.98157547851459
120.21497603957759
120.45284705756983
120.81995885195843
121.50244543375241
121.54596867665255
121.60908136686788
121.70144764996836
121.85421964201086
122.0468974360085
122.21411822432445
123.48217357319926
123.70142764001115
124.08783598976754
124.21776734186739
124.52769397426704
125.53308224498278
126.06730307657492
126.42431530816873
126.6233855569865
126.73722431941363
127.39007093320926
127.58828454514828
127.66760195202119
127.72392485883438
127.76470193009209
127.88850110889638
128.12415714575684
128.38494109037825
128.8539214654964
129.33392182604686
129.4990553709323
129.6541329416188
129.76044888990225
129.94883046824924
129.95413835764566
130.24690871397144
130.4872877059926
130.83116073112956
131.40957776593987
131.5676886009752
131.66047479396636
131.73434261966534
132.60908758283904
133.60322772298596
133.66386538772696
133.73816429810128
134.03114862498143
134.27185916830518
134.77092508507224
135.1337967995316
135.46054867520127
135.58748716949103
135.75095272204848
135.78589434104475
137.27751120500025
137.2997094780093
137.40381479971612
137.6343016253166
137.9066426190766
138.70231438190626
139.37639519471682
139.40879938725797
139.466255708207
139.63283363218721
139.87800346932556
139.99001439692074
140.02003908080184
140.3549516568684
140.54823067158125
140.77949010855983
141.20869225705474
141.47596558163116
141.60389863386922
141.64337195042023
142.13011062317253
143.30370345889665
143.40219594568725
143.51743354249245
143.52321057842474
143.64706730423202
145.29616656540918
145.4949584816996
145.62221800752542
147.31117315361377
147.5972593418341
147.81128910718374
147.93304781820308
148.7345967741894
148.88664306581828
149.04892501295558
149.3745380667808
149.70667033933896
149.80214435343038
149.9340882187105
149.96381518823756
150.06663149389357
150.2580781176395
150.67538997212085
150.8446276068412
151.63545450008962
151.77393495323872
151.9406851726349
152.03620430377535
152.64304767943665
152.91932013496393
153.81457882400161
153.86875905882079
153.94451378970922
154.36339965024942
155.2020589174018
155.79203522225546
157.34432058735243
157.5851752198721
157.6088672693923
157.87122249086295
158.05585332267884
158.11552661485646
158.28520298152685
158.55218033323138
158.62037111021314
158.8122174985559
159.0975840287553
159.67088615661368
159.97820023678904
160.36988498710667
160.39375695957037
160.55941950631882
161.5753151695408
161.7521762341414
162.17102088918318
162.3315050214774
162.4608949488923
162.62918618477772
162.82426380217913
163.5005183915285
164.50285598504323
164.63270760001805
164.9510560643477
165.4991646652278
166.47695128649102
166.6315602930009
166.7753240254811
167.252552909869
167.38827124019502
168.2927141815369
169.1074331048186
169.3608454019821
169.49716257188527
169.69675332575775
170.3605056895511
171.47094526022536
172.07743261366022
172.39924637073312
172.99375483391117
173.0161822849747
173.10884940530096
173.13322145357108
173.20582437709635
173.32540724642675
173.53702775466098
173.70636043328025
175.57877965310357
175.706802635579
175.8981990552063
176.18471547031035
177.29788684616406
177.55025467958632
177.5559248308399
179.01689068600925
179.3681468317354
179.7892509692344
180.566286219104
180.82506256845141
180.87545229886186
180.96566933638044
181.1617600327354
181.43258673707507
182.3219880377326
182.37613171814755
182.69437403450206
182.9111621215879
182.93525692423418
183.81494879993062
183.90393986591326
184.0913766482162
184.15615503261265
184.99355347667606
185.00069117099594
185.06468659234804
185.16364930996534
185.1850821502593
185.41485209904417
187.04335600461116
187.17067479154062
187.260145722895
187.59525147443614
188.231144191947
188.93445304332982
189.0183300141215
189.89760671128687
190.83168260530093
190.86529744015627
192.20718369963214
192.67907144894264
192.89558159564103
193.01574326649012
193.05944077191398
193.2041198672524
193.7890520294457
194.7890079102145
194.88842718753614
195.32113621371397
195.55594309262096
196.08887395787684
196.56287446717914
196.61931754650178
196.85547102016193
196.9845965262108
197.01652354689125
197.263085542403
197.321556988318
197.580062282078
198.28047512231313
198.7229690823388
198.89679537890188
199.02518643612376
199.21327515577977
199.30404340634516
199.39294522513015
200.87154465705714
202.11205218410453
202.32911600708084
202.68422549688842
203.89687398531944
204.13534169823455
204.74806252969717
204.92123724478515
205.1418498935409
205.25828785504115
205.37047947918464
205.61630019222008
205.64386995963798
205.81412092666773
206.35043360611633
206.99679752147472
207.03134900793117
207.40752684051023
207.55700412865644
208.47451912609728
209.09763276761873
209.261079468599
209.29529760139948
209.35589243835975
209.8999721785775
209.94347869774612
210.52831761228484
210.5705772465713
210.78179312273585
211.13748914270195
211.16014708466153
211.2675796886199
212.40795387329396
213.11288059700223
214.1817245998361
214.9255280321339
214.96973520012415
215.06301527376178
215.59923121496905
216.31766852615067
216.87600658297063
216.99040647281265
217.55045132497258
217.56188329651832
217.89024634855392
218.20447038383884
219.58970948037563
219.65142378238315
219.6626051716798
220.717062903574
220.8383257084416
220.98425148368017
221.7286129463975
222.06546377011665
222.23237911557925
222.63022899901327
222.81727952994711
222.96449701486034
223.0914536056991
223.15158245407625
223.76911909827479
223.89873713322442
225.74350962476294
226.42322415679405
226.4348079502013
227.3723475916552
227.4448885421918
227.55302703626455
229.62034432483475
230.44292594303138
230.5178789007647
230.573732291789
230.90975524918315
232.28118315442325
232.44130475101417
232.67120953862877
232.68223233607426
232.73215858131772
233.32310066750844
234.74871442651946
234.87010111563845
235.1296412829663
235.4508064001165
236.09447415733098
236.34026288943926
236.38553808977548
236.5941577848063
236.79111231676404
236.9192017860847
238.28652981347713
238.7628915225049
238.83533552631673
239.0524320715227
239.70038598654165
240.5760065516358
242.6403879719707
243.0767342522203
243.9813435645366
244.2777772971815
244.31863381617003
244.91361883355253
245.30004013784568
246.09052417876873
246.16690484214388
246.37015989070335
247.5009969030054
248.15730648600737
248.46625108588955
248.72873779223042
249.60938129846102
250.1516226231039
250.18591421245986
250.2057286374928
250.33205035208232
250.52864622337722
252.07444906732104
252.17145718431232
252.3253888370572
253.98377723562427
256.0473901403571
256.093816548732
256.5355264221791
257.54198798151367
257.77829713198025
257.80980216436353
258.11603469865605
258.7067243846747
259.88928579601213
260.51964123272626
261.8769294874586
261.9550235683563
262.9389463658197
263.15913007614483
263.9957569605981
264.1134555931842
264.1200411145213
264.20097367134224
264.361560831501
264.42847429422716
265.3444726103807
265.4807330904437
265.9688421785635
267.78064366835287
269.1653676438924
269.5010891935882
269.8441502903793
270.5690453836896
271.965222891185
272.2412327941535
272.3022279231217
272.5053029805712
273.9278616383818
274.074963176808
275.6721758064384
276.1409085652046
276.17716855888796
278.1769627738711
278.1852946090837
278.7525568674408
278.9409930652679
279.27756345552547
280.1542080660412
281.9654019468903
281.9732342649242
283.29755707180567
283.97393225314835
284.0297067715682
286.5399049210961
286.6935862003985
286.8772205798134
287.72204236438347
288.6496767288892
289.5828871437701
289.85356421018656
289.86950636484573
290.7153603383571
292.54884627171003
292.75673188800414
292.77625855928346
293.46250295554665
293.70883403427456
293.789711369225
293.8154180817073
293.9139840380628
294.6506316938356
294.729852462577
296.5402836147441
297.48444811952794
297.7695905352097
298.6031373452958
301.2649722601895
301.5034980426961
301.8406655446914
301.90900920706133
303.6133210602073
304.4316594387829
305.68016493907095
306.73451281615456
307.7206253775181
308.0413937452751
309.2110424234529
309.2720625326266
309.69219661631723
309.8731885460267
311.50383375046897
311.9550616070646
312.0598368959168
313.56840217536137
316.22802669245885
316.4834451611187
316.8556399200594
317.1929299197857
317.56974732449817
318.96580924106473
319.3962269748825
321.03187531494996
321.3085927671236
323.0008220755106
323.0727066418589
324.1885997454568
324.7198797897301
324.8144757080859
324.8455516474348
325.0042733556066
325.0454334664641
325.22726093948773
326.855362573988
327.0206533166383
328.91937230002736
331.4475064345243
331.5799661243267
332.5583486722624
332.59610162530055
332.6542816021582
332.68128696963504
332.93378245521876
334.70659355745704
334.7465546846917
336.77277895604294
338.35258407710364
338.8136029630423
340.7844514604838
340.8037145828742
340.96096695331255
341.11573250462243
341.1527713189179
342.37273327285186
342.5957344782242
344.6596815170987
346.7987215112487
347.3203403682812
348.7266040074016
349.06321684942037
350.4869731256696
350.83613620975046
351.6185478207615
352.90321933353323
354.0926533580265
354.94362948504823
356.8429233698439
356.9138453222753
357.09310962183963
357.65347525380355
357.7103455807953
358.09263960428234
358.7249622042063
360.78457954672336
360.794758926836
362.5387832407112
363.44873977002726
365.2446736489605
365.5812253492176
366.6158342090754
367.35342617262256
367.37991777752427
369.4203319022041
370.2218639078867
371.4620499617496
373.4315941996636
374.047417037683
374.2425615052258
374.56298071406786
374.7609840060434
375.2422218080606
377.3064431027061
378.66731862207433
379.9688145661002
382.15115060919544
382.48776710573145
383.1336192461516
384.2593917999811
384.2840245632589
386.3269496470205
386.7390281267649
388.36766712669237
390.33847199575285
390.75974961522394
391.8459866566627
391.89148454837283
391.9796461550425
392.1491821594655
394.21249480763225
396.87318671051986
399.3746962393816
399.4466274312324
400.03937624547086
401.5459602437311
401.5571004692229
403.6219102464038
403.64458996673727
405.6632456773083
407.63285208954744
407.66485595296007
409.31932856086
409.4434338617876
409.5504066740747
411.50696731555814
414.1675275552191
417.1300682699047
417.33312628090107
419.2396194708093
420.9378610097157
421.3049266422022
423.3454411353217
424.95855377700894
425.3158034830861
427.12643941467945
427.28311912429
427.611856859166
427.6632598353756
429.1896566111161
431.84895150441224
435.0074634725809
435.2017890552905
437.3115437990134
438.6228452278204
439.3765457160624
441.4179775434285
442.6367523746432
443.38658520642014
444.836023455651
445.19677608903345
445.22402912363805
445.71877671019075
445.98834310609544
446.07312321573886
446.2106971985757
446.2614561074001
446.3207826888158
447.25995155732227
449.9171047081168
453.66152816632416
455.77064078033186
455.80782771737404
456.6805431129006
457.8352380164977
459.8752216502795
460.71436348254485
461.8464900381454
462.76512047618183
463.65520674229646
464.2952271795857
464.51165961371254
464.94445351831996
465.49313613597025
465.7171091580509
468.3732533684006
472.5088570347552
472.7976373031141
474.61668037671586
475.16054269766397
476.68190480206727
478.71853010239823
479.1517788816729
480.6875653552713
482.49833336109725
483.4372221113211
483.6377708106782
484.0945016361849
484.1942239867785
484.552006198518
487.1606834526651
491.5765606285002
491.74239459313736
493.8500483888346
494.03458758557167
495.9010342417362
495.93909353675497
497.9285959424555
497.9539686113789
498.83679389784675
499.8750511272057
500.03656887248206
501.7247035509561
502.34694885042904
502.8857667721478
503.53573437157553
503.76923892643646
503.80839117865884
504.0695262052748
504.21626036044165
506.42090707485926
509.65393612579965
511.17509760772566
511.35573540234617
511.52985390222705
511.6881304536495
513.325239509937
513.4697149714375
515.5673835933356
517.5969160395149
519.5645216430445
521.0752208857473
521.7861121665229
522.6560146408739
522.7265295034875
523.4613836364873
523.8010705096009
524.0060019156361
524.0139903798955
524.0643115267084
524.3970735197648
525.4479629521167
526.2851544596205
530.3367587822034
530.8960704069166
531.0913624396226
531.3286723146025
531.5547463048088
531.6909701631279
531.7938356721995
532.9309687967275
533.3268654694278
533.4740120661056
533.9202886497295
534.679828601224
535.5691089262336
536.3227824863618
537.2390105949578
537.5158353744326
539.5646946585118
541.34768571706
542.492841226396
542.9081679963735
543.2013510791938
543.2580165391714
543.5374973888139
544.1230921445548
544.2983343694359
544.3511175269409
544.6191342864528
544.6602305180621
549.5095396067292
550.2302109851859
550.7846695569148
551.5500561126929
551.7822090836734
552.0732817211282
552.1181795996147
553.5306036359341
553.7058461904874
553.9982602208031
554.1520788554976
554.2344438611236
555.0314982070939
555.9757673922448
556.830584430602
557.969186604374
559.9261733357354
561.3206474461798
561.7711244541288
563.0211615720838
563.6453463329973
564.2777990118119
564.6397336237593
564.8246678364402
565.0454923936113
565.1762691355282
566.0068209850909
569.2096096000416
571.2520309493906
571.9495428670926
572.3490813826259
572.4482634663686
572.8645626518082
573.4113088938194
574.567828482123
574.6494390152196
574.8932274939413
575.2425957629018
576.443193345278
576.7125884276724
577.0003195943134
577.5639261911601
578.9304585541568
578.9691382488983
580.8262709343547
582.5715261136833
584.278743032554
584.7637413558463
585.1297110027291
585.8339812896996
586.1512159597366
586.3955327472195
586.530320157169
586.8682794088327
588.0034912006274
589.3658532334791
591.674025509042
592.9540155109676
593.6472319367634
593.8964827970192
594.1041101812342
594.1803148041549
595.1263878801794
595.7627518361963
595.9040528487207
597.4934321358359
598.0083244683451
598.1236113165689
598.7345530221138
599.9260600163417
600.0444699847831
602.0329251965524
602.4931489755404
603.3851123607228
603.835913950092
605.8738034895295
606.7181252597294
607.2585819643193
607.3937261630879
607.8232476170073
607.9684218901943
608.6084043044671
608.6431114793169
609.1510623044638
614.8814027173049
614.9425915755855
615.3006113729111
615.4149533098098
615.4456751518619
615.5891523801031
615.9631048942852
616.0790100812528
616.3483504769232
616.6449740098703
617.1589884409753
617.3024726425617
617.5958526294304
617.7579816105836
618.0194236027346
619.4398452474338
619.7473511220932
620.2549299108036
621.590109011306
623.4708198350783
625.4529635787369
627.5271532233043
628.5570782681428
629.6880730807834
629.83818687368
630.0022138610138
630.0173094786406
630.6498692265085
631.3830500880645
636.003501547501
637.1942012702555
637.4703449502066
637.7911467807324
637.9521154643418
638.7276141388494
639.2061870082556
639.5406310530043
640.82113078363
641.5895741410346
643.6585971428594
645.4764651736111
647.3727368415911
649.3572224365084
650.1257611232384
651.3758419165642
651.8094720422303
652.1549883987853
652.1699921338857
652.3524754570809
653.1211228704184
653.213400631959
653.4890564400388
658.5646235630052
659.6538189878424
659.9778350950776
660.116201833283
660.1204237341071
661.8442951596074
663.947263409877
665.7091308393104
666.0007280031796
667.8577975379849
669.5918084425124
671.8331536415411
674.2389953434041
674.6568662803843
674.8301719956701
675.0610689861271
675.1026203556329
675.161701450303
675.4892374713095
681.0950744974556
681.4617336383326
681.6282172227012
682.335625422369
682.5610297303623
682.6259031404777
682.7921931144349
683.0133117377557
684.1687843366748
684.5946931343295
686.6883375491578
686.8822483318799
688.4407771918211
688.6286183595306
690.6275142358305
692.4835393070771
694.4789189344054
696.9865210958442
697.2084529967588
697.9553596030163
697.9753011296714
698.3289349880962
698.6143908760905
704.9821520032442
705.2344460489021
705.6268622632797
705.889604557
706.0077815823263
707.623904997981
708.2092828837003
709.240983455107
709.5964020518136
711.8563339593395
721.3851113098891
721.8745893282944
728.2521098987166
729.1130329377274
729.1207177494288
729.5357433028079
730.886673957478
731.2274940833132
733.3784659060066
735.156534469936
745.778248478994
752.7247331622864
753.5992746022516
755.088048215283
755.4111635904046
757.0023071451573
759.2001789199783
761.3035727154052
769.9283194279836
769.984873885292
776.7960550149487
777.9786106288216
779.1550425362163
781.412315808674
783.5597445373799
785.3517543765004
792.4336237842326
800.088624674677
802.0736196372427
804.0188012265128
805.9497532562798
807.8027305714204
1000.2449515880289
1039.8868935103937
1079.7608644163017
1080.3236378148583
1099.775392344055
1100.6279742625482
1120.9526105756918
1121.5172678893907
1141.3637400748628
1142.2192542252624
1162.933571049074
1163.50026721832
1183.7232112102217
1184.5877058591245
1204.8678115675057
1205.686661347204
1206.256839195972
1226.8692827095826
1227.7340509523938
1248.388664150099
1249.3684419358176
1270.7955469126175
1271.6601498998477
1292.6941201368102
1293.8202221475851
1315.5137033755439
1316.3642959813367
1337.8028144127059
1338.6253373361328
1339.2159279616478
1360.9737129827108
1361.8479427080938
1383.6583779777359
1384.4774557141977
1385.0918747899066
1407.2126325777822
1408.1115074801003
1430.2816800852136
1431.0816915478254
1431.7397759823155
1454.179491362868
1455.1476056746612
1478.584571059355
1502.109659808055
1525.9021013192648
1548.3979860967584
1549.9178495100223
1572.6137312772507
1595.0318067969936
