-32.12396416340387
-26.177311715738746
-24.04067418216748
-21.96073805501463
-19.913225288746503
-17.952719616466993
-16.143612405185664
-14.022845391736112
-11.303405548769454
-8.087668066298036
-4.4374858103787
-0.37605262262857764
3.148426853129895
4.085261417060103
4.835246256297054
5.187387328605696
6.810281727261874
7.204910605326221
7.214782280952189
8.769944437436294
8.806715638855028
8.935325967320871
9.226834459669382
9.2508657654724
10.731632698653485
10.801333678224843
11.243078101519155
11.25079100449822
11.272233973286315
12.600763197745845
12.750961466580799
12.795200747348321
13.262867414697212
13.27925238005461
13.396371949449795
14.190907691995172
14.466997542751011
14.646153657888254
14.78463420671416
15.271598525658646
15.293667557605511
15.41177946976251
15.827651900972306
16.510045500321468
16.66576732873495
16.762196580293388
16.806876672392928
17.29959019739089
17.41868712352071
17.83757224332068
18.53159271368221
18.65693752648405
18.696808668966444
18.861798466204988
19.298992639846915
19.419195339044162
19.653179447485417
19.825377130187
19.89100111799156
20.545970295691795
20.646462769382854
20.69016835430837
20.900603159861113
21.420436902704026
21.6923121447026
21.865021484871516
21.96248794693195
22.57165375922228
22.685639033193794
22.9123380332717
22.98842665295941
23.350525466801916
23.69834993015093
23.858960535050823
23.989038917969502
24.61571810104462
24.692271762371785
24.927691055073048
25.020448264048937
25.618978982431273
25.65954170655402
25.781711026804015
25.87827175631449
26.03518066393279
26.675868005139243
26.708187508118872
27.02501188431652
27.06602969996675
27.636792821826283
27.6886700439061
27.777215638564343
28.028326391021324
28.56333601749677
28.729365269307532
29.04195825017784
29.3750799821599
29.67360561055803
29.70606776471422
29.838504709897624
30.03609403167658
30.522305498899314
30.74242753438667
30.806717648438365
31.053739177196398
31.694643426712293
31.741002660214736
31.839706691378577
32.20950229274938
32.3791867188645
32.7614368958752
32.848442054201996
32.98333953495418
33.166522958052305
33.774973705803475
33.81342110746554
34.180514040115824
34.76510620848467
34.84984732917438
35.04453000923681
35.30955458458168
35.46716808098202
35.63070213139652
35.80769439903442
36.218168433799974
36.293988495952334
36.841234987652705
37.32427069820318
37.52082906514978
37.77997101768662
38.237912504427314
38.38996614412861
38.82041504476336
39.036682789983544
39.0688573814803
39.23658350351285
39.32254391966997
39.4055903645791
39.67554118814098
40.01595642107634
40.19722455549086
40.287004117079064
40.93441676852353
41.092642210153194
41.3550071204871
41.54687015694052
41.64239709260647
42.066317230384115
42.202588260888
42.31249426893677
42.98313457950221
43.10490459670782
43.3522021705146
43.36855621261145
44.11263706683292
44.146324897892384
44.22319561346665
44.343481033513015
45.122823905936336
45.306238885832876
45.41280586547413
45.48806001843379
46.001724198990615
46.115622628392636
46.27584202921128
46.34332661384522
46.49475235015696
47.1295956638247
47.149567746290245
47.50880511158839
47.828391396398374
48.191299963936274
48.43010757247485
48.64930587771046
48.897476777908516
49.02485980233013
49.413945109908866
49.50208030411701
49.967489996982636
50.240124795618726
50.44186828495906
50.50969382477306
50.712216115133195
51.06197398828077
51.150175323860765
51.48892722419673
51.66345450100839
52.026457313491576
52.39668019932562
52.70035672788272
53.01343292152956
53.14967460057857
53.43107266366989
53.541649689918124
53.827503746764165
54.00870273673796
54.12940309999187
54.32467686632757
54.43894649294028
55.0796987011598
55.16963058946651
55.51376521833926
55.55166266720022
56.00960580309068
56.1117407086202
56.34016618438506
57.030546750732626
57.1588574024166
57.201978920775005
57.521258497373864
57.8840892197102
58.07435841062373
58.14668024793582
58.615190521730675
58.91167209579547
59.9664925909836
60.017909900651
60.11712945592437
60.769157285603825
61.15306219418361
61.21252268586946
61.490282116662065
61.86906304444767
61.95353600907795
61.99658549005413
62.170270808279234
62.41865171432573
62.48601338397932
63.21290838118026
63.23878397078752
63.58344458548686
63.64260902873558
63.79639135983949
64.05622338467026
64.20531795803738
64.50046854007086
64.57726650655131
65.19280409936029
65.32831954557425
65.93956724283369
66.0076322647852
66.41832854153131
66.44046190745715
66.57273087676359
67.22107257189374
67.45215233144458
67.63442699621277
67.74849954004766
68.08571085662552
68.21533874874959
68.59150800247507
69.17155903849505
69.2440176192241
69.5890238196493
69.62931250081957
69.67222719008413
70.29214582951256
70.48918182493945
70.57865041210039
70.65374417964966
70.85378465496798
71.064593966467
71.30853992535347
71.65166294934087
71.73374706979389
72.35425841750077
72.58658183865961
72.83978739663605
73.16233051338715
73.36691835218028
73.54573589860877
73.67475353928502
73.78509133103584
74.53717826033993
74.88610116167487
75.40058368946723
75.64884231117162
75.71887416103246
76.06087452495561
76.12811388048007
76.41392317650542
76.49690191404984
77.00986359741994
77.07745759836372
77.40873286414194
77.45397372862261
77.67904474937605
78.20665529857735
78.40352173474676
78.5444213351054
78.7973923614442
79.05462810130508
79.1641873442158
79.29503723127345
79.50745789338566
79.70982377764622
80.1261672476783
80.48879700321697
80.620865252116
80.85960340686266
81.0872122174856
81.31461102565133
81.68932066831111
81.81309958547801
82.15400397100035
82.6140719441735
83.20039804964122
83.28232676194884
83.64508759211505
83.69786920664288
83.92298802705308
83.97574572695626
84.0581391848765
84.62861032410423
85.23344143486075
85.28091981602675
85.64799572294541
85.70081169914761
86.1201567469154
86.14231970208633
86.49650632662656
86.59933118871773
86.97746387535585
87.26905304176458
87.41092825088874
87.68521605156616
87.86847998254743
88.1728752688318
88.31146593310137
88.53375182997686
88.98016997455368
89.03408777313848
89.29264881698263
89.67777521695758
90.12696054472654
90.27852429555001
90.52200991718503
91.09755072620116
91.28964046602127
91.64244853878249
91.92513179554076
92.03184455338702
92.2171514398278
92.61924434931387
92.67485791925678
92.94388952140082
93.2491599127974
93.26676778556806
93.99925538858601
94.11871837129304
94.1318214705156
94.21258557484225
94.43535949586462
94.53342917488727
95.1347148067971
95.26155558138849
95.32388517605668
96.0123263622879
96.17984192369686
96.26069025722006
96.35926469406257
96.72205320567832
97.23036617094887
97.38328284485259
97.58847680879076
97.65715359421915
97.86229314599105
98.01882494451283
98.2284059162788
98.59631000079432
98.70808314407847
99.1794096127777
99.26977566181957
99.8324733302604
100.20365918044438
100.39784073671677
100.55072116188344
100.58137119000719
100.95501557524487
101.23651858494974
101.64451246533993
101.83307255391487
102.09261080916116
102.4768373291364
103.19657006742747
103.31648273985739
103.5482948877595
103.6382084406174
103.87596155301037
104.17155116530148
104.54365496557622
105.28815122813035
105.66640374905843
105.73039853529355
106.12432885422467
106.57812802252812
106.70257138251526
107.10323220831744
107.36210184466105
107.57781475222363
107.8099764601794
108.1568773499445
108.46862979971144
108.5516094863015
108.69831230088465
109.15676384295648
109.26145530934178
109.45080648565762
109.60281137985413
109.79396297312734
109.92889044482382
110.39521615187144
110.46615097740728
110.55808240901251
111.18078446425575
111.24181625094585
111.47872024908241
111.68421818494329
111.77729416039723
112.39151384427815
112.52680035321265
113.02387523884073
113.29688966204229
113.324008577823
113.64522247733902
114.01274727873147
114.11135743048264
115.03298994669244
115.33742085399734
115.42500159606692
115.88874064633521
116.37726160495899
116.86733485266336
117.29175651415083
117.35919161705206
117.94486672513953
118.10155357281903
118.15012781133949
118.28878744001025
118.4589437125924
118.57921308945235
119.20410255677854
119.48127400489696
119.55983013699587
119.86956284572763
120.1458479631885
120.36255426391618
120.46975191589151
120.60825222866109
121.24967075501812
121.29212046316718
121.55224953661372
121.71247869291176
122.4348582206976
122.87632652537384
123.29567125279033
123.69741221854775
123.83103886254305
124.00373896851443
124.4941065251271
125.49570358036986
125.56145904811129
125.73319039695171
125.80806286064686
126.13580444375955
126.42179344549493
126.49668246112753
126.91234772132434
127.1565955217948
127.51551736120622
127.81264118516299
127.84274323234972
128.48786273167815
128.6514356370206
128.8441212002057
129.16391308154402
129.22184353250137
129.61620409909037
129.88549685004796
129.94688303096018
130.08126222944975
130.41016376047526
130.46550143219724
131.09235947437975
131.20951679294066
131.94427558597923
132.05060936842136
133.00383799963114
133.10381037668458
133.40888176494707
133.80265920736295
134.02448036254796
134.3978888718874
134.699596617202
134.89121297334276
135.0724492179106
135.86412383883368
136.00106776516378
136.80359993056726
137.06133742362766
137.16736963048652
137.60754204300886
137.75544966346874
137.87296414813105
138.07159502253566
138.77637296178267
138.99506568103314
139.1218403942596
139.31293640533443
139.61277092751897
139.8219152453291
139.86319159075032
139.9568614724552
140.0165033668745
140.10590986205958
141.1313026229468
141.7083675931019
141.9110186025591
142.53697933475837
142.79296821053876
143.01049075422915
143.56597035841293
143.92861078528313
143.9892380530957
144.4066051611193
144.9926592528584
145.13742685855155
145.50151584356965
145.69018351448406
145.80715080997248
145.9232803022934
145.9889136677268
146.9866749028301
147.55651834778487
147.66002293310922
147.79946143374312
147.86735848819677
148.0028094034867
148.06729086455627
148.70062580278855
149.0236950704893
149.14391794479718
149.31930928250017
149.84194790165103
150.14044758914324
150.1946120102778
150.24370897423483
150.6331235666785
150.8783974343045
151.13709261238554
151.27353916411144
151.4273968646076
151.68344092749257
152.01225690545144
152.21696861622587
152.45673684497535
152.7074446689528
153.09426001864324
153.3268379651257
153.7108123210179
154.2155089112339
154.31765615200777
154.3600903718192
155.03544561226525
155.24262434933596
155.31043313422407
155.60318927368175
155.818556428241
156.25250587606027
156.5699733062236
157.37492088565298
157.513052217872
157.61022649985523
157.86574359042368
158.12219615209685
158.7112496779903
158.76422776434183
159.3989054922106
159.71579565053713
160.01661306952255
160.13799552537677
160.24615403685507
160.53136289571765
160.84161083252366
161.1705547369223
161.78513185126573
162.009917476426
162.51118898469895
162.75829930453273
162.89862006679047
162.90670955860935
163.02834420294698
163.24524819713977
163.45550324543754
164.0325246287286
164.2389012291245
164.58527117038955
164.65459293091408
164.9541362771033
165.79966649357576
166.0235283385453
166.43904999554053
166.9464840271528
167.11509002788802
167.37051684421326
167.4553860130463
167.90075273950262
168.0057272494337
168.80271873157005
169.27960680976634
169.45190849169032
169.6987494112643
169.834984044085
169.87396353116822
170.09998333322915
170.8476194270183
171.1082432787215
171.30632087662516
171.48574263293418
171.7247817306879
171.92884849235867
172.2000404346177
172.50557728880526
172.8848561352628
173.06694309354592
173.09832800231476
173.33060432576693
173.44172141943042
173.51308734485758
173.98643390296016
174.24811779014985
174.48234280725265
175.04594709641898
175.17549982666162
175.28582642956508
175.41821223047526
175.8393395825667
176.03503434109786
176.5567821626404
177.10402046918256
177.33783147435852
177.69384423646164
178.02085898801124
178.07111854892443
178.78223535809
179.09348941576667
179.71816435257614
179.8692764610121
179.92316929864307
180.12713647893264
180.20800439634036
181.17941778333315
181.2668440186895
181.3202758474428
181.34687101276796
181.7298037969402
182.18949053248454
182.5837223840736
182.8780935758737
183.12449092807475
183.3947475081668
183.6001908430965
184.02749167122178
184.5063546036758
184.58591933137512
184.7082316953392
184.85717769277045
185.1833383464615
185.4607635542396
186.23143242361294
186.4174072887706
186.56813266966788
187.47542558638324
187.51204414287142
187.62652764889577
187.63880983183608
187.78351984303595
188.18434625499793
188.40337422787297
188.60951436359258
188.83874902935074
189.29612000282603
189.48711751875013
190.0638034700911
190.5838033742129
190.6746229577809
191.15463852930506
191.36801105034627
191.78438537303217
192.34954284930308
192.66258067021522
193.12676173161893
193.1780994441127
193.20868952060695
193.3627536673788
193.45148310962136
194.44474371939546
195.00807492371436
195.09999495679716
195.22370750831274
195.26967934006427
195.5516503644639
195.71855761877643
196.00403229877514
196.44223116140157
197.29671785355015
197.35166088383946
197.59780266474255
197.9049348992706
198.34695412837667
198.43164144784788
199.00350945653025
199.09671872503478
199.19508389921046
199.3669349353521
199.48494821409795
199.80242130626505
200.40992582541747
200.70297778165883
201.0410218179257
201.2794644708328
201.3719834313193
201.3742980816664
201.6730401597119
201.86521391430853
202.43983291248085
202.66919840241925
203.2192247002037
203.91070217543157
204.22390667532738
204.5333117366158
204.81812832142623
205.26497695765318
205.42976831899287
205.51752977452878
206.48149080984035
206.76128166947296
206.962467167253
207.50897211250083
207.66855325457854
207.84312065151897
207.94194660020838
208.69009842912686
208.7786959851901
209.56329281682025
209.78414211792511
209.92558303023682
210.67923447451756
210.94783513533343
211.61133029783878
211.84669850598118
212.14525446002656
212.67404295634412
213.00774826803945
213.23686508027478
213.61739337396781
214.4902842919957
214.50954893414072
214.87313772629574
215.46203087631227
215.5410805927681
215.73514404937984
215.90642669445597
216.68338652147014
216.79451998273305
217.2904351168886
217.45367193611787
217.52238177897644
218.04531970497302
218.0818303959546
218.4919575084067
218.62818458932003
219.21462857683707
219.33342351017765
220.088128375196
220.14930641553994
220.66495008351848
221.02356816556605
221.33029955865177
222.2133732236719
222.78173929272413
222.96911406506857
223.18101033297845
223.3636556472101
224.19479500879723
224.24990456267005
225.12020833317604
225.26677534825862
226.24869391084027
226.51721989664387
226.75229702275786
227.30487406795734
227.40659126424237
227.61787806788843
228.09303717694138
228.4031593360088
229.0100444696566
229.33330405706442
229.4443049021469
229.76323857989001
229.9555866390742
230.14605597187597
230.30199927804284
230.74014450278256
231.08904740824534
231.1851102173504
231.8549162983026
232.37748107028364
232.47687679965148
232.7004411516951
232.81274170350716
233.02836768871032
233.1729751050202
234.0151688449178
234.35514648459258
234.66864594332642
234.93427725078064
235.02979461915913
235.2283440046925
235.30211153905756
235.8348370509258
237.1887084941242
237.263872233176
237.39555132842878
237.9167348432883
238.33835672657582
238.39565927730766
238.83934399687155
239.26800546575745
239.37934782371894
239.83836255369334
240.34434572265747
240.788781856705
241.1173027950657
241.22868514676355
241.55510793784012
242.16613078930328
242.4092233127728
242.7522916209183
242.8713277739835
243.1566749054439
243.3528999156083
243.46530976825886
243.7078103742488
244.18082530229336
244.38549740191246
244.50042568694047
244.88637915861872
245.79079536299682
246.57965420037587
247.68537609048633
247.76753174376643
248.64156010896534
248.85131718339912
248.90361960396544
250.626442665726
250.6779836146581
250.69026965077998
250.96388117182943
252.3889584522766
252.67801329499525
252.87044304470035
253.2633238045533
253.75156620170486
254.4943375367481
254.61802379051886
254.85313498468463
255.85441819669302
256.38292177906516
256.5625669029408
256.61378922395346
256.87785901667655
257.3026743111664
257.47820161956554
258.2813391388972
258.33169704113044
258.66238650487253
259.1267745854079
259.188219218329
259.5750535381597
260.37947641729573
260.40265046610256
260.7752037429791
261.1429080335174
261.56990017651725
262.25167136145393
262.43810286293603
263.00005633971654
263.31443541581785
264.49536756188473
264.5555433651069
265.460540662533
265.86133699299876
266.47578271149
268.3340953368762
269.24528938623337
269.65337000014057
269.79556761305673
270.3552693865541
270.7163741294491
271.6587752064297
271.93128718153207
272.0395617216136
272.0757122542101
272.30640331528423
272.4592956055285
272.5290860361937
272.69273310313815
272.94894095768365
273.76518783679893
274.16595586594775
274.412636874851
274.5633709273862
274.62568527316216
274.94860891635096
275.60923585202397
275.75788616441037
276.01942683315104
276.04395297145066
276.25746950690814
276.53530753044237
276.63162852951774
276.68870660779135
276.88490498825416
278.6499892201666
278.6957084032901
279.0209570121292
279.6062880541576
280.6598347513574
282.2589242663567
282.5100344788018
283.56834929890755
284.0807035762775
284.35711445863853
284.53802562030074
287.06167960476773
287.1402607424487
287.55099143065763
287.7917437423325
288.34835184101945
289.11098272552107
289.1745819519881
289.68077121945896
290.19516356264216
291.1460676312069
291.20634193839686
292.78047675202106
293.2428507606105
293.2787485606863
293.7853519969734
295.24038686999614
295.6952467477323
297.0813861519846
297.74242670264397
298.23686312547665
299.1075399605952
301.70503376243926
302.0262417234027
302.0434603676487
302.5109094459352
303.06847657159227
303.2487128395357
303.3853957958436
303.44910340598676
303.5287897696268
303.7638760841226
304.08721390610725
304.1083890422458
304.51047518215523
304.5734112167737
304.81634417233687
305.9679164125317
306.16314864243355
306.8976101448805
308.20399784394465
308.3515069319792
309.5273288920084
310.1923442115964
311.8878487868059
312.0406904012468
312.18480961809234
312.33620380862817
314.06201304886736
315.75065671177845
316.6597445153051
316.7165371613763
317.3764247659503
317.8687828720917
318.0529383361096
318.3776784680869
318.5078384999591
318.6341986801121
318.6657146088927
319.04027415689933
319.44861291077905
319.6650913038587
319.76550125734974
320.19468778753264
320.5349637027541
320.92945790803896
321.4992824021279
321.514335181287
323.3027676691429
323.5506710554369
323.62174880547525
325.5126202619394
325.58893749110615
326.72363550752937
327.2885175800908
327.38583070400216
329.40393556339177
329.6074125637252
330.03349479658624
331.6683959533855
332.002047947928
332.18132593427396
333.1137981037989
333.58691632157513
333.93128703650495
334.0201527168716
334.02998380264
334.70860790399587
335.1132754352464
335.1906505028408
336.1330913251658
336.42056137183584
337.2257083799535
337.24292897635786
337.30828550846496
338.63939760770876
339.28219676347413
339.3559094817574
341.2819480896557
341.65177045659027
342.63086341191865
343.1195079708078
345.1539185573369
345.2009906723821
346.91872389033875
347.0027399472065
347.7279697387088
347.8021635713925
349.13434269281174
349.23650745875415
349.38821474251216
349.6907111317577
349.764013300165
350.82037865659106
350.86059187165444
351.3136645044644
351.34854626807527
351.4963022657083
351.79367045936965
352.4894868901718
352.84997602829816
352.91540738129237
353.1381667764788
353.1634757111831
353.37003677450656
353.5263854903706
353.74615520109853
353.9604690801352
354.13482858269356
354.22073755258714
355.4080696471525
356.99173105596964
357.39976468423515
358.3477723397644
359.2332674497698
361.26518850789523
362.74197443306616
363.85067260879606
365.7467877169913
365.8927630496441
365.9528186828773
366.0620322191904
366.30651643402757
366.94845998216397
367.0782956660305
367.5130718386469
367.8232312374842
368.6741793919456
368.90111262869436
369.01150028338407
369.12347489416373
369.59252402944907
369.8733623369022
369.91760779383236
370.22440877137217
370.4758599657348
370.57106584009335
371.10401817006107
371.91756314145766
373.9037385392513
374.4647377785396
375.74155180555545
377.7665126445637
378.28367021203456
378.8417837586235
380.346723193591
382.4039046962729
382.64596018348635
383.4618506452664
383.65367909896986
384.34208278799787
384.7172257300879
384.86012353382796
385.55704726098725
385.6388925405342
385.9085619557421
386.7547156271371
386.7798878293187
387.00445269927707
387.3437137835787
387.87642304039787
388.06118205577786
388.25419666998795
388.79585855214134
388.81175949136315
390.79489655052913
390.98052478297933
392.631921334805
394.6515982545847
395.3372309449458
397.23405207899305
399.301746694116
399.75046888226194
399.91618644125003
399.9303090991899
400.11962738995777
400.37347560306927
401.99660895882846
402.53649440106915
403.87926278248415
404.0487842191795
404.1674753030151
404.4394192367923
404.83889175997314
405.18032726600535
405.27922082682005
405.7895582992522
406.07481142920903
406.0793185373241
406.32837188117105
406.5430893964166
406.9205103232459
407.14629915408676
407.2020159642052
407.4854103123622
407.7626414746704
408.0751811482379
409.905727805489
411.917504203548
412.2112867073705
414.4880314846091
416.9699659621539
417.5696086611501
417.5907192171064
417.59590527398547
417.7939800377733
418.0926115314236
419.6586349603333
419.6639482025542
419.81670905277235
419.9169075195604
420.55816487499635
421.1342026846643
421.7090623115751
422.1104481363382
422.2718413917803
423.09205678315595
423.19754425021364
423.4406040709111
423.7448867505466
423.8666506616784
424.48161451132324
424.67350055117504
424.7996589034824
424.91446088014374
425.05211680541
425.50477358580025
425.72480577530627
427.5696562516379
429.4357288313054
429.5649163097246
432.14833617881334
435.22865677796364
435.63518732372853
435.8850606905043
436.0480990215064
436.2364220178173
437.69882316114945
437.75729790041447
438.7548220783563
439.7508117228292
440.1396869548662
440.83592175198135
441.78303317811066
442.39681520470424
442.6889805423704
442.8826557076196
442.94842232621954
443.02552049274357
443.45691965831696
443.6255751161151
443.7583165314714
444.07638983585815
444.3628163795779
445.356056418493
445.60321942359155
446.99824893493155
447.5651062415407
450.16415621420333
453.22735814372527
453.96060404913896
454.06218442947835
454.12461422280035
454.29564025306047
454.9660805296345
456.1259188707274
456.734151284053
457.33406979423694
458.16690534085626
458.4533161735714
460.2104575299629
460.62786753134634
461.0417947864174
461.24419058671725
462.1050152219427
462.17757046764876
462.45089185244615
462.61983057575793
462.70094883359087
463.29235537604535
463.3541545968177
463.5174789088063
463.92700646606824
464.01218721689537
464.7490926327855
465.94108293780863
468.5147614264146
471.3659947000502
471.60748162762087
472.1116408267445
472.42451835063105
472.74023986673154
472.8100592632133
472.86855642977997
473.5786638429006
474.24709404092147
474.8662302752249
474.9188775189143
475.202032157832
475.40917542814185
475.64600420539216
476.25585079536535
476.95079794364216
478.0881434105278
478.9496778847675
479.07927775524314
479.37258944488184
480.69864470024675
480.93915392634466
481.1790700395778
481.3664500957715
481.6459617782209
481.93218794005475
482.0979419189149
482.5508946965284
482.6928639882333
482.81831441073734
483.25568612730893
483.4031783121345
483.6281198079184
484.44695728515774
487.2684270698791
489.3698350774893
490.93723764403137
491.175815926905
491.56805539045854
492.0222269958459
492.2161128221568
492.3147353750056
492.73857890403093
493.28378703336335
493.35993092555657
493.6194473456211
494.07772981713885
494.83210818323226
495.271621989959
495.58268195023044
495.6255403758112
496.07669059488177
496.26242326458464
497.23688630416245
498.11949402590176
498.2420287370327
498.39153694591937
499.81356825217665
499.94875701978043
500.08054177176433
500.26237929674767
500.72807922599765
500.91558199982813
501.19026161051295
501.7093483138783
501.7374735629497
501.8388646554296
502.09077626134604
502.22551303119536
502.6224508086714
502.75395973262187
503.26965221964167
503.43007637028114
506.4387732151866
507.6553797405554
508.8195367389873
508.8996461749283
509.88648065037995
510.8881548061624
511.32076836408527
511.4690349259902
511.5578673802652
511.6225185378042
511.75796751354306
512.2460313467827
512.4075851928361
512.7747561281003
512.7803496645566
513.1441962521893
513.521913553338
513.7330415204717
513.9478460496696
514.2529554039902
514.463008270023
514.5582347333716
514.7579806248467
515.6791741225629
515.8165323924178
516.4731447036797
516.6249672037567
517.5812640435483
517.7005778648377
518.0807947533551
518.2358498561173
518.6834988663524
519.3770908609205
519.5200239669689
519.9452369418387
520.7532474030256
520.9761862830522
521.2895175493297
521.8969750455948
522.0039187125094
522.8847642422076
523.1015151018213
523.3661569531271
523.4238625147401
523.5657679101643
523.8830111589061
524.815492286785
525.4226960497049
525.571236357204
525.8504064527787
526.2736290681446
528.1606191291803
528.1866544469999
528.6967395247846
529.1110957851824
529.4743533911231
530.1430892126325
530.4759917720969
530.6133624986627
531.2720456732828
531.4479374181387
531.7658336526251
532.0459148322542
532.3349269345363
532.5284235867654
532.9270225968243
533.3121514378131
533.5347072924651
533.5989256027458
533.8781224192361
534.5948399596828
535.45100384728
535.5312101620515
535.7008772823267
535.8790461879863
536.6982724226866
536.8939964480436
537.3061118385507
537.9412340786315
538.5433854244293
539.2352369673581
539.4076934553352
539.6880168368244
539.7308131617663
539.9151200350483
540.0195446609164
540.7195395813972
540.873591047394
541.2508601105201
541.718830084492
541.8821325274936
542.0453680811452
542.3299625500057
542.4764547704331
542.6551266676406
543.6255713335121
543.7529160331322
543.9840919697066
544.3936327078294
544.8253180573987
545.1254663294833
545.3542704547046
546.013880537159
547.6867319431828
549.1936028929232
549.3262236571438
549.4424553184906
549.9971874471469
550.2408460913384
550.519812649977
551.2468317059282
551.3236974750537
551.4387285675394
551.8333045878514
551.8839594006499
552.4433129449313
552.9834485118208
553.3176684541324
553.3599314852455
553.7557014785991
554.3507141864109
554.5988573794689
554.768034825026
555.0607376745916
556.0414879013954
556.3275888268203
556.4519793807369
557.439832673339
557.6097508886401
558.600097129858
558.8899636546358
559.3848112190523
559.458035620733
560.1999174994162
560.7510929238787
561.0339551946504
561.2656918826983
561.5297856251609
561.8048069601534
562.4756578551444
562.9693908336568
563.2105793446299
563.3808384964588
563.9069511078122
564.2490624297893
564.4497826874757
565.0778667220376
565.253991807599
565.5390845190112
566.29944839915
566.5685982764412
566.8955753292681
567.1263529990348
567.7431905811383
567.8298174984869
568.3759358786225
568.5151701212468
568.6069454701285
569.0954592395343
569.7332471576983
570.2175950021402
570.2631449303578
570.4626580232206
570.766610548942
570.9236405303621
571.1804993382636
571.2487522508787
571.3528817031229
571.4831908850741
572.2610019609587
572.4581219194085
572.7180923374643
572.8730443197471
573.2444035186746
573.497418145756
573.662073791857
574.0241881290268
574.130291275161
574.3944165514729
574.4871483861563
574.6552590562561
575.2800191714846
575.4945013269995
575.6507651621616
576.1806995031196
576.5609789155051
576.8044076038568
577.1742513807493
577.282912238064
577.6293436605995
578.0502951393423
578.3218716608692
578.6386802526926
578.9377699480008
579.1253682667073
579.4178617310491
579.5175487551505
580.1150186123244
580.343794297731
580.6333212134427
581.4615165818493
581.8140923426045
582.0737175485317
582.5699134493302
582.8747935821713
583.020754378778
583.2776494715772
583.5622273677138
583.9218967920203
584.1522286578829
584.3090905305144
585.1200739897108
585.6063988444896
585.6826344275282
586.3648164668577
586.6348902485513
586.9661394882537
587.1596883788571
587.2067307061932
587.6913564165287
587.7747024806383
588.0014398506067
588.1468598075835
588.8094851045462
588.8880815257951
589.154100692807
589.371048089773
589.7940316521541
590.4379042233528
590.5920281952594
590.8406559133804
591.0034146968891
591.3091847937243
591.6790744033688
591.9029659692361
592.0394110147251
592.5280154269883
593.2709181703167
593.5812776617146
593.9137171031259
593.9775271489023
594.1079632688006
594.6456679831914
594.8271477202017
595.7658929944002
595.9029132720033
596.3294880882876
596.4510889184519
596.7367689454304
596.993063965985
597.2392421999091
597.5072965638741
597.6972094420661
597.9711258365802
598.5122960008545
598.7836741714667
598.9918124652679
599.3233471515771
599.5508673868087
599.8520963863384
600.1029266208942
600.5452762405517
600.7814350339634
601.4895633061766
602.0247408276572
602.2223995430458
602.5063772691102
603.0973216372664
603.8164144099833
604.349260720924
604.8015260873284
605.6131979202484
606.0074743359245
606.1015568243308
606.2515256014373
606.4825905911256
606.8810565456462
607.1078732246308
607.9554476293549
608.4134427082353
608.5524878139043
609.6647587210306
609.9335342468689
610.3345052824619
610.494296897255
610.7247126398156
611.0038410620118
611.262153301072
611.4303701109042
611.5054289773179
612.1013766323633
612.7621449221988
612.9430235498083
613.5559914570939
614.1497266134571
614.5021281752465
614.6752661862466
615.1143682136154
615.3148205188274
615.4361646302923
615.6943224990324
615.8618138589502
616.0895827993359
616.4124558142825
616.7342189446492
617.3848829177751
617.6847250582987
617.8406420192666
618.156326441732
618.2591755457506
618.472466240884
618.6210513855524
618.9735163933794
619.0103855841056
619.5118922305329
619.9840111379976
620.4917137216662
621.2421990324596
621.339448151223
621.4787965199877
622.1178723965575
622.826655573393
623.3637984631442
624.0240858022706
624.1948381229467
624.3681361309579
624.8983418428393
625.740015286968
626.0568860296385
626.8958859293716
627.2701131812311
627.4349295153695
627.8398378058812
628.0538134813037
628.1071749639837
628.4276351921383
628.877927016458
629.2959598817538
629.968465600319
630.2646576069941
630.5030009414601
630.98492299596
631.1431732837538
631.7796568280008
631.9664065337304
632.129420106073
632.6556153376874
632.7788490686359
633.2076881224485
633.5158367175438
633.6728850312402
633.9252713236281
634.2124440387302
634.8510546235962
635.4698641347552
635.8978088764657
636.0130719669721
636.0455571752966
636.415244002113
636.7233335562919
637.0771931093669
637.4135619312806
637.7094430772323
637.7711578011389
638.5726136418238
638.6353908193316
638.8046492392498
638.9155186407112
639.334380757873
639.4561098592225
640.0488634813993
640.1935476549371
640.4206657839676
640.6276313670837
640.8955119838326
641.6184869780176
641.683902402238
641.849995890228
642.2334834860833
642.6190065998986
643.3198492514985
643.6580225509186
644.497775292436
644.6610809485629
645.8019485834444
645.9959808388626
646.0307475865952
646.1755417013137
646.6116903129181
647.3119626723397
647.6915923075968
647.8420140969374
648.4699624752634
648.8068260055036
649.3740410478075
649.5108631852884
649.7485549864383
650.0077437735484
652.2665991963654
652.4730480349293
652.7154360794066
652.8588391461404
653.0569241716315
654.4644921292391
655.0304356967829
655.1442618536983
655.3064375951142
655.6085508866956
655.7010043056375
656.0206730304541
656.5739344637284
657.4333615740306
657.7017507357455
657.8081455272317
657.9509209616384
658.1253591253869
658.2864190712036
658.5178694337653
659.3108899483818
659.884885662715
660.0689955240556
660.0863215002129
660.6871344642827
660.7543582960269
661.2490272493691
661.5915899979807
662.0998519401867
662.1507208313071
662.5232159529544
662.8085624081917
663.2298178457393
663.3474929233463
663.5634157158761
664.110107826186
664.5377311897929
664.9710465476534
665.4080739336979
665.8991483133381
667.1161092065006
667.3318959987515
667.5070313256671
667.8559918746297
667.9818062240047
668.1295195748218
668.4288393963701
668.7410196419709
669.430568336906
670.2871139444904
670.6540009855116
671.4732763095864
672.1788818405527
672.6231210952055
672.9355017869127
673.7183077117511
674.5916685944112
674.9015655908246
675.6121691817767
676.0136996819493
676.1495530145633
676.1715737115862
676.3551289892517
676.5201672090443
676.6767323861732
677.5664056471992
677.8481119366501
677.9482394668591
678.4045721267507
678.5231671188521
678.9700223504926
679.2851590091896
679.5753274344074
679.7313374511469
679.9329405889328
680.074654920564
680.4791160740413
680.7897441549986
681.3944083486856
681.719866174357
682.1220860749326
682.3472026193716
682.5788991875743
682.6353597437103
682.870744797956
683.7039606195916
683.8244263735673
684.0556450684275
684.1519878181604
684.5473113662969
684.8517606859006
685.5437024487289
685.6638501888214
685.8103443156361
686.3831306091149
686.6847367136252
686.807833353292
687.339518556062
687.9672945157221
688.1797824373991
688.4164868273925
688.6274323079537
688.9294698417677
689.101551280607
689.1381628349515
689.2619294580124
689.4053315093461
689.8062542127556
690.0144973673162
690.3405757956908
691.011346029314
691.030884255926
691.2299186212304
691.5316672699953
692.0373337721751
692.9508232280224
693.1568627303162
693.1783692609663
693.7000900740969
694.2090863711181
694.5481574877442
694.6769988365844
695.5878494199098
695.869210037325
696.2790833932952
696.7993769339894
697.1814606551008
697.2419774893535
697.5229618649303
698.2744777364126
698.6053443343455
698.6709442436046
698.8598659687002
698.9632339099402
699.3284905695657
699.446266743423
699.9735612697981
701.7737006702207
701.9954868985436
702.3097865391679
702.5034544592744
702.6799677304348
702.8298862102284
703.3678719588197
703.6132893125668
705.1170962737366
705.3793468806815
705.5454721000979
705.6154861750023
706.1036825839597
706.7359491837359
707.265637798237
707.9334403382779
708.0178373543881
708.1313441556518
708.2366428248231
708.4374336486082
709.4424920079719
709.5562482961212
709.7414078891458
709.7886014185603
709.9095313950817
709.9180032893961
710.3995121332699
710.7140475400727
710.8091372974839
710.851221999546
711.5649264971687
711.6744901708383
712.2029868851233
712.4523144633453
712.7493288471503
712.9844166831111
714.0609478272767
714.1849055651625
714.4699780714325
715.1472865452997
715.8300667618836
716.9164301652241
718.0447756601267
718.1350499719607
718.4056805986951
720.4350944186556
721.4850987090492
721.6063837745179
721.8296331505642
723.3553513133908
724.7775619734007
725.1930280462761
725.8337216475444
725.9786971746435
726.9353557271079
727.2988453779719
727.4855981264261
728.1462221902777
728.9147996159671
729.0791546199487
729.3555902260089
729.4370150047273
729.7476149244683
729.7726391432124
729.9230789807478
730.3028422181778
730.4521266989427
730.9621440827055
731.0269779263316
731.6601137008137
732.7734530247494
732.8219600681851
733.8644869649097
733.9962487200061
734.7289071629338
735.6964849626851
736.7146170344307
736.7702298217167
736.905583989718
737.2143780080772
737.8592624085184
738.4861634629569
739.3777579955155
739.755849384372
739.8647522999269
740.0049965963751
740.4859386771844
740.7799744745396
740.8885322851331
740.9174982223752
741.3790773099348
741.8432712217733
743.1100352676065
743.1480008269145
744.1037493398351
744.6184544684788
744.937940549831
746.408096517163
747.6383613418039
750.9944341409321
751.1754049202932
751.3296701108052
751.4534303745187
751.7805784897852
751.8791063085004
751.9578487417083
752.3140213252777
752.5648387816995
752.6022181800497
752.8684628425644
754.8998753673862
755.0374140794704
755.1041415781212
755.231416038375
755.262793556749
755.4747296536942
756.2169586731121
757.8470356411347
759.4484878323511
759.8341545527699
760.417309581819
760.4589948397347
761.8402611919012
761.8775122618828
762.5266733093061
764.0454800170232
764.8129059434932
765.4130134856589
767.6616162266121
772.7719450274876
773.7880283306562
773.8438700652991
773.9555436969047
774.4320121893463
774.8055461925502
775.8283076858772
776.4198918261886
776.4872307972405
776.5290256565321
777.0330976558248
778.4098254856652
779.8827766940399
780.1018213572038
780.5748305584821
782.7029299001798
784.2494825679884
784.425888677183
784.4712598504377
785.9401733872845
786.7149053397643
786.9524100287271
788.9616180736485
791.21431281087
793.7094450208705
795.1893565902244
796.5579678326649
797.0315536612178
798.2237993701528
801.8446597907616
803.5413269400086
803.5810739287781
804.6536199863904
805.9214802378042
807.3443136077965
807.9514061216371
808.7467261619421
809.0890696751098
809.9286022448382
810.5798643834612
810.6334884045394
813.4068537245793
813.5288567653108
814.8757305567021
816.4066424171165
819.372393319077
822.4171106856451
824.6418696816803
832.4109847775895
850.4932472563603
850.7092094599167
868.5587636347835
887.172425836956
905.4761373813656
924.4902804375126
943.1833252087163
961.8451540222708
962.5925534765439
981.659887513334
1000.7082434735734
1001.461581926626
1020.9171042173823
1041.0902815520628
1060.9629689596065
1061.3221572513921
1080.8850004993085
1081.5581327043806
1101.8082792984383
1102.1018592452215
1121.9818236162807
1122.7739740214806
1143.4032017945708
1143.7118338708606
1163.971841375983
1164.7355675248011
1165.4306036448836
1184.4055119706752
1185.7725295383923
1186.0643643399362
1206.7456712124454
1207.4490155444423
1208.2805870266582
1228.8892769516342
1229.317466824789
1250.3482215348743
1251.0275253552632
1251.720095659415
1272.5191038769744
1272.8764895584488
1273.1659126991453
1293.1125596408056
1294.68396505004
1295.426753208587
1296.069728610698
1314.851705254167
1316.2617525708442
1317.5420285883679
1338.0684480399425
1340.0847358053363
1340.5172998169348
1341.2275349441663
1361.8449975378524
1363.0890275779411
1363.418310235651
1384.0380040179105
1385.6984617481965
1386.3904389480313
1387.0752148768968
1406.607245239447
1408.0107980902492
1409.3393901919662
1409.8187622528285
1430.594004537125
1432.8273833385067
1453.52222618511
1456.270703041376
1479.864854877723
1503.5094500740986
1527.1639249976915
1550.6871371938155
1573.4615678216885
1595.3395264103492
