2.1286900362748233
3.7467303647597383
4.053635688257593
5.6616964785808825
5.902626837153466
5.994632935809813
7.598081731220464
7.6043961020849276
7.890502738527399
7.94521030294127
9.549442183656875
9.562607068378632
9.771373632153656
9.864895885062126
9.894576682101881
11.509799725031263
11.521906987369176
11.561968896069665
11.698871715245614
11.765991141633078
11.867292088671944
13.464162347823683
13.486654956762154
13.53612484918975
13.55404994342239
13.693235484709017
13.796386351337816
13.863444325970164
15.360849149650353
15.454614354841604
15.47519273259123
15.512979830107763
15.747558893492062
15.768522290699558
15.868931400824321
16.2844407771845
17.31336603142427
17.43586996683372
17.46283837422595
17.645296386568134
17.685966474904404
17.85709307411998
18.283934561456647
18.57479056040831
19.156902960931248
19.28411796964517
19.40081000170683
19.60404580469782
19.832382289811342
20.284896440711385
20.45871670708918
21.15413453767689
21.580099821445266
21.794228538423248
21.832895642247603
22.28428217261233
22.401812638877264
22.45191473224823
23.152798682346827
23.717400760432955
24.288328833386604
24.377108057927053
24.45257598757061
25.49280313172626
25.50631088124089
25.678069357697876
26.113474326561974
26.336224162634277
26.35455636043934
26.45498189121329
27.164106140043913
27.3713978241585
27.39289038705445
27.656758443297534
28.113549493764264
28.450136925631938
29.24849280095704
29.353890221348813
29.508923689175038
29.57489637185315
29.635348844745856
30.11114191259973
30.133326252223675
30.184738598923026
30.462182878826493
31.332553359848085
31.46248163055335
31.5241313400368
31.558237272024787
32.1189033080103
32.18450936392766
32.323280974280024
32.56663824829717
33.309552758018896
33.42809398026918
34.03820444398052
34.137885189823045
34.19149605506729
34.647448094634036
34.871960191329215
35.407872871084344
35.540613227948924
35.92953301717362
36.188786702290116
36.26241747439874
36.64775659908922
37.38805452916077
37.893354403339835
38.64882239144439
38.90200997178731
39.18577227967222
39.50198247817598
39.87638661419246
40.34255763276253
40.652440300201214
40.79172967053517
41.316552570468986
41.490189993559184
41.50278112540515
41.8547365458688
42.66747422855327
42.72493225629179
42.762715961022536
43.50408017363613
43.76100816558628
44.14898999874439
44.42686403652698
44.726802392231576
44.75190532953429
44.81905253600141
45.1495222988782
45.464303864199984
45.50275208860654
45.561130891965526
45.97895189547709
46.03889432752227
46.75182045755576
47.21128702796173
47.535306566117235
48.0021228218446
48.750765528356155
49.67458670995266
49.787280047762174
49.97205396086241
50.3807559793579
50.40448533437541
50.756355212748126
51.67522014762077
51.96097534097167
52.382086023015596
52.785532493199945
53.633636820582865
53.64641015413365
54.38468156077967
55.62157096948371
55.65019469435401
55.813566640754125
56.40506472464089
57.273299659231036
57.34680947611593
57.60159940942002
57.70197732978256
58.40559197559511
58.41922594737485
59.665596846587896
60.407924321667366
61.64858797165639
62.11944736070717
62.22883834744548
62.41446058444613
62.817614082486266
62.98852725297766
63.336146900981994
63.627472112227125
64.11718923221362
64.81844426825681
66.08044483090377
66.82081883154854
68.0628742623587
68.82509315865045
69.02492890904848
69.04676140974206
69.61932207872742
70.04204071263214
70.85379784437667
70.89638468691886
70.92408995447238
71.61999691653014
72.883698119903
73.62192395072704
74.8660019868061
76.22721220914255
76.80895013912027
76.84606151902771
77.6572128812638
78.11406853697899
78.81130785248587
80.0776959290173
80.81313355459248
82.05820543533704
83.80849147010898
84.38918961330376
84.84756346235041
85.69075570483898
85.69744611215921
86.39005426257167
87.6583505220925
89.64008724389274
91.77808028748173
91.8148007679054
91.9173085297598
92.35722834755065
92.426798096395
93.66521237025799
94.35797659507217
95.62783876312194
97.6090308306697
100.13684118168895
100.3951388955377
100.70525909714857
100.7141133382469
102.0232240786539
102.71464744761798
103.98607785524915
105.96644524670504
108.75048341817724
108.88474180503871
109.45932698439071
110.73392840973976
110.7675975124298
110.77059894665832
111.4600777446375
112.7336204206894
117.95338267959339
118.02005570037537
118.58137067450592
118.59444719931824
119.90559388546933
120.59429190440969
121.86689689550775
127.54394160251195
128.11626639596116
129.42936171290577
130.11697677761023
131.39101615947206
137.45684759287892
138.02771813337088
139.34172082033197
140.02836397534944
141.30311899996062
147.7577813487968
148.32779516788958
149.64257302874663
151.6038598653313
158.44693346468054
158.51926760912534
159.01649938688587
160.33156551012823
162.293106652855
169.52602224400044
170.09393033665418
171.41013570958762
173.37089966977973
180.9926651604364
181.55988336772188
182.8770305389483
184.837391398098
192.84811592964977
193.41451422210585
194.7321232250923
196.6923031825182
205.09191619107634
205.6577339089706
206.9756288508255
217.72432690012323
218.28949976999124
219.60782576326739
224.35606810375648
230.74513525801245
231.3099131456813
232.62867555667353
243.00996199201307
244.15483101399423
244.71898808029388
246.03798590238966
257.9527041786532
258.5165408646407
259.83571302380125
262.4395272764074
272.1390426770211
272.70261725630087
274.02255010421794
282.64690560679026
286.71397350470716
287.27720500458116
288.5968081084035
301.6772412225235
302.24026699571016
303.5603699309297
303.6324693510475
317.0288782366272
317.5917543237724
318.9115141010563
325.39620525556415
332.76880400304975
333.33157906762005
334.6514049845159
347.93753692785674
348.8974183177511
349.4597878341574
350.7795108355302
359.7994946640259
365.41363351824276
365.9761354153894
367.29571987371804
371.2564545377343
382.3179079370118
382.88053685704085
383.1190054345121
383.50707781530934
384.20013355341956
395.3530587459756
399.60994854668655
400.17278951217827
401.4917516817248
407.60656699889256
407.99277344779824
417.28977421550127
419.1714931852807
420.21464191997507
432.8653441448868
433.2561041761202
435.35649813321015
437.23768289317144
445.88115144399484
453.80972762741
455.69000314006684
458.91092147213647
459.2970801106034
472.3081925489104
472.6478017255243
474.52722411946013
485.72792198116315
486.1146533793593
491.8678139746147
493.7443045636042
499.51322546234417
511.4634837488447
511.50999201089786
513.3228243002343
513.710197660621
527.4982030015964
531.414431325469
541.6956026299395
542.0830398745028
550.9921417521145
551.4171097210354
551.8173938068805
556.2614281805451
570.8463310124627
571.233575433679
571.7933562848146
572.0521648999886
572.5401059021631
572.7020200864642
573.1537822224511
573.6392220228972
574.1243545611036
574.6250666870922
585.8010817322017
593.9993780056076
600.775808737549
601.1625935595778
615.6185947197199
616.117703679401
617.4107015485854
631.4889792662575
631.8680898929224
637.4808047218798
637.5000754295058
639.589740483821
647.2118641417838
659.9290587564559
659.9782728259909
660.1012725085482
660.2520769817261
662.9649944901942
663.3505721749393
679.0838092253317
682.1918374371188
682.2173072275178
683.1066027594468
695.218931345891
695.6148420143867
705.182144554566
705.4120589669064
706.0849898656886
706.7269620443636
707.5744242996924
711.7329548369873
728.2623358279073
728.6491865026662
729.2518064699711
745.1601319909422
752.9634510906419
762.0783036531792
762.4648215797088
777.1241237308564
779.3561201646639
779.3642318827508
796.6728718223358
797.057917833711
800.9579691136353
800.9669392673418
814.3456334151023
832.0413835304475
832.4279939099288
850.104225775511
868.1900615883978
868.5758503118537
886.6412644137051
905.1144748307423
905.5009460694101
923.9547919516707
942.8038065225578
943.2046184422422
962.0480503323453
981.2976509616888
981.6837451895774
1000.9155764727583
1020.5548097535589
1020.9411804162561
1040.561847627749
1060.5844353034995
1060.979011090281
1080.9859460102446
1101.4026168880996
1101.788553679493
1122.1869452934393
1142.9921596452898
1143.3781936777114
1164.1660389725669
1185.3593101980143
1185.745335428663
1206.921877523767
1207.7113050450598
1228.5031378365986
1228.889557261657
1250.455285392381
1251.2368986150116
1272.4266719497286
1272.8118002992962
1294.7679379260944
1295.555634809716
1317.1253362338753
1317.5102826953932
1339.854956207226
1340.640283944839
1362.6006914011075
1362.9856774971904
1385.720321892075
1386.5012885704473
1408.8526949311688
1409.237215100347
1432.362549172684
1433.1357436449762
1455.879957713224
1456.2646930743995
1479.7825940406135
1480.5484913616483
1503.689256536429
1504.0649451172417
1527.926469376394
1550.1345850696293
1551.8078044735603
1552.4246418405448
1574.4948738307926
1596.6425903802688
