1.0409417617853047
3.0072752428701017
3.449784136689324
4.972259541410633
5.166483087900673
5.4538159034912805
6.944300532528539
7.1392699154855706
7.3548544547476045
7.461682989802284
8.908156398270863
9.118008077590662
9.142618018576716
9.347855579363706
9.469058247727
10.778504644741536
11.089506683877476
11.125842920646878
11.311282382028525
11.36921080187233
11.475772369984323
12.565046175116024
12.97374893408165
13.104183900856635
13.123205492227077
13.346128426329123
13.476241208447682
13.534247499674926
14.761337505119128
14.769251657745835
15.000419212378302
15.104471845691103
15.450566246098063
15.560882359652211
15.996753217001759
16.802093829920977
16.970444069990496
17.40432647117519
17.516483779351027
17.58001227275623
18.00891731112362
18.813924437117432
18.854317869519534
19.01109159313912
19.012727127495335
19.727767190480673
20.019934909218602
20.738669029033336
20.808815615506546
20.867620293642513
20.932196942124907
21.032099829762572
21.767755554241916
22.031654329689143
22.11636608919591
22.778201561724533
22.864646749822306
22.958290985075735
23.03732089295852
23.787972461623397
24.056590152896998
24.12224641550285
24.389118401911073
24.578197301584986
24.87204999641028
24.983767947617764
25.00176737002487
25.77827978983079
25.795077427195935
26.13020153410496
26.59532118370301
27.029791962749616
27.7329329792931
27.786366694882243
28.139026810019164
28.4338670448937
28.438942168214833
28.637918902224808
28.930125825325923
28.9797754888733
29.0795038734022
29.552364274791447
29.7934307261427
29.839626268024308
30.642823926501052
30.662374458761885
30.9490618749277
31.368009098839096
31.80201421213063
31.84623595873709
32.302747656766485
32.68747563471238
32.88369032523559
33.854557061260216
34.293994227640724
34.56842418263776
34.715763855968405
34.90831647399276
35.08937588627848
35.8603156580118
35.97707745960652
36.29989551402537
36.717302106885434
37.13065879364891
37.360608384608256
37.675289477187775
37.72517156953904
37.89279679144788
38.30645485383379
38.53526310238554
38.65289740250272
39.139275297689295
39.92990134368999
40.040818077734315
40.3145638444371
41.08488053261508
41.144663606266754
41.97109815359852
42.3445479141878
42.445329227965686
42.95907563987798
43.089865769499596
43.153558889286664
43.9932815775112
44.37947195176329
44.874627516199794
45.15218752947515
45.1714077445427
45.186876627441386
46.000505475326904
46.384602553933796
46.91256764754082
47.18660877585507
47.21008835070201
47.92709384457628
48.333494690241906
48.389064524415
48.566967435204994
48.587912377431614
49.22563409462481
49.72583387856793
50.008398464188275
50.789908157548034
51.23274835988855
51.767714027099856
52.01311185535718
52.82813776297747
52.83074875060406
53.15821139750965
54.01754715291417
54.515016252021375
54.57992080766625
54.60197521651348
54.627228811262704
54.851657013019356
54.95371507010268
56.0273618641635
56.80597787703067
56.85657131724309
57.01322451301119
58.03169526515435
58.78109455814544
58.84581470827168
60.03588362553774
60.86687340328825
61.00923447144267
62.43607944823507
62.87230534737439
63.21256289929547
64.44003887713532
64.79523391161902
65.25181508791374
66.4438285574334
67.27260802210553
67.80572815134158
69.23416481798313
69.27783213977372
70.00888742117394
71.19970393131852
71.23821132402168
72.04793946867053
73.24160759729493
74.06829985589985
74.94950983261242
74.99151939548477
75.07636646902824
76.07297341547762
76.42188757257725
77.19435941626838
77.2781486222315
78.42525139822031
79.23355381823623
81.25385851347758
82.43355848014173
82.56822274207774
83.25810610132226
83.99856393054368
84.76988866284341
84.7942988889177
86.00167033536873
86.80881720311315
88.82745121181343
90.5325129479781
90.8326490043954
91.96435600612791
92.73469208449887
93.96720865104012
94.77323084614567
96.79300609428165
98.79709324608532
98.88660778151988
100.31912569379553
101.08843728725417
103.12687043398324
105.14634777806886
107.62959641301437
109.06254906272392
109.83123661105815
111.86950588700205
113.88881627474976
116.7614141752507
118.19544188631316
118.96297618354308
121.00120545516668
123.02045348816384
126.23346000589261
126.28293088010467
127.71697486306013
128.48404526755974
130.52281012066862
132.5409071833444
136.19232020964853
137.62727914054355
138.3935966912504
140.4315587490008
146.49112554698888
147.92639681469558
148.6921564004612
150.7299473410299
157.17843168224243
158.6143165972326
159.37959009012718
161.41723036773618
168.25468324592393
169.69098799071733
170.45579336794793
172.49337275384326
179.71973201999637
181.15642102035758
181.9207504607917
183.9583283054793
191.57374952389
193.01059335600004
193.77423045523656
195.8119945101554
203.81636628009647
206.0171412483685
208.05447507474207
216.44772883589474
218.64841113160634
220.6855763445936
223.7137283978446
229.46783757290035
231.66865566332592
242.36501860523651
242.87665335648606
245.07715937120128
256.6741518714905
258.87463154552955
261.79492560652085
270.86051940129335
273.06070872019444
282.0023349766211
285.4353473619494
287.6354966972094
300.39887394164225
302.59898450847754
302.98765354080473
315.7510567122819
317.9510822993383
324.7507607310841
331.4918712902547
333.69178161909326
347.29155643959734
347.6212401980934
349.8210519666838
364.1392160484137
366.33888757672014
370.6100101177059
381.0418780025929
381.047115471935
383.24521217517173
394.7059633707944
398.34055533349897
400.5399485874743
416.0237921800272
418.22302422550456
419.57849313883037
434.09521690289165
436.29421314125403
445.2307612585321
452.5545331171512
454.75323911879445
458.2414776141009
471.4015846796481
471.6608281172441
473.5995512423511
485.058908739902
490.6348185437558
492.831826271778
510.2514392341945
512.443446484118
512.6533801474278
526.8511744059826
530.2428706644837
532.4711007795613
541.0260885294673
541.4333799286511
550.4487928915702
550.7136810725606
550.890411327764
552.8608627589591
555.6126858482426
570.1760874690616
570.582800414181
571.2797532575476
571.5722901968674
585.1517930089141
592.7428638782486
592.7953557952035
600.1026783902149
600.5127075121103
614.3189269580438
615.4682104202282
630.808419452024
636.2652760159826
646.562210638742
658.6286528439855
662.2925773258867
662.7022845339685
678.4336998011776
681.2962948668152
694.5476147462373
694.9516915244363
704.4361679476654
711.0827343221197
727.5898451974491
727.9967018358342
728.063378038847
744.5093983549849
751.9210538342329
761.4051409493031
761.814199648552
776.2498804368007
778.7128633187491
795.9982373447324
796.4095183402036
798.9435547380996
813.6943893084773
831.3675971252424
831.7767217335044
849.4528801807809
867.5153987240235
867.9259180765192
885.9894491820612
904.4399846353274
904.8496207264393
923.3030311558654
942.1485695841278
961.3946273848426
980.6223017611293
981.0332405228811
1000.2631636389575
1019.8795051800028
1020.2900645204593
1039.9092640474216
1059.9099761235102
1060.3096364863222
1080.3334429342776
1100.7267002567683
1101.1390747397777
1121.5346694775685
1142.3164219079824
1142.7293260374504
1163.5137256352386
1184.6837605591595
1185.0975902437453
1206.2705509864977
1227.828536536428
1228.2431776137096
1249.8040504389312
1271.7514232061353
1272.1691699182109
1294.1204806293597
1316.4529077588334
1316.8762387173772
1339.2112922797721
1361.9313831239738
1362.3606596035418
1385.0840514257363
1408.1878937679696
1408.6302665766023
1431.740538945187
1455.2040888660379
1455.6758067708486
1479.1853751735346
1503.045309924749
1526.9615149281117
1549.3718927454381
1550.9633029206395
1573.5836078951409
1595.9147675694246
