2.860217321287625
4.492763165357331
4.830144458645129
6.419156470862274
6.786021759255044
6.807922508568865
8.330683972259719
8.359336153872215
8.763776083908882
8.788607190776972
10.28045904654111
10.309159138592275
10.729442968221845
10.743769832476017
10.753956571465798
12.216713075802838
12.240550410118567
12.261914004114574
12.661086299250389
12.706983321810513
12.717180375536014
14.184860447820306
14.1996741828866
14.215935538159044
14.619974434369812
14.675086589126135
14.688141818561597
14.81659665869824
16.129288157864686
16.14381067136037
16.166001537033406
16.54211843428927
16.615917437773184
16.658045004943872
16.799368784901347
17.405180947819296
18.096252982083676
18.121649166917944
18.48492546172522
18.585517154615243
18.62264867014636
18.778192476164268
19.354948927273597
19.48809227312905
20.058289584184873
20.089029966774735
20.397694036830558
20.445875168592693
20.553658932475713
21.314753246758748
21.454989434995312
22.053225445767364
22.35526594446908
22.3906244214534
22.49428174643589
22.696231248012804
22.794155395684808
23.280251936967232
23.4281349112335
23.80482646974373
24.158604907779765
24.322410609957988
24.40481832536038
24.573362145568264
24.75318464252331
25.2351953319203
25.39840179987005
25.768636597712355
26.29506435747846
26.314287970036936
26.519028134646447
26.603466493927915
26.724425251735173
27.095460202716268
27.37016722508093
27.58781465998742
27.74050571129269
28.254208847666334
28.483727357307387
28.69229833682182
28.846506066370086
29.000822185117546
29.440312861414153
29.55038480574357
29.717243188350647
30.11162073089781
30.457374292905946
30.637580877286133
30.693791200030265
31.144176724933473
31.51332287919235
31.622710021345608
31.74054608273272
31.757749609063346
32.04211442670634
32.43922806985714
32.6056235333588
32.77703159812796
33.48212833951292
33.52074919960673
33.70984372237124
34.12157535476266
34.44035001502536
34.58371638906942
34.62223014769303
35.01483719906645
35.15250166602794
35.40823299361817
35.49660596864304
35.68012343352803
36.30013305167981
36.50691132287778
36.57362024695728
36.92391917891474
37.11385348096411
37.29771049397094
37.47826648824973
37.650561498887036
38.03539366027303
38.25334228697799
38.56105912164373
38.75733070302176
39.103135649958205
39.25173959801634
39.61569054436404
40.042695348999096
40.230079944698545
40.317037410504945
40.65867702911001
41.03951180657812
41.10746790550839
41.22583902341434
41.26075744747065
41.47957332430718
41.83786054740603
42.01345786856466
42.211447396619455
42.85628162077679
43.20728867794729
43.42891828115401
43.56374848781388
43.97261965138759
44.091654746265775
44.18281544259063
44.90443390082484
45.10030736640106
45.17736416232528
45.35076574246775
45.382260147234724
45.931083663946055
45.99401943127013
46.132921634714144
46.55361966267679
47.08437746956166
47.3118785324307
47.35065375679526
47.43183747945134
47.8947591002686
48.08667498399954
48.224115098852955
48.44235916356517
48.50321087461836
49.032689862444506
49.11428086645997
49.3463905812543
49.81831495881449
50.12560057656639
50.45680536953925
50.563811585948784
50.92656405275982
51.00687762488623
51.03795990079327
51.3338091081369
51.507983991750194
52.24578185437594
52.28868002418683
52.421123432010575
52.5365372592953
52.75485780638582
52.97283786708506
53.02983151171403
53.35425776950681
53.67532984134756
54.19482647185489
54.366128920080946
54.73798663233516
55.01403825102854
55.16375285527259
55.5514922773817
56.02465428421487
56.144959663513916
56.26920220487868
57.01508129944098
57.089968789197904
57.17280263428348
57.54156348063446
57.709476740364735
58.09669712090103
58.269723312254115
58.33321555227462
58.62458861458711
59.0341100832449
59.08436012865446
59.230876119408315
59.71632158933952
60.02461371460671
60.08373132456059
60.27151190217299
60.7045770115181
61.08688500905098
61.13597175194526
61.20612828841067
61.948259484940195
62.23161109474145
62.9025698073741
63.08821811972197
63.31478580426505
63.535164203454876
63.77049869997476
64.01752843845874
64.20076966321854
64.64239460259206
64.79243132191358
65.11043304186207
65.43788557853274
65.52930922903192
65.73522988720944
65.98709880468621
66.13424466992679
66.28325532409794
66.6272818060148
66.73847513768816
67.21172049260109
67.48282143257174
67.53513036467392
68.03411926731815
68.23399880068048
68.60359506358114
68.68331128412471
68.71368072613237
69.36010178879863
69.66631584508575
69.93048463796251
70.09575713829317
70.36869941686129
70.45511875464207
70.65380944624607
71.39638514140654
71.53904727573341
71.65157594985759
71.78827562519018
71.96371528979282
72.3671064965319
72.57293510090146
72.71924620355547
73.0926864532001
73.31106498171461
73.56796219186003
73.68076347042356
74.03206836950588
74.34995243910181
74.69068129697943
75.42273109030644
75.52428725543692
75.77244414445913
75.91350178610686
76.3731357031236
76.53360603166759
77.60776515527328
77.97139826290635
78.01227141044656
78.24037727125707
78.40993228783384
78.52885290514428
78.87757682962152
79.1405115925112
79.28393516772675
79.43725371359439
79.61992555688366
79.7631031872563
80.50331227494178
80.81740659779355
81.12824217428317
81.32431832076031
81.4065119981683
81.6117881104785
81.76030268407634
82.30789382288845
82.7079622275391
82.77872017459316
83.1786371745878
83.32618884204788
84.19421848646765
84.43933680490419
84.7122715375554
85.10127942375256
85.20667772021788
85.61076155479297
85.68910170763235
85.92858271923147
86.06045668850822
86.31354967692342
86.49613813155806
86.67561586150114
87.21210686532213
87.56338768941023
87.71814149727801
87.98617131158574
88.19190959193843
88.42934852436676
88.55681800082255
88.56575535903676
88.99481132719677
89.19641255172778
89.22606462688451
89.73443909802492
90.2963336220037
90.37271555449401
90.58557462524814
91.2147784603661
91.39118213961153
92.04586920305472
92.28899839332531
92.35574876103884
92.50885363848577
93.18460456471597
93.22008248710796
93.29873298910933
94.019551465262
94.36482560064492
94.49841765591096
94.97344292333545
95.11877658882582
95.16421935397987
95.22825198141022
95.4283347031276
96.15983702743155
96.36328617836314
96.44531104753594
96.84077976471752
97.21554823836499
97.53792112943333
98.16614554257337
98.3847888408662
99.14131202998166
99.24201308127421
99.91963164489765
100.09352287251676
100.33018470630971
100.36123465218606
101.26346718335517
101.57280732289293
101.63311996071243
102.2174335052766
102.2893436197051
102.82377686175296
102.8849801187595
103.01816808244915
103.3370340400372
103.44283507953023
103.5900194537712
103.97405102732269
104.00880284132639
104.21043193221311
104.82095435543862
105.55520311414062
105.60179198642264
106.05599011580875
106.09683993746107
106.22107957553663
106.37206770131041
106.76875633537497
106.8330418453514
107.60883030904803
108.13830417252566
108.56568777174947
108.70190637694589
108.87639124550708
109.8522833099788
110.33962605361644
110.59283822661838
110.67191365067805
110.819945622602
111.62220009372953
111.6622754070903
111.76885442638448
111.9835239629578
112.03628022339895
112.34561842823722
112.4489466218958
112.57267770439886
113.0066260933657
113.59231321545828
113.7104253637943
113.91112681498038
114.15724690573302
114.37862659383384
114.59392614976097
115.55157941401943
115.65722730807573
116.34300001057996
116.44031597681196
117.2099196242985
117.50633286291895
118.38432792450294
118.46916241837003
119.20413799120386
119.32122299707908
119.4328549727376
119.51325573704989
120.38881020110283
120.53100443947933
120.56296248009309
120.82623830738555
121.04953440455982
121.32735679305488
121.51840299532766
122.37534358567227
122.51230756721937
122.73039068705299
122.78815186044997
123.12151046972328
123.34411543281074
123.53183426890712
123.77691717679994
123.99326400979919
124.08734818196336
124.7031537121134
125.29619875113778
125.540357359726
125.9741848239076
126.45729839248308
126.66104650481175
128.14004939361897
128.6004961065649
129.0386863185983
129.67942826617005
129.69426349160273
130.3341031753894
130.37118538333138
130.48926577125286
131.04611316413968
131.06534806262908
131.2774771898707
131.49142327424417
131.92652522681846
132.29736907921878
132.40810102249404
132.49714851329378
132.81449766914764
133.06842148890797
133.7391666263929
134.24550096751648
134.81019580745138
134.94787220619565
135.1017234101624
135.23144559940758
136.2020825692397
136.38100718169545
137.08450241221936
137.30398996666068
138.1383765280353
138.34029574035972
138.96498718878357
139.1095609835859
139.24540773360093
139.35716586419193
140.23546527657558
140.30509512684378
140.47655502225726
140.98156625513636
141.22469799835184
141.47083205879755
141.9054691919541
142.0430655626512
142.2413027514829
142.5033789162015
142.99326912261358
143.68520960437485
144.18096977486653
144.70619255568062
145.01307062083868
145.37080791615713
146.15099235672434
146.7632346430327
148.1018222544671
148.30820876724795
149.16623892829318
149.28036760701005
149.9442992071828
150.01818737412768
150.3922617662729
150.52510339536582
150.62610516000686
151.22865979100396
151.292745917305
151.37855301715402
151.96505834168673
152.55806949521497
153.29685482638286
153.31071205849213
153.99855630711735
154.491281267693
154.6281836481645
154.67265613057296
155.32570389747607
155.50992294893754
156.46032466434318
156.70327377157835
157.3561735710539
157.62737035616885
157.71196601262113
158.40535998975278
158.42751709738516
159.82257773832006
159.97795485928722
160.0623823270947
160.1209541047511
160.2867690498774
161.32370074636071
161.37564054722608
161.44764263668247
161.74238232686986
161.99471087725655
162.32148336989422
162.46635144547236
162.8901207598552
163.264563030218
163.66485405076583
164.00486002158658
164.16834584098817
164.74000012205042
164.94416425265055
165.21424144124094
165.4507123481764
166.02797108650051
167.16490583398507
167.199779919756
167.73136541036888
168.06258577835357
169.12546062675386
170.37398542383988
171.07882747963683
171.6999562108295
172.04939141462413
172.27100219601476
172.41330516316845
172.45027500731308
172.51498500697247
172.9713322859034
173.09559781658464
174.35293273391858
174.40542948349045
174.71566345140545
175.1070297992556
175.47988427042898
175.6442686688978
175.76875884870523
176.3099352826546
177.09736839043444
178.27741641324351
178.86192435444377
179.15379143942457
180.23516804224695
181.03152748824232
182.0760055952525
182.55165625811233
182.65443976972776
183.5399580003031
183.90958804232437
183.96071975682239
184.06155370749192
184.08431972343053
184.45435953238066
184.56400246799527
184.7015550494572
184.9948324018088
185.04727659027657
185.4735133983511
185.838671561279
185.8397382532463
186.4644037215188
186.57814867047642
186.73438056308092
187.78909604033697
188.58312781895958
189.73231257798778
189.94154280239673
190.62872680137792
191.69959161190434
192.14479017538238
193.52925793658676
194.41223462458439
195.0229741516247
195.0701411915817
195.51738356057598
195.65632139957404
195.77329438275936
195.79328529126104
195.94362365974837
196.42991547642924
197.09744469710014
197.41981446082067
197.56734257143745
197.709581138381
198.16771289281462
198.23055362453422
198.41316759169845
198.45325880784728
199.65767173792608
200.3441936617819
200.47427276239836
201.6177368966609
201.9790422216972
202.48726410719382
203.56511358022584
204.3956068628271
205.43726443476248
206.66463971385576
206.89358961762426
207.08462049895218
207.3261399800798
207.41700907087483
208.0368869878401
208.1540433772161
208.6792332304671
208.9461478868692
209.00689777267186
209.95909500965598
210.07532686510265
210.66636787969458
210.70152520141121
211.9110327402188
212.02539556765566
212.71118089494027
213.26006917929473
213.87586372988915
214.7395394350017
215.82171056940828
219.30941189568745
220.67203555654032
220.6912779104399
220.97842674292693
221.316166168431
221.35157425761852
221.60407412062904
222.30622464709882
222.33982705017718
222.6137167704918
223.33543518173641
223.6354849118733
224.55756803482817
225.2996769080364
225.34885888038565
225.50179421361605
226.51747259185788
227.3732301423521
228.46562668729496
230.3389364928586
232.2796982296295
232.3391719325642
233.19231871231128
233.71313852377065
233.895658254318
234.24720453463982
234.35181384376384
234.93984386122588
235.0484399289063
235.2900235846542
235.64657842673765
236.35796230227808
237.60077550748633
238.15684465752685
238.35953041695245
238.38091011576978
239.54765502987343
240.36379701680292
241.50604999570692
243.3610327482035
245.746594799542
246.94277215585043
247.07122280244525
247.13171967250472
247.28849726950997
247.59893295718297
247.7593002455619
247.95805800664164
248.02733338089513
249.062161606927
249.77029660300855
251.00506978911923
251.17818989430347
251.78534699334097
252.9660179914873
253.82317517434353
254.9236994650911
256.77873606508484
259.54841683394403
260.2422581120426
260.71394329792537
260.9378733159658
261.23091339967846
261.4017816518195
261.56350519916816
262.8666418120519
263.1325581222575
263.5523136902782
263.6157561804831
264.5706271998421
264.8190960231525
265.5805013042878
266.7735025381549
267.6200470416343
268.7289900047638
270.57721942281836
273.7371265141292
274.52209073802146
274.66207339618336
275.12280163161597
275.17084203451236
275.19501489659285
275.74933859871027
275.81622007876587
276.6710026887379
277.06215151250143
277.7640785441543
278.36935388394767
279.0135848640823
279.77322179871965
280.96696920842214
282.926606211732
288.31263673104763
288.7235684550936
289.3704241319283
289.7117073740522
289.7179782971639
290.3263897559972
290.43803470447926
290.494898646347
291.6428424789171
292.33674604974124
292.55063141046713
293.59186033769186
294.34671667302445
295.55014667292437
296.3814251481599
303.2719276096031
303.31045686920527
303.9336946629093
304.52851947856726
304.6411468725517
304.68229015779593
304.70374763280944
305.20225947700345
305.2895320677634
306.066391354369
306.6106530687627
307.0795523811762
307.3003766957096
308.55907288241957
309.3042121532117
311.3420439652312
318.62959585619643
320.0357107714067
320.2616308136303
320.6081874472225
320.63892844118277
321.9625345929986
322.09904330328504
322.6490440311036
323.91355713551843
324.663073215208
325.8782675806015
334.3674233612935
335.77814155878656
336.3733629842632
336.50939819922445
337.4193226315751
337.7094188279986
338.38533877051316
339.65744729360364
340.39400483635495
341.6184170625563
350.4905736020878
351.23697789958885
351.9062389796633
352.04693554379634
352.075584779485
352.4671301697856
352.5044897902216
353.15970147182117
353.83589748208857
354.5071306985467
355.80156400375654
356.5159428021939
367.00038304743225
368.376890605598
368.4210079549074
368.7206787638782
368.9038533473778
368.9801229759106
369.009588141039
369.2720112231969
370.35109782793063
371.0145037279348
372.3009013425635
373.02387169481995
383.89451881697767
384.8130963998224
384.8944825975297
385.3209009415123
385.76786262121414
385.90324179470815
386.1568133082442
387.25339371426503
387.9068573009193
389.19935770981283
389.9154304106857
401.17588753841983
402.5064166759915
402.5984132117099
402.63813957963293
402.6543794508304
402.77499711452043
402.9165126407705
403.18131422511084
404.53774906200846
405.1870147113337
406.4897017524188
407.1904752406114
418.83871525065763
419.90305130526883
420.06193611727167
420.275171751913
420.4567011041013
420.84221886585544
422.2057051057217
422.8450732058643
424.15616449721875
424.8475317807133
436.8834548208656
438.32477663949754
438.4151924070059
438.8838207230282
440.2550071432027
440.8835355978417
442.20546115051224
455.3066556057023
456.7519372110447
456.8996815485352
457.0041469239287
457.1536651776439
457.30302592082654
458.6844971120303
459.29848621787386
460.631452795201
474.1006247332967
474.9253003941886
475.4337003658697
475.53833425706904
475.55705930468275
475.77291263644105
476.0916651053236
477.475170601137
477.51741509457185
479.43119261650617
481.38477261555494
493.2562167365253
494.13204809784344
494.7151130548982
494.80111163054556
495.16643297771583
495.2288237994768
496.66786168640743
498.5753600857515
511.7958539380167
512.5249058432959
512.7623384717258
513.7208651984781
514.149964771096
514.212140049626
514.4546742717135
514.7290456851763
515.1510063127362
515.4856261311095
516.5482578406211
516.6899299271812
518.0279504280903
519.8893211124812
528.3605650585966
530.0655392758091
530.9371439331543
531.1494115537407
531.7414801010095
532.0063678816733
532.3842036457814
532.6815192744349
532.9664249754535
533.2215594390885
533.4613173120789
533.7250651965322
533.975983332136
534.2041578944737
534.227990414951
534.5176733325882
535.2171668916137
535.2629409475649
535.3925557682144
535.7460069347185
536.1305579829555
536.3401576774202
536.6550620579377
536.9496873457534
537.5994177389803
538.1344800787334
538.268779764835
539.3111772895794
540.2085691162353
540.4943046662037
540.6292430803228
540.7077112750447
541.7039385595697
543.5078392385208
544.8599587911602
545.2414796167959
545.4702381744248
545.852741922235
546.585949922167
546.7982578936811
548.1278001643656
548.3000960249651
548.604203610619
548.7583557218487
549.0959124653914
550.3024522722918
551.2530317527038
551.8463972841547
551.9864570181302
552.7312770184666
552.819450871637
553.0194844987521
553.1521522184447
553.23383980478
553.5710538828979
554.1685743351159
554.3156887933811
554.611644447164
554.7605265315641
554.8554758448702
554.9282888519689
555.3038992019715
555.7251656945259
555.7820535962577
556.0026023668503
556.1440204548139
556.2537446948954
556.5653682249753
556.6437648783285
556.9528184621636
557.2360086307932
558.7666480976097
559.2831120549994
559.4535393686654
559.7509719931761
560.2875173134681
560.4685790235402
560.8747826777784
561.2623964541247
561.8695640144477
562.0155691809653
562.371081224279
562.5046500930031
562.8692764337594
563.1581692280034
563.3130400178858
563.705081313526
564.234471995516
564.4096106661365
564.5088449285475
564.6877516277244
565.20695838808
565.6707065113202
565.9941789271561
566.4193115900628
566.5912505770791
567.236207707569
567.5474643839904
567.8217252032107
568.2022161300896
568.3956936324726
568.7721808640201
568.9304797099081
569.5158245608634
570.2304192495257
570.3918088517253
571.149517679635
571.2419873775121
571.4335280883112
571.4547662115647
571.5089431763831
572.2135725785282
572.4908232460715
572.9808852106611
573.1303836624547
573.2523203003569
573.9646707770978
574.0969873346569
574.1536658833646
574.2919278203177
574.3829111919257
574.6647968804284
574.8803810401869
575.0170552046422
575.3837892957807
575.9606600780894
576.2581551869059
576.3814652538986
576.4839482366195
576.6748412591179
576.8888066927541
577.1078760091369
577.2116263741212
577.4856793099864
578.1433500736255
578.438993297721
578.7682982089844
578.934301821437
579.4826032008832
579.6746933545036
580.4302479703821
580.6100008630956
580.6675590075097
580.95316254659
581.5315695430248
581.7227260646293
581.8379393263568
582.1856053602385
582.3268644020578
582.9223078902318
583.3672952063353
583.484811623739
584.4329652984501
585.7106292947464
585.7154377426253
585.9937805051828
586.2606160884461
586.7211042882717
586.7907730059227
588.2941627225879
588.492667173112
588.8295314199163
589.1830168398849
589.2878011444795
589.3981728071009
589.7927253949907
589.9773812117653
590.1295953916103
590.7672233616631
591.0349921304264
591.8058353883409
591.9655038433474
592.0261918816126
592.1654630945849
592.6790881865078
593.7727631128721
594.5902541933466
594.8448247494939
595.0641785979528
595.5301632866654
595.5937229934027
596.1255036036515
596.4900144799044
596.5640882465729
596.9806845032623
597.0125784679827
597.3932049203736
597.6146927409355
598.2471323684302
599.0258574308216
599.2279844071484
599.5588289637499
599.9625190958651
600.0859908291471
600.1235086793042
600.6608857220839
601.1178721462184
601.5061787169323
601.7689327376487
602.0746965768134
602.5675761137165
602.6491409815177
602.7475750401941
602.8527502827359
603.0768841956227
603.2910617908826
603.7716289186845
604.3639816947666
604.9643580554683
605.0676778323949
605.663885574041
605.9024447409055
605.9909648377908
606.3040057678973
606.577078102307
606.9576186716674
607.2648514246528
608.7041317500031
609.0371756447562
609.3079410412472
609.4830777026466
610.3356944076738
610.3920026276918
610.8233310665893
610.8845966590922
611.3195380237235
611.3862135696091
611.4520164895397
612.433511530086
613.0275270987992
613.1032277238022
613.4452653626385
613.5279571478652
613.9022507021164
614.0050623088331
614.8915567580552
615.3598907130838
615.4966924036327
615.772356046413
616.1034422387936
617.0216174962446
617.0498592374008
617.5016658874431
617.6153209897063
617.7074545704164
618.1426825598821
618.3188808034118
618.3513831761568
618.6784586968836
618.7455638044379
619.1616107581794
619.4111744624329
620.1669804084969
620.5017446880645
620.7343366047373
621.0346326149131
621.447334296146
621.5041523376716
621.8707529198755
622.129492922506
622.3615850808793
622.5442239159624
622.8728404066231
623.1637408326399
623.1670218639196
623.5777801027906
623.7993704394156
624.0024811446805
624.614019864095
625.0259494264694
625.5604694121984
625.7856052488299
626.4784615166773
627.0410318469756
627.2901498312604
627.5398256652853
627.6419813206036
627.7782038737059
628.3639859336771
629.3463849347786
629.4200635071438
629.9023274787812
630.1162976185464
630.5222485288119
630.6027266538747
631.0129336376192
631.1577820820577
631.4328293340754
631.9456723916003
632.2320838936885
632.5587479905873
633.6977324748718
633.7531774998653
633.8720452541307
634.2062829762488
634.8508439909768
635.0943161922736
635.2661067378859
636.1202892424992
636.207873945298
636.2528957389467
636.8694821942754
637.1300163148118
637.5625738073537
638.0448096409723
638.1246878644781
638.2427615230191
638.5527275676263
638.7943460531383
638.913343208846
639.0513431417007
639.1261097344266
639.3943412824432
639.8622977505324
640.3223966713302
640.5614064890136
640.7921907638519
641.0599033348448
641.4657478881659
641.5720219374981
641.6333864080443
641.7544570834492
641.9458125561139
642.470583545645
642.9616398176267
643.2454505940535
643.4238069696097
643.9499550631069
644.5296421153558
644.6712355966174
644.9121303907898
645.1204286818405
645.5093224103807
646.0958283451827
646.370765818677
646.4713522102627
647.0413688022699
647.5552841325365
647.7139745918807
648.2550417448937
649.2489068507585
649.7777430346734
650.107015998033
650.5357487142969
651.0265396049487
651.0877650955008
651.4003868729664
651.5101914579374
651.582758581521
651.7510531211979
652.0804144488543
652.5660000654291
653.2965345027366
653.3257697378692
654.2647383640964
654.9178798292454
655.2660219154346
655.3584321267687
655.5087516261939
655.7622324046357
655.9037368101334
656.8337690635449
657.2251168645533
657.5393548937907
657.9048491784065
658.0250251421553
658.1669651892594
658.2070351590104
658.3076627549987
658.542433123156
659.2210983995602
659.5168002579925
660.2833053771192
660.4347022475564
660.527548597573
660.7450402284802
661.0101089159974
662.0114739906037
662.2246163992073
662.4958207539606
662.703345631981
662.7781565357795
662.9067530617244
663.0354828202709
663.4576949001354
663.6181587054384
664.3900435884951
664.5083607964217
664.7652196427184
664.8407404276926
664.9924536535931
665.1085566079887
665.5110962832492
665.9059710945293
666.3466636003988
666.5862387730938
666.6643140993876
667.1580721655251
667.3006804446525
667.725451938911
667.9384736022231
668.0871033895698
668.2687495117713
668.5400143857269
668.8229665869247
669.4653238574332
669.5610034136566
669.6713566476155
670.4373781664414
671.1858351595653
671.569055995082
671.7450081431697
672.8428390735219
672.9238194819221
673.3638794147554
673.7521232422085
674.9786076363662
675.2682435015867
676.18261414484
676.6010244137951
676.7267991889889
676.953174380077
677.8768361460802
677.9586739486407
678.6955471818638
678.8614429141248
679.5641395276316
680.0197493491187
680.1024361799896
680.4799283522573
680.5959605552368
680.6900495332824
681.9819859410584
682.3161951600943
682.5597067348665
682.8425852297503
683.0293940351203
683.2863116847222
683.4023691572677
683.4720752941025
683.7995048780984
684.8624612059816
685.0682591822601
685.5523713396502
685.9405121879913
686.3730093073812
686.9576649813117
686.9985431339288
687.0791544289208
687.1876449442977
687.401800756966
687.6899246016488
687.8990845003968
688.3064839677317
688.9467718158369
689.7912677901264
690.0517871677735
690.3227000136566
690.7000974803453
690.9855542997848
691.0311183798403
691.321597441633
691.3818204060635
691.9696201195384
692.055048967758
692.1935514797995
692.2309716552784
692.6597897865587
692.7099002061358
693.4606910928619
694.3932461306354
694.9515802308653
695.0340209755791
695.3433939554974
695.6019799728042
695.7839757078598
696.1419692430337
696.9858183466226
697.2903058616881
697.3872353068272
698.6176243254197
699.3568700515242
699.4724173397999
699.7282796838122
699.8126405101987
700.1503147872737
700.4889768506446
700.8933888950916
701.2190241464145
701.5131368188433
701.8067875584884
702.2938984307083
702.4600941472061
702.7446690635845
703.6503344710508
704.8610220605507
704.9056590376507
705.1883978933438
705.3122577278082
705.7346874672235
705.9713115975395
707.4972850944204
707.650669061653
707.9886400093338
708.524123764073
708.5689104929453
709.0897376284115
709.5498805116916
709.8987382208251
709.9843836058166
710.1584123159948
710.6132546799432
710.8792797692115
710.9937020349084
711.1263260229551
711.4795130697895
712.1117418976872
712.21223233302
712.5595760348599
712.8606259060791
712.884936152672
713.147863769917
713.262471154847
714.2452198037064
714.7407617786798
714.9795234571086
715.0707794985764
716.132954922846
716.6027998511898
716.8767271956776
717.1688101404854
717.4192895897329
717.7299481820834
718.4266475368762
719.0024598700506
719.3019018736512
719.5470606830899
719.6086757753228
720.0074861531114
721.5611134759909
722.1346098570158
722.6286457562376
722.8420372215406
722.9647180806833
723.0562372545318
723.1937274672165
725.5679756617108
725.8763682468334
726.3817962251394
727.8598905296477
728.5521890934001
728.9578682344005
729.9675684375344
729.9819598713026
729.9922471196411
730.6529974745803
730.8345376685655
731.0401245792452
731.1560067533337
731.3493378771601
731.7559299119866
731.7892717846676
731.8361420301184
732.1655976228932
732.7353256755157
733.0720634511435
733.3773468416705
733.4034463644588
733.4504641145498
734.0936353264673
734.4647021021893
734.6619017173314
735.823310246881
736.0834210914551
737.2285830899446
737.7272217282505
738.0187463092359
738.1469939415907
738.451049114941
738.6604984989968
738.8573431118645
739.1889731884127
739.6852954179049
739.6948208052066
739.949538149071
741.0762440685944
741.8998972857012
742.0298249721952
742.2408719474785
742.3468174928878
742.6189801246469
742.7099779955386
743.4561337517306
744.1811396523831
744.4319331875965
745.1019424531003
745.3078608022457
745.7271724325037
747.817942921058
747.9840985702989
753.5966783099074
754.1077487621064
754.7542880799425
754.7865953036055
754.9381127893621
755.0840027554168
755.446454543686
756.0072128868742
756.0691863301488
757.6507631220238
757.7690620112471
757.9817457496928
758.037070448251
758.1042246760588
758.2493953885343
759.9564529778858
760.5037120902596
760.8155023529038
761.3441995570475
761.8725636822518
762.1549566336191
762.1650496251358
762.5088450272602
762.5529738037437
762.607879795664
762.6339061565559
762.9954286318009
763.8884630000016
763.9678342621272
764.5507633447205
765.0119675597749
765.2401968149254
765.7814794087658
765.869781778116
767.2051200713357
767.2400095983605
768.1405929191251
768.8221347262738
769.4703061381814
770.9469305040017
778.2147110367829
778.4876176443673
780.2287937714241
780.2957770180861
780.311051697504
780.4776454657048
781.6506219439407
781.9107709015871
781.9174354759881
782.9183026225453
783.6456280242935
785.644433190631
786.955268911333
787.2689757153117
787.3802030908081
787.4873454585234
788.1285545695918
788.6788710899677
790.4463411402074
792.5037874766316
800.0789569232045
804.2494175329612
804.2567053199356
807.1614743615246
808.7983413642801
810.4212482296707
810.6758106745968
811.2216282397017
811.8877794526189
811.9083592795887
812.0949184507739
812.1093434615229
814.0571219367461
814.3380788678995
814.4943184963358
815.1623599370755
816.5854704678484
817.0261782814677
817.0547320352118
817.1546866446029
817.9420045601162
819.3832977448815
819.4084637714958
819.9133651465319
822.123393783722
824.7825157891332
827.520237243139
827.6667817828511
830.0635456986488
833.2871522702484
836.9407400981821
841.2613992107786
844.9435415742529
849.8760392900668
853.5868526865582
871.6167406600714
890.2481654267192
908.5553620130705
927.5752868109475
946.2861773295832
964.7146783761465
965.6984627383343
984.7354927013499
1003.5280908704465
1004.5785420561293
1024.004182140062
1044.2092110408314
1064.1377895717221
1083.579703965187
1084.6967386133133
1104.9181738496031
1123.1907757122892
1124.7909606280214
1125.901929144998
1146.5308174897964
1165.1719317970164
1167.8860165368928
1185.8465120147791
1187.2283283682407
1188.9031754095654
1189.7402090033656
1207.9204193428843
1209.567343507198
1210.582964871547
1228.8593384267174
1232.076696045483
1232.7888853947325
1254.1268975627972
1274.6139091261532
1276.0044774846247
1295.892349132042
1297.5676182416219
1298.569836336506
1317.674666685756
1319.1035920674703
1320.607324619262
1340.92802014868
1342.0233935330587
1343.7438179256264
1344.493464304908
1364.71740937677
1366.3137187982857
1366.5967316543479
1386.9045362799172
1388.7245927007016
1389.6098306911754
1390.2902146072547
1409.4772300741024
1411.0285724190076
1412.58075821918
1412.8699666533607
1433.635533985512
1435.5291461915729
1436.349410778505
1437.0302916627481
1456.5991297838723
1458.3098670500042
1459.688697378982
1460.0378428058657
1481.3253306242475
1483.4252190541724
1504.6754927641477
1507.1874730556547
1508.3602718400532
1528.3942657201724
1531.11829526397
1532.02056920998
1535.2197492053353
1552.5202449368119
1556.0991697966385
1558.1783700735612
1579.4207390912213
1601.059434160476
