2.1480730656086005
3.7917477904288233
4.079501977666872
5.708249307960205
5.931380224713283
6.024425494465358
7.644623754212306
7.653441409519818
7.9206415238215
7.977448479597376
9.595092948067535
9.61138996113905
9.806417448415546
9.898241437033995
9.925116443710573
11.554217106781245
11.570177997678485
11.611097390832889
11.732743619282088
11.802197047199842
11.896621996829067
13.504832057284709
13.528130730108561
13.579999174690204
13.59071461250089
13.732470684797313
13.841766198334868
13.901737385650144
15.397954410651117
15.495540664523048
15.514904874784838
15.555995080567907
15.792990801192362
15.814535400597611
15.911531080384304
16.349557823398122
17.349520381025396
17.472393277813175
17.500578584888498
17.69328624943919
17.72869098282097
17.900897240199836
18.634341830171934
19.230459742127923
19.319789015550935
19.436555962980623
19.565380259315422
19.65049643171508
19.878403027138223
20.344731219064307
20.516974641350497
21.22518271704325
21.366950817609048
21.625264579627846
21.840190266727987
21.899933913049352
22.341953341177607
22.46438745216957
22.527412621146485
23.220890376311306
23.782965710285975
23.803833065424044
24.34193706854591
24.526764606367927
25.545034385188178
25.579141549324074
25.74323415552835
26.20105480163906
26.373621933989185
26.52763713432142
27.228002428301693
27.438937749256056
27.46651648871406
27.720757218579635
28.199014500747733
28.52285510886848
28.58061904048188
29.29578375061608
29.426126548082724
29.595886744012596
29.65504284405666
29.69932177396495
30.19252703736014
30.211938153551998
30.277881498773603
30.532588755437416
31.404008478865677
31.539190554179772
31.553377148831004
31.6207335348781
32.20070839165235
32.27586672691422
32.41781140685205
32.62363054977929
33.3812217002865
33.50762386968786
34.12373415006969
34.22000546423059
34.280742716157725
34.7455708515564
34.90430630845578
35.143894158011435
35.48632457959475
35.638016203233164
36.01529640139272
36.32967810061262
36.74422625557712
37.4660259746415
37.978586138071094
38.74356756329924
38.99301949614321
39.28450197500316
39.60429192258723
39.96112302528596
40.41737369806736
40.745609260267514
40.88302366576478
41.34194463540265
41.59785965011036
41.604229801742015
41.93947777639054
42.79184125617361
42.85115962109408
43.847918397142884
44.24421632279859
44.43880122329156
44.81824350854874
44.85608328723903
45.26202264101828
45.501943374245634
45.60006951945875
45.652661632874384
46.08696262226475
46.135002455492064
46.855683774716965
47.27555286823617
47.63189297525746
48.09764070733019
48.85447626455133
49.76336789779838
49.88623213805727
50.025462621743905
50.48921259533992
50.501675412719806
50.858956381187056
51.77476891102297
52.05549676114064
52.49014240405023
52.886593608939584
53.736195036116655
53.75715104579954
54.49181787170171
55.72102583582709
55.74975329462622
55.916040246866444
56.496470313933976
56.51705955621231
57.38878891917114
57.43180551161573
57.701134239253044
57.80500073197814
58.516459522480645
58.52434150593288
59.76887135106638
60.518080097982036
61.75145978295338
62.23652058732349
62.33437914360511
62.52408030969004
62.93203402568316
63.07873676260418
63.39235413152661
63.73092742173656
64.22340561910116
64.9319532053316
66.18677221876513
66.93357784102285
68.16951387643772
68.93715534756952
69.12314321194411
69.1493887105257
69.73587173587742
70.14892545854991
70.96493354201516
71.03328522660554
71.73570054227608
72.99280277284599
73.73697781938412
74.97543147714597
76.33793775524951
76.92690963521585
76.95633742241466
77.7711596979595
78.22549159680256
78.92906822516595
80.18964959969564
80.93038067008972
82.17024719912568
83.92130986282639
84.5092852050466
84.96379037121126
85.19124319244314
85.8093832903637
86.50950106917338
87.77250281942639
89.75459549539038
91.89281959903353
92.00130673459635
92.47877144771299
92.54506939590429
93.78076860268239
94.47892656311187
95.74386728412462
97.72557289346258
100.25316222141342
100.5152410700292
100.82417695979086
100.83688904715996
102.14050718778093
102.83693088774997
104.10419797182172
106.08460004863663
108.87185796968214
108.98684236061911
109.00329684780277
109.58328202249706
110.88539308490334
110.89084214512224
111.58353719533794
112.84722324452191
112.85376410101107
114.83308949912026
118.07544656981948
118.13950518009555
118.70224889268161
118.71934175637226
120.02554789149413
120.71883983861541
121.98748326162965
123.96870361445309
127.66452722959964
128.2421139897662
129.55078572387234
130.24243762797423
131.51294730525535
137.5785707546221
138.15435923370222
139.46422667317668
140.15463661023415
141.4261216074122
147.88043793536042
148.45512351387836
149.76616729479872
151.72782225492713
158.57034954332545
158.64569921632014
159.1444232844701
160.45565423823032
162.41788993988183
169.65037786281087
170.2223927100672
171.53518660305656
173.49633487505184
181.1176389673472
181.68878428368888
183.00279410957017
184.96353983231074
192.97371667293416
193.54379847340078
194.85834413608143
196.81895663068164
205.21799783911337
205.78732845993846
207.10236201992024
209.06371958265632
217.8508312952886
218.41911160186015
218.42015570484153
219.73495087080872
230.87195917294446
231.4399116713435
232.7561351087345
243.13759533079698
244.28199001279418
244.849126046847
246.1656811072848
258.0800248631792
258.64672210260323
259.9635654783502
262.56804857907355
272.26636266868934
272.8327684961722
274.15062713132534
282.77552466402346
286.84139949962014
287.4072463591696
288.72473868782504
301.8045745508394
302.37011041339235
303.6882113095173
303.7609515556455
317.1560059266748
317.7212968517714
319.0391046370485
325.52502043368247
332.89557990366706
333.4606990247746
334.7786538256374
348.0664046468535
349.02384606845294
349.58837115607264
350.9062639696383
359.5443791804915
359.9323054114315
365.53936429793873
366.1039992712353
367.42179352789464
371.3851785581155
382.44277811750044
383.00747354456445
383.25223872189935
383.6402087223074
384.32517663227776
395.4814515892226
399.73396351791655
400.29853286613144
401.6157128127708
407.73863141439597
408.1257183485973
417.4120695043434
417.9767923228142
419.2938400284362
420.3781910713772
433.0009941978601
433.38945458117814
435.476781778725
436.04165920165667
437.3581000859076
446.0133686607468
453.9274180334695
454.4921539230574
455.80760028830315
459.043439908197
459.4301447719922
472.4389980432329
472.7616534782039
474.64096147701537
485.8603910226183
486.2483498212521
491.97650749225147
493.85172833921064
499.6348563934807
511.5641815473472
511.623056927412
513.4285317870202
513.4569876866104
513.8441479969357
527.6275599451193
531.4962280809642
531.7665506919644
541.8297267239581
542.2171056925828
551.0483319257532
551.8933332353014
556.390925044347
570.9808479282648
571.3686658242832
571.8109484724152
572.0898201985337
572.6606974478365
573.8221454007131
574.2238972457159
574.722554332412
585.9331815755143
594.1196240719883
600.9096581712047
601.2944534140801
615.7430453345875
615.9778411023048
616.2494194545734
631.6173186560852
632.0024339938828
637.5948730428007
637.6071173599939
639.7631441601786
647.3436820109177
660.0839905746968
660.1762851574897
660.3453606020195
663.0989622012526
663.4853734066628
679.216060142983
682.2567667923072
682.2787018411769
683.2823119428515
695.355236797035
695.745972922657
705.2500048674508
706.2851836379679
706.962222951389
707.7089655445895
711.8659612542339
728.3976292698371
728.784608572899
729.4038407537981
730.3012115602718
745.294138641474
753.0636817277365
762.2135843672803
762.6003971102542
777.1780162844494
779.4958991707122
779.7697466536591
796.8073106053336
797.193569814072
801.4293261600295
814.4793177102796
832.177235805369
832.5640845016285
850.2358809519227
868.3255994324126
868.7120788783257
886.7755529006265
905.250816981682
905.6375693906674
924.088379594299
942.9660073641044
943.3405687597265
962.1839818788663
981.434330989316
981.8210248423993
1001.050675272453
1020.6926109322055
1021.0788821129546
1040.6968076684875
1060.7236384957714
1061.1143112986206
1081.1227919672413
1101.5405155307776
1101.9270178849117
1122.3236766987643
1123.1152944929813
1143.130664450198
1143.5171922097093
1164.3043172297967
1165.0940277776697
1185.498451116126
1185.8849531726144
1207.0599899927258
1207.85001903184
1228.6432321376446
1229.0298738541564
1250.5931027972135
1251.38034714074
1272.5669198276205
1272.9528066733074
1294.9121688781584
1295.6948396092928
1317.2663247236785
1317.6525453417896
1339.997476891522
1340.7817306777695
1362.7433164321526
1363.1293963137562
1385.8646560498107
1386.644890819499
1408.997351175751
1409.3829494838176
1432.5092570577103
1433.2824892907292
1456.0281567406014
1456.4129592458958
1479.9325123669128
1480.6965399269839
1503.8402428934357
1504.2163028653702
1528.0890516898955
1550.224123938851
1551.9513946383934
1552.571594849142
1574.6572774415765
1596.7528792542691
