2.386490949610564
4.071000451309492
4.3378533582636205
5.993775818588171
6.185281068282521
6.3010905995453035
7.933709122007224
7.936497259430369
8.167517898664494
8.269349000697426
9.888576792184974
9.896310079867266
10.080326047919524
10.146827618799447
10.216586190980523
11.847351035366072
11.854535573359763
11.903564272104678
12.04229989812542
12.070623164454073
12.119939956656419
13.803765268661698
13.832787403826776
13.851873204285589
13.919447473263611
14.008278446519103
14.08040331832216
14.192675354813627
15.698242755538518
15.769304848345298
15.811656764058878
16.041414880017864
16.164471762719412
16.229743463023624
16.725731495896405
17.633453395246963
17.740080733089304
17.792053185643915
17.990205408444755
18.05561071389261
18.708700832026796
19.083757431552236
19.592294875867164
19.66175690677511
19.71946455166282
19.80986814993989
19.993758543263862
20.161230513987388
20.69579190433615
20.941695409818028
21.564513796335156
21.64066520124108
21.665090284479117
21.95471626022188
22.11674046244011
22.399742154694916
22.68364178929041
22.873189868951993
23.004277948017418
23.570951439958282
23.632692424349607
23.998227441369945
24.259719768102304
24.660674151504498
24.831903918660565
24.988466626184685
25.528246518572626
25.6177137258278
26.126805895221164
26.19797268167152
26.595099561053875
26.729235831170957
26.8036586255769
26.977885322799025
27.60146502042346
27.923586394979992
27.992420403096286
28.160408320530156
28.711047365483182
28.966464848271094
29.562733130377016
29.928388390128685
30.128423622530367
30.204206190228543
30.253497206111376
30.6999953805114
30.751825568797546
30.850005060126445
30.95400995347522
31.685208517993974
31.89264552110994
32.087241460059516
32.121968757975615
32.6908692403974
32.83162075655727
32.91868723569105
33.09588376400483
33.86443175592606
34.025179667987516
34.068924773713434
34.679390575435185
34.75585089162476
34.83597450610073
35.08046022801931
35.35742381854134
35.81529829741287
35.86423518236141
36.02410940920237
36.33643560507054
36.6299808528963
36.69026087221991
36.81790816383722
37.33897795557104
37.68219130055984
37.73640931624242
37.99954379353775
38.57467230683166
38.871434094043096
39.17689040520761
39.324371914997684
39.67649765382378
39.93837990360487
40.02081611584365
40.25215443176866
40.546116950490806
40.8318476285161
41.31331556858078
41.48985280647431
41.54838965692592
42.23328330813517
42.391012839683796
42.52059817313534
42.82239969693652
43.31672821932566
43.49419424858564
44.45655914563849
44.96673475368339
45.34943777038185
45.45874351287827
45.538481870038154
45.68138529644419
46.105750839119025
46.20982181195156
46.83482563817024
46.90706175105902
47.423356396180516
47.521414319636044
47.603312886692294
48.217011146550014
48.75762189576108
48.78813100819698
49.35439129668631
49.50734943713268
49.7383051954259
50.13835998481959
50.64572092229069
50.75403093629284
51.20145807825206
51.21952449095869
51.378748089366134
51.50009628226758
52.23576940815867
52.51218479207185
52.54152385417997
52.72874679592646
53.184989903390345
53.33747209089843
53.51584766009349
53.8449843963987
54.46396242696076
54.612287645691616
56.43430067802549
56.49731055296595
56.70998768037428
56.84153669391024
57.16770831985958
57.25725752070792
57.85303710247517
57.885209895289414
58.24922652528135
58.36737107800287
58.41072049047728
58.58267780974513
58.729970017913516
59.239353984172624
60.32391765552998
60.52841898067709
61.25751508813259
62.3761727451478
62.50480832366922
63.13373944495385
63.16666016741793
63.23068293316008
63.68455278706786
63.69947775563097
64.48069636441954
64.74712454227986
64.99269159247031
65.03417014969052
65.67923719229506
66.26768560438461
66.39698751131723
66.8099779438779
66.9812745773001
67.12308333911321
67.66916754473131
68.95626832279936
69.66965601830218
69.99993967484417
70.00644624951505
70.39542419087023
70.42769880702015
70.52378605939302
70.93105534483195
71.09946923819402
71.67138190532835
71.69709157247603
71.8775948783667
72.46744653943018
72.50635055470325
72.84139673346722
73.76788161905313
73.83456101777865
75.79350762453947
76.87326728774958
77.22357881004247
77.73255933711923
77.7733313119216
78.10749558984665
78.50577415324891
78.85294676914712
79.06279819011557
79.10072031950573
79.72542719856484
80.61536305034613
81.04833397320978
81.71139988913238
81.79468332285329
82.97237483541392
83.03085669542604
84.83150774541033
85.33714945828947
85.55903527215796
85.73467733374376
86.70861047174462
86.89724587051124
87.32042109026955
88.58946802892663
88.65873551086464
88.70122895733292
90.63240183883198
92.60117306875074
92.67915720810943
92.82596783497877
92.96441935840015
93.31448609184079
93.32182003389649
93.33581183970863
93.44199135402125
94.70329776684423
95.30692477374437
96.6536325861519
98.62766632948917
100.58906346557765
101.20257692178251
101.25242933354002
101.32094890635918
101.6970692740711
102.49892916379889
103.08463151104267
103.68135924831422
105.03464272177715
107.00909750046388
108.98085262622077
109.68910090215425
109.98003391681924
110.33998487735334
110.45742029304633
110.57074207615632
110.8794731819654
111.78137484044863
111.80803741206233
111.86670074744667
112.44025452215485
113.80281132760211
115.77805481736154
117.75189900988074
119.10363166199794
119.13800424778508
119.60359980939546
119.64772597309562
120.5835572759501
121.01190557248624
121.59112642507525
122.949418520153
124.93385476015936
126.90606156119445
128.54187426938802
128.67757085004396
129.14080009214038
129.73934434227405
130.5525849677972
130.593778482461
131.12613669650602
132.50233134611173
134.4742884534605
136.44610149897383
138.60669568378282
138.73265493593985
139.06304517356693
139.27777007513802
140.48254301601835
141.04889733870274
142.43416593073118
144.40020352733725
148.92299599626233
149.2041721927831
149.37321246617907
150.79686839797907
151.35959349766492
152.7510544807289
154.72209506091727
159.51071878409948
159.62981307324688
159.71618022216578
160.07035461714813
160.09757239107796
161.50212726028894
162.0575771549595
163.45397277522306
165.4248328307331
170.7195536725469
171.15647208486845
172.57173208039544
172.59228191670135
172.6451215227869
173.1424132987595
174.5422360895726
176.51402522207815
182.10273029143653
182.16053477357576
182.19627655798666
182.25950215274477
182.29265188943415
182.62899328273053
184.07185231378355
184.61679114226416
186.0228146407711
187.99141328975708
194.06376937153152
194.4895832482683
195.9369760613134
197.88265043952538
199.85615415986143
206.29376801689202
206.31793578510766
206.73797049527238
208.18942695935746
210.13872370815963
212.108105900327
218.95757144827294
219.3743700157233
220.7654229669643
220.8311554321743
222.77819543924187
224.7477117705611
231.95494187180742
231.9918387885992
232.3977416180848
233.85734369099634
235.80314444311597
245.40163560089874
245.8096040724516
247.27172561559814
249.21966509024557
259.2040766609294
259.2223683213893
259.60866114534275
261.073887528679
263.02080315457334
273.3951519855319
273.7954210979589
275.2653897806389
277.2113883798838
287.9726371069025
288.3696040185401
289.8417701377555
291.78815024182404
302.93693377646963
303.33114931951707
304.805940918006
306.7511166128223
318.2877680298725
318.33721027485126
318.67974978937025
320.15311450811316
320.16905076166813
322.1032217933055
334.0242455167721
334.06568385024156
334.0937041204433
334.41552797967177
335.8946355289998
337.8403231186747
349.2383680157365
350.15271601681354
350.5379031084156
352.0186262703855
366.66311490100935
367.04623955995964
368.52320212220127
368.5338572327845
370.47269383531295
372.56160891156725
383.5593772024818
383.94016642740473
385.4233261544794
387.36695758429545
396.661655390555
400.83971596037225
401.2188166976999
402.7036398158446
418.5034275147354
418.8809314570903
420.36540558514974
421.53680538258925
422.3078223268638
434.1610752911113
436.54644246107785
436.5591800601014
436.92468408581317
438.40863750108633
447.1962124425701
454.97185702156514
455.34703104700736
456.8286483762352
473.6233629459131
473.7689210180152
474.14284656552996
475.5992199113425
475.6269169695169
487.02312168332105
487.43830723588803
492.9333093555066
493.30239703058453
494.77024436307363
500.8389240773241
512.4345253939288
512.5256020685162
512.7981716408663
514.2367271320062
515.0368726908298
528.8317427668437
532.2140462922669
532.7016961500694
533.0163087280596
542.9953808449965
543.4161458749176
548.2399435105049
551.4102755776726
551.7153670100182
552.1586870817714
552.4560986942249
552.5148545247158
552.694805813121
556.5007785572234
557.59375295151
567.5906739131154
570.157612708034
571.0395277901612
571.9718916655588
572.1679827785506
572.3379623101187
572.3690287595438
573.2404147378152
573.6632688241358
574.7046029248378
574.9667702354766
575.166958778022
575.3811343009086
576.1148249429232
587.135666665235
589.1745990240281
589.4933266789767
590.9833774239552
594.891096638579
594.9276528924657
595.1587573147382
600.1801261447291
600.3584920340622
602.0771899689951
606.0573603324741
613.664041697952
614.1361095494835
616.1879685003951
616.9576321336721
617.4550991983573
617.9630484032681
618.1905375394191
618.5542857030504
621.8741325441557
622.2924397274064
632.7937347995683
633.2144032129186
633.9657875188088
637.1690955228056
638.4051741044402
638.4317381789683
639.3550305452576
640.0238563042901
640.9749587406418
641.9762063665929
642.164322019871
645.4922200829412
648.5320886458197
648.5524595745127
653.9097205352139
657.9257489258787
658.3443022524596
661.3474386429235
661.5830636790064
662.1673420013185
663.9662661840148
664.2783066137058
664.3451822610822
664.6900405238829
665.4726840365533
666.4200237209487
670.1180327156105
680.2075762491743
680.4277254679565
682.8229379517975
684.6651837527195
686.1196806329511
689.6826006837481
696.5371239557126
696.9947695944678
700.2521932036096
703.0660740410805
703.3891710348427
705.9168103295344
705.9316255168212
707.7477036255738
707.8650040498396
708.2425878780897
709.1888512891564
710.9988078092761
712.8717635866178
713.0803759620306
714.7889437018348
717.8680021200091
729.5707493035467
730.0021346503104
730.482448117927
731.836878847391
736.927335888835
737.0704478872913
737.1275009821559
746.5103105958827
753.695462638228
753.7272024856345
755.280169366712
755.2901262885428
760.1376222549189
762.5158091526029
763.3992984427451
763.8205153382046
764.7538621544327
777.4676440855795
780.7174230836401
786.5385590144534
798.002568388054
798.4220611566467
803.8992359738744
810.095713065341
815.7045564007273
833.3658222529223
833.7905500972845
851.4654083514941
869.5255664525781
869.9445950857981
888.002761854879
906.4478242894697
906.8705671154595
925.3223467029868
944.168003319084
944.5943920323631
963.421747818567
982.6444856813182
983.0627121734844
1002.3017064442585
1021.9005177108537
1022.320039102291
1041.9452203273188
1061.9569719808635
1062.388456538516
1082.3752687204353
1083.1337868262285
1102.7650011444964
1103.182731236132
1123.579831135355
1124.3454407386748
1144.3603978549327
1144.7786660152713
1165.5648685735403
1166.3271964104492
1186.7318727773772
1187.152370237886
1208.327742769321
1209.0833244326034
1229.8495046119872
1229.9311574837438
1230.3004023848803
1251.8698917602753
1273.8279218815305
1274.1361674063714
1274.270970641461
1296.189721946883
1296.950248828346
1318.532199425681
1318.9476252708273
1341.3067148235793
1342.0583475009382
1364.0265166595013
1364.4350677748137
1387.1686762444492
1387.9279039142893
1410.2951483557617
1410.69884299735
1433.8262011092213
1434.5851874556718
1457.3515242311164
1457.7302960017198
1481.263746551763
1481.989963066469
1505.1843576512267
1505.5443305939712
1529.4870050703958
1530.3472925630392
1550.8311813458665
1553.5216068009945
1553.886676191874
1576.2577662006172
1597.9015874299273
