-0.3225829597584836
1.6716532938872684
3.4406792969048365
3.6913149047361733
5.258878469304715
5.4748794217786205
5.704196043305708
7.245590112769123
7.4786764327546384
7.534040801091419
7.694045036801978
9.22113006477531
9.297705274684034
9.409904808675732
9.560580430255957
9.631233306079558
11.164386971003069
11.253453319082732
11.315125807163717
11.549682054723625
11.590683079056241
11.641854609488925
13.032327366528342
13.256167493482828
13.305994177610415
13.51109229192632
13.582565529752666
13.661053944868868
13.866833091995499
14.869066581080766
15.119766908818306
15.287038427048996
15.625785345851952
15.813136049371733
16.280378508489896
16.512157214357902
16.963285534257952
17.152074525922085
17.19424386333756
17.286220052985858
17.620929720916642
17.826531728626513
18.35824498758504
18.994655704399445
19.161139321389665
19.244708351107253
19.292777116349978
19.5825680831934
19.736015634459935
19.85021649968424
20.04843301989939
20.371778299560457
21.014391221482402
21.13242247718165
21.270072245932425
21.80981184557776
22.118176586462564
22.368636129851076
22.616013067301825
23.021551045712286
23.23694203925977
23.304639112155463
23.389580884026305
23.50385986010582
23.7410846304481
24.155196706834815
24.648916920339165
25.028158757311772
25.34544916612015
25.45247245774662
26.160088740102438
26.295389210128437
26.357986179036615
26.635974714016367
27.047570548699014
27.265299401186617
27.37346551296791
27.48997953119826
27.585893724033653
28.17027105255094
28.331274626258274
28.393917652795206
28.648247125343776
29.133875646487787
29.21785156305593
29.48938132598322
29.718862655708374
30.2001423229191
30.48942795130926
30.635414210612176
31.15081164156861
31.177536969574263
31.268790097040586
31.482881966241244
32.03638110526509
32.39295263792508
32.52296967859396
32.55460488149096
32.63118860515231
33.19362813980726
33.2415234886204
33.473278758731134
33.81994834641392
34.519035112454134
34.64795797809965
35.00774489365268
35.174985678352314
35.27930712016371
35.378453521571075
35.650398112561206
35.830699725257055
36.342906970266306
36.51705671417798
36.887429330245155
37.06449998443358
37.158845570324154
37.24597186494213
37.309473151826055
37.73800678425667
38.42077950699639
38.52369957549763
38.6824353447204
39.041504214470535
39.275676131204044
39.504486393268024
39.77151825579256
39.92671588736156
40.48984809542561
40.54432483226053
40.9880012058311
41.045887725930534
41.25415842141712
41.783745137008694
41.894414952258074
41.915911654078045
42.23588821211381
42.3523998191279
42.60306740903495
42.633441468556946
43.566660976613775
43.772121380204666
43.96626528043618
44.04306889575285
44.65675054921791
45.03835575802726
45.173944169024175
45.2190450051879
45.594781996736145
45.72406864969379
45.806647978438605
45.97945127226632
46.393734994505095
46.67769678532716
47.15895490115889
47.229607533647425
47.82697089700255
47.93911839541899
47.96769676900252
48.08462519005547
48.251846454081495
48.65143124801265
49.22903354366613
49.624469412156465
49.77738209647934
49.91197896893376
49.99680356164307
50.58915881667415
50.86655764109192
50.903654662718445
51.259148380946016
51.485348056924124
51.70299901182377
51.94635393631659
52.10440653668972
52.78774030347825
52.91101208108659
52.94209129077184
53.26733852925968
53.3299467366786
53.56457327184616
53.90039428739078
53.97345193433964
54.127027894688204
55.595321103002235
55.73243850318552
55.863637103179755
56.302049355298806
56.94753408514444
56.9690444727924
57.35792334303683
57.41985090671781
57.527959827781345
57.61659861131685
57.85336034852661
58.1866736843851
58.94822372093753
58.98080559584251
58.99365294369442
59.57598265846881
59.611564035943
60.04792558391025
60.17527121964687
60.38516580499173
60.92908521849793
61.04005938269286
61.28313399557989
61.506550444845125
61.65115798622172
61.861645549432666
62.623989103786855
63.16507812281017
63.42119240596747
63.664196338650314
63.83351878871222
63.96562044885423
64.23150818775301
65.03637034830838
65.16865321233747
65.44262610530156
65.76605508889446
66.04261226516965
66.5626059768265
66.64447010140336
66.75974343704577
67.0522003342895
67.21312409166293
67.47627090737495
67.56525630952257
67.88568750358306
68.08713486010612
68.86212005581481
69.2167002660787
69.85108066401858
70.10589796810315
70.26608587569443
70.78496276645247
71.49515794776235
71.84512983583474
72.06318054747821
72.28909791266766
72.38410259810509
72.86812392641588
73.50680845714034
73.54782808861539
73.96475553826062
74.26255697657726
74.4847376348745
74.9074291558973
74.9711987839778
75.67784036917749
75.91940216994878
75.99751875740448
76.26185319414434
76.28602423688342
76.33986154385337
76.44561944150288
76.92701109392924
77.48897385359163
77.57907684219184
77.99284431139692
78.31593752741037
78.36147553761279
78.50472029768089
78.88064184006251
79.51371698422606
79.57018772555423
80.07449845378065
80.3822010087927
81.46097254022317
81.52092781071009
81.98360229953988
82.06808976932301
82.12662158847908
82.31461470385287
83.11560124892306
83.61734734273043
84.13679818141154
84.99379155583637
85.10070226600993
85.20074554672006
85.54917438134424
85.6102244458454
85.92098566003932
85.9896395820466
86.09844137401592
87.12698186883313
87.6841470978353
88.33613612027024
88.92990977572097
89.13459256759745
89.16811233119257
89.79386506753254
89.98545305776294
90.07697932003002
90.32833842902286
90.35796431558056
91.73239193894914
91.8706724448204
92.14783641725545
92.43866736557192
92.8039686281885
92.9022229991478
93.09626606023554
93.12539883072341
93.1869882604416
93.57966120700848
95.12445114537464
95.23291005901063
95.60486468161625
95.66275178012276
95.82889075119098
97.13753834119535
97.40939133139238
97.69417148498307
97.90909940501935
98.18189221106664
98.4046652359467
99.16603624069568
99.33576524359646
99.71682822605604
99.96321659865808
100.10198528104917
100.72588244828759
101.29752611079611
101.48317638125184
101.94827455258049
103.1995227637608
103.25026705342151
103.5042978527564
103.56564807379873
103.95422874701508
104.02930017041808
104.0638799228691
105.41252432898543
105.52622504800097
106.07239427312376
106.13858006004179
106.77867176908745
107.13988243418464
107.43329878205641
107.54815007737922
107.6235126746692
108.07066428352297
108.10783576276819
108.71096772739901
109.79611425706207
110.04030030215976
110.23029606755968
110.2569970100905
110.70423064663782
110.7439741325114
111.21724591192395
111.61931707316333
111.6602153121762
112.28218157005013
112.78849388833565
113.80506063763166
114.29903741417374
114.8312037704082
115.1016279223383
115.5864584287341
116.08293210817902
116.21566137243926
116.25100916151935
116.38685939076699
116.48398670469084
116.84809610271456
116.98944568278719
117.08699680748221
118.56528098545436
118.80441125508582
119.41182186690745
119.67672556934211
119.85131970002443
119.87110248065761
120.41269583080903
121.43875737522853
121.93353701642582
122.57605200707779
123.2244286689761
123.45421423957073
123.94400487516461
123.98567502186279
124.07352852130273
125.25407170841979
125.45762120208158
125.78524902971618
125.89558544631268
126.00187214190821
126.16551032452058
127.9463263974063
128.4164824198042
128.91239473617148
128.9567689399532
129.38130461079018
129.45252766619868
129.57291226492163
130.982429011997
131.46542707044563
131.7339900242872
131.98358955883435
132.99761030784612
133.51038364884133
134.41887719615394
135.0079036646
135.76326384318452
136.21919747661147
136.66604122704814
136.7633936911511
137.47717878153082
137.5837516172006
138.8874543068052
139.11363686162701
139.30319304835277
139.3591132259733
140.91261710280693
141.38988399536802
142.92837653179942
143.42640379197147
143.44844769362862
143.96456279299065
144.93839977574177
145.45171509354716
145.77630122296807
145.8962520866049
146.0181315188722
146.10241124042216
147.40074007986317
149.20349226196626
149.2747095543551
149.61423993528453
151.20483431542317
151.23700692248528
151.6254577525327
151.70603000636467
153.24572044752503
153.73900436020867
153.89757683947562
155.25729618728033
155.762983773977
156.75282235277385
156.88824955141408
157.29599430478055
157.6689871708848
157.7270836977502
159.58108801701283
159.88438082306678
159.9131540647822
160.30833710290807
160.40905164400556
160.66745911554318
161.53776126077102
161.92974886993045
161.94906454262514
162.39492937690113
163.95001136850684
164.43502921828076
164.7333639217014
165.9617481433367
166.45951474440216
167.38890978572695
167.82140236597772
168.0346409714302
168.40911808559113
170.2753559059569
170.98329735028796
170.9893322068905
171.00478916224696
171.3921617321909
171.6371992458797
172.24067234490084
173.02844342388278
173.47793475702187
174.9220600267419
175.0445765852408
175.5262772140126
177.05354481084225
177.54335337243648
178.09216561466278
178.68932778141772
179.0288447751855
179.07259887670926
179.3356406968743
179.4935829709367
179.8717321984725
181.35770469904745
182.33651494600247
182.4836133779575
182.8645474285386
183.3321623844431
184.5073440380388
184.94114145915248
184.96455588875375
186.01331539861795
186.52002537130966
186.99600434317674
188.53215701244815
189.01510008135693
190.55258641494015
190.56177496144824
190.81594458205873
190.83054727837583
191.10841199634498
191.19576077888402
191.50202054898847
192.83784110619615
194.3500731234038
194.72126521850913
194.75740065329228
194.80990053778297
194.96156609123477
196.37387113215286
196.79781725431084
196.81210162642216
198.38717374794695
198.84577402124708
198.86124343285337
200.39769239872064
200.87849058951153
202.42651304473202
203.43443115236732
204.68584285838887
206.49852925267777
206.6039129641634
206.67107107995088
206.96811293834926
207.06965161598947
208.62771256349058
209.0585395230098
210.6408793466109
211.1023776081156
212.65245305143648
213.14572940347455
214.68042588571882
215.89666294089378
216.0165309461995
216.06435303726042
216.9393221729433
219.2457423180621
219.60777066919994
221.2687913446635
221.69257784183412
223.28157327159317
223.73906748849944
225.29268742354876
225.76220245453464
227.321191703191
228.98918047689958
229.0224234813051
229.1084756134335
229.148271848164
229.57520057350953
232.27581796656006
232.62868147193032
234.2475905275059
234.29935935604692
234.71101199505173
234.78449137867037
236.30980869431252
236.75941157958917
238.78500051319156
242.3271418869961
242.42448645068862
242.51842134779108
242.60941724804783
245.6893338626627
245.70132271464468
246.03811754165932
246.05795956125675
247.7134889583292
248.12766892590855
249.72541376914572
250.1764319878636
252.19587263661134
255.8529905623449
256.0025575001854
256.31493674745286
259.4809838637264
259.4969058246137
259.837715081574
261.51707123109634
261.9259794683108
263.5281415509257
263.9720872554086
265.99573154057197
269.656221731344
270.4958966983167
273.687701654695
274.02384246339744
275.70750676665966
276.1120560337075
278.15368889252557
280.1817726742442
283.8455793357099
284.853076945871
285.0090750859457
285.08152264252635
288.2661111722166
288.5967561969223
288.67886955781864
290.2852171696356
290.68636338664794
292.2961992418118
292.73410901206125
294.75559556462485
299.77303207396596
299.9178866657801
300.0276754261117
300.14461472119933
303.2304306810589
303.25338411052337
303.5572754480281
303.78502177550126
305.2505336451362
305.64759529920593
307.6927812536127
309.7177230377047
315.38147739836177
315.4693046882259
318.56366235310253
318.5842443332967
318.90785935235147
320.60195551550476
320.9960591288644
323.04303053399235
325.0661918691836
330.8750485721082
331.1146829143883
331.2852282177122
334.3237864190259
334.6420764085231
336.3403116511754
336.72835081015813
336.74058446854576
338.77896219061637
347.0065573568192
347.22794283209254
347.2726231543938
350.4491563897807
350.76375663042813
352.4615788432009
352.8527042243589
354.9010177451147
356.92563629338696
363.65091701544463
363.7610657904972
366.96059302029425
367.27161054098633
368.9753817573295
369.36349545140416
371.4096343700941
372.00606699039224
380.6139916245028
380.65604113287225
380.88495684631437
383.8573727662673
384.1654397524973
384.2649699908469
385.87136728899895
386.25719809335015
388.3028194662534
396.10494690208657
397.82561553278657
397.881278494877
397.9442438995354
401.1384806353641
401.44351025516005
403.15117321941364
403.5349692936943
405.5831918535944
415.6029227001654
418.802634661992
419.10537406046024
420.81359607177427
420.97844390194325
421.1965691102709
423.2428505950708
433.5953681660685
433.64787029790375
433.70581176533176
436.8242186902877
436.8481699304506
437.14931543606974
438.85636690961206
439.2412093447173
441.28918473632825
446.6393623117903
452.07134788440663
455.2706438228313
455.56875492208854
455.58884094382927
457.27566143424406
457.6619628192416
459.7068745355932
470.77726355779686
470.8586548085697
473.0765651580881
474.0527736651991
474.07080940216144
474.3689408511245
476.45518426339567
478.49613429065676
486.4517301055442
486.89048219348257
490.0177668746709
493.2183068403328
493.5257240861195
495.6134315110807
497.63853643336813
500.2818412890491
509.4048340614306
509.6324087555965
510.70074256412005
511.5757699309556
512.6380238608673
512.7015484956081
513.0213723324734
514.0647314305688
515.0113605575501
528.2797433386141
529.1997101147725
529.4585155357147
531.5596228117781
531.6157548401955
531.8020255083868
532.3459898322628
532.5805187248753
532.8825429997823
532.9594429505398
533.2960206814904
535.0586816299059
535.4614575512014
537.1562135439902
538.4109019052094
544.2996580346221
544.6570903004429
547.5468549508835
549.0111257036641
549.7741123161946
550.1421687899385
550.2912083259109
551.0225354728259
551.2989898091657
551.6391225107644
552.2771393918354
552.9440079626629
552.9744814317573
553.2461934432202
553.5215368087041
554.80108514622
555.0567756648385
555.1592303151829
555.1817180224018
555.7477489336767
556.2033854903026
557.037596490944
559.4168326674761
561.6723990421061
562.1552857692022
566.4981665633521
566.7759677986705
567.406563978295
568.9834219860747
569.2071051489908
569.9543746245402
570.4532228966611
570.6446849687176
570.7918555258067
571.5242798974864
571.610371517299
571.6936742204749
572.6969721008173
572.7743244751657
573.3797357785683
573.9439467468725
574.7251385239413
575.9066585602566
576.33465671537
576.9697816201149
578.6209722548086
578.9639287401168
579.3543654082076
580.3782756789827
581.2591384907664
581.6629810420592
586.578864850452
588.3026500516826
588.8573321287961
589.2556640994532
589.9224764609608
590.3756096668998
590.5907463169775
592.6705297985716
593.3904025384344
593.8231414591545
594.1048656856972
594.3693253161202
594.6500545131191
595.6038217924967
596.01816356947
596.1393768779849
597.0702360537434
597.8468890115254
597.998784074093
599.4813891158974
599.7154415113588
599.8353192069671
601.560416162807
601.8840264266503
605.3581701775904
608.1519780616622
610.4113516601863
611.4145393446179
612.721736541788
612.8746706845074
613.5546281595823
615.1484327736281
616.1744740512858
616.6621664867067
616.8976591583419
617.3403125681896
617.6228667042378
617.6421990748377
617.7195764145779
617.9772518210616
618.3588243282564
619.078263270552
620.3519978383689
621.2985027896714
621.3427079751724
621.6298270534136
621.6899206053793
622.7038958425088
628.7445219140623
631.7814550186476
632.2157956084171
632.6566185019909
632.8385317562381
633.4416572057409
635.3448762158378
636.5434411369962
636.7411504581429
637.1387878605253
637.3706828262121
637.5402344924564
637.8388353382511
638.0543846234949
638.157543910422
638.5956802006514
638.9285921943858
639.3436999647716
640.237196129053
641.3630580525797
641.5900354571987
642.2988874023744
644.4648349905025
647.9939073435237
648.0855742467782
650.5141611157975
653.2099042484812
656.8356806393199
657.3278701053207
657.7339604918734
657.8037637148966
659.4498059633312
660.1622193220998
660.6298078289248
661.073323410864
661.831041364191
662.6515917044145
663.1044120979273
663.3245354233787
663.6931264978075
663.8357080546832
664.0001263196513
664.0540540506879
664.2549646825463
664.612367415565
665.9635188795199
669.6833518401481
672.0390059319561
676.4778989741628
679.419954425663
679.869857874781
681.551243401005
681.8640269136872
681.8936739246277
682.844008122994
684.0946848486426
684.9061819200489
685.1657490423821
687.0506816216689
687.266865627093
689.1080148135252
691.1497176594688
691.7785963393312
693.9754218999902
695.8768989018923
695.9073055381104
695.9920881384265
696.6873437149295
699.4546892512288
699.616731571976
702.3517147723991
702.6231928177251
702.8130985674146
704.9946919938412
705.2604201061398
706.669201900199
707.5065997818914
707.7249769825108
708.556109767311
708.6520856644914
709.8802089565081
710.4162816367469
711.6695602409224
712.2893658918408
712.5231099148314
713.0633449483827
713.2300489686768
713.2675843664837
717.180706533815
728.9630637678097
729.082893648331
729.3044132104781
729.6351432959175
731.3163541628916
731.9990802709603
732.7625268230498
734.4139970627715
735.4624111736132
735.5233068394565
741.6353478251871
745.9520507561497
752.9752306578932
756.3681733095099
757.7523247145126
761.4159798547208
761.4204715884067
762.0891172244571
762.8086178632262
763.272625180605
777.0034593106543
777.0426341106497
780.1579665027839
781.6952466480715
785.6369585611357
797.4249939546703
797.876532582677
803.7400168238959
804.8333549379702
805.8444914943956
806.4931984483329
806.5276490091384
807.7792063709513
809.2040007681043
810.7877326875789
811.4544199827046
815.1445359911618
832.7643935962129
833.241839379338
850.9069324433507
868.9415996976842
869.3969279454435
887.4171577029633
887.4692581116947
905.8482155927599
906.3218799876128
924.7345403585344
924.774313079231
943.5984541629717
944.0492114036497
962.8680747011001
982.0533252692052
982.5147803930961
1001.7394412076817
1021.2980837922513
1021.7704335837905
1041.3887064987264
1061.3915628466673
1061.8419181375434
1081.8190808156528
1102.1737354221914
1102.6358671247756
1123.0236580728624
1143.7663909177127
1144.2336298971811
1165.0090788684383
1186.130264414849
1186.6073158337122
1207.7724826554709
1229.2154591121182
1229.375564869691
1229.750287596274
1251.3175552880143
1273.2688600486838
1273.5560467054506
1273.7505000840727
1295.6391372799067
1296.3775212101766
1317.947052248183
1318.4153871972817
1340.7600184388248
1341.4922157965957
1363.4464422007677
1363.908872597102
1386.6275890056982
1387.3570596889383
1409.690416471711
1409.8277160674272
1410.1811347478194
1433.2876674414215
1434.0622242236748
1456.825537851539
1457.199704071785
1480.7206997151097
1481.4614349980277
1504.6428518260661
1504.9788877516899
1528.7242370700976
1549.9040942271965
1552.4512580707722
1575.162891579476
1596.8779170506018
