-36.20513719956295
-29.20724331328909
-27.0736854421598
-24.9934810098521
-22.94442096814317
-20.979531606291363
-19.169016837728346
-17.058917804175966
-14.348502613278828
-11.138681364171457
-7.492684382236757
-3.434027834924848
1.026275296694756
3.141793566261216
4.826524285459897
5.176485030894898
5.882721309585172
6.800976432788815
7.196016637496615
7.206765701387792
8.760586051035729
8.796738708458848
9.217047840262108
9.22847174792763
10.720392541274672
10.788068832480356
11.106699941655506
11.233383642026055
11.241752226962388
11.285462665911076
12.592366179752249
12.737654232891582
12.782197905807719
13.252685125317798
13.271519226064981
13.383684242223584
14.45501822762354
14.63218674696786
14.769303229575023
15.279291045893569
15.392272730450777
15.80556781313357
16.495127334425337
16.645042230243135
16.72951717221235
16.7590558739453
16.840628852437206
17.290163336353725
17.407283487542855
17.81819411397459
18.520709865340294
18.635813466873024
18.682237072338314
18.856312426241843
19.28885334497519
19.410701588279856
19.664817150761284
19.831033393519906
20.53140253094422
20.629258934604646
20.66770872093405
20.88244837798787
21.402418181339907
21.679673847434604
21.842703022127118
21.93112708247304
22.554078491142953
22.654455552989788
22.770617256885863
22.93475522407884
22.997519621595586
23.335974450892117
23.693064535751827
23.838125889591502
23.962379769216533
24.603027414182215
24.671448064300897
24.92442714390137
25.014184908282775
25.589397330460116
25.66777009539655
25.764745322296452
25.979543182334265
26.648290764080514
26.697481584468715
27.007417879471912
27.053931215416647
27.609246546934923
27.658720127521054
27.759451953347284
27.99409239612304
28.532205277829817
28.713713388994336
29.01277482763182
29.244775042104457
29.373144825771174
29.642409558927035
29.67172620643153
29.827956091207007
30.019791528648238
30.493784454360583
30.73930559950934
30.80768215037805
31.05005582233962
31.66203840962406
31.70633485284042
31.808737846614804
32.29369956949214
32.73986824270183
32.82594413254827
32.949617256784855
33.14857098967379
33.655543192379874
33.73434745757185
33.777120820711474
34.14005598327017
34.74897942862293
34.83488972767658
35.033096617637874
35.296851632251695
35.442400626362186
35.59572707887509
35.76048433419023
36.0629433240176
36.1818032696779
36.26221522685362
36.857656516656526
37.326616517543236
37.482333366003324
37.741367178617104
38.198322479232296
38.3934405289897
38.8480067977394
39.00476164709033
39.16450657582633
39.29271243828228
39.33819745923142
39.634151092694594
39.972734909429775
40.17843965605268
40.25192393350134
40.91526669993197
41.051967131807245
41.33757280760346
41.60935469148085
42.1780420813895
42.27975905354313
42.932273710526616
43.0634472866615
43.170867764454265
43.34590271508885
43.46180943701755
44.07734515120044
44.10372320911045
44.20111989364847
44.31597045161547
45.08249132976155
45.30582920637379
45.42972464670335
45.48428226472341
46.000155533663
46.14878966674043
46.252180843941225
46.360314553599224
46.41066559848545
47.080372397921714
47.10251158485169
47.49412915454109
48.17419882948537
48.38367892059477
48.60305668634709
48.88213198091182
48.982318990146545
49.39009926865467
49.490249264349046
49.918011023190736
50.20782464974507
50.406993986665405
50.443815103715046
50.64535443603897
50.905863907689096
51.02745027785087
51.167945550547195
51.496370813046326
51.613577862303366
51.978807770629636
52.35267212651185
52.7024855672524
53.0245703164144
53.15726507631676
53.41830970614768
53.54152299903391
53.86964652224835
54.035691008728016
54.2750230244014
54.3838835947861
55.153878130473714
55.49846463048026
55.5246129738402
55.956967134380996
56.05973978634126
56.29233847061267
56.50878316736506
57.01681141952004
57.14379808583646
57.19216709045736
57.50063627129742
57.856620392592326
58.02063807805952
58.09608555186439
58.54356577505646
58.807641292101714
58.911705565493406
59.01368765968481
59.16701813706633
59.25245385063992
59.9162934599528
59.95947036239513
60.06529578941602
60.7797034004054
61.176544076397434
61.20632026083876
61.517149927122524
61.82832379593374
61.94097013591103
62.11323555124635
62.37139989056007
62.42713422685713
63.17404374067342
63.19793271806879
63.55998249140832
63.633042086225245
63.75017704407614
64.01446398672327
64.15601153968147
64.44534633878058
64.52536017232404
65.1713988952683
65.27234094546007
65.63253411159093
65.91667977632022
65.96517128790671
66.51334969426225
67.11061940904146
67.26278390917192
67.48507253679745
67.66949416051605
67.73619464756517
68.03549079380252
68.15431123858941
68.537034712764
69.11363658476753
69.18936403065209
69.5987141334101
69.63933087182068
69.70426433724225
70.44152640256455
70.52410125141758
70.59466060016132
71.0170534670103
71.25356181620927
71.6300339034293
71.70577969098595
72.31779877707237
72.45736119517832
72.55394536516998
72.77286967114348
73.12957244951753
73.3114020428687
73.48854135592835
73.6315137705578
74.40426479611803
74.49843980219566
74.8202673726064
75.34424083373975
75.61155872903431
75.66333359642431
75.89716597937263
76.05447514835328
76.25788469463309
76.37730352080663
76.51040756134809
76.9777839386117
77.01767730467604
77.35678516415287
77.44539854374015
77.68368581646624
78.13761971419903
78.39802663611377
78.51128811175462
78.85850805345271
79.04598814131089
79.24149178201621
79.434172927816
79.68115107348883
80.06699487369202
80.45262006710732
80.57287477389664
80.81250032440879
81.04762380781062
81.26200726254977
81.67511062010298
82.1344062445774
82.55747761930436
82.8798817760806
83.14343750684357
83.23115891905833
83.61237338491443
83.65073898336337
83.86073028024605
83.91457904642232
83.99728058088857
84.56909440975015
85.05063801501005
85.17678530784787
85.31162636773584
85.65562347628303
85.69346449487078
85.85949276502542
86.07499109745014
86.13104030309111
86.44831273914207
86.91785178086013
87.28024576781053
87.35853426272097
87.71637032624696
87.88129255574324
88.12770498784634
88.47090415817648
88.91197893312913
89.2735756625218
89.63813019127448
89.99582485921307
90.07414037497759
90.22323871935374
90.45849419132941
91.04192327405792
91.27244402639725
91.58581887343126
91.89402793803018
91.97116275513486
92.15752028335972
92.59552677458399
92.65654532241254
92.9168449749348
93.22816431947332
93.26110050804901
93.94732989843996
94.05257352125487
94.07235442056674
94.14658783498218
94.3579844297751
94.4535926497033
94.74295526792815
95.06008397895432
95.28051266540467
95.33866259838298
95.98858834829574
96.12371954136482
96.23607985313919
96.30522015806461
96.72996253706029
97.25875495494459
97.38020096791145
97.56179479535575
97.76512150828043
97.87427133305593
98.16017731007987
98.53005103436838
98.64626784354763
99.14317681861462
99.2537576877856
99.81168694124581
100.14388446801959
100.33654671648857
100.49510200911617
100.53521569564373
100.92368400340334
101.21943201188083
101.53572843880373
101.62611220314677
101.63337053451808
101.77008448572353
102.0323330436512
102.41364950421716
103.13430686653415
103.29015507600126
103.51120899461792
103.62404661723862
103.71665258673147
103.82835937889439
104.12103630410014
104.26919776295647
104.47224678369204
104.74965927508293
105.22113564477984
105.653481584699
105.7580724768269
106.34400648898516
106.51472878300986
106.64483487781709
107.0227714363146
107.43535071574468
107.62526407407589
108.09288126110405
108.43042295023008
108.48242426178841
108.63265719773518
109.09290136569842
109.1907688126397
109.43412446282017
109.57696421537794
109.73713975387716
109.90153727592792
110.37149300743944
110.42034763719442
110.49054671539255
111.14203120405023
111.19078532929936
111.46257736509087
111.6658699630938
111.75331419487182
112.3769098016744
112.47399211441751
112.8269478956948
112.96635208104796
113.23174534920376
113.25153383952713
113.57137559269191
114.07479964126765
114.36975936544847
114.87687892029635
115.05117160990488
115.27472320273364
115.51437080314928
115.9395713665084
116.02435700417634
116.3922338700323
116.72090597017046
116.89054845701253
117.22081077023034
117.29950904728476
117.9901403811703
118.07865341865923
118.22841792358341
118.39419028790557
118.50770451413806
119.14225806023526
119.45650516257604
119.55005659694636
119.78536838720798
120.12482104339298
120.3049385802654
120.443856250295
120.57334818424208
121.17897976258818
121.22300305075257
121.53251333938653
121.5440425629953
121.64269492545377
122.369760172125
122.85377840023258
123.22684884337417
123.526055514669
123.64893719936488
123.81027415206763
123.95664085688966
124.01726143904193
124.42708888790906
125.40789559896913
125.4932332907511
125.60136574168301
125.75660032095324
125.93464034326637
126.05762062480461
126.35970093593488
126.43309850723205
126.84351121023238
127.07099440873247
127.52725986902195
127.76746759440971
127.8489648758583
128.289343868994
128.4860003835208
128.81201846030106
128.96715177322272
129.0869249505326
129.58065276470086
129.83031928557935
129.8783415816073
130.02377121713883
130.34922641874445
130.39084845838084
131.08188366485908
131.14891334629448
131.88786296229327
132.02134676547487
132.27076778762736
132.5178137017326
132.94971883300985
133.08661106619263
133.32142243807147
133.7721584198767
133.95738472755716
134.3192927637794
134.61728757954324
134.7807153334125
135.93435991749664
135.99007845168333
136.24796021593926
136.49619765131655
136.73944877830237
136.81882062610822
137.07000456805085
137.25257626112952
137.60975987415995
137.69459495708867
137.8149081978836
138.09141632001462
138.6964625181321
139.01134349869966
139.12413953099656
139.32063165384488
139.53813186933792
139.76790656837937
139.86332127023414
139.90840545879195
140.01183648172645
140.9661330618672
141.00726819030817
141.682052928376
141.84592954908416
142.47129774643992
142.7216370738279
143.49022599055638
143.8648671229392
143.96317475466827
144.38737008110476
145.07271028784217
145.43986992187163
145.6548306718691
145.78048011358703
145.87012326543373
145.94706252721755
146.9674643539717
147.72243005210507
147.788466425363
147.93080756766415
147.99430442265844
148.34153008061742
148.98530217168187
149.3299584900554
149.78474942234087
150.07495757857782
150.20077776744245
150.24527813530997
151.2110703183655
151.30891649025693
151.4931271552179
151.96156490747182
152.1447620906307
152.38943378823654
152.62120608183267
153.0122185978441
153.66791989869128
154.15386050096714
154.2479422456009
154.33381957111104
155.21727860548737
155.54234839493412
155.72545111474653
156.18358991119896
157.25348177201542
157.32395644528694
157.57134359381467
157.78786131876538
158.0567408455713
158.6782505753435
158.70099297724389
159.36022975187134
159.6522351009616
159.79969795710866
159.96005604104522
160.03860979625406
160.13834710026413
160.43204911384657
160.50661845073856
160.774313171199
161.79752681371383
162.01763857914528
162.14632083481575
162.50303911133804
162.6896524324771
162.81250986778304
162.84066187451756
162.94464119467625
163.3520763220116
164.14625092664915
164.56880467445905
164.62233216658427
164.88690863344343
165.7499687630711
165.8802859954387
166.00996966775605
166.36972743987252
166.8767862891212
167.08265361844
167.2807290327405
167.37784819676273
167.99319617723276
168.73896891934683
169.20694813118868
169.38718643037953
169.68289672014564
169.77226871744955
169.8412102104426
170.07847398558695
170.22155673501675
170.78323418134048
171.2117491429104
171.45731412630445
171.67179547200956
171.8567317359518
172.1141044949187
172.34526383783026
172.60215058448057
172.80314688309807
172.9975557670494
173.25335404760065
173.37920030580818
173.915995025049
175.47343909285885
175.58652417724633
175.97162441871092
176.00895710914986
176.481636463253
177.2463129932159
177.6063177124663
177.95269157542327
177.9961911407167
178.6853421984688
178.8653701031104
179.69591040165318
179.81789321546177
180.0357447710936
180.14994234517454
181.15989416359523
181.23704222037466
181.26252930681687
181.32715505276167
181.70005899532964
182.15753890357064
182.2670405137793
182.7944019325701
183.08980404538264
183.3252401779985
183.5726136997424
183.94275816020453
184.43862576534934
184.54493965849218
184.77080362727875
185.02661750212036
185.3359488059472
185.40106015322385
185.50392080893857
186.25299456197905
187.41819123162182
187.44605571467744
187.54004802222943
187.55591347441973
188.31329823194136
188.7449323930289
189.204759372534
189.41808612228712
189.68483552261432
190.6502473638121
191.0987293416651
191.3008026398146
191.72245880283248
192.64448889244832
193.0502580290727
193.1048058825769
193.12030147098207
193.30539078758753
193.40791571183286
194.94221889483734
195.1498031988192
195.20118836276586
195.53669102503068
195.6897841633549
195.9351270014153
196.43272149263828
197.2349642360861
197.30815655688482
197.54470303750682
197.8347377140761
198.00478954565344
198.19306289460258
198.28381246865473
198.4253583148434
198.54181922529656
198.930570523011
199.01932831564892
199.29469327613825
199.39642712009598
200.75210026237718
201.13327220952266
201.30476532467816
201.62454344576523
201.7726508642293
202.1040339510097
202.59116568216015
203.14969863946985
203.8157377155677
204.14003228666837
204.51509825775196
204.63969701797768
204.79902560842228
205.19905266342838
205.3587424245907
205.42461992045168
206.44002660543572
206.72281245005345
206.90390137551128
206.94397574973314
207.43730328608845
207.6477069950193
207.77549550683565
207.91676118916618
208.68129160126585
208.73227942670084
208.82557121318325
209.34443921852824
209.49229802175407
209.75243787173946
210.66198452246073
210.86001394785657
210.87662237796098
211.37884208054606
211.53198589969583
211.53915905496737
211.9268765334455
212.12855954676073
212.17625975267188
212.49907775786227
212.6909907582729
213.02584596252785
213.2647959907386
213.54882186293295
214.41169024945057
214.69464675215062
214.97400691703007
215.3918882713277
215.64489377233852
215.85674516170712
216.66757931142402
216.77339540744455
217.26664109308754
217.41712471461935
217.4782350457968
217.98810662580888
218.04479505386405
218.41911332040084
218.59302198605752
219.19686258480994
220.01556741287428
220.07688170941495
220.63450456453114
220.9394974599495
221.32420758773475
222.14322425702053
222.8786182467642
223.10521251427377
223.31241659745737
223.35101293141952
223.49709955517972
224.175453576809
224.76613117405807
225.01911221888756
225.18747094083355
225.29940897689718
225.35443644499597
225.47174772012397
225.7523185601273
226.1771514872624
226.42024329736375
226.60717272673884
226.6682286216219
227.18731161325707
227.5274335022725
228.02335086252404
228.9405605920504
229.29396824603768
229.72172979403896
229.92835519893106
230.07941758088182
230.23077272477175
230.65351668343322
231.01685000739602
231.0792854435312
231.83727614067027
232.3762492843547
232.6313022363366
232.74437245176722
233.00326896767686
233.10137447196436
233.93855170392774
234.34957364945657
234.6520542658542
234.88902139475675
234.99339552692823
235.15552229825187
235.26714381622378
235.7563121677593
236.34397452195898
237.13916559894088
237.19292342750424
237.37330967208493
237.79338523502656
237.8956033463764
238.28880367416363
238.3333627262852
238.73656094958568
239.1936140963928
239.29350546041707
239.59689198526803
239.74835112124688
240.03128788880716
240.13256294603931
240.36452826318217
240.81656601715525
241.04438615744462
241.44924114141557
241.5841782784039
242.21279874678052
242.72197983758835
243.0869098566695
243.26613406650696
243.67288921252342
244.14404109560505
244.29664554876663
244.42804699256666
244.86077443251952
245.4747470916309
245.7144034082623
245.77335722448015
245.9607306929528
246.5063524899408
246.810796421769
247.64897484131265
247.76731282849101
248.5671234816969
248.77076252791505
248.82310144120075
249.75741811989067
250.0037164967116
250.52573888160777
250.59229767178226
250.60445184495887
250.9473541668753
251.74709733365108
252.3024426880887
252.5518843259875
252.6031895566763
252.84831706477618
253.07609415763434
253.18700541994087
253.21942740135356
253.6815060091287
253.7314892819532
254.18866404936344
254.4479803445004
254.57203195865011
254.66567562043923
254.90588959839602
255.19505426851686
256.1614811021365
256.2939251706183
256.4918507240457
256.51357559747595
257.57170187983314
258.2199634441134
258.2961040913904
258.63923247537525
259.07883606999775
259.1386191757897
260.30458010494084
260.32743381517577
260.68572562350306
261.12808355326786
261.56476164700985
262.1703873379437
262.3634170920012
262.9216556069778
263.0132104840915
264.330961758698
264.42923608137835
265.4118331020456
265.54962517685317
265.6879604578862
265.809200132908
266.40080787137896
267.02308720504743
267.5499489424033
267.85925704085787
267.98061100330546
268.26266495467775
269.13992357961394
269.2259541982744
269.2552307869542
269.65782276005825
269.73219234943866
270.2867719766299
270.56129483616127
271.7167173948267
271.9340414779368
272.05169503853256
272.1028954924658
272.3506067049281
272.4212481991516
272.66477168610743
273.12252485885847
274.07367381915276
274.3878464218595
274.49124338082424
274.60295917851136
274.9323304996532
275.50448350399427
275.7518891300404
275.95610422299603
275.9665809382181
276.1603494464383
276.50777816965507
276.5642059280072
276.6176519788283
276.7901527003317
278.58740318137717
278.65053751874814
278.88981739984536
278.9577066245604
279.52251294126256
280.58440424631715
281.2965156538468
281.7429689451851
281.797297630117
282.4375996744899
282.63536759505695
283.0748062077322
283.4774340015871
283.7854795928527
283.83510965677164
284.227726911122
284.56423740784726
284.80148486400526
285.04061592804413
285.5973881063839
285.8790396505163
286.2931125102084
286.5412315684653
286.8693758405209
286.9941526717001
287.06536662029356
287.87423244657595
288.53550252265455
289.05460776215097
289.1355026422826
289.57755916253853
290.1237839526532
290.32810470240815
291.11213208371447
291.152636762785
292.31943654758277
292.68951939263167
293.1675597145985
293.6975413814976
295.1706435713065
295.59564255108063
296.3234470249837
297.00753992982555
297.23113219805
297.65385779929824
297.9537623748767
298.2093594458699
298.42873772979016
299.0361318275886
299.54250427101414
299.9898199543971
300.24700091191534
300.5675060989971
300.66205115949253
300.91527717474037
301.6282301533402
301.93534674103466
301.95485203668545
302.40273595751586
303.33839722542575
304.029294890656
304.0657283537953
304.70690871196564
304.74325360545254
304.8946060189398
305.29504680690593
305.94959427033126
306.0878516974097
306.8220391191798
308.12742502476846
308.26297394326093
309.2440384696084
310.1164506612204
311.848660428563
311.9662103573571
312.1120498610731
312.24987946756283
312.54990477455925
313.39737015990977
313.9904164949102
314.51868162027426
314.6205130540475
314.6321653627248
315.40912538174655
315.80376746394165
315.9471144914059
316.317900597938
316.60784739637387
316.66673188401523
317.304637164531
317.7868654562694
319.0764799008052
319.38221632919414
319.6827754826386
320.6453193203559
321.43433319731963
321.91642572460603
323.2137677008711
323.47369486192116
323.51886722140006
325.4519158923856
325.56473991901714
326.62685384955967
327.1952059618339
327.31164337541446
328.75179067409226
329.3354372642231
329.58969450827635
329.92772612051647
331.17340088430086
331.28556258727974
331.57151213155083
331.92420346938735
332.33097056726524
332.55361960479485
333.0292052735256
333.12353426212076
333.5839646180073
333.93183024781735
334.7340000975245
335.0322890262482
335.11826419559566
336.3488299108989
337.16132314747387
337.27876919563005
338.09581556900116
338.5576521280661
339.20818559314034
339.33396883168746
341.20586601953806
341.55107505939753
342.5389284893886
343.02783491504687
343.04923477353555
344.48265508913875
345.08340076878625
345.0911262999934
346.8753326861642
347.2471152512738
347.6517586538915
347.75976440253066
348.44304255773625
349.1031200968167
349.1625762180146
349.35021183732823
349.6276934368613
349.73473002750904
350.16857104656776
350.52103479127055
350.74901233394115
350.8535121794378
350.9902789569368
351.2358009019097
351.24267618489887
351.6969154286648
353.04754064746754
353.2927703669938
353.39518982645865
354.1891880800206
354.34157701112133
355.33084417252826
356.8912943948922
357.32258881099096
358.254252902778
358.3797400751197
359.15864933591735
359.3479439973326
361.1936220361801
362.64536580325966
363.7719939441018
365.67326217906
365.8705945012039
365.8882296198406
365.98169745896405
366.195122962442
366.86339921681684
366.9549614269522
367.3620173194599
367.41833891764094
367.62486170985034
367.7525104453929
368.35726848358746
369.79919347382196
370.42296262784294
371.8395219682371
372.5893947388667
373.8261640851121
374.370553974898
374.74431247339766
375.66642922374143
377.69249101957996
378.1790195114145
378.7444184064013
380.267272381003
382.3927840584361
382.5718432047083
383.3750365300698
383.4301281185716
383.50888172280173
383.60258187752356
383.7241464809674
384.20072760730744
384.27160046863014
384.6396758529902
384.77422106398404
385.04629066782064
385.24022363027325
385.47066962778985
385.67492569870114
386.1004673028446
386.69184140080904
386.9248906197126
388.7287348907217
388.79636192204913
390.716046400194
390.87967002785786
392.55623877428536
394.5765945577652
395.23785222145494
397.15484931040316
399.69767022389175
399.85192748479005
399.90392620795717
400.01462965630043
400.03169981951874
400.2796511244622
400.9540703242907
401.9202255805353
402.49002872792846
402.5563863844656
402.66432985814004
402.8497201040257
403.1562341950379
403.3395828468804
403.5296858072758
403.9735165374387
406.004164046931
407.70637262482165
407.9973647957007
409.8300608796219
411.8419174903556
412.1022205707417
414.410743547988
416.8674834326299
417.5046583879616
417.5162687049821
417.54083270767575
417.98376392312883
419.58409927140167
419.7963361965782
419.80550726306734
420.5115475069565
420.8447657248998
420.946218869813
421.04189298267744
421.4223809906138
421.59990461376333
421.65047579880707
421.9541435342861
422.270973197837
422.5543318805842
423.67008058455053
425.01288271889274
425.65224825559534
427.4518399232737
427.5039142799443
429.33578788187657
429.48005793497094
429.49810072041686
432.06947616801125
434.1235814174042
435.1408040833282
435.5611139067818
435.77932943704536
435.9323898940089
436.22543618960793
437.33721005748384
437.6161422837938
437.6542620091399
438.66234493170595
438.97236544372396
439.2007571019042
439.35650300735153
439.67193290306426
439.945882164208
440.49886535595215
440.8737197425771
440.95947456527745
441.1419150032893
441.7070714478008
442.40144470242444
442.59624402340376
443.67755667505224
445.5240948892721
446.90788678129474
447.494100184995
447.65816259482216
450.0816260841451
453.1401020543464
453.83821225306605
453.989437829159
454.09189276905886
454.8850650746977
455.4248473846258
456.0496857822401
456.1889901203566
456.6401817808547
456.78652148758306
457.22312263020194
458.07520949747646
458.09203430395485
458.37678183159926
459.08785537869426
459.2921420374615
459.5423275816539
459.59757389924033
460.0797993204562
460.10214598431094
460.2169817767419
460.4555781134402
461.25981475812574
462.104001320661
463.9332408572156
465.8596554748509
465.9892285137782
468.4344171353812
471.27532696420235
471.5194846897743
472.4001378217904
472.7129240274529
472.7712860175878
472.8105609961124
473.55733489877724
474.1568551354461
474.79887857780943
474.84228481108573
475.10396240379924
475.33862074434876
475.53069014610014
476.16634593511515
476.8739216651077
477.3663135164225
477.53796192403917
477.9650881729608
478.5870722214873
478.83306675179114
478.9120613389075
479.1056166072376
479.71481284756993
480.1049157607101
480.7648385372689
480.87291756266836
481.5117405171925
482.70217625320936
483.32591666263005
484.37730453741983
484.6785380410935
487.1913986508029
488.3098412614783
489.34590024870846
490.90897858823956
491.1386626328999
491.53847468210165
491.9496825124091
492.15135992925804
492.67646878502194
493.2538288276184
493.49923123927965
494.0014656184689
494.79219672373546
495.27201234507805
495.4844471795657
496.0136061357657
496.20579194325774
497.1084079884221
497.713667550923
498.0382416123648
498.0825711621167
498.3296794440747
499.1290977452361
499.4112686060188
499.80918224621274
499.8666375052865
499.9714644788692
500.33417931943336
501.1097925822204
501.79710678746994
502.64026949762825
503.73559611883127
506.3811186263726
509.82617121392434
510.7714238094872
511.2926658279885
511.3880578778037
511.48525968472865
511.58946079966734
511.7183714917252
512.1380324518043
512.2956065853948
512.6701588337143
512.7775375327295
513.0364168177495
513.4456226940057
513.5931435612131
513.6703221406121
513.8869171305755
514.1762020379134
514.3889469066588
514.4901589906463
514.7497766026925
515.6186388761056
515.7625136567825
516.375111467533
516.4005251522702
516.6037846257004
517.5033310797941
517.6418025553206
517.9917899618679
518.1138657813884
518.6356548188857
519.2167361060394
519.4084736206999
519.7411652961803
520.2835249519765
520.6227612864403
520.798838652422
521.0455606684935
521.3916075750141
521.8861358900161
523.3548050383812
523.5153961477968
526.5791816751329
528.1302209171934
528.669109970521
530.0450862470722
530.4388773019037
530.5175263390452
530.9317480726713
531.1853620907885
531.3625270984019
531.6879753327776
531.926831790445
532.2758507173342
532.3782631457611
532.5067303643323
532.9007038136284
533.234328335182
533.4861245750395
533.55483151267
533.8419172359246
534.5690865108334
535.390916944162
535.4656363949074
535.6751941655563
535.8184916756727
536.5321656960207
536.8517932155162
537.1648262753365
537.224065132565
537.850845206678
538.4651331681721
538.5207718360575
538.8734158699567
539.1237924773087
539.2322917261371
539.309473010421
539.522022255216
539.6991915689373
539.8188925132206
539.9712421807245
540.5895410209602
540.802026815779
540.9561977674164
541.5190156132848
542.5109919177729
542.851600104328
543.4205269892955
543.6910909771059
543.9931066903838
545.2945675239461
545.8730577951196
546.1017015047482
547.1800315454777
547.6024954683816
549.1304347882916
549.2356493138548
549.3025041998176
549.9728106290687
550.1388167065795
551.180670874803
551.2723430202196
551.3789818652126
551.8115282249189
551.8532325280634
552.3666231398059
552.9538985261825
553.2193194690541
553.2606637500095
553.669381750515
554.235249440283
554.5478266112965
554.7192207551327
555.0323423426681
555.9595174781856
556.1833466447415
556.2361966048913
556.3654947796123
556.6126538702496
557.3884352765558
557.5182484844621
558.5206126099056
558.7629388307599
558.8078704315839
559.3128262375282
559.3415317472161
560.1082443135243
560.6635651075198
560.9288059395494
561.1422402992109
561.1993005366023
561.471183823593
562.3988539923891
562.6008337790526
562.7758167622771
563.0478226996404
563.1920037488085
563.9154242456178
564.3567408222322
565.0115811470243
566.1795134413196
567.0598403561297
567.3158477355241
567.6235782562067
567.6964738735333
568.2802649097328
568.3623366858292
568.4154048401005
568.4199231719202
568.5157636944994
569.0233588401533
569.6106894349393
570.1410225832515
570.2182752196868
570.346783652528
570.6970289743801
570.8351200117105
571.1520803523434
571.1996055610497
571.307750247292
571.4279756950888
571.8847207108995
572.2246336194287
572.4286714682299
572.649404537575
572.851764136221
573.2052304291027
573.4518533094899
573.57629602853
573.9896358376392
574.1021084065344
574.3330040128901
574.4472986226307
574.6109104578707
575.2274284319436
575.424011073969
575.5742874404885
576.0935932973022
576.4603438680806
576.7327078471502
577.0627059170125
577.1889291554936
577.3151086871003
577.5455714007845
577.986933587821
578.2569612319883
578.5854741672355
578.8895750615872
579.043429929495
579.3346396275738
579.4954480105957
580.0808867285712
580.2306705373758
580.5874857757997
581.4246797017415
581.7802353483524
581.9416455534874
582.4873663283067
582.7546811080024
582.9339816313482
583.1757789424436
583.4619483734334
583.8056651885647
584.0322613533984
584.2353688317726
584.4515697843032
584.9652080228834
585.1397080625516
585.3176193117949
585.76592390562
586.2018926005494
586.5453899991464
587.0068809059069
587.0871892676603
587.6716050239979
587.9019681794576
588.050271888493
588.2059017444868
588.7598235948523
588.8227577964584
589.1069521216243
589.2191755834099
589.7602919289765
590.4212047278172
590.5324534519203
590.7786051070892
590.9044730791927
591.2102444954389
591.5947164756961
591.8736051056983
591.970113056651
592.4710081655322
593.1740450464756
593.556229075474
593.7973644996716
593.9369285702046
594.037132652564
594.611851207664
594.7486779994566
595.683113009708
596.2753221573968
596.3621620212956
596.6814455731829
596.940084409987
597.1568344465372
597.4261399169543
597.5865688428487
597.9109816541047
598.4751399882225
598.7299846422687
598.9335835871202
599.2525086823755
599.5091395565368
599.7626342312948
600.0669573247483
600.493032047081
600.7294141799975
601.4449635312682
601.9547424604302
602.1295310438841
602.4325541556672
602.7143743827118
603.0488821642629
603.7176571512568
604.2992690974828
604.7700830379048
605.0139250935342
605.5402579865441
605.9032370070312
605.9930863324868
606.1506459650184
606.4210314398513
606.6700479360002
606.8774811028153
607.2777175156682
607.5016373149359
607.7169705086757
607.9306073732242
608.3384147136103
608.4999067547944
608.6091141767843
608.650137758068
608.9747049089608
609.864162309028
610.2383589867401
610.4523655661677
610.5744509478208
610.9570464315066
611.0705391508948
611.2973198203679
611.3896965245036
611.9901816207193
612.717836662848
612.834138169194
613.5172538605736
614.045947056444
614.1439236127502
614.4576054521333
614.5879726231854
615.0904414832651
615.282651523354
615.3431834606773
615.5905829447713
615.7546744882603
615.9771697310831
616.36487271067
616.6848808006474
617.2112013816029
617.3158204048684
617.76505784774
618.1288144839978
618.3828818854452
618.5743334846578
618.8898969043026
618.9253860222002
619.4777462020415
619.9240974386718
620.4568978401941
620.8633914444381
621.2162616976897
621.2835581289436
621.449473628296
622.0562533905905
622.7302044610855
623.3137586251803
623.9270928105294
624.1227810621741
624.8122040693117
625.0620857048506
625.648215451944
625.9629056859748
626.2193568072388
626.8628883374754
627.2525597794893
627.3567301900376
627.7223728941259
628.060524558946
628.3915128240681
628.7911256515612
629.086647455518
629.7774025543962
629.927200211248
630.351444200986
630.5244536516321
630.7711237256812
631.0967440829522
631.5658742894582
631.7310951636993
633.1634688432
633.4265987620673
633.5996491553697
633.8431864564101
634.7415134855061
635.3505712053726
635.824949590438
635.9155128459262
635.9866121193589
636.3582508490963
636.6599951493297
636.9958233739793
637.3678846987024
637.6375044057461
637.6897819676977
638.5499293801153
638.611080845374
638.7721742988011
638.8301019328621
639.2983228519598
639.3644469660479
639.981067420188
640.1057000950368
640.3832817013966
640.5702791336993
640.8531143122192
641.5909209384155
641.6548732053266
641.810134128106
642.554428709649
643.24678679128
643.6260092950255
644.446755009714
644.5991411408701
645.7218644001025
645.7494798166216
645.9292966550444
646.1197980956374
646.5108090603022
647.268753958462
647.636915522503
647.826808791178
648.2930782959667
648.376431747618
648.4510185585087
648.7466629861503
649.2855184759262
649.4369304319516
649.6815509213604
649.952508426175
650.7609757262202
652.0074398719383
652.2593159577941
652.4641889872827
652.6332503805198
652.647367702299
652.9506082539284
653.3760400733487
654.7049173182347
654.9683282376221
655.2216674903738
655.4072529619715
655.758915492363
657.6866518562679
657.7662211348929
657.8912816774524
658.0248386671337
658.1982537481672
658.410066640494
659.2850327621134
659.9654582315691
660.5809546964487
660.7178170489037
661.1677774891543
661.4830512538563
661.9986270982745
662.0974225804026
662.4750001171694
662.768476041624
663.1837880830949
663.3191173466308
663.5403130056247
664.0563068335308
664.4302540830577
664.8691738385805
665.3644753028343
665.4215705659486
665.8154924532884
667.0768261253235
667.435902074833
667.8247001454907
667.9238856130062
668.0935406543242
668.340152333942
668.6773158030938
668.7051996646168
669.4099983890457
670.2451969980534
670.5962752890548
671.4330719776152
672.5523844626111
672.8776684545022
673.6305836637626
674.5492070093751
674.7104894264128
675.681848380051
675.9126217155937
676.4345194727834
676.6460689023835
676.9120409521477
677.4669099102813
677.8872900386193
678.4702425419631
678.6973472749219
678.751714473826
679.1395844546548
679.5385068075213
679.6223262040227
679.8035424255283
679.9305110663923
680.4182617021842
681.2429208047521
681.3184828420054
681.6134300870289
682.0850393002348
682.2836288213566
682.5491021458288
682.5810943033117
682.8161456083882
683.6604882014517
683.7723868216077
684.0077838056749
684.1273677216371
684.4877867921655
684.7776180557726
685.433308536114
685.6165249778709
685.7463106890721
686.306174582276
686.5775843698674
686.7239186055531
687.1105279194788
687.3040867352274
687.9302697518438
688.0926238108599
688.5696274741891
688.8817444828525
689.0617269247556
689.2346347735278
689.324013078298
689.7248819756243
689.9562893480485
690.28524735081
690.9817732884273
691.0103579159017
691.2049965394914
691.4935532015029
692.0101091445811
692.8825677509457
693.1207389233014
693.6161527479396
694.1223683267278
694.4829934865821
694.5914956703103
695.5564296649455
695.8181532672558
696.1028709690808
696.2199027337363
696.733597548244
697.122735823055
697.1833368612037
697.4702698114462
698.2534739342013
698.4508277568045
698.637923409411
698.9080202980034
699.3255155345553
699.5214047019199
699.74230197367
700.4583340967312
701.1297339802549
702.1491927067885
702.26954653689
703.0334284398746
703.5271046224032
703.5717067374696
704.960187213522
705.0325612584929
705.0844812368985
705.2907629826127
705.4634398301081
705.5348311727432
706.0795563340743
706.6679468937974
707.1986429296859
707.9030072661901
707.9561582695451
708.0866023882086
708.1469857245985
708.3605434548845
709.3690758089692
709.4953362831272
709.6717281085895
709.7245223487885
709.873350238001
710.3660572175731
710.6604743699386
710.7603151022814
710.8112772819674
711.5974017738681
712.1122066634781
712.4232197426247
712.7110531029642
712.9543097906203
714.0265869549086
714.1701598838454
714.4192727337286
715.114709740945
715.7723436583499
716.8490287747874
718.0752096319806
718.3426089738713
720.3907677680245
721.5409538009167
721.7768742148722
722.4873256312594
723.2591774287844
723.5157746122416
724.1809872014347
724.7105379305127
725.09138844061
725.2093107135335
726.3939541419182
727.0831263912919
727.414411351103
728.0533920450705
728.8146404405566
729.0091683870058
729.3063278694794
729.3730484553901
729.713186231359
729.7621389454222
729.8550431413194
730.2734404255293
730.4025922238412
730.9149546365807
730.9880557461655
731.6207067855082
732.6870848255788
732.7553719451911
733.7977967953673
733.9151488237395
734.6439180415942
734.6982411126436
735.6472534423114
736.6851151315853
736.686577390468
736.8362279166182
737.1426311514075
737.8152143500134
737.920529167928
738.4571898912842
739.3213976829477
739.7089203459772
739.8045792118024
739.9663637299069
740.446903201066
740.6997392386082
740.8765484461593
741.3401737643403
741.8088541133366
743.0542255330444
744.0617129310734
744.5732420029487
744.8206841751783
745.5720232382154
746.3685693324202
747.4313332203569
747.924075374745
748.0814155075169
748.4913009250572
748.5479287253266
749.056640158282
749.1930506271294
749.5315508969906
749.851119974862
750.1450063767502
751.0637192454946
751.4702075356226
752.2408350638265
752.4893397110193
752.5253970032886
752.7961683872663
754.8431582089182
754.9997284141209
755.0328596835677
755.1834147831058
755.393371202955
756.1751615974486
757.8277080674835
759.3895154915012
759.7950928639855
760.391696771145
760.4311164509137
761.7956080859313
761.8564331553932
762.4725078266349
763.9956843373872
764.7891777629454
765.3593285314624
767.631407952071
769.7289974050271
770.1787096383114
770.7785079171437
770.9134610516156
771.1570576514634
771.9346811896299
772.4707614715118
772.8791808086226
773.0339864865773
774.029297878636
774.1571872462115
774.5606373041948
775.7445152183407
776.4474192271177
776.4748756421803
776.9640528179932
778.3690903841953
779.8555578085402
780.0270694802864
780.5408196039257
782.6831140031409
784.1949939244827
784.4457077911154
785.9066950900045
786.6857065834326
786.9178050457288
788.9181723728608
791.1678422703786
793.6669495952576
795.1571800438835
796.5240759240181
797.0068461460614
798.1520871958624
801.7916850683188
803.5034092148621
803.5285395996358
803.563516455219
804.6358952358352
805.8552017303217
807.3203366185484
807.9341209667429
808.7209045945527
809.0225912745672
809.8757456692819
810.2193918116799
810.6010430955337
813.3598748445628
813.4838183396404
814.8525394773312
816.3231489713662
816.366054023739
819.3305764163923
822.3846761874173
824.6064619759607
827.5257492704409
832.3858406575448
833.3774227986213
850.649962035822
868.5315468943882
887.1477109221975
924.4646133648663
943.1400144523942
961.7358219019819
962.5656341940785
981.6245170893208
1000.6041455370714
1001.4387852753464
1020.8812158774638
1041.0694813859989
1060.9272807749865
1061.2677775548552
1080.7877983031792
1081.531732927447
1101.7821188814678
1121.876704576607
1122.7456133555952
1143.3798959207074
1143.6669604668862
1163.8645558688174
1164.7118722320038
1184.2869780154354
1185.7476252106276
1186.0191382459138
1204.9605274448588
1206.6391036879306
1207.4032045324254
1208.254623759677
1228.8388747083593
1228.9687038627708
1229.2932714616522
1250.2461547821274
1251.004068399875
1251.6966401946295
1272.4850539476747
1272.8458798423871
1273.1257021407912
1293.0033250701363
1294.583615646275
1295.397108054073
1296.0357782427275
1314.7377209872936
1316.1454619607239
1317.5018506747183
1337.9520434391986
1340.0015369973526
1340.4919461714508
1341.2063566974332
1361.7363828963641
1363.0691683442014
1363.3813172373527
1383.927242282216
1385.600481550276
1386.3648828857108
1387.0481681757283
1406.497535569405
1407.9001715894692
1409.28331073956
1409.7929509427604
1430.4838224261248
1432.8023899561385
1453.4139946316716
1456.2335119689662
1479.8036921460825
1503.4283375669784
1527.0664772882321
1550.5829510779602
1573.3633218291136
1595.2524179186937
