0.15444013619958127
2.2517057725437284
3.381908867117747
4.259273223395358
4.926288989798148
5.386188637070616
6.252080935889782
6.925829584927027
7.32788101271239
7.3962753029772434
8.22920435695786
8.90163871166408
8.954810922832232
9.318714350674178
9.405251101556493
10.113092268714098
10.876451226769165
10.96190007475213
11.296210784731011
11.338190562384039
11.41209887061553
11.904327865241443
12.761470582271075
12.929467805033557
12.968998151361765
13.32600069901315
13.423840877687983
13.50114106950622
14.086933714461958
14.55307047316681
14.828209077558483
14.966027988237355
15.413467532709182
15.530176898011858
15.973985362396805
16.624836654538928
16.739830004271987
16.822042215611983
16.861210521685113
16.95710368637076
17.38019664480411
17.54973369147434
17.991492337565813
18.655877606178553
18.804528876389735
18.84989264214172
18.880275973696712
19.481372255907573
19.56024036759217
19.985445386495016
20.06408110855409
20.662791304830073
20.799654274899904
20.835942850205093
20.877727669337492
21.543136328939614
21.581556087709032
22.01630196671036
22.10195300727449
22.64488022990221
22.69634532116194
22.85556564504424
22.888370825509227
23.58883435841533
23.624184750120005
23.68305088832694
24.043549467389482
24.453633486248464
24.764725427309017
24.833275052539292
24.89166461553297
25.621174387871473
25.767494192651128
26.115213816546927
26.13912108673398
26.348977553904252
26.696015733030645
26.796728773825347
26.92797876838319
27.574250656533664
27.703409562432903
27.80635732800017
28.12654288589292
28.38105809329336
28.428943690553076
28.814246217090464
28.831255029680328
29.03938121712573
29.408333295073604
29.828873588838775
30.152024116901522
30.390286074104587
30.473219704490806
30.783655856249524
31.29456639690548
31.791208237673963
31.832361280744454
32.182033049422394
32.27790005872511
32.46796927196739
32.506206906209435
32.60593702824512
33.8458101286664
33.899750469151535
34.28377468374404
34.35634982940303
34.40936547760895
34.51059721481589
34.606656143445115
34.813830443954274
34.83775248973292
35.8522704019377
35.96073159551441
36.23225876205169
36.290968762810586
36.53508872915186
36.91133396953219
37.020612359319
37.23334057198916
37.61204224210635
38.25733896585066
38.298477277367375
38.42330959022843
38.51134005776504
38.95286154311815
39.13378172454417
39.67016037604042
40.02934207486719
40.262006955783704
40.30543906470809
40.31905750020527
40.80716713966479
40.944960519691705
40.97425939020307
41.140400769668894
41.253675045737225
41.74921065465736
42.247528577202345
42.33575132609565
42.34310500124101
42.49442603899172
42.91875403715316
43.14834978154216
43.79000643567228
44.05694321209269
44.37237557473001
44.46489682562048
44.70718035304893
44.90180099050721
45.02670516997179
45.1568786952249
45.308543650901605
45.81072582616124
46.378537632716004
46.79403171638016
46.93848431473895
46.98201347178108
47.187979180400376
47.75141765987208
47.876611035946794
48.08139907955411
48.52920839025078
49.020612628041754
49.33811244676477
49.47255603057342
49.55314030767648
50.00220900757693
50.39056499827596
50.52880789415057
51.04058501147736
51.63738947689875
51.71969648284614
52.007894848046575
52.42204764019162
52.60638538812131
52.656353746237045
52.97101196073503
52.99483856824913
53.88763918101582
54.01928192988396
54.33443489516765
54.599264096513664
54.653154746800595
54.78907073305151
56.020052570785914
56.021767026880255
56.161477805619135
56.54124953507017
56.6122597472866
56.66395635958293
56.87833074839326
57.024480267966055
57.514479219408756
58.02712050723547
58.05185330899036
58.60171297776028
58.61984399263014
59.57270287621115
59.84334573645176
60.02972636021861
60.188973542136516
60.20562787053049
60.30481407335727
60.401814870138736
60.64513178157947
60.66272086465493
61.11480707742467
62.43082424149606
62.50006794911374
62.642863243735015
62.68523613474748
62.759195279344624
62.94694690416875
63.08193494507951
64.07003473197244
64.43575044965331
64.61455465580684
65.02392148944156
65.03936594065507
65.20245598694558
65.50304091680614
66.22357636436504
66.36714719453295
66.41024942343284
66.44243680939559
66.71349810812562
67.06443611419186
67.09714141364287
68.38424594994157
68.51572236590978
69.08247535826276
69.23008815711776
69.7422591617938
70.37817743687985
70.47817412663335
71.01792926749283
71.21780716853551
71.23564053758513
71.81983730960769
72.00221678647605
72.6329418111365
72.81528464095278
73.2383847322235
73.85898599774252
74.28105101048412
74.40448732808625
74.72957038629521
74.93072499995272
75.87670241603385
76.022346734475
76.41788899061908
76.92732347272441
77.27542467775861
77.62383279341746
77.81077643608621
77.90662042284961
78.02471010216613
78.4221368064206
79.0045589291037
79.4305731406474
79.60848342269564
80.4252300517626
80.83481507529046
81.0432346630928
81.14177119944904
81.72140738690935
81.8492892301132
81.88236476029446
82.04983557523371
83.061078588898
83.99487493673618
84.46436940229505
84.50433244283553
84.70437703062666
84.99682305277184
85.99882353844694
86.57677171203859
86.61984152712608
86.7910841009211
87.61082194964403
88.0022593599944
88.46190360648332
88.61776835767441
88.9058088769302
89.06257118367432
89.81988139689987
90.00948743971811
90.63489369508306
91.2288198626638
91.62518369049207
91.96101284743412
92.46657587903988
92.56999706732958
93.96459540382227
94.3653372998264
94.54327074336376
94.7961553957122
95.9678040472359
96.47870864255763
96.58026308848058
96.64006753800108
97.97173775063591
98.08470506271829
98.17696187149423
98.41941545927865
98.5982610282449
99.18279428494935
100.31601975587711
100.5330929048794
100.81963786217175
102.31747660200486
102.89682998657314
104.32218597882789
104.44238909895559
104.93541369932632
106.32704911003299
106.91765014922848
106.95111337834066
107.14514893403351
108.88480359350838
109.06010267818576
109.56189521950114
110.68418180815533
111.06323797588824
111.63854662527729
112.79481972733475
113.06605476361912
113.67689885091163
115.07051569753652
115.49820079896116
115.69214441727874
115.72243407507023
115.78949141362715
116.05011846208366
117.62708749482785
118.1929006023482
118.69119502713616
118.69348220687087
119.42189771744776
120.1958309568803
120.76984189893773
121.5365760556033
122.19836103283515
122.80299426583016
122.81170361065767
124.20219204724364
124.82437689352349
125.5700442199726
126.75835399573882
127.71458189978674
128.21373656509323
128.38868650708017
128.5525375165829
129.7172946216721
130.2900850290609
130.66756040282152
132.32835075125024
133.3712396332831
134.34447790747816
135.3075569886919
135.45962484304772
135.48306722583294
136.2777725016143
137.6250486547903
138.07220243307378
138.1234316517723
139.6276135450866
140.19931798921857
142.2375523970358
144.25342790356075
145.66239300118863
145.77942245717261
146.18647568652702
147.92424314439722
148.42155847193158
149.92669513951608
150.4979695609405
152.53557782649182
154.55158501656305
155.96154407869966
156.33555702255663
156.46635677579798
158.61239025253286
159.10444931429615
159.11125569278406
160.61466870663506
161.1848887078802
163.2223986630437
165.23845968237976
167.1713867751629
167.5417403433297
169.68918551911102
170.18451676065368
171.69130338606192
172.26076230605247
174.2983929353029
176.31418552042507
178.2469463264028
179.00697911959554
181.15473941044982
181.6495104561754
183.7255906004508
185.76329899704314
187.7787738965407
190.86032282002583
193.0090049777829
193.50318064840982
195.57910532444717
197.61679030179664
199.6322101375801
203.10199593073168
203.20184909178857
205.25200480574992
205.7457611667303
205.7906123666678
207.82150024342528
209.85902805682395
211.87453863744838
215.7347398257832
217.8837396512926
218.37678638253192
220.45252518546928
222.49012044856457
224.50564953786446
228.69524362708503
228.75567312750093
230.90414534010338
231.39656719369336
233.47257727189057
235.509933348299
237.52521578024638
242.16346540406394
244.31319973465685
244.80532964509416
246.88090541120326
248.91845906640773
250.93367394558138
255.96113097620807
258.1110434446028
258.6025916421124
260.6783731628414
262.7156742307884
270.1472300764961
272.29751065665255
272.7886922838784
274.86436472736943
276.90190144479214
281.95243860406026
284.722370665523
286.87263849667124
287.36342442755137
289.4390856805276
291.4763730481473
299.68653567145697
301.83641305709494
302.3258763444129
302.3405112050602
302.93774278884774
304.40245516968383
306.4397045283117
315.0385822208189
317.1888387019107
317.6788032939624
319.75447564307217
321.7916331732957
324.7007245715039
330.7793994192663
332.92986580842586
333.41128905742795
333.4202580822734
335.49509115548443
337.53267639193643
346.90911129660634
347.24148511992746
349.05948727855315
349.5488872085727
351.62361777025205
353.6614169295359
363.427113450738
366.0667386876264
368.1421616149535
370.5598351546041
380.33400645671566
382.97319066204045
385.0484186860624
394.6554913798999
397.62872354388134
400.26784669272706
402.34312759899956
415.3132597334878
417.95089886282915
419.52811883929104
420.0261141636794
433.3557859518379
433.38519152140896
436.0222101092679
438.0971157547867
445.1799561203566
451.843860549872
451.86480234945344
454.4813542979847
456.55462370647905
470.6898004600068
470.71822059457344
471.61078591307734
473.3157020677423
473.3296826342653
475.4018907970845
484.9602382012335
489.91242158522897
489.94430064196087
492.56015500859144
494.6328400052934
498.81719742491515
509.53694382164497
509.62684291155813
512.171880412216
526.8014346079119
529.2023427719544
529.5458248842588
532.1790906746891
532.2221149297122
549.7736589140318
549.8788679259271
550.0276536521516
550.4315210214206
552.5900182923164
555.562731830031
569.6683757122404
570.1673287458029
570.5111779453341
570.5426813639615
570.6817987326401
570.7513894521412
571.343602211591
571.6008024893673
573.3662817302686
573.5020663325397
575.4323449993495
585.1017208556474
591.7180128996708
591.8196843070526
592.0455348634875
592.3041073020762
594.4734599069833
594.8144469366999
612.2464201801687
613.4579619215874
613.6433905730547
613.885817661639
615.4181255410089
615.8788084439686
616.153433454027
616.4373940671941
618.3769322218774
635.0267478460139
635.533903432893
635.6144218864445
638.147410243039
638.3606810503361
638.7486115265643
646.5128147643271
657.9631277298616
659.8352618644226
660.6539465038293
662.1815307008591
678.3838649072868
680.6658428369977
683.2156409164401
685.3575545847502
703.8292184264117
706.4227105560118
711.0326744606485
727.383351273448
730.0492802615964
744.4593067783813
751.326614841424
753.5015645833355
753.8446519092327
761.2867717655007
761.7813099261604
775.6560023794849
777.5553887995234
778.0413632314661
778.6628401842638
795.890171406384
796.3782931074427
798.2361806366323
800.7759770892011
813.6443472707015
831.2473199363849
831.7437328258156
849.4029083570276
867.4012730096873
867.8940453171638
885.9394554883812
904.3198386397062
904.8168950044843
923.2534218265305
942.0857181108705
942.5346674528984
961.3452701510656
980.5035217672671
981.0012516475801
1000.2135297659866
1019.7591182071072
1020.2577454610571
1039.8597352021566
1060.243719694649
1080.2840024861168
1100.607651275209
1101.1077362104095
1121.4854383148627
1142.1952547261374
1142.6979949883926
1163.4647196638177
1184.5611102137698
1185.0669907329202
1206.221818242701
1227.7003492985086
1228.2121635880524
1249.7549350011188
1271.6235732389669
1272.1395286800669
1294.0713496154629
1316.3298260790004
1316.8479749291357
1339.1634577451277
1361.7971137439044
1362.3330306175312
1385.0361147154988
1408.0382082101448
1408.6029973328625
1431.6899226689272
1455.0110952596372
1455.248723354691
1455.6311636558141
1479.1182796904395
1502.890606310726
1526.7392992808172
1549.1661618794658
1550.7436069423766
1573.3774530143019
1595.7254297255204
