1.9998759119554907
3.4844061942412203
3.891734112028701
5.413446875968384
5.729340997793551
5.8173052728035435
7.3491965750092065
7.366864911875856
7.709939414755228
7.760899154311901
9.320670818068205
9.333505162159621
9.583049797313105
9.679414640774972
9.712369354145252
11.289156398463703
11.307112585583251
11.328891266467352
11.526547085748271
11.570337754528891
11.682873935088262
13.279391159613137
13.289930768850217
13.330823879086683
13.380877376534963
13.493432388438396
13.544211278503358
13.66322746420064
15.185478175572218
15.290481483837796
15.3332849878731
15.511581703776356
15.534923785117108
15.648139426354666
15.980946489140036
17.143058645998508
17.268557734076364
17.415034236305566
17.627271797770522
17.990417548355982
18.299105680599364
18.827106567467943
19.24599489972652
19.37979790984773
19.59712555304226
20.00068749417342
20.185665944751207
20.832418705171804
21.36164780536561
21.52803564074865
21.572748870317422
22.009339541184254
22.07803741308571
22.15380024474543
22.83859342649412
23.41559961189121
24.031161314368294
24.07523855716937
24.144881663155843
25.177777844811736
25.2607064416957
25.378984234645067
25.7408215760987
26.06672615263806
26.13042466531917
26.1553932222968
26.86853201886754
27.064800850463985
27.36136933483393
27.74613257890335
28.121151794938317
29.031659876650913
29.171798389628513
29.230394624439324
29.3417050016331
29.751853701724485
29.79546483591024
29.81401508025264
30.141104494102503
31.0101316746707
31.116693392692504
31.402288654069594
31.7605087043506
31.800793576674778
32.2863438607472
33.08084912230804
33.67896957006082
33.78869639916086
33.81105992903594
34.11580459363514
34.246565480725394
34.62466169917171
34.707576428991715
35.06292739091073
35.566159432723914
35.81320762667001
35.94449825147368
36.25038459591575
37.529564792453264
38.370280490389376
38.52563295115229
39.090454476967196
39.51175584128849
39.99774296701286
40.26176677750073
40.41138371588105
41.09374517182175
42.290850316055995
42.37311562845046
43.09778686452864
43.76137354525328
44.324784616449826
44.335280628200366
44.35538779026234
44.44943583625614
45.101938229395344
45.249804071666226
45.646834388725466
46.32306541081471
46.33939395889972
47.13474009043233
47.60888380455509
48.3355063945249
49.28998145923226
49.38917202411944
49.70748177265185
49.95290489741329
50.33997866497677
51.27366022299008
51.955697288319975
52.37163272721975
53.23473538755493
53.95916955674424
55.40683763070159
55.96511236090209
55.97019897027357
56.968420236192
57.29137323952444
57.97254062972604
57.99615330977956
59.25271849865604
59.9755639238056
61.710414012043145
61.81458899097615
61.98153015391275
62.37731341580681
62.59349803285753
63.69887129058544
64.37950626586273
65.6601130862668
66.3822879873754
68.60516107828272
68.61423626169173
68.66237441739084
69.17423913540597
70.4174808798393
70.4968062191862
71.17617371111064
72.45687597601017
73.17858554179023
75.79963795391929
76.3604473235777
77.68303305318017
78.36266465916503
79.64376866342297
83.37589184299824
83.93636603738753
85.25919070028081
85.93804127938425
87.2195439608622
91.34123805388404
91.90024268656703
91.9019543204922
93.22495806934515
93.90280083474181
99.69582575148539
99.9388267943788
100.25530706618679
101.57867901298012
102.25670426731156
108.43953815194944
108.9983943604939
110.32100881471432
110.99968913088973
117.57188501207857
118.13099952111337
119.45437938561642
127.09316159656493
127.65144375414867
128.975549539775
137.00341118102872
137.5613193703422
138.88555195528377
147.30234365937295
147.8600465975752
149.18442472161766
157.98996742878828
158.05056838095098
158.54760278671657
159.8719782569098
169.0667955649914
169.62399265509114
170.94856931337074
180.53207256164282
181.0891468021582
182.41391588481983
192.3862293041984
192.94308944895627
194.2679504560749
204.62904046324198
205.1857878969458
206.51059209455354
217.2605889464498
217.81723695424034
219.14208342252198
230.28081366004253
230.83740691372714
243.68983678255813
244.24633828679404
257.48747514534614
258.04396900767745
271.6737761008552
282.19711560303006
286.2488147688536
301.2124736463211
303.1824108652948
316.56477455158426
324.94559134706344
332.3056945416628
347.486396594866
348.4353236203796
364.9526972541696
364.95508152192735
370.8047587844084
381.8600152134311
394.900375306533
399.15514875433007
416.8386771676653
419.77097151474294
434.91043424224017
445.4248670436
453.3704712625294
471.85630276577837
472.2179145998257
491.45274207769063
499.0629509310701
511.0738258891114
512.8363685376349
527.0460797727901
531.072277018724
541.2091006707993
550.7158757023246
550.9883386599888
551.4815847816607
555.8072394476168
570.3591465138724
571.6601127272703
571.8395899824225
572.1119287391184
572.3221351520408
572.6241985941347
572.8384035934918
572.9388328247009
585.3468587330391
593.514979290017
600.2880191418947
615.0936767161149
615.6630071688869
630.9900075496554
637.026159495961
646.7568552242096
659.4037048065171
662.4756864450296
678.6282317055646
681.980549677003
682.4573867545275
694.7312037615254
704.9358579031792
705.1516112655734
705.4024828073422
711.2771483061081
727.7726632563438
728.7206673658716
744.7039178925664
752.5595645378786
761.5878700875801
776.8156243147303
777.9330334262519
778.9065555635299
796.1809447056411
799.6321850678619
813.8879391934418
831.5500020416372
849.6456699545232
867.6976338979017
886.182142689999
904.6219364692548
905.049029080472
923.494868367533
961.5862318567056
980.8039611209355
981.2313313403508
1000.4537234005824
1020.0603140633175
1020.4865346922653
1040.098597411073
1060.0911659985406
1060.4978428971863
1080.5218832805815
1100.906124685232
1101.3327049283432
1121.7211985709496
1142.4948884261744
1142.9201995685746
1163.6979715938712
1184.86093307192
1185.2850950400134
1206.4517221837352
1228.0039883232046
1228.4256028621844
1249.9804730203173
1271.9243551000745
1272.3450849402152
1294.291848379277
1316.6216023485247
1317.04245399331
1339.3731949730013
1362.0947526865527
1362.5097746372235
1385.2309178697235
1408.3433460557076
1408.7491171096133
1431.8614163955647
1455.3661836584488
1455.7539838414207
1479.2667591476907
1503.170056525615
1503.525568339909
1527.3462008852296
1549.7487613893525
1551.3688144820521
1573.9496325087005
1596.2726273131577
