2.2194508971301485
3.9670062269119395
4.178178035240451
5.900385833938907
6.040692278574285
6.142656241435471
7.847858585728893
7.858680757954096
8.034126430189145
8.110711655757305
9.804477508199101
9.82476359315753
9.94964100399007
10.021014366868654
10.05834675058635
11.766283631603681
11.788372944375343
11.83196004827272
11.878891262457365
11.950047011616297
12.007701205490399
13.692845918300774
13.719149785159239
13.762626367419223
13.7877921110411
13.898711932244556
13.984389137798141
14.11371187212917
15.571365214280286
15.672403861865384
15.720326810847725
15.767115154101191
16.038318353525792
16.117340705691646
16.649250628395915
17.520986586375617
17.64077637784198
17.702403609829556
17.905745705750782
17.91679662607625
18.10570337852679
18.914657565254743
19.489845383607545
19.582825773292832
19.615010822259585
19.763126136915563
19.8688178482583
20.090847719608337
20.629044590775006
20.791055329788826
21.467540905666183
21.55547629141877
21.573947022030268
22.052783004989383
22.22668303098601
22.619218173599737
22.741572686448855
22.919651296794964
23.46560635270129
23.56283776253023
23.820223679598044
23.948762457946476
24.104762620444557
24.599915594721523
24.909657586647914
25.42214132846845
25.5520239377661
25.802964233906135
25.949453784758465
26.540986153796943
26.646091978122616
26.69011155027919
26.901844361325683
27.539379361544956
27.80455024478487
27.832518731497053
28.031335573910443
28.634403779292782
28.635506530604914
28.893248559896744
29.506169616028185
29.7844457552125
30.008065091192453
30.06638604956104
30.089732159410755
30.620330378744473
30.635656633510262
30.765960802845537
30.88476558251282
31.62735803292621
31.75867220179691
31.94801304101758
31.971415457161232
32.620928347551605
32.7557420986793
32.86098680425438
32.96911439626252
33.73703009578149
33.895432506646934
33.91767155565337
34.574590606468114
34.62015119622734
34.7511210038489
35.02048184033122
35.27348706718813
35.73708900237804
35.88370848158321
36.20707192927988
36.46333328428608
37.263746578490014
37.863185556241646
38.42150892373425
38.80793658504662
39.04207860861315
39.25445386194145
39.48311985530753
39.88279204442015
40.1684295039003
40.399608062673735
40.77140906988101
41.247528802703066
41.36935133403132
42.15891420736994
42.258821860098394
42.37902012468458
42.69143355702529
43.252674419251555
43.33088523847002
44.76910493018172
45.31733153713788
45.45157049722142
45.61568950922938
45.965085297206095
46.14277640834451
46.65506650705437
47.281207827606934
47.443082061606965
48.61655820594775
49.599587262989864
50.012408040827204
50.443677982809454
51.06797133564085
51.11949641191544
51.43288966030967
52.33034834530442
52.575271062645896
53.11090575243474
53.69877661979513
54.29170194443674
54.47368448598352
56.27112490236417
56.34190618534751
56.503802414187945
57.10268241825715
57.173746641716605
57.736446281902424
57.799498662871116
58.13660702728971
58.39196810593151
59.16597824667294
60.35377199688968
62.226322311051135
62.33468657660084
62.94705004812686
63.00394242130655
63.15989428631283
63.60867294220765
63.61569745698125
64.3150989906066
64.83938290706371
65.60711404855324
66.19645254541314
66.66321351530503
66.80128504049165
67.05232396854177
68.78255134871956
69.60338929160676
69.7855806328543
70.44169359913214
70.76254618053225
71.54063116570872
71.61455706710305
71.67784113318386
72.43474212073265
73.63362636226023
75.61664500408938
76.37312840935611
77.00397253689067
77.5955062767354
77.65659722040274
78.44824805301246
78.7864975971257
78.8935646472079
79.64977715276393
80.8569550657207
81.63808860494281
82.83578595038117
84.60883063751064
85.2561348081391
85.66850344429378
86.49961413317348
87.25001921265667
88.43515664027623
88.46432532720667
90.44531091766531
92.6010893471376
92.8991083820277
93.24326002143715
93.26797403977724
94.49137290857502
95.23765787405975
96.45529471720991
98.43602604663636
100.97890232062112
101.07278873167792
101.25868183771516
101.61753553104055
102.87008423566151
103.61224962544149
104.83414426708698
106.81607131896962
109.6320355273327
109.74751759545273
110.37877676441325
111.63372548304633
112.37368598958905
113.5996261063906
115.58120137131388
118.89773807367615
118.94575453051829
119.5278076210075
120.78975212371316
121.52292405011376
122.75180541927051
124.73476553422397
128.41947913536507
128.4400023641914
129.0632720807859
130.3286016340614
131.05893117506764
132.29298363894057
134.27378092068122
138.36537414211378
138.98646093071454
140.25550979256045
140.98239606229276
142.22038360477103
144.20012844439458
148.679357572456
149.29719739423595
150.56883953989842
152.5324615031004
159.35834505399689
159.38080659276852
159.46551876955854
159.99534882752843
161.27098976675
163.23353831144902
170.47050461061022
171.08150490960907
172.35847652720142
174.32248339500035
181.92561844181867
181.94703416413117
182.55503492204227
183.83623174264957
185.79821814535893
193.81067650745186
194.4163646952193
195.69954218344256
197.66203855604545
206.06172075670014
206.665402800695
207.95054784922706
209.91502147974944
218.70042922512107
218.7069084476493
219.30225931504833
220.58895444682696
222.55311665855504
231.7270384794482
232.3263164679744
233.61563318399044
235.5780688308964
245.1420036509072
245.73893763851208
247.02930597741502
248.9919829089016
258.94291847589335
258.9670658831658
259.53879923619166
260.83070010478116
262.7929341674253
273.13294829168797
273.72625121313985
275.0212671587862
287.7089917167273
288.3012057395828
289.59593060748006
302.67255198077277
303.2635351376047
304.55960777228773
318.0232354542291
318.6130470416118
319.90967295399116
326.51832250592884
333.7605666102833
334.34948368482776
335.6470583463487
349.0640597816751
349.8860058375438
350.4727632467911
351.7708453178299
366.39580808098873
366.98215016918374
368.2805583638781
372.3869408753917
383.2914694591933
383.87719834224197
385.17595836066727
396.48701195496096
400.5722769896663
401.1570885222854
402.4522138313592
402.4611561884756
418.23624850868487
418.82061624441235
420.11919246137444
421.36374232960674
433.9923781395459
436.28272772262204
436.86598897450466
438.1636667210431
447.0204330608466
454.7074217832742
455.29029144342275
456.58611047713987
460.03717762627434
473.4527785612869
473.50662795388337
474.08851118384894
475.3802280022215
486.85737405890904
487.25657136808945
492.6690433431015
492.7295016887863
493.25052770663467
494.53620848832327
500.6628357692282
512.1858887508806
512.7491531638691
514.0110507634729
514.4565225090016
514.8557005633048
528.6514317388841
531.8997920354648
532.0381734219824
532.6331212218889
533.7923983900657
542.8320825266284
543.2370518822562
551.2902353794938
552.259392834347
557.4158399125471
570.9452287314542
571.8684409773808
571.9863291112573
571.996583640842
572.2350233678596
574.7847566203092
575.2274682838383
586.9579705211086
589.1003654950489
594.7041435471922
594.7379074783706
600.0623982978113
601.9170995039832
602.3038169609034
613.5711652266749
616.8007747922429
617.277545123705
618.4338673385781
632.6260570544539
633.0305468008444
633.7543043394429
638.2602494232691
638.289006360816
639.2507883895898
640.8204411492351
641.8313077786574
648.3747673443753
658.1259971411289
661.2104980987486
662.0471958688651
664.1118537870399
664.1820953445012
664.5156521826035
680.2494822265433
682.6828846957462
684.5343607436982
696.3763814173788
696.7587309027696
702.9556259843929
709.0189729374106
712.9019861629254
714.4477977242307
729.4155728320961
729.8159193923307
730.3442494010899
731.6787299130756
736.6321577694398
746.331756085222
753.5804562100761
763.2352588820173
763.6351777961823
777.3882189486922
780.5389212621777
797.8322958670941
798.2362078100093
803.8328608166358
809.1618954957605
815.5240779841328
833.2011525849501
833.2077251160897
833.6044265775705
851.2863120331141
869.3570538423744
869.7583261674379
887.8258940292561
906.285297178989
906.6844817145112
925.1441743057253
943.9936399297451
944.3407346506834
944.4174693369338
963.2401821886534
982.4768947670125
982.8760096950946
1002.1130162654946
1002.8833193157114
1021.7381989719365
1022.135691530558
1041.7638084188047
1042.5330560208029
1061.780331406004
1062.1463912420504
1082.1925926375836
1082.9635084362353
1102.596565406436
1102.995331367988
1123.3987976694273
1124.1717303800658
1144.1923942460576
1144.5904761550673
1165.383469936852
1166.1554434683294
1186.5659327870721
1186.963805887969
1208.146073361607
1208.9146006308174
1229.714436865519
1230.1128502530662
1251.6874768094256
1252.4566156984881
1273.650344437256
1274.0202193650864
1296.007336177217
1296.7771934599168
1318.3589003922189
1318.7575676856695
1341.1090294574806
1341.8775014861471
1363.8492837708939
1364.243788955797
1386.9850688916638
1387.7520045080507
1410.1183784863333
1410.5083541716049
1433.643773503071
1434.4048252081475
1457.1703136828414
1457.5512511825598
1481.085566891308
1481.821304008193
1505.007639893527
1505.370735802095
1529.2977197549978
1530.1679609984778
1550.6534375823192
1553.2497655781142
1575.9746436759474
1597.6543312067204
