2.020834335388359
3.522638354484017
3.9169177524206553
5.44744714574291
5.755173036489682
5.843973094448559
7.383028774346917
7.397277598211916
7.736589699237777
7.788018111138676
9.351725666327432
9.361149813550115
9.608828800535688
9.705297204560392
9.74008435776804
11.318451786952803
11.332536956023809
11.358107053343904
11.549297656843319
11.59719913194473
11.711520301315197
13.302273056331423
13.314632399888602
13.35667305436233
13.402455099029853
13.519641542304623
13.577835406479007
13.693100186165138
15.20774238347055
15.313423785425066
15.353926516400483
15.54246856936941
15.565720173915297
15.679891580474326
16.018462667684236
17.16471867136121
17.289013730511513
17.444506525875102
17.659877968378947
18.027412157661796
18.333208606247087
18.866744813890893
19.138952848510232
19.264405906844832
19.408808275237053
19.629443567573066
20.037113840720675
20.21983289428324
20.87158755272523
21.39013886344264
21.564652978874296
21.602302131085878
22.044905298156515
22.118576822299257
22.18888348298964
22.87735405589149
23.452649206370396
24.064632769311796
24.11383701623585
24.18114947389091
25.216678104474163
25.290825590534816
25.415984086778032
25.784179934067268
26.103144027378914
26.163540596842733
26.18667657881381
26.90551268793305
27.104066138733607
27.119370635698512
27.39819357840608
27.789373275404635
28.16214079746318
29.070684309365763
29.208253866594372
29.270961077523598
29.37842789971792
29.79490527931844
29.8394542494249
29.851920013110952
30.181223979636147
31.049581215612275
31.15771827951221
31.423478907853465
31.803571669376748
31.845277447262514
32.32303855157758
33.122282941769804
33.720691650123996
33.831189286058546
33.855720663557534
34.12567754922253
34.29205902465549
34.66313477307198
34.739326481531805
35.104393468374724
35.60858432260299
35.857615794680434
35.98483469730741
36.29583766606857
37.08462776025803
37.572256588193866
38.40501267462241
38.56890235096795
39.136730840895574
39.55485433919599
40.040289855669506
40.307208726923
40.4552436303905
41.13997029381133
41.533630954262556
42.33563429820836
42.41704880496988
43.144100542682644
43.805490451612236
44.37143382851097
44.39958377453659
44.493855701345915
45.14793813645814
45.28409875147287
45.6915447674395
46.368355742956375
46.38569752263171
47.18097979996589
47.65393126465816
48.38190662452751
49.33543260395904
49.43413598975508
49.634920620927716
49.74568263389244
50.00034511898037
50.387294956556076
51.3190833350569
52.00318390345062
52.418917985896385
53.278258264645956
53.28332819558275
54.00679882597859
55.26247948938981
55.452418532038116
56.01810367696681
57.01380687757194
57.33747105817565
58.02046203713788
58.04403142415845
59.29916593522312
60.02361208314724
61.27989234619741
61.75178096927904
61.86071166017568
62.0298469903103
62.425575268144016
62.63996278651778
63.74550271739491
64.42780779247177
65.70709147707134
66.43072457193196
68.65144578654201
68.6608836966606
68.70691754040898
69.22281781670878
70.46610133233933
70.54405857684552
71.22478331349122
72.50427731486376
73.22730359340255
75.84676008021027
76.4092480048685
77.73055830796808
78.41160174243663
79.69164891910171
83.42337024603988
83.98544156422224
85.30707890023515
85.98716329717715
87.26774220701768
91.389014714365
91.95066632815409
93.27301656702714
93.95211315602566
95.23312862587707
99.74389761874941
99.98856777959276
100.30473612677145
101.6271146147615
102.30618082307053
103.58756778257771
108.48790450977023
109.04797453512359
110.36879050943695
110.37534178435072
111.04931284050944
117.62044840506435
118.18082461858491
119.50326282314944
127.14190268370342
127.70126109725832
129.02459542474665
137.05233576367138
137.61123066677217
138.93474721660428
147.35139811767823
147.9100367903332
149.23374793143682
158.03911203070868
158.10093920310234
158.59765876312875
159.92138494349328
169.1161033181972
169.67410866748548
170.99808175090521
180.58144483211467
181.13930575242844
182.46354824865867
192.4357085003592
192.9932846721482
194.31765493835397
204.67858099121514
205.2360082259424
206.56031550806523
217.31018213594223
217.8674723680098
219.1918642500206
230.33043831855255
230.8876452643427
232.21211199838712
243.73950186046474
244.29657695142768
245.62104695747036
257.53714823781894
258.09419292191944
259.41861970341427
262.03414459314683
271.72343758058474
272.2804964253865
273.6050593642466
282.2415522602503
286.29846561067666
301.2620876530032
303.2268712761496
316.6143321938093
324.9900807107341
332.3551722926506
347.5309326725847
348.48472062170947
364.99783026800105
365.00293458867225
370.84936198285203
381.90908853274794
394.9450906072432
399.203998240591
416.88723414477374
419.81693973059015
434.95858622486077
445.4698275997974
453.4181403541664
471.90066471214334
472.2648117000225
485.28741211221654
491.49856339025825
499.10752843311826
511.0953398420886
511.1183721595989
512.8803948718471
527.0908621051315
531.1123222464274
541.253106207387
550.7545063018206
551.0310299882898
551.5225743037905
555.8519384267768
570.4028882636399
570.8280791026216
571.6847919409751
571.8681284090771
572.1531246472739
572.3660179182424
572.6850272850577
572.8890848427017
573.0090409105433
585.391348983585
593.5684251943741
600.3330629618961
615.1499122344512
615.7076004572116
637.0762005131525
646.8015138900638
659.4619539414042
662.5207390844168
678.6728709896998
682.00737087371
682.5292191044641
694.7678557400857
704.9643797236748
705.1859895614747
705.4716939056234
711.3217684255301
727.8169969203609
728.2426893674905
728.7745507703631
744.7483705303663
752.6048879505655
761.6325570396344
762.058945444751
776.8594899906723
778.0260443161943
778.951359422501
796.2264460987269
796.6551144344702
799.7503678474213
813.9326735428112
831.5947051789642
832.0205594242693
849.6906739536648
867.7428928917964
868.1699518988057
886.2269812786259
904.6668667254279
905.0924390006517
923.5398924191817
942.3836946561518
961.6311953972845
980.8497256439538
981.2746472056859
1000.4988335486852
1020.1056722448126
1020.5301502624062
1040.1439042795134
1060.1297797091775
1060.5434042148527
1080.5670562439204
1100.9520325048902
1101.3763256472848
1121.7666532965216
1142.540971047697
1142.9640513438019
1163.7436329395673
1184.9072943971162
1185.329180531624
1206.4976622312215
1228.0505268062766
1228.4701619112811
1250.0272861317806
1271.9715842952403
1272.3899946443153
1294.3377000779412
1316.669795923397
1317.0871228167348
1339.4204105804315
1362.1437534871432
1362.5555254009862
1385.2792476391578
1408.3936143148858
1408.7966612415905
1431.9116701439966
1455.4182083535877
1455.8060500725076
1479.31904888041
1503.2233211206976
1503.584059780513
1527.406511172596
1549.7938047931832
1551.4105537151524
1574.004692520488
1596.3099872080406
