2.8914391646126774
4.528094190936706
4.867047672764197
6.459642957997319
6.834022781778735
6.848803154066317
8.373938877497729
8.403523663153583
8.815756917988045
8.832772190720021
10.325738126165275
10.35605577463128
10.789865185724345
10.799228128871158
10.80316442881988
12.262695013508653
12.277877927759517
12.310885660248857
12.72919384435116
12.769665453310129
12.777901629190756
14.2229235502526
14.228874097321096
14.264580180269105
14.698451094821229
14.745503668418966
14.755865508891599
14.908471365495656
16.170142936976056
16.18206983870726
16.215672013127616
16.587908238881855
16.682853231882454
16.729907670064126
16.891582878352715
17.518585730139353
18.13511079624783
18.1701335898196
18.539274850565022
18.660103326866665
18.701244081286305
18.872624547008044
19.44837558476312
19.53275934732653
20.099625017491082
20.136229484656866
20.495860631227035
20.54414406473116
20.630137669644874
20.849245874525522
21.405689076906288
21.513900763193732
22.1018024763171
22.458694346470352
22.501215849136702
22.564231097267132
22.790168408151768
22.81986590609393
23.372534129400346
23.49424078203564
23.957055841898622
24.20187956639694
24.44116672662257
24.49976543006476
24.660310454140504
24.781877480358947
25.336230077407194
25.46125644190024
25.925676673990065
26.425668769743595
26.44212749072532
26.54108386190769
26.668557633005374
26.75814484125635
27.21181606054544
27.418145095113758
27.759678085462117
27.900258035027274
28.39669022690558
28.51356524763778
28.734840742950837
28.96037046317301
29.068034483980433
29.502054575618924
29.726396123380248
29.876966974936387
30.24825485814904
30.489542964194957
30.656554073875682
30.735058700317882
31.306464028479173
31.694065478012586
31.774303613916832
31.880417625742833
31.945129057179503
32.127232678953554
32.47468517719959
32.63221089706775
32.8295459764124
33.661597613231265
33.681904189897345
33.906931244673295
34.30295496193343
34.484541148193514
34.61669742407852
34.66379590621397
35.1239238830831
35.174392846248324
35.549855001983076
35.646521785632956
35.87886502594406
36.50397613298148
36.56110529529395
36.61510814111644
37.117362738851
37.150613934772856
37.471017738805706
37.67187525472801
37.851278821012706
38.08334494224328
38.46464339806178
38.61263485164101
38.86249161519624
39.135705285559226
39.378907330208825
39.81411172703615
40.069203667307484
40.43836621456496
40.532104531304576
40.72126699096199
41.10947825156388
41.15388084651901
41.409736023513304
41.467653567120145
41.66581670845105
41.899280266467045
42.05318102101407
42.417176887652545
42.97429675314292
43.138818711671604
43.42477617552708
43.572939950046774
43.79500707013085
44.03718519733028
44.314306674758605
44.38374223689251
44.95566018714457
45.21294570899242
45.32583970250422
45.42501515078597
45.54990414143528
46.032108713081925
46.06241349174489
46.28072223153034
46.793683851714505
47.28318839626244
47.40711150151401
47.49392877857004
47.63465409033765
48.01198999668914
48.18345783199016
48.412073502500256
48.532003736972264
48.7478177262301
49.14542378287023
49.260873142375374
49.40832923967291
50.01436504714435
50.19409654109472
50.706433650308696
51.03777525659785
51.16210407913426
51.27201766359232
51.38447316822031
51.77498008486499
52.41509306674042
52.5059623988048
52.626930636021804
52.67274720404275
52.94495256700568
53.060891492533386
53.14837629857023
53.39646133690739
53.73328218299647
54.45460093243616
54.61921315453251
54.95185609468338
55.055478378862276
55.38924612899236
55.53423436276177
55.64941264301836
56.295608067805574
56.407024333414334
56.51184294741914
56.599229366075946
57.05217865303456
57.105487612429926
57.23035927651533
57.69902063393349
57.93575809418826
58.35720138037087
58.45268663238887
58.596755384529494
58.69896990844279
59.0752746310699
59.11106128657973
60.02011126611529
60.26348429945012
60.343225198047584
60.54411141528925
60.87398100677129
61.11728175115445
61.132694063365456
61.19050878368353
61.355542551681424
62.176847715543595
62.236200977493155
62.50357174927404
63.196207456052
63.44664880754874
63.55033120793737
63.98803010927738
64.1194086081153
64.21384814258538
64.47316876794368
65.06614108533186
65.16417106592151
65.49368085773891
65.55832634289062
65.9589357332381
66.09331690853732
66.41322501434963
66.51656329327231
66.76784137696788
67.01689345450744
67.26556344386229
67.5438709307927
67.57128941646276
68.30940373658616
68.5708202995573
68.88737307692624
68.97060124491722
69.05237337254974
69.4919449788579
69.77235024298481
70.18393303941507
70.30933468209011
70.3857783318142
70.53849391110985
70.94020737169879
71.46209309619792
71.59584806100567
71.93654608249736
72.02514168022505
72.25374206239428
72.4037243928474
72.77875294427233
72.92693997995383
73.24335605511034
73.58876458021922
73.71253764042707
73.88765517511894
74.35965310845826
74.42217057351839
74.78430997892774
74.98302327158187
75.63953695097521
75.79726664656305
75.8783097350098
76.03605264521978
76.12429323966448
76.42325533224923
76.74298087528959
77.59685866446725
77.79953807749315
78.28709892156867
78.41122570201144
78.56496725469594
78.87085402311504
79.17746161766047
79.273358327402
79.39938046776719
79.60714166357083
79.78125408207825
80.07612779953031
80.55867669902472
81.12118318697956
81.41024353236244
81.52311985252909
81.5974416580726
81.69164769469454
82.0353043463159
82.42082582405695
82.8428125826863
83.07417044281543
83.29335611918701
83.54629517712287
83.78875695944625
84.57176750578867
84.77874279183821
85.02015739696718
85.21782953453288
85.34784102801173
85.68076070701015
85.83688670888141
86.0693693385853
86.207949423702
86.43927631197307
86.80716594920194
86.9892250950424
87.24372996677809
87.63655615779827
87.78132650503059
88.53632475718904
88.74359797021812
88.87087803742911
88.96371900963662
89.22253326121394
89.27188104731869
89.45013033270051
89.84790532491606
90.65645944658658
90.68931985186946
90.83760912158156
91.27346230093669
91.64547864536338
92.27776889154642
92.49630051829773
92.65966265849018
92.72591260681236
93.20341889172671
93.41047015712364
94.12168415148155
94.61941673344438
94.74946341581588
94.81865287346423
95.22471732727276
95.33369214705749
95.3852667914943
95.50994717296004
95.64290440723074
96.44068999186928
96.54010857128328
96.6526594256388
96.76329248458103
96.90529878888283
97.15949678644213
97.25557949208815
97.6220971741026
97.70162340192527
98.43314098917122
98.70932499268864
98.92508245926243
99.26665059609874
99.49209423301508
100.28887609771724
100.32626814285358
100.65520455357552
100.75564393114846
100.99332669654517
101.31229511484447
101.58599790851132
102.02792241977163
102.60238475534052
102.62852168402544
103.07742733964311
103.14089016690642
103.2117044622799
103.43563279928485
103.61104593107636
103.72235773127606
104.04157036872869
104.1097993295236
104.31739294708574
104.5291356496038
105.15254932052311
105.62834077537602
105.69349416355632
105.73631853229465
106.42201808018811
106.47820074798162
106.7554285883109
107.10301034142267
107.26286660600294
107.65345805262521
107.69386540221201
108.33188508060803
108.85190432027608
108.99911208575094
109.10478908336118
110.2383185443103
110.35243325793951
110.81923010863247
111.01321623318519
111.11544818280734
111.3228106739677
111.7313238851229
111.80958509212212
112.00237568669814
112.13305865140192
112.38120300784855
112.45005719680739
112.83271875522148
112.91875004897518
113.16629298679663
113.9275838819153
114.0636669862237
114.16186503530689
114.34057653628297
114.39375103344028
114.86849901685359
115.65749384127196
115.82285728106385
115.89010419261825
116.41735672820732
116.59874349685319
116.68266088035881
117.3807819176573
117.8493985126969
118.28388872044707
118.86359241750345
119.00218132371366
119.49188785250863
119.51710911496951
119.72859891615214
119.81254120999745
120.49243394262677
120.60473585173303
120.6971002189183
121.16907033942513
121.41512686268814
121.53317318347527
121.70587058114634
122.46044985772889
122.80721932217938
123.10508791200695
123.45721139437464
123.55320816751923
123.8890065138507
124.0664466509459
124.22759036424785
125.0519128354923
125.33889918029837
125.42834694880979
125.58535356505854
125.67359351079911
126.00276527200839
126.16325613687239
126.66019811239245
126.89662691407308
127.01481697579338
127.05212487413361
127.61702843138724
128.41359815107302
128.60106756233466
128.95862164386324
129.0514992971478
129.1173741070714
129.7385743798833
129.7676157055139
130.72088948747032
130.7674817586268
130.8575028852784
131.08722542783107
131.2780448591354
131.64217144705216
131.82026558055338
132.07173497014517
132.2757315580539
132.51875137816995
132.65111894110476
132.7805586158474
132.87857979419277
133.0889540810594
133.11751716453423
133.88483800730197
134.58408691922963
134.61990744451037
134.70518322237672
135.10931037010806
135.26398156198104
135.29563417352344
136.5594201399676
136.72890672676857
137.15274650069728
137.59477103655
138.5605668637952
138.97272724993215
139.00395167807702
139.27537789782374
139.58529495334602
139.6529739115994
140.66116201643985
140.70349451063194
140.8649372519812
141.01756745689622
141.31455404705525
141.59149742226248
142.02504461163468
142.21416045127296
142.34505297260532
142.59855958628387
142.6583549329451
143.035411242009
144.05716488181042
144.53928329391877
144.5887495855347
144.91046732272352
145.05946380247383
145.57131778219272
146.510463536929
147.0483628696954
147.10397985822985
147.18151432789944
147.97662982557026
148.47872245118288
148.76325734912456
148.9824130360063
149.22036569117938
149.28914924888966
150.27965714643824
150.38373233958046
150.84400541497897
150.98842784659914
151.3253151945268
151.3518678370678
151.48958124691546
152.28461178457331
152.92398898425407
153.22649911170814
153.34991188979583
153.63576226647717
154.00868452260195
154.35537095239116
154.8942959435109
155.10973179574694
155.37481837255507
155.58986863988943
156.83429355852886
157.0618099056134
157.19485686280728
157.41203983305442
157.8910500012539
158.3334894351152
158.80189670695552
159.62696699356377
159.95102606997062
159.98795460256048
160.43878970540527
160.68387302881575
161.48493654876543
161.7030733105613
161.85237584623772
161.93338213850276
162.0308813631846
162.6246831205956
163.39721609034993
163.6366020539225
164.03945706825607
164.11082229899554
164.44443644239917
164.8196155354993
165.13233469538042
165.45876149219376
165.60054961990593
165.67645216099953
166.07153862603627
167.39143209570298
167.54452904161687
167.69604457581974
168.079364143627
169.071432448029
169.51419043884738
170.41464245995596
170.76501551115285
171.07729510449295
171.39024039359967
172.42296143934877
172.55300765525195
172.76521015820646
172.80415408740205
172.97815394662499
173.03743157641
173.1209346145123
173.31949644788887
174.00591057114926
174.75539892151153
175.11526964080122
175.18698007222105
175.55224936048148
175.79705611417083
175.8262860780919
175.88498181758303
176.6896291028486
177.15979032227312
177.65024629503264
178.62858477929146
178.7047092210583
178.99589604217294
179.19052346064444
180.61907676159447
181.29907315998724
181.51314307196293
182.4435806440921
182.52304603080506
182.57875291240288
183.14258687935342
183.65185303832052
184.28736674645305
184.3982517918631
184.40815219657657
184.59930642159745
184.6386032860862
184.83170022994477
185.05461551064252
185.58336401039003
186.20827611738733
186.24959071808252
186.37322030494389
186.54929378759857
186.62262284116954
186.9296347981545
188.00694696833037
188.17527378534683
188.37599607569103
188.63038565336348
188.64778857187332
189.29240585775432
190.1509802117203
190.2640748559791
190.67566099544848
190.85407774848792
192.10815754999382
192.56248178608982
193.2517266763566
193.91302816390134
193.99179105776219
194.42079811904912
195.13313428251743
195.73710382438557
195.85933332357064
195.93338551622628
196.16659291066142
196.3381562077807
196.46703980063037
197.46169756047686
197.5704721311153
198.09697154564918
198.27688059050834
198.3992851340835
198.49247790663637
200.04835997735256
200.36731767754333
200.4989963933153
200.82555298297459
201.37442411921356
201.51888529995034
201.99347433151985
202.0336177568573
202.0909427978192
202.53874871258444
203.97785143261285
204.060674367656
204.65854445029342
204.93320842105175
205.8570726737231
206.67073360556176
206.99695998713113
207.75259012895134
207.83542200567953
208.297287009136
208.42616986158595
208.7150134849945
209.06481522611827
209.12742200151644
209.6198732771602
210.25618801046218
210.3695837355951
210.73749010204529
211.88742974795824
212.31105961741054
212.6046817959687
212.76016046524143
212.79063661712675
213.38106037101858
213.51179526794917
214.27643734473347
214.78583509384723
215.9473674566905
216.23822531251625
216.38492816905085
218.11490100965884
219.24949765041643
219.30879131976974
219.69840560621856
220.0241101279307
220.73113861908945
220.93617831728483
221.07671508122723
221.3388867903092
221.368857009665
221.72726485298475
221.88834003771
222.20455834378006
222.51644611347606
223.00981647110578
223.37418264964415
223.49446829584008
223.8775559808697
224.95716638125685
225.05352663484217
225.3692474116795
225.39802787640355
225.62457013106808
226.92262722063495
227.03041892435772
227.42601299405442
228.2808900691752
228.87133943715332
228.93354628533953
229.2406311769578
230.76913284448298
231.98376915617902
232.33578824621895
232.6663038582394
233.00763686675424
233.31814182867717
233.415546559515
233.9638308317273
234.1100895499389
234.37871772259885
234.5409047555854
235.16484169820657
235.37748476174002
236.04539098518381
236.09660124967553
236.40303423096668
237.65060083399482
237.99341766664008
238.24973153198553
238.41964985571698
239.95929081619937
240.44202282681974
241.94845415500123
242.58191738478013
243.79813497287813
244.59565969711937
245.415935979975
245.7577603074968
246.86831080029424
246.9309660214561
247.14848214161339
247.51883420111346
247.55225579943175
247.60494224788013
247.79718863149705
248.17154335926494
248.23227041415282
248.36488064191911
249.4681094650664
249.81441058845306
250.1258058671172
251.2773497667977
251.42996812366303
251.51840317186443
251.83440742417906
253.37603662851947
253.4517145174266
253.84100120230673
255.35598862022152
255.99243629111731
257.22413957827087
257.64346351146025
258.0914924215956
259.12275679334414
259.5535952182644
260.31678147131225
260.9970442155558
261.34204148427443
261.5695631742065
261.6147162801918
261.79289585491813
262.51690511885715
263.28321582969426
263.58015527891087
263.62116055303125
264.695235204161
265.2332144336836
265.632600784012
267.19616090120985
267.33080292439456
267.67181005373925
268.0931176702655
268.2764216704904
269.1663962240853
269.79403860549303
271.03196570025165
271.14625717187954
272.927437309166
273.7414671090673
274.80204471232287
274.8820283259333
275.40697091190185
275.5438987084081
275.7279482192825
275.7888524927376
276.0732205379279
276.39225760549886
276.75758321513075
277.4762566579294
277.7726620963575
277.822804148592
278.493795274402
279.4315079801875
279.738503623465
279.8247699055578
281.3842446334429
281.46517573702164
281.854625209642
282.0474761718623
283.3641009824892
283.9794745462459
285.22659158655034
285.24472429495904
287.1287377650825
288.31666326460805
289.04101993565246
289.0754441567534
289.5863960100279
290.12583492514926
290.2867537357573
290.36419261255475
290.530069359049
290.8852397580765
291.3391016602946
292.060817192194
292.38182617655195
292.67791351566444
294.0157305642603
294.3936662573917
295.39947467709874
295.9776070030681
296.2673522011986
296.4293366432064
297.94254180737846
298.49366501416654
299.81405460286464
301.70304471114616
303.2833976326785
303.5856527344852
303.66766164150175
304.59338937337975
304.7024412345414
304.7444678322996
305.0985388282934
305.2542533676308
305.3262460085928
306.1132659134516
307.0316494534762
307.2416083354331
307.34397951461546
308.98880732683244
309.2743772447308
309.3560949576175
310.9646022044728
311.38913912511424
312.9254978546279
313.5082168845273
314.8323558144084
316.6696303815187
317.79814798741955
318.6305405892136
320.3015564412344
320.4582375151283
320.67548048885624
320.73198024268595
322.18018965828264
322.39815169423207
322.6930412686154
324.3438562889686
324.37181204816534
324.70154846697216
325.78062235828827
326.3301762027649
326.7358248887598
328.2829869833893
328.6625886541807
330.1517188470462
332.0221060292321
334.36701373329475
334.4781017728727
336.2032251043957
336.27152545878306
336.412354079211
336.92740920317516
337.5603012167283
338.13663626503495
338.1530073996947
338.4282571269991
340.09686315864445
340.2913646835781
340.44502406978444
341.12060471782866
342.07102097158577
342.467717979138
344.0287507330962
344.12080344655277
345.8929060911946
347.7644830907479
350.4941409570541
351.9862148427866
352.33539678837735
352.5324240588106
352.6209117293732
352.64378337258955
352.71018754130523
353.28473123595177
354.27438500428786
354.3719513468902
354.5486725780517
356.2305052085232
356.5612678420826
356.8450566692813
358.1968526461724
358.5896404081403
360.16286814419976
362.0211632686973
363.8824526573108
367.00375190868067
368.3459329268721
368.7718703324168
368.82046626712065
368.8542739641745
369.02210912480535
369.0468021096933
369.39175734734835
369.4101986635046
370.0892226888125
370.7944106230015
371.0555547030963
372.74682001654276
372.95506066986144
373.0662631819403
374.71716670431664
375.09425190257514
376.6885369352707
378.5421756013184
380.40663140044796
382.8262880457839
383.8987287425575
385.3387804375272
385.75721700920803
385.8862946993751
385.9389741370366
386.1936614909591
386.8527198021468
387.700255885754
387.9472492361753
389.3822586232872
389.6582726955484
389.95682636561014
391.627675104905
391.98257404381076
393.5947517586214
395.4450807141687
397.30499116944867
399.71216391371007
401.1793254591994
402.2401141590166
402.67230728826553
402.76423852734683
402.9494619352706
403.05198977278775
403.21522223966673
403.6005136068925
404.99059636441797
405.2215288237771
406.31808956754276
406.94882393551734
407.2300353274668
408.914735828119
409.2467920672285
410.88061629965887
412.7317861420061
416.98330805120605
418.84199704321
419.5634717954987
420.72371537947737
420.8744928312228
420.93078523331735
421.2112771189051
421.3322752566502
422.66401531458854
422.86785595691106
422.89199161666204
424.62065816866027
424.88349986366165
426.58626654930003
426.63225231415794
426.9092858680686
428.5556894675253
430.40722044854823
432.25106960012585
434.63140342173836
436.8864370240498
437.21027372631625
438.64365718906396
438.78054988877955
438.91357580569786
439.8606219253593
440.72314856743196
440.91516319184007
441.190496525544
442.68056053572
442.9161078576908
443.13936841900386
444.6478440973061
444.93690552332384
446.6172419389978
448.4483779401148
450.2916786347937
452.64821266940226
455.3103660960756
457.19325537864074
457.2287860767147
457.3278244056488
457.6415406810899
459.1674326767959
459.3234258145229
459.9902855250144
461.1196941836729
461.31917971643276
463.09244161083103
463.33510987140255
465.0316209255727
466.87260468428434
468.70370729369955
471.02479360936644
474.10522028884634
475.10451378608184
475.7416394196321
475.97004550013577
476.03295680387475
476.10578459607433
476.142562965675
476.97331820155125
477.97759174192333
478.08967274622375
478.12460896709194
479.92861044781586
480.08332370002705
480.64426870020856
481.0272662950596
481.8778798093564
481.9268702433801
483.82773466407565
485.64226476956316
487.3863938762065
493.2278320673416
494.61709537262345
495.05431952142555
495.0953600747407
495.21046880030946
495.24627611576165
495.6012353213715
495.9381079912581
496.55776082428724
497.14841402940874
499.0761952810425
499.4388193503915
500.9649778455009
502.95296098407624
504.56185261406745
509.0447983469016
510.6614838975038
512.1107793012694
512.7570956601126
512.8126733268604
513.7913954049335
514.6369067940898
514.6937227958812
514.758982490691
514.8550341236839
515.0976906671598
515.1612039831496
515.4196545794418
516.7496861232923
516.9515854327232
518.5218833519104
518.7044891416211
520.3178536589108
520.518324478131
522.5474187815591
523.148921841534
524.2774086354383
526.2781926309184
527.1570653146503
527.6848791652507
528.3970500713992
528.4983741275823
528.6930647118193
531.5786832944839
531.6869290974273
532.0844834089402
532.426036405003
532.5949223206331
532.8650885758085
533.0858882833543
533.4569966899264
533.8484814103759
534.0447135504371
534.1591884343017
534.5112145171527
534.6357873461674
534.6707160430142
535.3335360960858
535.396434948101
535.7727177998805
535.8280432531384
536.3440636424885
536.6190409331491
536.8157610343401
537.114528960571
537.4660597318397
538.1115043436216
538.2692325905878
538.5874194625358
539.1456743554226
539.2431824536484
539.6113790141779
539.8015750049424
540.1750270514576
540.3892097790422
540.64892908959
540.9551576736518
542.0261986546657
542.5308457855598
543.37389331345
543.6305967375393
543.6516946066444
544.5843868076499
544.8018421441271
545.0685723418981
545.386393253873
545.8948598733922
546.0987426157336
546.450356484908
547.1249921619625
548.5272702510816
548.8401892383413
549.3610442289793
550.4183893198052
551.0876077600326
551.6968221912108
552.0438593270529
552.182283165157
552.6747769113493
552.8492145087588
553.0690417593662
553.3419707433742
553.3709944663065
553.6088986921302
553.678089141814
554.6379630331293
554.7957700748728
554.864844436237
554.9753487922899
555.5174538661557
556.1658568759233
556.2267062342568
556.290100900954
556.3893902623929
556.6939736215633
556.7573320397023
557.155757412548
557.3262890404397
558.5303899101001
558.8057984209931
558.8486992118097
559.0648998926482
559.2524568511184
559.9358548188575
560.0503085553028
560.6400281793221
560.712627142538
560.9320880612607
561.117741194005
561.3623248550792
562.2341955842388
562.3421189508429
563.0167625141625
563.321527765951
563.399182034906
563.557451403041
564.0060153064452
564.7881941870544
565.003919332917
565.1760495877553
565.2883445678616
565.5426783107213
565.6976781940108
566.1163460535414
566.5827340567511
566.6936748614978
567.0526913842987
567.5262675105822
567.9270541582031
567.9951327099058
568.1543157133951
568.4025557116439
568.7524583088975
569.0524669964296
569.2023772046929
570.0494171385371
570.2913764869346
570.3728893304227
571.0267489603134
571.2083079088559
571.3041524437969
571.6223177605019
571.9049807292268
572.1336430149166
572.4409620959424
572.5600030584341
572.8133966765598
573.3045906500856
573.3997176965573
573.6834279220263
574.1914132815302
574.2393483913133
574.4031002320805
574.632523463743
574.7889022689538
575.0092603518373
575.1520887880027
575.2591302740735
575.378345529037
575.5631293260865
575.8369465599744
576.5878431557431
576.7353090170656
576.8365403291871
576.9379931205821
577.1964414954956
577.2556993791652
577.6792836766704
577.7658777212071
577.8455201208758
578.356701506476
578.6304390694304
578.779317564212
579.0326667774685
579.2104328848329
579.6308060618408
579.7407893784521
580.1464080451357
580.7443024688915
580.8187980089406
580.9435389846899
581.3339455478698
582.2088351485727
582.3534211154371
582.698449297421
583.3866054342501
583.878685613724
583.9866978008573
584.1114388282105
584.3557805658019
584.6833324142028
585.0955145138561
585.7675556523391
585.8214397816188
586.0416533360011
586.1872709150521
586.4331287292456
586.8433261287769
587.4232176195554
588.457564637681
588.6914003176793
589.1459305638222
589.4024695669959
589.4918832144131
589.8847026261199
590.0315820835123
590.4405383979243
590.5839428326597
590.8943710476123
591.13203895678
591.2991120277152
592.154671509144
592.2837764003051
592.5225828825236
592.6999385323002
593.2398293150181
593.390786989215
593.8282876422213
593.977954137689
594.224458339422
594.3895164597369
594.7660569917991
595.0400712368006
595.5229671040194
595.6074326295991
595.8117153825731
596.0115341990144
596.542556908331
596.6641733825835
596.8911376483281
597.2165388133564
597.5460454841312
597.8906316969029
598.0668725577779
598.4499123852506
598.5088597792356
599.1360698158945
599.5403317812695
600.2109942988452
600.3552237639993
600.4634325339939
600.6743056949168
600.9099702565352
601.2249439542021
601.4017495872121
601.7160544108864
601.8897667174923
602.4481458720142
602.8164213466971
603.1148293401241
603.2200885499816
603.4001789418477
603.5702181541672
603.7103559400507
603.9737560931139
605.2639941965572
606.04587546894
606.3873323132804
606.6355900098436
606.6726710383407
607.0392258136692
607.2173264810069
607.5884949905657
608.3149107941347
608.7021278344025
608.8801877603556
609.1228572679037
609.2350550354392
610.0937881490092
610.4606355956712
610.8549561382524
610.9586742034932
611.1566994984929
611.911903436749
612.1431430863934
612.2152193979528
612.8279124208993
613.3815933580202
613.7645668515945
613.897222460501
614.0174624820351
614.2065485097576
614.609834203007
614.8448609727953
615.0704886327252
615.5965410485069
615.9062555228954
615.985138056182
616.4878555045932
617.1114653814868
617.3042273808996
617.587598780172
617.8255787699858
618.1348413253176
618.2208926439022
618.4110996020097
618.596165349518
618.724810299659
618.9359510561122
619.3872256303059
619.5940850027716
620.4934094729609
620.6642158024348
620.8227623840469
620.9128249510532
621.0535749186895
621.3268778337899
621.4378343396676
621.6163634074323
621.6969806304159
621.9782703290089
622.1589371055863
622.8133115311086
622.8407121382833
623.0189470417638
623.3419802153594
623.5322817691628
623.7669922222699
624.1986987104314
624.5132600310872
625.0666287508865
625.6127766772388
625.8124214528897
626.1590649386669
626.9999535105801
627.2863945823507
627.6486400604422
627.8723610711278
628.1410285356965
628.4726082278562
629.2288475305024
629.6534751092698
629.9647932965237
630.5867507785879
630.7769208904206
631.0245505406256
631.2952524213073
631.3450500962897
631.7949444320283
631.9405371310995
632.0369586961053
632.5593424149665
632.646419807287
633.1559680254946
633.8045671584412
634.0237700578573
634.4535576521032
634.7368519122915
635.2519321181687
635.4990266218839
636.2562158176646
636.3527208043295
636.8401782826206
636.9282214649036
637.2503327247697
637.6376932162384
637.7846697965875
638.6020666345185
638.6765966410984
639.0204682997459
639.1817037694567
639.2237285055415
639.5461164516666
639.6478737360735
640.0893018025614
640.6896232287629
641.0575033394427
641.0958236976819
641.7558275855204
641.8604239892206
642.1295860694257
642.2153453445884
642.2869154046966
642.4651714233651
642.6123877612683
642.7141576002643
643.2157877378544
643.6256753367838
644.1124216338682
644.2162043379914
644.6102713260693
645.0235150099694
645.1100885879978
645.3309892281299
645.9508837810373
646.244362982868
646.4901801555236
646.6223674656501
646.752379028507
647.314171503734
647.7938815318103
647.9665257772383
648.3246624812367
648.4390087783484
649.5329809438434
649.9152200695187
650.4777200133873
650.7068948193837
651.0187177119925
651.7023334646594
651.8848110886332
651.9859553094526
652.131295059312
652.3074723424929
652.6031810006759
652.8966106388692
653.5345865269712
654.3623379099425
654.9024745508586
655.0161269356952
655.4794008873931
655.7079509051348
656.1452911633118
656.4257444246362
657.1078301708026
657.3927241091212
658.1876028412537
658.276098373489
658.342490252474
658.5381891177417
658.8154269991387
659.5396210264347
659.6280151193777
660.2999400142254
660.5386531570911
660.8758839868099
660.9406285148926
661.1853406643979
661.232321002577
662.2858136523324
662.6339440439974
662.9191084694454
663.0966846591951
663.1672125728603
663.2380129990578
663.552505938129
664.1380816914149
664.573617683902
664.7624913861923
664.8520434992054
665.0428933654714
665.2668882134828
665.4843571480318
666.0769094111281
666.3622538649523
666.7585847761385
666.9864509830975
667.434968280407
667.8203726164384
668.1850511478987
668.3313204007488
668.5434967024954
668.7030269433161
668.8355062904725
669.2063690227586
669.6681259274501
669.79296943551
670.2489909411391
670.6841137140101
671.4884883211166
671.6472260082354
672.0667075990476
672.2679389997842
672.7398396414992
673.4267170816457
673.6090074477265
673.8109079354608
674.1765471595284
674.9143042297333
675.2203687478172
675.6845588609684
676.3054377149881
676.3636774007134
676.7202163846388
676.8562947566415
676.9645759025107
677.3620247787231
678.0641820986908
678.4281615582661
678.8581196046144
679.0637631889989
679.1201111922749
679.7097771642101
679.8676131642818
680.0845735836435
680.095774075665
680.4102114453722
680.7206098203147
680.8151938832975
682.4890518397663
683.0963373608381
683.2171189278582
683.3826896158041
683.8294840683398
683.9904483681353
684.0389979497127
684.110416979729
684.5979431831486
685.0010097632617
685.4933347326313
685.8543972944442
686.0999204781748
686.3614220081781
686.4980147348135
687.2153356006623
687.6002334318006
687.7476053175244
687.8807319861686
688.1280136992206
688.3903117550735
688.4241895190701
688.9120294978964
689.0823886704063
689.249075708677
690.0308003014782
690.4447916280424
690.7660987833591
691.3470469828312
691.6708998022892
691.9504533968394
692.2302151054088
692.3152001413202
692.5085773597127
692.606824219442
692.8924453035768
693.0320445596371
693.0859846301433
693.7140976650346
694.7095707099307
695.052700003264
695.4874690351875
695.6824157221279
695.8561706381023
696.075700999933
696.4667632151319
697.248635343472
697.4325619322362
697.5461190405206
698.2988197236563
698.3170040555437
698.5414987496788
699.5184129628786
699.68233443725
699.7368639222091
700.0134175971618
700.0215130804502
700.6730041315716
701.0922322121653
701.3285598957219
701.9221805033346
702.1003191052406
702.1647825045421
702.2669293113748
702.6390637867989
703.1460845879309
703.399694522532
703.5058291844502
703.9714213775161
705.2292421176705
705.2856262562707
705.4998698162221
705.7627785103537
706.0619148489557
706.307814652543
707.7046530185216
707.9110039122866
708.0937708031663
708.3911316771806
708.6554776684371
708.8409026048288
709.7821367923641
709.845856276675
710.2417117648439
710.2985158201907
710.7403119230439
710.8373482148722
711.1206388454005
711.4441694112181
711.7636939233686
711.9682151891751
712.2467616590462
712.612502120302
712.7444353757847
712.881779629072
713.2774523898928
713.379012955504
713.5285327293644
713.6894998597588
714.3138218333868
714.3235700677267
714.7065500219854
715.0564465955072
715.3006070062632
715.636974653046
715.9399476725953
716.5437208320515
716.6211970844975
717.3253016267331
717.6603247903957
717.957815446499
718.4411641326349
719.1532280601045
719.5409965560241
719.7107300075662
719.8918868695331
720.233419318267
720.8914156102985
721.3895657456964
722.0711467740056
722.7362065685389
722.9178616001761
723.2751310642841
723.4751029580772
723.8988578166773
725.130475865225
725.9498556767983
726.4172611717588
726.8441272419384
726.9060514098179
728.1246701981128
728.705981111352
729.4321656566524
730.2238778569586
730.9850577341989
731.2795596760556
731.3959058173832
731.5016094447044
732.2885820203397
732.5556986815592
732.7177301445491
733.0921936831459
733.3686846670483
733.5748625278076
733.6145842321904
733.7633581833595
733.9647431712511
734.1136805501999
734.3212995487037
734.9318568187668
735.0102893138485
735.856435718214
736.0496307467411
736.1417172014378
736.2936020268636
736.7343074524122
737.6218691490218
738.1750040370439
738.4715669204197
738.5544197670405
738.7453200237876
738.9499142110403
739.0951509544379
739.2283331330317
739.5431653824717
739.901298144215
740.1705805383098
740.3162185787204
740.3683667739539
741.4080265751725
742.1263018320419
742.2106153716736
742.3109189359276
742.5119794056593
743.1125525337284
743.2957031540222
743.4749182545779
743.8274023669011
744.4411685995132
744.6256272270382
744.8746072907884
745.1706861673456
745.8347643330051
746.11703321402
747.9426935150966
748.1919376353914
749.5080628170448
750.8228796878335
753.4970286661655
753.8870176175285
754.6024746595757
754.7416947905426
755.0200356957193
755.2856441514909
755.7527959718404
755.8659326409511
756.4168288700571
756.516537411649
757.6502281919758
757.7504340742777
757.965269305454
758.1414937611817
758.3186050403219
758.3885940725769
758.5255234760536
758.9394465115228
759.8617751627957
760.4739624241407
761.0240362924925
761.1764912641563
761.2058263931634
761.9219191077209
762.2152072162909
762.5689140384894
762.5786928580362
762.7790676574937
762.8913942166013
763.4275260990345
764.2860725942107
764.3211704204998
764.8259323483088
765.31391934489
765.8834448192491
766.1768261907351
766.2700416373059
766.4028204127859
766.959725499533
767.7648325965079
768.4357681748038
769.4571382125251
769.7370213227009
770.3893227367305
771.2190673267077
773.6193550433459
778.4255320190681
778.8819188454581
780.6930938069527
781.0149226228704
781.9322692174352
781.993896730671
782.0332850517359
782.1640183859118
783.6639901096661
783.8390003829712
785.1940842608152
785.5642865680974
785.7190699931518
785.8874382793263
787.085469144059
787.1515147556061
787.6636447712526
787.7824477376381
787.9389959102806
788.6163899704409
788.6485918020516
788.8373761094781
789.2500773242565
791.0182254321551
793.0381444407168
795.1130676435973
796.7907176329965
800.560190290383
801.4553341239945
804.3824171623946
805.8533331191645
807.4645940620727
809.1621232764372
810.8486667499207
811.2123830525187
811.3888503051462
811.9195019583944
812.2682057229232
812.3885257365718
812.5155704938437
812.592733028173
814.4815019085144
814.8927962162684
814.9710650439876
816.1757927574834
816.9562246813438
816.9886310381177
817.467647461491
817.5112385144623
817.7115126421434
818.6923776483704
819.7355727046314
819.8006400359723
819.9698990524936
820.2095883045189
820.3923265045415
821.2370945745987
822.5107876420977
822.5837250779804
823.3499352503551
825.1463326824617
827.1292980781471
827.8502179147528
827.9476467535081
828.2043709344728
830.3414872413118
830.4720145857037
833.7290301253362
834.5741975762577
835.8217125006308
836.9495718307702
837.3778185629924
837.4523025094536
840.6932865455257
841.7362525975184
845.3663378829909
846.8721432465397
850.2574751652459
850.5022598237433
854.504626275967
855.5245795791138
861.2568636965856
867.3389665544911
874.3896343646209
880.8622831266006
887.6828429720168
891.0372175424569
896.3336466563429
910.1007628125075
928.3443128055452
946.7348403246203
947.8062703007037
966.4117244432977
986.3349032143085
1005.3640483460287
1025.6018428274442
1044.9666533509965
1061.0579061834555
1064.7906222282604
1065.679007461665
1083.7302343522435
1085.5114799739092
1105.3007238466857
1106.4998828790033
1123.2549779213712
1126.736186992895
1144.8700450383517
1146.9200886645237
1148.122186121928
1165.2373226187883
1168.6879629078755
1185.917805541846
1189.2823968611597
1190.4924791056274
1207.9948136634296
1209.6536018126947
1211.1400201261515
1229.0087972782749
1233.6673676310152
1251.5133545048643
1254.9479090266643
1255.087064878296
1272.9355883939863
1274.7956199661903
1276.468431374411
1277.7021697718258
1295.9704863350305
1297.690777768596
1299.3340938394933
1317.7465614206624
1319.1743327380373
1320.9294457991878
1322.324002161606
1339.9246207425585
1340.9948749731288
1342.2698379285443
1344.725936817485
1362.8701946768422
1366.9378450868383
1367.9936104857786
1386.9916379317538
1388.8868111157565
1390.5333160479995
1409.5597545888297
1411.1328172054984
1413.291431100634
1414.4829627055012
1432.5126284989494
1433.7297850215834
1435.8758485226488
1437.3703127190306
1438.0983636701462
1456.6935013498776
1458.618215384864
1460.7542086998922
1461.1035677841749
1480.0341964216022
1481.6468062856452
1484.456633670078
1505.0033546320506
1508.1830349157144
1528.707122964164
1532.1122914096493
1532.457365137741
1536.1142864529434
1552.785743474081
1556.2584388714938
1556.6525254431044
1559.0359536715484
1580.7486864403827
1581.769907970264
1602.5887140381194
