2.688401821249749
4.313384225952971
4.639192991176659
6.223970436208507
6.534666031640871
6.604904237684709
8.135932643178354
8.156693037806855
8.503257831361323
8.576140529170289
10.083893184669215
10.102337529696857
10.431185673695111
10.475099373790446
10.527754383983375
12.025565768242004
12.053300271222241
12.075404041971247
12.377794329317762
12.40704051184195
12.437001078282726
14.003564723415586
14.014961222666873
14.075321238056798
14.283522211936798
14.346273211109892
14.380528574141024
14.46695987960195
15.9529551471551
15.95842347137886
15.980520269375667
16.196258573023783
16.328312362985496
16.414361217682757
16.502263361148792
16.99795162475943
17.899511705119796
17.93425038705672
18.12973317158486
18.278188989852758
18.347004613871302
18.446355158583568
18.956434165031848
19.354514076572315
19.852285263689467
19.919374305756598
19.947046226364527
20.074038129625723
20.29067878789265
20.410064606540487
20.926645812456965
21.260618695625517
21.902298534542336
21.998209891379698
22.353120048283564
22.671100071495434
22.90261971326985
23.18995809881432
23.30989617741535
23.864047631994723
23.903537535778682
24.121923069823435
24.26369466184002
24.579418750181997
24.865207556913077
25.274276668608625
25.840708606208306
25.868000806118264
26.26550784682674
26.401732908188905
26.522525935881408
26.765634967419476
27.036804540777126
27.105248547014426
27.25210158389448
27.814605118029377
28.28635695916316
28.329256644458322
28.48925238737024
28.835410659444683
28.99123145965091
29.101282991752853
29.238471419054495
29.739368562739546
30.258481963907954
30.44373873332423
30.52123481578207
30.58979425624179
30.965095449572722
31.109701191610117
31.165278593069385
31.22418948013891
31.843321957829282
32.220921470922015
32.42162308996466
32.47522901842501
32.94046714893721
33.10082925468551
33.11716428195647
33.49987377865587
34.192951499517726
34.36862511730652
34.50030871017567
34.906298494488865
35.01590405444167
35.11670982415809
35.24358168053317
35.67860949987461
36.17779704589995
36.26212619266037
36.36682465305033
36.73368353242777
36.952529374976926
37.09141434136767
37.623788508843965
37.85861173662214
38.15153044446885
38.359823307625724
38.89869716102527
38.97505410676151
39.09316545286178
39.575887165073915
39.61217739109432
39.962779017507145
40.31111904268539
40.46332200695799
40.576278358739906
40.888649922761736
41.02878019165032
41.546048027291555
41.663663282799476
41.89762598113895
42.27663037883869
42.51735023816217
42.79916860352634
42.88690112455549
43.13938141913037
43.33420308628395
43.537841598302414
43.86095485865828
45.25197731156323
45.51041791418959
45.79137683144359
45.862018477554244
45.884382107560626
46.444484542756825
46.558039605198154
47.18518294076534
47.342232094659124
47.73045300728051
47.797916175876956
47.85169786838741
48.42788264753251
48.9079955579017
49.07306040827264
49.16850894541835
49.80912561155153
50.17392875644214
50.93299103268414
51.12838281451832
51.53702483333449
51.747418561532804
52.44697561204966
52.6766220451841
52.87435920902431
53.111258176205105
53.4713710479631
53.503199861784715
53.71000102553414
54.312525555127145
54.83659372491303
55.00942062167581
55.7349618573012
56.701253376529245
56.81864527447415
56.95275385363947
56.99990115695723
57.07664200386237
57.39874297528671
57.59295759450433
57.98670301629474
58.31805315206287
58.46491465005994
58.78410560183003
58.83730576647348
58.94264555465926
59.2289799691595
59.52743488382456
59.96002708394505
60.68556317345178
60.913511328805555
61.39469305640076
61.48624449874793
61.91852347443288
62.09167092508173
62.84098850891303
63.40893351979106
63.477612555743065
63.58666393099091
63.68519574172774
63.91415752002184
64.03657031246223
64.83524608109329
64.93494396440961
65.19870900773168
65.24558648816368
65.37792568513093
65.4620937595132
65.93240957924978
65.9651650662279
66.41160628408434
66.84511416688972
67.2350201648176
67.33832432168425
67.35963494396297
67.75897646312713
69.89280631687335
70.22350166018713
70.29418338268016
70.86166044656655
70.88560126651033
70.93877373822842
71.29572573803577
71.3688469264535
71.85929102290545
72.17558108277578
72.25511503427627
72.50497069044579
72.8929123868518
73.3042599093627
73.72059428645758
73.91753307490063
74.22550586910738
76.16506564712896
77.39422749468677
77.46874353718964
77.52581171167404
78.07117730843098
78.20115029264511
78.59163737454536
78.68206747752268
78.98102744844694
79.25478406120628
79.47434915851025
80.11638013886471
80.20084935361153
80.74367416958965
81.36403735503974
81.45302724322472
81.99349021252
82.16697533740849
82.31030420998347
82.97170670354478
83.04209688257696
83.42128597449815
83.46908017127143
85.12672073612822
85.42323413850086
85.6783829225404
85.71933046302574
85.82086504270836
85.9227520013202
86.07221061438766
86.98626365702358
87.02065919020896
87.09238057291098
87.36105819799104
87.94331831712236
88.96183635789401
89.0595489458313
89.11670656411283
89.24769314228803
90.19114296366759
90.34641597371582
91.03953548236305
91.08060973036439
93.00044724180134
93.0886044718943
93.12558577333944
93.19726236194968
93.49729678062756
93.66775043240426
93.78501592192006
93.93569537194267
94.23243840647069
95.08683193224066
95.55068392447313
96.24943769733169
96.57361702832353
97.06750398560946
97.87906151207576
97.95214122868227
98.68419613825118
99.02017921076646
99.0833667385998
101.45901590353684
101.5265742299245
101.82844102668354
102.04088099532349
102.35233254029175
102.80108401989307
102.99238016080027
103.45933076028142
103.54784186424581
103.85150215011254
103.88532414135909
104.82408194519596
105.44789120962554
105.94227691284185
107.44399795790794
109.80098103039282
109.86823606404496
110.27883931563107
110.71571743374687
110.80219802442203
111.27995514908861
111.3814094430683
111.48679301356937
111.91807133363443
112.24677095023169
114.21331824449072
115.38373472131353
116.21742560456634
119.43043712088628
119.47851921745911
119.9479884246854
120.14187254434535
120.28175486850671
120.67628246482015
121.39446196639
121.43651585575944
121.86180390797361
123.05104296616209
123.38742273112311
123.89379339085292
125.38849857541175
128.96859678424738
129.00850684495975
129.18078081566034
129.31696753771982
129.47283614488362
129.48851967188818
129.81901438566783
130.5182843165551
130.94696639199054
131.12348834848248
131.1720340671081
132.20499719456902
132.29100779403927
132.65498686228162
132.93582232858617
134.91727116309454
136.9213716363965
138.83507961732664
138.86789307609317
138.91350497511434
139.31140645514657
139.3808258766589
139.41792983245483
139.42332501203532
140.82614443678645
140.88737048642258
141.31859260217996
141.7454003126984
141.8241123615696
142.85370538577098
142.91217422752067
144.8618348029471
149.20487801820698
149.23332233797166
149.28789255269982
149.72046611019599
150.12877848077738
150.26364292651024
151.03108917051836
151.1958303984308
151.61950695564965
153.18314703575496
154.480293804869
155.17765022673643
157.1780465435976
159.58842438965863
159.81830147302225
159.90186303405898
159.93308472759563
160.27779326886528
160.4190630490338
160.9216621032725
161.01752682428994
161.33902580157874
161.63938000758293
161.90182708733332
162.32711760861602
163.89153088611758
165.87320163332097
167.87939695672534
170.94795090974375
171.02215039171205
171.0706336047104
171.50117654189137
171.60937006153404
171.6834827636898
171.79591382807783
172.66894233069294
172.99945673435795
173.4104437240306
174.98696049825517
176.98519198790493
178.9810226862157
182.35133326600854
182.49998707334623
182.71392251094022
182.73981428967457
182.97784697594287
183.23712100459113
183.7792796137661
184.32419275874344
184.47942682925287
184.86864909221651
186.46623731100215
188.4633522227363
190.4594074839766
194.36765724080684
194.8379335943875
195.25072982692643
195.60844708661725
195.6698336289032
196.34234367539833
196.4254259337481
196.7426304947154
198.0594024664041
198.33661470410303
200.3306895783221
206.62050019828752
207.07706959416493
207.12152488533079
207.1691613518862
208.05576974883587
208.60178812735398
208.9553689609186
210.58570852477743
210.6124287355034
212.5848491865231
214.59014729163792
219.26024480414648
219.7254180757033
220.83359490798247
221.24344042925966
221.62548702210094
223.2277755977276
225.22346218217132
232.29129767367306
232.64275844515373
232.74888662403634
233.06760924996144
234.2249139668571
234.2749547816697
234.64630020318648
236.26455349813153
238.25948899323274
245.7018786685268
245.71688216578545
246.1607743019445
246.21384831523469
247.5379708493083
247.688360875712
248.06501805359446
249.68071151887418
251.67497734867405
259.5092209001159
259.62876438342465
259.8882026427728
259.959073063748
259.9854232356916
260.18128499817334
261.2470089171437
261.49423088895463
261.859992058029
263.48369627760684
265.4764292264585
273.7018594801642
274.14737537355586
274.1912870407559
275.052611936875
275.67323774610725
275.687330425327
276.0460133761044
277.67029437440516
279.6715845969903
288.2780359267702
288.29667713976283
288.7216298847777
289.2397734012488
290.2609143435424
290.6206139001397
292.25608149582865
294.2479658273602
303.2444925384025
303.68181354452383
303.81384088217675
305.2283937609589
305.5814883476308
307.2184250926138
309.21250158818805
318.5963756688181
318.77121844431366
319.0329480197339
319.1490781142395
320.57955969672327
320.9292420695985
322.57040085451223
334.33569570159784
334.76631850194417
334.7986424450854
336.3188466363413
336.66533525523124
338.30769734586596
349.78171318356993
350.46040525745866
350.89186061997134
350.9877184245066
351.0202226121912
352.4439955093888
352.78654237343136
354.43431766403853
366.97140152800756
367.4006084992841
368.9544420233649
369.29867979735303
370.94280821913253
373.10037628022656
383.8684018660358
384.2100171647488
384.29564657545785
385.8504070552183
386.1921931895677
387.8376118506377
397.199826762718
401.14909872719005
401.5738578761793
403.1300748879265
403.46994020519924
405.1159560125432
418.8131622829503
419.23513446514033
419.2497019391569
419.31409896829064
419.44079580060725
420.79265250476357
421.1320662831297
422.0586615409794
422.77625454976277
436.8586826645963
437.28031025962747
437.4726214095485
438.83490004914313
439.17598887936185
440.81535658995386
447.73966458710066
455.28202265290275
455.70345166540244
455.7821602726944
457.25359541078933
457.595778669587
474.0782288460988
474.16494003341944
474.40339926780916
474.5006428907903
474.81213384792073
476.0416214994205
476.39506625401714
493.0728376736328
493.23927685508744
493.6616738022332
493.8551444965375
495.18449051772757
495.5517194570373
512.2045734440508
512.6933968102383
512.7519697014859
513.1120594468039
513.1371634883028
513.2160628844997
513.4530158328572
515.0520323517554
529.3540577854144
532.2613626612706
532.5643556510194
532.5909607420945
532.9596951577555
533.0153140681884
533.2386597472446
533.9644669483152
534.0781265479678
534.2504698243314
535.8369655576985
543.987606710115
545.2051414317442
545.6479670373606
548.4734822290322
551.2281207962857
551.7080355528518
551.8238873354389
552.4536073117806
552.6170566482892
552.8555812511936
553.0634527335318
553.2001211701892
553.5155749209039
554.1252245755138
554.5510404489854
555.2635669101757
555.9134491003169
556.6629616407881
556.9938950947048
557.9184692793145
558.1448727266676
560.6609492594692
561.7269995302822
561.96157175568
562.7791788503839
563.1371861660865
563.5999750746807
564.5664289022752
565.3751960654619
567.4234306071521
567.661878430861
568.5318341125619
569.9052462511656
570.0996844903293
570.3329041175252
570.981039844635
571.0134153414705
571.2439532819564
571.545323969652
572.2578588944712
572.4771686174342
572.5579452901578
572.6882380828832
572.7496676109214
572.9547168765888
573.1389183379987
573.447511915626
573.9025110253727
574.2626660231223
574.4618142281789
574.5322728317223
574.7941520076982
575.0412046038768
575.257680075655
575.4695216350585
575.7559079218147
575.9105203718854
576.2457751461811
576.3509745747601
577.0447058769324
577.8104786916851
578.1541131696466
579.1504228440682
579.4869736660153
580.2709905392792
581.1174034775823
581.3965412959925
582.1954256795572
582.3920664867983
582.5626767482172
583.9201400847766
585.4252520610313
587.6815636336266
589.1909517227712
589.3122442334924
589.7231613335845
590.3824153801453
590.6119439293299
590.7207592472082
590.905066594056
591.7325175882215
593.2746853457803
593.6348142882865
594.0292203489884
594.3325065529565
594.7270236548648
594.8592236153347
595.3741176783233
595.49128377875
595.5625788113048
595.8874241089449
596.9433491358077
597.0150280302094
597.6849497345149
598.0549963048505
598.5577067412993
599.0350553805096
599.3519958381825
599.5718789722948
599.6400488100211
599.9840902187381
600.3925552549862
600.6683700892264
600.7667455894468
600.8756703331611
600.9550832077435
601.34574494022
601.6061746795934
601.8342712144921
602.4259477385443
603.1123889223429
603.9138082882397
604.8486805236226
605.555701165938
606.2692769665679
608.2217011367163
608.58661918289
608.8209927911826
609.9408874541565
611.5000638323912
611.9350320056692
613.7151790521583
613.9940999966968
614.7013419297144
614.8320145285833
616.3138456858624
616.5495540777264
617.2747123666022
617.5572215675943
617.9675025528006
618.1920805188576
618.6356265594288
618.8593682208395
618.9591196219908
619.1781117009101
619.7252366632019
620.9121114482623
621.0463881551674
621.1334423438893
621.3318330912676
622.0938306281845
622.3985692916398
622.517441906629
622.7091907856228
622.7999516960049
623.5652894180257
623.661624610839
624.1116521407059
624.9854488508452
627.1761060737971
627.2912071527521
628.1373399136818
628.2143813296884
629.5427138586394
630.4299937550016
630.7446617739557
631.5689040415901
633.1034804953414
633.5659336467445
633.5984683761458
633.8048612571274
634.6153571285917
634.8407079180058
634.9219809108674
635.4189529846509
636.3847842020992
637.0950902089096
637.4812184092227
637.6203167923439
638.4693214574413
638.7776144288875
639.0110340957846
639.495520437067
639.7607617128881
640.4535053135621
640.6484418176243
640.815180154262
641.3455774895475
642.1704226808207
642.4757243820809
642.5031894019255
642.996935008923
643.3698381312469
643.4869342223079
645.0429103427812
645.8210901919476
647.1082353607455
647.9501654390888
649.084148142413
649.739190679748
650.6498286079992
651.2264960541031
652.9520649906568
654.1018711065417
654.4377520399328
654.6795136397596
655.9513109517713
656.252516414822
656.5034520811796
658.007390411804
658.05410793137
658.2997344920345
659.0103797172591
659.0771803134176
661.3055818682649
661.3338214561795
661.7791323193197
662.1618319454831
662.3967569994364
662.7020782431434
663.9697883501078
664.3303559417864
664.5638535669567
664.6214190685967
664.7340234383067
664.8845465715186
665.0174962306189
665.1665364723057
665.3267836880331
665.9880495594506
666.7966703203276
667.3895066278368
667.6807109549088
669.4980626189406
670.6237527407691
672.8429305112733
675.7979009670529
676.9305159554092
679.8969956461938
680.3971885394149
680.5315905528868
680.6359757859555
680.9722865373974
681.1197278687387
682.4287984340208
682.9458391312999
683.239829762555
685.0402939527146
685.5404659832977
686.4912797076872
686.8571925495667
686.9034713001689
687.9840448623715
688.1271713338772
689.4202537343955
689.9390224603106
691.7822069949063
692.0315175855228
692.1587177825322
694.4008826497425
694.6550615043408
694.922143597628
696.963962080043
697.0604382041689
697.1843631553236
697.3055050168724
697.5510796540029
699.054350520747
700.4590505473257
700.7879249797103
703.2506968042353
703.7011828792087
703.9953588217095
704.5281230989425
705.7695797149767
706.4750544658564
706.538374103297
707.8719018183515
708.6746969542519
708.724426437747
709.4956083629745
709.651779150021
710.5339786835489
710.7128482192791
710.7721325400273
711.1784016973203
711.3882548085764
711.4225919564934
712.9385444908406
713.2574504952751
713.3085467134856
713.623742505833
715.1626529402233
715.220741720433
715.2943021243717
716.055046646455
718.3321622111756
718.3599382903029
719.1541915108023
720.8911284080345
721.5587049740735
724.9876238258269
729.7240725808665
729.8025961730824
730.1836057904391
730.54734228497
730.5901076745918
730.7707570814367
732.0567658457826
732.1283919018402
732.2673581271075
733.6375276662416
735.7145429280891
737.2784901610006
737.5854796996273
737.6955493817785
738.6636531227763
739.2370978331137
740.1982594892189
741.65618359321
742.6847701259144
745.0196712133414
747.0539776856747
747.7188526603924
754.0427633090466
754.1063323869088
754.1543308078892
754.4237535749284
755.4611458003418
757.2459740486529
760.4306460202412
760.9885742831967
761.5135365833937
762.3713109553623
763.0785385817417
764.4034596130605
765.0190366574789
765.2191747212637
777.7586623607724
777.8158954136836
777.8679391472014
779.6234909752765
781.2625315259286
781.4497586518016
783.3176901294356
784.7696417128021
786.8245731233332
786.936567949086
787.2319557412317
787.2875777752362
799.0135133744451
804.0018450596374
805.2452560349178
808.2197773354385
809.7490993854805
810.8462254122337
810.8910643054559
811.4356276915844
813.3128357713513
813.6579231835287
816.2333058555464
833.981454398067
834.378598220357
852.0080514560144
869.8247217051635
870.1377106829854
870.5059944308109
888.558026165786
906.7038843913524
907.0613301004194
907.4549517231418
925.8712574632415
944.5736812060755
945.1698096969421
963.9543397393699
982.9254804181226
983.2500101206621
983.6482633273206
1002.8679377834585
1022.1533740996721
1022.5169125988328
1022.9156856406523
1042.4993272541935
1062.4172991381524
1062.9617574807528
1082.9352841289285
1103.0478853898142
1103.3808285373482
1103.7524552168295
1124.1175241183316
1144.6365348541171
1144.977485071334
1145.379023546802
1166.1012493193668
1186.9961787977118
1187.3471840733594
1187.7443853316151
1208.870694304028
1230.10261200513
1230.4998377779582
1230.8971764824005
1252.4240491287833
1253.2517967982735
1274.253472318341
1274.849683797725
1296.7375384811
1318.8538262411798
1319.1596935458954
1319.5337420803576
1341.9228324503902
1364.3909619955666
1364.649431531322
1365.038804343857
1387.7295894910721
1410.6777997297456
1410.921392322046
1411.2999383350714
1434.380066172661
1435.1753675940156
1457.9111675290592
1458.2763722739244
1481.785068430125
1482.4619686260564
1505.6936734957758
1506.0037336287558
1507.4928233974529
1529.9061440646924
1530.8169867784607
1551.4589420081886
1554.3678180928446
1577.11273858486
1598.7222539595668
