0.2018849065817825
2.1961461361168833
3.5091493080839755
4.189669095888815
5.325659014798735
5.556395914840877
6.179084708146946
7.313259866772784
7.5637193052428024
7.579691465203095
8.14535955188691
9.292696443651685
9.359064397426518
9.573224469844622
9.6018933505734
9.993697172677978
11.252140466098957
11.347493486906647
11.576007792784054
11.591914200531255
11.623258339456338
11.847702986765741
13.098298928660737
13.316392019711445
13.360989293213626
13.610550517117185
13.645220140609668
13.820711842189112
14.146621957909893
14.933619157952633
15.175813054353773
15.336881412570133
15.65833145785723
15.850997763138821
16.375470439262756
16.941646013772782
17.034796601351587
17.20843746193871
17.259212932110636
17.33537891407893
17.85822410679963
18.394740550893054
19.046603554782656
19.20981856416346
19.30052670037503
19.354111251414785
19.60485646309841
19.850213421691226
20.096272679614938
20.265453017709937
20.415663173681885
21.062066791655262
21.177062426087463
21.317820012018025
21.390319746021106
21.838035890946518
22.17918518137131
22.400875980344487
22.663279249009843
23.069217208484314
23.30217425011223
23.373201689950935
23.44220366050928
23.764158140057987
23.974316529368373
24.214173819503266
24.392986784493736
24.686664565559767
25.06833245412602
25.312167674619847
25.391180848758072
25.505193246288925
26.214047509875744
26.32929412726592
26.40243934507202
27.11831994395934
27.307350224836032
27.430631766220163
27.539279965320908
28.06454101719779
28.22347162754481
28.438635650218423
28.681912629473256
29.195923514878032
29.25850574018178
29.54256552252646
29.754423598336746
30.24239470894866
30.419094969031317
30.532575390606254
30.66923907371844
31.220615144946237
31.23831320828031
31.31665574921657
32.4003738011853
32.48502987144882
32.588756244422804
32.61301158142169
32.70758795943559
33.25010195548318
33.3060300900152
33.51493356504279
34.552458327484814
35.05075777819357
35.227598320051804
35.339863458613635
35.4135175315254
35.722421191996304
35.86720630494044
36.38433541356122
36.55389567804915
37.04902303256179
37.1627492582005
37.28706311815517
37.356513410628274
37.50883091371854
37.80570665488462
38.47549500471345
38.71418592792027
39.07493113843869
39.32866872013622
39.53967017938518
39.83522789403113
39.966887365683355
40.53457064172612
40.61428450739837
41.046911780773684
41.07824334430418
41.846095287495515
41.97387375457355
42.351909809840336
42.64552999014643
42.77929144025834
43.093532181833346
43.60484903406753
43.82674428584838
44.09964020215146
44.72328609057644
45.07994029687988
45.235410381256315
45.25869172292338
45.629910299413034
45.766930963516934
45.87908323859623
46.00832901082917
46.74133700276236
47.21394696961709
47.270644251147445
47.94032265275543
48.006373519023164
48.08313992835954
48.437299354569426
48.71031728157238
49.265487784926265
49.29448157074344
49.66910240845057
49.97392027325137
50.0425050904101
50.63341493195548
50.90098704600761
50.94130148377926
51.28816591294325
51.55832544433106
51.763395163390285
52.01320718800775
52.16022839299283
52.8520906587966
52.947494267581554
52.97798610480449
53.29887835705552
53.367070658941564
53.63552103346321
54.14337838078339
54.479264027112194
54.9791476981072
55.663806561540184
55.76606822195756
55.906496247801996
56.36393429162058
56.9740361315024
57.00645525043315
57.39829827888817
57.47772762779605
57.60381758751127
57.6831162952595
57.893059475399646
58.980363879322255
59.01147903834911
59.02670602943004
59.64027041131622
59.684274984853815
60.11138569204204
60.23809678725884
60.870955120318946
61.044229827163605
61.09709549155303
61.34546470075725
61.55211186386289
61.72078472289004
61.89596054026855
62.662165008619304
63.224490599870364
63.45849423480616
63.864902390547606
64.04220391950655
64.26494497064824
65.06149799573815
65.47468663086269
65.83075705548356
66.11847839787035
66.6230075775143
67.10412305862505
67.47036557873949
67.58168904507717
67.76859943249482
67.92738236623703
68.15917117638433
69.27971752567082
69.88330972790287
70.17449154053789
70.30126091236477
70.86406320860343
71.51882068913787
71.9116775384469
72.12750538478046
72.31817375797853
72.94441316328971
73.54689127985195
73.58372143323079
74.32264604794779
74.89753743090601
74.95088469078523
74.99543507013179
75.04099476956972
75.74396075140993
75.9512606403681
76.0355374284019
76.31245347617396
76.32757227854704
76.36294780021396
76.47802740772656
76.99870909277705
77.52359599691907
77.61527083707847
78.07311530068064
78.35571064193583
78.57283350554323
78.94775299917242
79.54156370662518
79.56400097275831
80.15289441049703
80.42219170226726
81.52926470199044
81.55400636144095
82.1903504663168
82.34092860833549
82.520217499808
82.56007540719668
82.6363242901856
83.14287073499726
83.65069968259961
84.21021365022264
85.06539146018855
85.13438080686903
85.5818233411167
85.67953840785641
85.94750618283211
86.02104052730942
86.16381042036771
87.15326116521514
87.75866325436223
88.40681682993666
89.00006452109086
89.16061318944018
89.19614944832782
89.78503116672721
89.86000544503423
90.07010761401618
90.336634755911
90.55599948697721
91.18322707552649
91.80758973457182
91.94484044300951
92.18383177330243
92.5137991557253
92.83463659694787
92.94238285756506
93.12907155438324
93.15050557732674
93.20532588883563
93.66110149313339
95.14981658146328
95.27286135489115
95.66587535755232
95.7410688726501
95.90070726020417
97.16079565435476
97.47802553268595
97.77157040193538
97.93733013112465
98.90812326457755
99.1844118576561
99.20867621946127
99.37332262537319
99.79324973064834
100.0090224074744
100.74729062423654
101.33092955507317
101.5148244636059
102.03147285518871
103.26264578629747
103.53092387111438
104.08164744864291
104.11913967860002
105.48263069100149
105.54785557726326
106.14752994537226
106.17799430920908
106.85545157084584
107.49824220448707
107.53538801783294
107.62900984900557
107.71994344387899
108.14998043041933
108.18196640114316
108.73052126295039
109.83857448287954
110.11249443873214
110.26421632317046
110.28680181285429
110.78866253013715
110.82033610116218
111.29783688458686
111.68810774125478
112.30473511206029
112.87111803937782
113.87756459617826
114.3181389848324
114.9115547316547
116.31951432035447
116.55927924769462
116.82723338993829
116.9284496806865
117.03476372719335
117.10796694923742
118.87668190098799
119.44154812345063
119.93462212096955
119.93993495847145
120.4493076136099
121.46038959798797
122.0174256799357
122.6482603653978
123.29854622371117
123.47231044703736
124.05772650125715
124.10334356840085
125.33509030918613
125.48131489391555
125.85039226505447
126.07762200209363
126.19145059218853
126.37485851461551
128.02017542629375
128.94240068472882
128.98524968559317
129.46513428283717
129.49158195065127
129.6116158221888
131.0031860832814
131.5505132232103
131.8053072041867
131.83519649857092
133.0148387553584
133.59286614514576
134.50103530853397
135.02629666889356
135.611495242183
136.05847681290845
136.25727076647092
136.29050261284482
136.40274467267565
136.69893507159045
136.78561391611623
137.55302166443573
138.91524647643615
139.15288489567246
139.38655189653173
139.4104961303704
140.93275548366597
141.47445227605868
142.94450878289808
143.51652958957408
144.0487130865123
144.95386233166494
145.53312963430236
145.92574598621783
146.06115345201735
146.59535782201712
146.9899108801252
147.47650538321267
149.23151927106719
149.7020910602656
151.24700280834716
151.78774593839134
153.2610645319677
153.8235843556015
153.98310796707648
155.27107752829798
155.8444789653479
156.9120322171851
157.149584701041
157.25193645216223
157.34560242517688
157.69450224927883
157.79289616616563
159.62957745410762
159.9058098738421
159.93814248090024
160.395812349574
160.43826161381597
161.61650535760745
161.94763196553308
161.96245656728922
162.48189245025264
163.9636740754191
164.5198956590738
165.97460409489116
166.541914278469
167.47556021164587
167.9973876701192
168.0034806754019
168.3891777036201
168.48634542287442
170.3237530437536
171.02842510378053
171.07439480163967
171.48172002100915
171.6514156168645
172.3213689951091
173.0457056335368
173.56597930420762
175.00804295755728
175.0574715370992
175.61285494610962
177.06544607467492
177.62668005485776
179.09197323175687
179.83910181863152
179.9074576201821
180.13876620403684
181.40611953842034
182.50786668779736
182.95503717365457
183.4134170406654
184.52397637789764
185.03995086201348
186.53340946036167
187.08178165245667
188.5433922044481
189.09919546609197
190.5721254706286
191.52341088709008
191.71871018379267
192.89526922234046
194.37384068401136
194.79362167844917
194.81543766471486
194.89217400220934
196.38976105792347
196.8890783723608
196.9013162724042
198.3998565958041
198.94267887568705
200.9612691565301
203.96019175178205
204.73759131978957
206.6272975967981
207.05107899160578
207.08778240197404
208.64299135947587
209.1479059415878
210.65267396746083
211.18983728998063
213.21314904335966
216.37612119504473
216.58809268971822
216.76944549423408
216.82280331435652
216.9868617788065
219.26829661365107
219.69995180708182
221.2834861383047
221.7831927459091
223.29287880327286
223.82664055504648
225.84538347409165
229.44326414807531
229.60288224885883
229.6467173902809
229.7897973487474
232.2973448444717
232.7219441409005
234.30964997225186
234.7773818177423
234.81647251130912
236.32058173205007
236.85049180691044
238.8704906882149
242.47769892294428
243.04019288103467
243.06220573864118
245.70644687817529
245.71515715532013
246.09597290453166
246.1345835949
247.72707454369495
248.2187623797452
250.262546728237
252.2818835695664
255.89374502570374
256.7891988704027
256.84388654242326
259.516167741555
259.5295953676716
259.9322389852205
261.5299850763886
262.0181844874212
264.06116501617265
266.0817675192206
270.9891507632732
271.0297651873095
273.7072765012849
274.11906048456353
275.7200151353601
276.2047677676339
278.23480809551376
280.2684063045535
285.5971367861921
288.2851360092665
288.6926192159811
288.77128612415714
290.2973292544971
290.7793626405197
292.82350551877124
300.4526759540616
300.5668336301804
303.2499200842004
303.65309950633633
303.7924103353037
305.2620999455016
305.7410132405705
307.7855887364684
315.5006555692352
315.88900430997353
315.9561608984589
318.60075589060654
318.60280363761063
319.00372673365086
320.6132218483403
321.0898314985257
323.13343828811196
331.6520974271476
331.70560188523956
334.3410237611435
334.7389441841977
336.3512536265118
336.8232026080321
336.83498364443477
338.8687133537962
347.77607028599044
350.4660118902628
350.8613764609867
352.47543866149067
352.94684265448086
354.9917108123962
364.28531317747957
366.9770172990945
367.36967692966624
368.9859057560305
369.4574604437924
371.50033556773076
372.0454328546637
381.1802374807392
381.33652309421547
383.8733755115757
384.2633675720491
384.30073657578265
385.8814749761886
386.35129172114245
396.1449180507033
398.4598076447793
398.4779756530996
401.15413963106835
401.5421920754155
403.6295372991506
405.673879609829
416.12079656449174
416.15640158766234
416.21598101335644
418.8180338909321
419.2041988568675
421.01944714404726
421.291151584826
423.3331808150734
433.6414593484424
434.05905286179075
434.17085982739843
434.32380709197264
436.86324544066946
437.24810169394556
439.3350699876167
441.3781249031465
446.67898870285285
452.59577626161405
455.285973686866
455.67025734397004
457.75551624804257
471.3860366791881
473.10941016391985
474.0800496515254
474.46636528348984
476.54741789773436
486.5027123232745
486.92551908020465
490.47287321752196
490.5565642012677
493.235535169641
493.62155034231586
495.7011304045018
500.3346081801417
509.59102784819186
510.018686258343
510.7965403180554
511.6295725807222
512.6942599410129
512.7409262357601
513.1085338695212
514.1099853205599
515.0979045021788
528.316107989218
529.3154289486042
529.8366213764614
530.0777794485386
531.618479724049
531.6518524746576
531.8895286913774
532.4116672476108
532.961177409115
533.0173382992017
533.2077763291699
533.3652940998138
535.1243888072603
535.5311727138944
538.5178581737672
542.4686465467031
542.9024573339891
544.3767193263891
547.6425187743474
549.2050939299469
549.9728359281033
550.2103013298848
550.3645381951034
551.1080652226278
551.4056832466509
551.6686863757592
552.3180943101789
552.9862621116553
553.0412815380206
553.3035972137856
553.5828094180248
554.8334541761013
555.2790640951059
555.8212524827545
557.076524176405
559.4984230139107
561.7072085515348
566.8389465702608
567.4379322960121
569.3631737076372
570.0373330254662
570.5194848050131
570.7391213068119
570.941392279427
571.5953361363805
571.6545244432582
571.7556137015202
572.7916114055689
572.8822056749232
573.9923391299595
574.7750783612836
575.94675146028
576.3858062042679
577.0455209863311
581.7088482227964
586.6181762799762
588.4237610713361
588.9257210308683
590.012803705666
590.4129293321007
592.8040775098265
593.5127768371464
593.5986448173682
593.886849043956
594.1666866834842
594.4031908921929
594.7048158430607
595.6757246578504
596.1221864005701
599.5786004713196
599.7909919325028
599.8735987496972
601.94222522086
605.4516021277042
608.2315025757027
610.442289412032
612.8119595691481
612.9632701520258
613.6006404410723
615.2539134924524
616.2515056676497
616.7168245463505
616.9372756125189
617.6790165367032
617.6874855463838
617.7566163937239
618.0475524552079
618.4324565787706
620.4038844517506
621.3710027977125
621.4139776335044
621.723544582903
622.7458884798766
631.8431000491197
632.2689546737882
632.699235962478
632.9302170010133
633.4670383460378
635.4553973129847
636.6582795227174
636.8238755965056
637.255565674882
637.4605100955902
637.6023280656399
637.912516582921
638.0668337193545
638.2469979446016
638.9723759304188
639.4050151338737
640.316193876711
641.4382901143547
641.6581476940028
642.3817685710623
644.562170843426
648.0339396012711
648.1070371520755
650.556289488965
653.2555670166662
656.932927452266
657.4031057211527
657.7703260764094
657.8205724841969
659.5617858050907
660.2119168489058
660.704599878501
661.097758065278
661.9080937940831
663.4071332059613
663.7512105010742
663.8902822533443
664.1273426076723
664.3010044918503
664.6580686185689
666.0016516929608
669.7075031545892
679.5089275392372
679.5279049962454
679.9095781327659
681.9699486800608
682.0123254530242
684.1642724374012
684.9758564288001
685.25963030029
687.1176623179689
687.305881090685
689.1786085605212
691.8549367814849
691.9701342192659
694.0310926072763
695.9970160338332
696.0379408000402
696.735661404297
699.5197710615046
702.4402995524409
705.3388334071489
706.8206923878712
706.903411987323
707.5359629315917
707.7556641468301
708.7009798377551
710.4649357380871
711.803679648161
712.5628215081916
713.371085518688
717.2304829678897
729.03323816618
729.433331211066
729.7203985971619
729.8148097400876
731.3743360493428
732.0731067336669
734.6127732495175
734.8656571143672
735.5432615315367
735.5997333653183
741.6922374680848
745.9919558064819
753.0825969913744
756.491651239583
761.5108541754106
762.8675502160811
763.3072477221011
777.0656054537392
777.0939937878038
780.1986774876931
785.706886639807
797.4772406800313
797.9106924299789
803.760493490254
804.8912302082449
806.1507716717571
806.8486012563636
807.8174759986289
810.8288687761627
811.5377403048813
811.5604153243473
815.1863813599897
832.8307495900216
833.2766083616576
850.9471996655586
868.9979908292814
869.4317016814972
887.4792004188229
905.9137596761879
906.3569483913685
924.799236575678
943.6454598468287
944.0845170368644
962.9049568639941
982.1138333201482
982.5498737264572
1001.7786029003672
1021.3648174328074
1021.8071284229061
1041.428073029876
1061.4362975937681
1061.8776278756004
1081.8583145798232
1102.2343642629544
1102.6713373546918
1123.0636422551067
1123.8196541851673
1143.8285267770696
1144.2685879227226
1165.0491338758513
1165.8076529670248
1186.1961397474588
1186.6423449981066
1207.8126770422232
1208.5529852722657
1229.2867686550662
1229.4135249248081
1229.7874011244098
1251.3570573035329
1273.3126195604705
1273.6188179571284
1273.7851131851212
1295.6788808980457
1296.4278099387866
1318.00538719266
1318.4493665483399
1340.7943621655577
1341.5380014448444
1363.5022069133568
1363.9421961607295
1386.6661445513466
1387.4077586798198
1409.7580088992547
1410.2146187534515
1433.3309314755988
1434.0999515062501
1456.8635132240086
1457.2397381030373
1480.764778602236
1481.5053252860544
1504.6900160916978
1505.0263436927687
1528.803036911034
1549.9911571357718
1552.5497406722125
1575.2606665215744
1596.968184050364
