2.8667471772514044
3.8418498795194314
4.8306143219588416
5.751486140184547
6.7852962868566475
6.799678696110228
7.5942405609737005
7.691056875432233
8.758572769035833
8.771042668246555
9.54564326843864
9.647374808069202
10.713288370937562
10.725018810233985
10.73346762507817
11.471353119341412
11.52365647555565
11.614055139099458
12.575633093293455
12.67590819338209
12.702718700045954
13.474895818944068
13.582800656004325
13.60977992381191
14.482564983349329
14.52567785491118
14.636885795341467
14.670500267669015
15.41271932031018
15.539803561421325
15.614347390662951
16.014104459934764
16.436299215568887
16.490177632458774
16.62742040858498
16.885982418077525
17.48772680862627
17.616364829316915
18.009192731256682
18.399828000707124
18.458837596965846
18.569730696051508
18.809745517040884
18.89101122719687
19.431737391510193
19.611545559602707
19.775859458443122
20.011524923692
20.366595285575134
20.434276486453463
20.776546346769724
20.890061292789394
21.61210459732324
21.72261214929043
22.01547664316611
22.11966647500313
22.252999283351095
22.346562845362236
22.74912981896748
22.886873546668312
23.09931700141492
23.671206817019
23.701879630573178
24.02927158536453
24.1210289979311
24.22778342708482
24.71145338371913
24.880117342606585
25.053988095082175
25.650303109823742
25.782992149573893
25.952350456796335
26.124603015030896
26.211020443210383
26.57974665421718
26.81332522777929
26.88688790529465
27.031281313226167
27.610167728280956
27.787340502350304
28.396432855059626
28.554123606110938
28.7631497213398
28.937186379249695
29.077717222522182
29.47206938032176
29.78990064527706
29.838909734695807
30.152952916693646
30.604948253142453
30.729172849735722
30.923818710602006
30.929061796311252
31.23783707423303
31.50125371966257
31.795421828922283
31.84272778836103
32.28366033288318
32.70145349263497
32.791406523669274
32.875649374784174
33.52738033440644
33.82269354954113
33.84942574227955
34.20567410560286
34.29051798527538
34.5189922177474
34.63125269018204
34.81090042811177
34.857367469924476
35.430229389290616
35.849799979584915
35.95077092798363
36.287173183705086
36.30869825509354
36.5019760096295
36.80868951385458
36.85079150189365
37.37443094904376
37.54456498458777
37.8761923586084
38.21210426471569
38.30635592478383
38.47882122701042
38.78054850971458
39.136118361248165
39.34177620933418
39.66160356281957
40.020629074395714
40.28551072524294
40.331470059554604
40.547244648433015
40.608669018755684
40.71626468507164
41.13621251936041
41.234815704480965
41.32761327583576
42.25104121822166
42.26432324581691
42.38194090997821
42.5733229582174
42.89325110405896
43.130256008256914
43.2832369508878
43.40041917446156
44.21619685403673
44.38195885999457
44.393830887019874
44.47375520994436
44.710399887173246
45.05970083931596
45.18193073459659
45.34201127678194
45.600427503244696
46.18556315124288
46.39081014428626
46.6481808923542
46.78697941498389
47.033447848841575
47.20349048802571
47.51454586041107
47.548138298315955
47.993421622737735
48.13817498960196
48.514451931117975
49.14111594923894
49.358260852440026
49.507944998207826
49.759202014962696
49.99066388667811
50.02053544068776
50.304327665219546
50.40443590956884
50.795403127669275
51.26338760091625
51.461997345653174
51.6492700145689
51.85518510966977
52.01688859826801
52.02215249167235
52.17649259422396
52.43869784839785
53.20807473608365
53.421213573925684
54.008503053595454
54.05930959353597
54.43977205078346
54.59223748812662
54.65005321552091
55.166419603174056
55.257014767736834
55.31731784742223
56.02593399731809
56.03013721733594
56.57481846623942
56.84580646018962
56.99246876875034
57.12390075259243
57.314856398501334
57.846175841035894
58.03300384158252
58.06131831120955
58.51172181760845
58.99290366850385
59.081879587986386
59.256509766905296
59.32704150936867
59.8565910584096
60.03862708487052
60.171576715450115
60.24765490071924
60.634505785692355
60.92530691674782
61.215296315448185
61.46336242231546
62.04058980384184
62.18327123536677
62.435158010051666
62.573100415898644
62.81744889484514
63.009741601779886
63.15139717408786
63.19693694290726
63.75132008225171
63.89665738932211
64.08089706723393
64.44057222869363
64.96135168099003
64.99973389010812
65.1302239186221
65.33425023679564
65.53030533987189
65.63598816715631
65.69561738790625
66.23146332462878
66.44585510085649
66.70983662712676
66.97553865349231
67.50225502048436
67.65232468935743
67.84772024722749
67.97742524782338
68.45041870105112
68.5936826535188
68.72101592762307
68.86824422497767
69.19372803043647
69.23470976109533
69.61984347418053
69.90891594197389
70.48020537003461
70.57744240976935
70.71824741592526
71.03515619686537
71.16205573316974
71.24187989563445
71.53431196533207
71.6014267567474
72.30400554261502
72.49834671039419
72.51731807642484
72.64068387642772
73.23489372741773
73.28159309829364
73.41085570395204
73.90090764019799
74.47393448998221
74.62796402606477
74.68914597238484
74.89672905895384
75.02502977985456
75.21077653588894
75.2389247123976
75.30958640415604
76.36848941132885
76.41211303203822
76.45501399041116
77.19022981345044
77.26812045058963
77.28231754724165
77.49222524569525
77.73955066894511
77.78678040370758
77.96906191027469
78.36266280378342
78.39740148951648
78.4426224315899
78.95649371385083
79.72949033472653
79.97123616196254
80.22244020024235
80.33869368335142
80.43736857755412
80.72706909182725
80.9544136683792
81.21499312896452
81.6842787567327
81.83192672917647
82.09612681206195
82.37250453589525
82.44257379395098
82.64594012784467
83.43211156471959
83.6362874713325
83.65088025243111
83.99891503357985
84.2913881372044
84.47873543030323
84.74223766756855
84.75997195199356
85.03413908341918
85.1383885177476
85.38522728873725
85.59946435900491
85.65649149526777
86.00438532498069
86.61700803443087
87.17036008693063
87.32651309357702
87.35353983265719
87.43496540084331
87.81590763100236
87.98705974603777
88.0097147765278
88.29217386919478
88.83117147188722
89.0224317003569
89.27993384505831
89.30446685038406
89.50343280704935
90.01560839384209
90.46037680277524
91.24709554265159
91.3397642877896
91.49703525487074
91.66248785337136
91.73904672315189
91.94988212394821
91.96532390718964
92.05105738643354
93.19106403611212
93.22632685192492
93.37042984297561
93.57239849445565
93.96825179816823
94.15354615269209
94.36421078375433
94.39487113940595
95.02689711497787
95.17502045522176
95.31222065756292
95.59801342934759
95.9605963492143
96.37236954257057
96.6031351584857
96.87667601748291
96.90425051629603
97.26988966382783
97.67314496469503
97.98050447536495
98.02931501229298
98.30496900547456
98.81334698309833
99.1232923493479
99.14000138056163
99.23295080107958
99.51657372747391
99.60932740880432
100.07479139452492
100.31883593095004
100.82195779985832
101.18333005249771
101.38017919291899
101.74228641544366
101.96483492642449
102.17392624190653
102.32377992946194
102.65195384738497
102.93087042687294
103.02431024288614
103.33365854207854
103.68397431293471
104.32717878698215
104.57085127571467
104.83375499185
104.87816926021202
105.27276473349518
105.28511548691833
105.49289103618612
105.64154096020148
106.06691582321966
106.33459309927804
107.09932235959901
107.23480370451189
107.47697167991188
107.60887532124369
107.6773890027496
108.36536435348627
108.89686158146299
108.99844713652418
109.0630062537673
109.55475785089902
109.88398965554536
109.95238673875241
110.17139399005679
110.45635661413678
110.49835944544243
110.52655443701147
110.71114470892596
111.06655699373414
111.23503379432847
111.38906302951796
111.69154799525867
112.44340564570211
112.90166441152908
112.93730009422245
113.06445073505037
113.09110290099743
113.23100474341081
113.28056533552828
114.34386738694211
114.40387948830029
114.69289727132063
114.88205805742945
115.0096775587843
115.07718384711632
115.47637565782026
115.74027231140738
115.83587583563335
116.36691008097647
116.96227607373508
117.10952919538957
117.24970447370667
117.59405322802246
117.76199562729815
118.30192706444718
118.32085669891887
118.42205935292638
118.56688181026183
119.26259728837294
119.64150759192735
119.65411836661252
120.1386028451013
120.15840412461894
120.20387571484898
121.06608667894653
121.2108387566197
121.58774069340352
121.60678862008501
121.73182192324603
121.99212515969684
122.20499827057981
122.38988192428536
122.70665994058919
122.85544002361581
122.96028509252118
123.54871184538344
124.10360771598599
124.19693840103331
124.24680702458166
124.5469159916918
124.58086470599987
124.90684061228238
125.3482266978649
125.51360968927409
125.56981447739882
125.78791618330423
126.24020770585582
127.10470807989041
127.45885016165994
127.53226850630084
127.71725518962172
127.79084794290296
127.83649765445922
128.10439550143514
128.39367521568494
128.92932733382167
129.18558348857258
129.29264011203273
129.44773299361998
129.72139370351692
130.33681402676177
130.38884095768876
130.56694556641142
130.8188086161163
131.01199084023818
131.12487008783938
131.13269015377762
131.21127828355597
131.4477426537467
131.72483855932833
131.81652012972233
132.83935829400383
133.0834819992081
133.38144694176975
133.4084596155187
133.7025491095443
133.94131905740923
134.11144456861393
135.04774012881128
135.478468751365
135.6690085667104
135.7606413444064
136.0662883115708
136.2542831060822
136.52406665413758
136.92591798329565
137.003160408074
137.6271080967376
137.74698790743412
138.21480983911073
138.4966561809542
138.8262474813551
138.84208893418077
139.10842618089103
139.42905092253866
139.53831190530727
139.63238450424623
139.94772230168425
140.33843888316156
140.673588214749
141.0490807076653
141.1347240819834
141.45781812085272
141.63491790344798
142.69326189603294
142.901743819182
142.92785792241233
143.00604668817095
143.1963759706314
143.29097153442834
143.6409583672802
144.03613096498222
144.48039916700623
144.972129189257
145.0494301337927
145.66563702373514
145.79019395323803
145.8431993795491
146.45034545614658
146.92086150299343
147.35869803384807
147.43879473340328
147.59264202985284
147.92635185226624
148.74826693122742
149.0238327272469
149.1213820841691
149.4192377549056
149.59637970024855
149.75105084409876
149.93015547252494
150.05770360307127
150.09848775116976
150.59048630922885
150.88310792137693
151.3600994238158
151.85025188973248
151.93397446019512
152.16445750786642
152.5807325625186
152.76882871053465
152.78456796876355
152.84090211581014
152.9790828826205
153.14692300711914
153.31828363357604
153.82679824246384
153.93391827343933
153.9407124710369
154.1449681349167
155.28164532285064
155.50829968864997
155.70751684591582
155.86753906898966
155.9708087654194
156.35750407497764
156.72785804113843
156.9019155011352
157.23005714126265
157.66307624237896
158.45254721328237
158.5971924644867
158.6141423391441
159.00416507326807
159.0579911490389
159.14806147938722
159.24489007709462
159.85051216734135
160.00331713012764
160.11860278185225
160.5488024450193
160.61679117066117
160.64826433088325
160.89859472906545
161.37916980625798
161.57346991916955
162.01371394636664
162.05880549669698
162.25140150553636
162.61983624676208
162.70911736042203
163.15071586665013
163.44287340914065
164.01341181375406
164.05230401913536
164.45120417609493
164.62629053567852
164.88278071251506
165.97906123485822
166.00847147261277
166.0325543044007
166.27665416398125
166.64492108746714
166.83096124081985
167.35624390045942
167.60789069960393
167.78334682263488
167.92814376267967
168.08462881258487
168.80868885567097
169.05143684383967
169.32218297537307
169.7581503334871
170.3001713817582
171.0528201630048
171.2033363950504
171.23740117065404
171.31887088502282
171.54674371191123
171.59401690379886
171.69590754348152
173.01481696891014
173.14484093759572
173.19255542811777
173.33458597979882
173.6754527986707
173.69758823235682
173.85197742598646
174.127260451626
174.3495544949562
174.76383542604364
175.1033609774945
175.43020362906339
175.70204964125145
176.1949514762948
176.2248278342822
176.71881082175454
177.0460630763211
177.06725390293548
177.12193863891991
177.26050309458984
177.7325941156785
177.8294356700122
179.01612203351615
179.8819564734055
180.02639633268538
180.3732622420503
180.84213065344358
180.9870784677186
181.15640982129892
181.46713647165933
181.6261819111868
181.9553970592794
182.3157890773824
182.67801810611772
182.68204675207872
183.1593941583696
183.20523655869164
183.32286205475586
183.7312871118165
183.74186343471342
184.62056552159586
184.93269110804388
185.00691321207597
185.04713078509002
185.16290111612142
185.20373869514873
186.49195498453
186.57705003708043
186.60248563832968
187.00679282284793
187.146873879325
187.16843559035533
187.80581085848198
187.82425146323115
188.54386699278518
188.8643421732375
189.1971888726431
189.46438842262927
189.6758613270265
190.22858004172576
190.49053589869675
191.0682957880552
191.10961773510178
191.7758438806283
191.78818084033585
192.0571092203683
192.31847846047327
192.3327807842866
192.57789787886955
193.0104476034013
193.1239729785821
193.4764241605501
193.78167364267892
194.1520440613251
194.17733865650456
194.31909558747114
194.496054789143
194.54435544134324
194.8180485207938
195.01409298849194
196.10564043114738
196.35489535660307
196.41538320445
196.48373788246496
196.66296528030378
197.0165728794005
197.2110632811205
197.42199182548367
197.49376799440458
198.44105120587622
198.91137044284454
199.02105934214617
199.2815991741035
199.5152443618956
199.61062398452907
199.88858487106685
200.06447671250805
200.40332768868478
200.43052750675952
200.5320929633765
200.55963967610114
201.05072773848966
201.75728160114812
202.35322028900106
202.47837884416225
202.58110197568215
203.20425717298107
203.39783033022215
203.49692412406844
203.55591362000672
203.77196184700003
204.18169938714848
205.25332729419608
205.63582786216392
206.0152092497793
206.2899544664573
206.3418787764964
206.63713504721585
206.79523602497093
206.9393793108288
207.25652211670914
207.57040356269985
208.1118250495933
208.18930136123885
208.27673790082758
208.3053477856908
208.52079370876308
208.73602782573238
208.9133861797466
209.25923583339795
209.70498103359995
209.88387706202212
210.37990464330102
210.55681610558335
210.6935092328126
211.14101498469898
211.1845197622995
211.26543427213934
211.33202950918948
211.74109270259748
212.0178138705559
212.657539499749
213.29269555379312
213.46287108249194
213.56938237501996
213.81117244893565
214.1950649693369
214.43717124670098
214.4472067046171
214.604400398677
214.87874332051092
214.95765092580638
216.43285679235913
216.71154931869395
217.8847273308779
217.95813878635994
218.15435734081402
218.2311600813435
218.26642341258312
219.22475077016048
219.2736054547558
219.4227971995572
219.43755525650684
219.77680943728973
219.8882089224467
220.52860214991037
220.56643581553524
220.76200524598846
220.83415973967874
221.2820290222657
221.37548011982923
221.8904479725293
222.24053000162547
222.29220380945887
223.3322006638821
223.39699326362543
223.85808646272898
223.88815205446537
223.8964752383717
223.982827153422
225.04753719304935
225.2768822444816
225.2971603968135
225.9240628858978
226.03823362683568
226.69700861042696
226.74723844527682
226.8175094449058
227.24364146221964
227.40369776052066
227.60110347045645
228.42376354037432
229.07244486090352
229.2268080586384
230.40071386397813
230.51515884089983
230.70173051012728
230.8980155811634
230.91097139183205
231.35203305228023
231.59461387182006
231.64364915807118
231.7017293839769
231.78886033168126
232.46317818010252
232.90800285891046
233.1676868386996
233.2144662511406
233.3924381930891
234.37039923709023
234.40402426572228
234.511693180548
234.63926713091172
234.91075430039936
236.0318432905671
236.11612857520936
236.2288921066707
236.36050323526908
236.6116933976637
236.75632693136254
236.90776766314
236.92052616542608
237.5662705642405
238.32504498051156
238.4960807002406
238.9423547682943
238.99484504201928
239.08011796732498
239.33666639118078
239.55126082113225
240.24918049779558
240.2799117422093
242.09964489284863
242.1412104839018
242.55584508858726
243.04335952889818
243.20888103019084
243.8822208539805
243.93020755828024
244.314530336814
245.49373007489714
245.72462985738565
245.87962695138154
246.20241695046997
246.28946572631665
246.31787258057577
246.41237346872265
247.15331238708384
247.8200002411377
247.90497377876522
248.3193025212467
248.60999875483571
249.0686972742934
249.1635997705404
249.77780107877152
249.9358808612334
250.07214107812402
250.32378495124053
251.6302518768947
251.73938101863496
251.7428311855024
251.81716058038154
252.34417830515224
252.37573464955088
253.2490578683802
253.476792801721
253.68983963993924
254.82210189069056
255.04714055986457
255.28307086940728
255.51572422348286
256.07261308878356
256.5237435426002
256.63341623255883
257.1830907612728
257.3159389900234
257.3542339947881
258.11396804244873
258.6298780177181
259.61325786357907
259.6844921425586
259.81982497032
260.11448249068235
260.17879086948705
260.8638250793605
261.21847090043303
261.6242336370402
261.73821683414735
261.8274889776804
261.91188621020814
262.1168704313204
262.4843185665129
262.5751666537602
263.0399228507682
263.582067316066
264.1209707579671
264.67930856486277
264.7905630115555
265.5462599881337
265.73609245711805
265.7817190872785
266.1507051392606
266.59944185871
266.6825991273464
267.3020074474241
267.36151456854736
267.46354375933987
267.49376170554604
269.04640670933014
269.3201872510869
269.4934919194845
269.5545676278283
271.15136534647576
272.73427832701805
273.4177686771967
273.4884458603692
273.56733703102117
273.5908062979444
273.62887108132253
273.8782018000452
274.1280352069663
274.3012242157816
274.82207263919975
275.10613812343024
275.81822693534764
276.2844867737151
276.47566250460414
276.6391198166532
276.83645802103547
277.7753543331635
277.927343484207
278.08957167566103
278.2092174746195
278.30727599649185
278.4891153517253
279.586762363428
279.73937006572476
279.93275671906247
280.3362594107901
280.46900937345
280.50299510728524
281.0592656249637
281.29194871080205
281.6870022256651
282.96887857377186
283.29253106622656
283.51424186324533
284.64450082248584
285.34406365331944
285.9835836078925
286.53526533765927
286.7831349148215
287.3975707019834
287.5912116708319
287.6118481676057
287.80432535843994
288.2420989528435
288.45987343373866
288.87583752966185
288.8976885516523
288.9733596763795
289.6885380087079
290.05581407270256
290.3999368760302
290.4826613700404
290.87821620732274
291.0219154770813
291.8950882850518
292.3571253132418
292.8816119808271
292.96318434935785
292.9818425390928
293.7229869465304
293.76408499735095
293.81070413243646
293.92237176596973
294.00451144748496
294.32135759133
294.66602629541114
294.91107288486245
296.2683456471203
296.76825810429347
296.8699634185774
297.0983361750207
297.48888478064373
298.09468835920825
299.10496209930085
299.7917282106389
299.9242055419522
299.95484781386807
301.5331249448715
301.59075933290615
301.68592983486457
302.04476016159657
302.1760332344759
302.19542500769825
302.37884325220966
303.15614617368533
303.28591145213596
303.4303698254108
303.8396982510041
303.85662413814543
305.06538593489734
305.1896564608672
305.36085735178193
305.3714104327785
305.59570178104065
305.84152437217034
306.0881465060036
306.3447431716474
306.42106683177445
306.9827444589368
307.0018101157675
307.3273640599247
307.68333612075014
307.7176588375348
307.84536855848506
308.3648274064048
308.59775507396995
309.29361157047475
309.52270427090156
309.8743694187827
310.68898082824353
310.975060722446
311.2386264764687
312.0246356792838
312.0739998791991
313.0641593041018
313.1881974863154
313.7593598172775
313.9364098920379
314.5478556727656
314.89388854025424
316.1730372909497
316.2406056996905
317.16295125395084
317.1904366047091
317.34150423785775
317.9021724146679
318.4903108971182
318.7888679889909
318.8455561103189
319.1919171165709
320.0361274539957
320.19395795598757
320.41491868618266
320.4985084035627
320.6730562034982
320.72958276674007
321.19384082561623
321.9001092964294
322.54701227600765
322.5738158518195
322.6865353588945
323.07314073555443
323.1968685217306
323.3344461424044
324.65032042184936
325.2262278942333
325.5168084293577
325.5587907230607
326.5972850828266
326.62627612784394
327.00140667762315
327.038008215894
327.0912793722129
327.78854453526725
327.96073451628286
328.0326986216396
328.4243214809266
328.76310778218885
330.25166795780075
330.3788554172149
330.8188364938155
330.9129717288012
331.14337984504624
332.5212950219118
332.6869579548919
332.69929024423374
332.8465648268363
334.21954626315846
334.3854733603847
334.5365300095138
334.93276020650103
335.3945666402536
335.63730070165667
335.7559887439576
335.9113912082184
335.96286199422445
336.47563875504096
336.47808886180326
336.5390896530677
336.9346114384788
338.43354513820816
338.6940685050409
338.9384742309085
339.5496246667953
339.699204306112
340.3980195130866
340.52467355253253
340.6589450757009
340.9669686223537
341.1335200466516
341.2244980619041
341.8129239661504
342.3445074050525
342.39799726762243
342.52424002588486
342.66337350845686
344.170860951578
344.3395446487052
345.22207604756863
345.26302968454684
345.775096456652
345.8611665931894
345.9987143019223
346.5015929187391
348.26920085332915
348.3704213048827
348.4200004156621
348.43622121802605
348.80573715740985
348.9669173208846
349.7570035684772
350.67246492250075
350.99698723688806
351.0620469566119
351.1424549468968
351.3192879247244
351.45177492204976
351.65167703566914
352.6116020898462
352.6339059251517
352.80940551526055
352.9394457446755
353.063888767963
353.1061907591702
354.39163947089673
354.44321144832
354.56954914700975
355.0675405117312
355.29292558541954
355.3764184305176
355.78787298904257
355.8835472377989
356.0083737585217
356.533811933215
357.0961396113982
357.49764399409395
358.10214082200923
358.14187214425084
358.1578105758964
358.30734629699737
358.4803508917763
360.30302117308776
360.3111905061739
361.1585593113052
362.13194009778016
362.14091179856115
362.2495954623509
362.272053243029
362.98979809564355
363.6859194258812
363.9433241572513
364.0038764905705
364.4050679490911
364.5631326625103
365.602840495511
366.74370311861804
366.8092770514969
366.89862468294234
367.19683964081696
367.2769183506428
367.39436045470825
367.5804961656798
367.59728262824837
367.7795933119649
368.18350672529994
369.129734211605
369.1388880447305
369.581830216172
370.5386919047102
370.57644968694945
370.59064581473353
370.755134984744
371.093761616211
371.42079551009215
371.5848933447173
371.63129340989695
371.7585644204663
372.3297385222583
372.8290701342759
372.8717281778595
373.058319229472
374.2826857578089
375.00457725453646
376.0459782369925
376.26461644610157
376.83064773506084
376.9018679972046
377.972603710527
378.3865101639479
378.5653849142908
378.65714389911807
379.2835528550489
380.9287335015174
381.08015234813
381.0902829529603
381.639613151126
382.5582899883553
382.8769697059449
383.8026431232728
384.01050798466713
384.109949391402
384.29646313582975
384.4869556637195
385.4777294957236
385.5449861962599
386.0500925386794
386.1109208194897
386.4882425125584
386.87367215394863
387.10131944093877
387.76166742634143
388.0077459364037
388.4916173454719
388.5994605619346
388.68753754770523
389.3028450797328
389.96747872246647
389.98235971158357
390.223522833812
390.51996969165157
390.80693202742157
391.900181414519
391.9173602775853
391.9855317321914
393.0362492804064
393.31680571329485
393.53213480462114
393.7432703567907
394.90745867169187
395.031904072001
395.3888807975608
395.5685026985334
395.60404017395325
395.67124261772943
397.8412596667682
397.98662341035606
398.6396681750853
398.72425429587173
399.3788391846572
399.40812435232215
399.765115437065
400.32672356504
400.7146466851089
400.90245674334096
401.2013714192255
401.2647737721998
401.41167232049827
401.5461520898681
401.60802058303915
401.7818669072739
401.8594411239121
401.90660228320087
402.42655598840787
403.35150783988695
403.7829529970368
404.01262479722993
404.28514064865067
404.73306032550295
404.7974610001638
405.308334437324
405.7187598979362
405.78640261303195
407.2722091183725
407.71766048135845
408.8801946316983
409.05713376050204
409.219131617566
409.55683313120136
409.6176041348225
410.6004667470045
411.04391319509335
411.1707825090373
411.8185654991295
412.8700333501689
413.8920908718575
414.3087339323204
415.14164751279446
415.21529022722586
415.2813069637228
416.3126828717097
416.37745256013017
416.6399262095185
417.2558820859511
417.97327535251594
418.01409861259873
419.10158305200713
419.46517683643543
419.71386658868283
421.0411911544941
421.19854353042484
421.25195804604084
421.31197815120083
421.37792911618493
421.46659899667594
422.9982962205379
423.46936407257925
424.31383434029107
424.61195993975895
424.96226039579426
425.0183968175924
425.14446699653075
425.92742753997067
426.46669971751334
426.90851811293845
427.59085982887484
427.7025984093432
428.73363826661284
429.12214816860353
429.35470234041543
430.5578590384561
430.6422693061842
432.0216729237619
432.14533028937296
432.7883348596476
432.83054939845357
432.93600107990346
432.9629810121964
433.6094800315243
434.4528300884634
435.2101925365242
435.7062511121047
437.17986618655846
437.53660058559717
438.1446455373325
438.47876581447923
438.5517343424021
439.0008069487489
439.11952547373113
439.5376188819379
440.68241173846167
441.0761684181631
441.54034422124704
441.6416168403325
441.8318739061954
442.70569481997353
443.040160750443
443.7530607249263
444.5331753888299
444.9859780560673
446.8048773429272
446.8115381456769
448.63663476690783
449.1500656069597
449.3187846703281
449.42767981822504
450.8636115504797
450.9035047225823
451.03183953743365
451.30433565659746
453.7817554168237
454.6422817497107
455.375322046344
455.5546454284958
455.6465134632573
455.9958542157123
456.1566117407431
457.06112461504
457.12764535059745
457.3991439866005
457.585845132715
457.92370654818535
457.9965538223223
458.55778679723204
459.5421921591339
460.4746309497759
460.7754368079092
461.40514315382984
461.5050080705077
461.5771325501374
461.9477864372769
463.4518630679246
464.8478205702473
465.2771836131966
465.44339828967344
466.37482042853827
466.9680903505844
467.02714393583506
467.1013977193225
467.73676317174295
468.70185252200355
469.3458200546641
469.3731444223863
469.4855414193615
472.2299327783593
473.1380350268137
473.37440742993465
474.15748569960107
474.23446899059854
474.4964410125926
474.5007167428682
474.84232452749904
475.5096995023618
476.0359179403561
476.4166667288641
476.4436734502813
476.84256786252183
478.395550868547
479.2070882576465
479.2565062685319
479.4945976587973
479.5517985559426
480.35765938234425
480.4567536713576
482.3025072307158
483.2338582573957
483.28085154771543
483.60935814973425
484.1280508263629
485.2032692822729
485.94638818902536
486.520530143306
487.79238141607175
488.09580169030556
488.2014310849266
488.26956975396814
488.3431588849429
491.0674720827448
491.60754775936186
492.71858639554614
493.1572399450037
493.5390901952196
493.74147693043295
494.07447123407155
494.35553235660666
495.0977079896992
495.6799777676184
496.0727218352265
497.6323462762496
497.86276000691925
498.04502739628066
498.194645857597
498.2151345899639
499.3336025945696
499.58406835987194
499.66801560447806
499.93258361523596
500.45838427143576
501.08449777826763
501.400954698877
501.5348384888681
502.1435288516355
502.21320444400686
503.0599833424367
503.37812017134905
503.6110487622256
504.45561203170894
505.18098012635363
506.63739021923857
506.84925550615026
507.5435156092874
508.7565501644334
509.26925101393806
509.8583630772469
510.06157334639136
510.4363593495128
510.62304528195136
510.91439462474955
511.5528796913752
511.7815212786526
512.5217130767652
513.0207000393237
513.3411106215362
513.3683619309813
513.6238357764
513.6863089876529
513.819863782015
513.9210027384576
514.2733434729311
515.2649900304826
515.3531152629838
516.1260074748483
516.1404726192703
516.833339862673
517.2479563186846
517.3318076052108
517.5517317838784
517.6638771191454
517.7763539598211
517.8673938030049
518.9165863102875
519.236157048986
519.2867532281803
520.7582240465545
521.1763115750226
521.4785300950231
522.6102824197363
522.6442339609241
523.02029211629
523.0777028235332
523.2043305127664
524.850750780224
525.7730309285403
525.9375958254843
526.3701275945241
527.0630929792824
527.4484733152733
528.5811281292557
529.9099813224603
530.1219224239416
530.7954095179509
530.9900090779337
531.5506616705788
531.7722298279061
531.8329472978868
532.1971190773285
532.4080979933514
532.6076987737802
533.1951089750409
533.2872889048031
533.3809546658365
533.9215188807368
534.5789020500731
535.0141047516369
535.1338717551516
535.3460964090126
535.5424380916689
535.7649929090372
536.2648205251776
536.9959402949443
537.1720292141268
537.322267371871
537.8042110733345
538.71607687152
539.2737056181672
541.0474683980234
541.1311901535115
541.2069868263145
541.6791536344674
541.8627096761882
541.8911180042417
542.5097649098524
543.0345051279483
544.8550705086641
544.983024991679
545.0792420945015
545.4904718131149
546.0276085659477
547.1321725439708
547.2026734158011
547.630454031632
547.8508667177462
548.7330936496443
549.0879144410129
549.9996727244746
550.252704823478
550.5411974447277
550.6290246077639
550.9464046963586
551.9912860665511
552.2068825224517
553.2613256488646
553.5763903296664
553.754203957786
554.0867772137137
554.1050095350646
554.1706259327491
554.9111309484979
554.9997602393378
555.559938496457
555.6890644150465
555.8235070988331
556.1393362267303
556.4205049288214
557.0115090667268
557.6702905045294
557.8383307660422
557.9177964306557
558.1213880203807
558.5282744437051
559.4765567423178
559.7268542395122
559.7645600857388
561.1623574992991
561.302548829004
561.4227703322939
561.4338548898438
561.682208309307
562.9407530636479
563.3198608335591
563.4018785668326
563.585506209093
564.6606910340365
565.0361980733187
565.3835588882226
565.7886720894359
566.0495398341659
567.3020465798181
567.4301706425878
567.5987362361403
568.3393027576856
568.7448030916266
569.3671800903101
569.7017569952912
570.3490605423628
570.6871489817635
570.7273284446819
571.7261501067879
572.0210277925434
572.0533889558079
572.5521382427836
572.6294231626786
572.8289400088985
573.0132141255804
573.2087594857725
573.4621587430664
573.6663282641398
573.712031886735
573.9247569984395
574.0311889087908
574.5850604086825
574.6378537789733
574.9216886707334
575.2231239678943
575.4467125473448
575.7882883628065
575.993050870386
576.3631601039641
576.5983131531189
576.9263592206102
577.2088394932655
577.3443330670851
577.5146134056891
577.5653302207187
578.2202608158502
578.26430078951
578.4678924215822
578.5630845461076
578.7249328652726
578.9363950411785
580.0140837613487
580.5288587498543
580.6067667357019
581.6414089201251
581.7529520589803
582.4316671134231
583.7258915686307
584.1284211422828
584.3289542227475
584.4774214846789
584.7088889209264
585.1008127549561
585.9050505679925
585.9537095465433
586.1337856938827
587.4597032525982
587.5394167939357
587.5970919335606
588.1688222032843
588.359893197675
588.5205402780321
588.5492457272396
588.974547380425
590.9314102377672
591.2727751133748
591.5298148384952
592.9017738293785
593.9499649201978
593.9852293738866
594.239255350445
594.466264926531
595.1507697334474
595.4013897071576
595.4930699891671
595.8380448270276
596.1197200410559
596.330557853036
597.1470357100471
597.5272542955289
597.6544566431091
597.7932230865575
598.0917241509806
598.4043992675109
598.463476671568
598.6541356724766
598.7415062856246
599.6490811160286
600.0359794599609
600.2529033701493
600.3156476660071
600.4945983898884
600.5266378479299
601.4840099374359
601.6094344944211
601.7411640029853
601.9830562499111
602.2894245942803
603.550379220687
603.6332497017612
603.696602322061
604.3287688006372
604.7513206188687
605.1298875745368
605.1523952636945
605.4901311162995
606.9426360509094
607.0108121757096
607.3392821681629
607.955509262758
609.1627742856808
609.4970801040706
609.7458706534104
610.110001166195
610.4276801396917
611.1390454597662
611.7310445597798
611.9118509180084
612.2711540257427
613.3014552819617
614.3613604027522
615.4492513702687
615.8122425234907
615.8867365758263
616.2461604281765
617.0161623323205
617.198524327858
617.3057274263504
617.5022977329207
617.554434352166
617.7491394097401
618.0299578245188
619.2129671150078
619.2871298249545
619.511353591314
619.618395575883
619.6640450595703
619.888841453092
620.2358783506364
620.4410019147201
620.6482270378464
620.7167011173736
621.164036473991
621.4596895122586
623.159961453295
623.2344223456723
623.3906131089241
623.596718633008
623.7210446730453
624.8581841287569
625.3759417856527
626.4646342733781
626.9490344425955
627.4175735132736
628.0629107406694
628.4256499945166
628.5180046761537
628.6111550393871
628.9118431191296
629.6671940641139
629.8075505546547
630.5939397243809
630.9959014702334
631.3049804109397
631.9213939278848
632.9531093371139
634.0778901242903
634.1188834778611
634.4682123482555
635.0575116950155
635.1775461171834
635.9965805148423
637.2573961980207
637.3195299432984
637.6752395571142
637.9559419176325
638.2418490416895
638.6521739665527
639.0766079475827
639.3328612041926
639.5028591555271
639.7040766414585
640.588997480942
640.6829560362173
640.699419644122
640.7346515643294
640.9379765721172
641.4372034598159
642.0498130475202
642.1057799725988
643.3365072376538
643.6644627259785
643.962178460476
644.0307813799925
645.0579328491208
645.2797127640853
645.6850202735997
645.9205715895654
645.9692606070066
646.5328685436201
647.1613752789547
647.2659108568608
648.0286533033719
648.8383224598465
649.1194729894144
649.269787084244
649.3211755173922
649.650539456819
649.8720427631027
650.9880413222808
651.4243737417638
653.0571577716548
653.2198948194408
653.5387129036199
654.0265632625767
655.6460287029416
656.133700283659
656.2164461146714
656.3332928444945
656.632766132543
659.1872180003112
659.3663434853423
659.3913096304027
659.695975089396
659.8219004324322
660.2323381759122
661.4232301635287
661.7007750515878
661.7126702426258
661.7493193302005
661.997596873114
662.1632982364633
662.3901887222123
662.6310871468501
662.9869016564016
663.0668139146516
663.1074307683599
663.6942289939726
663.9102583589626
664.040399361226
664.2153379698441
665.7130979128041
665.8266499089184
666.1347037266629
667.1601859335568
667.571520506232
668.1823229025047
668.3300260443187
669.4378872852291
669.825364430781
670.3321802206482
671.4211397977749
671.6184179390303
671.6641844593972
673.1251000719649
673.2011433552486
673.3082507597861
673.4407305256844
674.7054860898755
675.533340306461
677.9578300730767
678.0101680833114
678.3085601400692
678.7562354259218
679.6959749364589
681.7450079872766
681.802158053944
682.4257009596894
684.1523180940627
684.5527528804769
684.7237016663044
684.8335576517501
684.8986656393208
684.9718348956532
685.5434739255965
686.3282634668531
686.3328946909365
686.5158772211294
686.872100809265
687.5345911128563
688.3444769500243
688.5545377810345
688.9870918009021
689.4999806372548
689.638169254992
690.2380564529923
690.385064977242
691.1125041526085
692.5512968047734
693.1233849052976
693.9901824004107
694.1525319712653
694.3460371239141
694.8955207006853
695.3687653771298
695.6212551356315
696.0019532600352
696.3974144372723
698.133307367731
698.3082710099457
698.404947680173
698.8935451000386
699.604475683273
699.9425729851333
701.1594278082964
701.5345070398995
704.0828671343129
705.0708515924053
706.0070503762756
706.5299672764602
707.0669508124962
707.2587248535569
707.5814290158572
707.6457875584302
707.7629500955537
707.9836576445878
708.3435822462716
709.0909263704879
709.6310860579094
709.7380069150805
710.1323622821286
710.5733797380955
711.4828745611646
712.3458102370993
712.8078940306387
713.6009700691794
713.8133974565932
714.1422459202967
715.382748055812
715.7958935770496
715.9445743054166
716.7602033632822
717.3991877958341
719.3177166855784
721.412435783644
721.6745398601473
721.7670777598843
722.3261791892114
724.3273599085215
727.0065314698649
729.5244051893717
731.0910152920911
731.1613638048108
731.2902389586305
731.6592923723844
731.7111971250863
732.4597814687836
732.9754094765655
732.9917237790813
733.1357211035479
733.4989443429668
735.0991780770175
735.5081749200591
735.7331503790406
736.3264472242558
736.7003629550587
737.1478980907578
737.5478495872574
737.93697102548
738.6586489358084
739.044387835442
739.5862888243969
739.7104083126712
740.2220403623853
740.9553224730589
741.5870244312848
742.6592439551238
745.0059587894592
745.162981404931
747.8829306477203
750.1495245538824
750.2108984826484
751.079048114273
751.9071706400217
752.0190410794854
754.7529674934831
754.8581296213223
755.3704896286463
755.7897595783152
755.8415619748286
756.0324311092689
757.2244141829144
757.6416139845683
758.9700798652743
759.0951652904093
759.540439667484
761.0032108881076
761.4165796794954
761.7104155941423
763.1058014736989
763.3861892932941
764.8155053585688
765.0075003934301
766.5764190841431
766.6838446865952
768.2295219219823
768.9861205644822
769.2083885103588
771.8032035968414
773.633503944567
775.0032878330974
775.2253196081833
777.8685638476486
778.6498522993975
778.7740886218231
779.217965892936
779.3218222267135
780.0887759514308
781.1321773577671
781.8773677684154
782.889900630355
783.3863831747951
783.7407372306436
785.4283312364327
785.7994988462508
785.8310010552069
787.3041304933238
787.3918114992301
787.4103728768023
788.0699701098796
788.9816407083339
790.7932264882904
791.7182254878725
792.3009080298375
793.167940702462
796.0434438205564
797.9906350244482
798.6477452009974
799.3438730436233
799.3516344374272
802.1917204451614
802.2794050287341
803.0623066909048
803.2628388946017
803.9593746412031
804.0620474882519
804.8748646592393
805.7927741518198
805.8722440739218
806.2054210292293
807.0241562052888
807.1823688820602
807.6644814072534
809.1640684324175
809.3011843738735
809.5297901464264
811.1913160723152
811.3844794344681
811.6794197946609
813.0782234032997
813.4154892244566
813.5442851260738
815.4349594371012
816.631998932663
818.0798675691235
818.4316060757747
821.6969780918258
821.739312994456
821.7893564993665
822.6791926914105
825.424747625773
827.5264728218046
829.5286855536997
829.7369721804544
830.8224012088283
833.3771779344636
834.0361313608759
837.2544553457739
838.9215917272514
839.899994115778
844.2005367559901
845.3384936754755
846.7466056119032
849.8651916868536
853.9735984476025
855.9186537853112
861.567058747361
862.3529248594214
862.5344926453739
869.1807552414565
869.5798683428932
876.397925322613
878.0660184486868
884.0076675503981
891.9784062537012
900.3539897304131
918.2912327055276
1080.3034892942167
1101.13209579961
1121.4884421078052
1142.7193845148674
1163.4675109512332
1185.0892458342087
1206.2258987282476
1228.2319937279592
1249.759202686304
1253.4373082817738
1272.132135671336
1316.8906020051957
1339.1868730365577
1342.9438835253484
1362.3749769021338
1385.066827130401
1388.849007976881
1408.6554212506974
1431.739783485995
1435.553294594192
1455.7461341988737
1459.4442017086271
1479.2274591459905
1482.7630465341126
1503.7298316646793
1507.249338373357
1527.6298274204182
1530.9776866944605
1531.5570799306706
1553.6303364564808
1555.0416217940226
1555.486937373628
1577.8743301349336
1600.0882518665599
