-10.293213433652419
-5.066694259065054
-2.941813767184269
-0.8753112958465579
1.1593408974402362
3.102088459749032
3.23950342369581
4.344634604749048
4.905801347447612
5.266599674467816
6.340820723566706
7.001818661126635
7.243025804506713
7.292457649336531
8.283925915022666
8.374314570630096
9.244092603371252
9.280200575361034
9.72607754240771
10.2669784550362
10.402506239014008
11.237685020648671
11.271403286778357
11.303972324524471
12.174304209532615
12.330428348635545
12.42572495844684
12.894693811811559
13.262898638782127
13.317142030153232
13.435717865435256
13.983811006803826
14.268291207917462
14.442937482875264
15.311436045698649
15.434486094137165
15.813258896619702
16.070490084124756
16.182083179108375
16.31190614838055
16.433292419531703
16.558034892529882
17.455227798795534
17.85855553015137
18.122710051241388
18.25190527228152
18.39459738851191
18.621659271201892
18.952379624362287
19.29128857438381
19.4656241441646
19.880751071605808
20.286884190783354
20.33621775684916
20.559707817321097
20.716633525465255
21.00117717695212
21.484585127126174
21.825848514467083
21.909575386575334
22.17888152868474
22.184897939822392
22.334975372602592
22.740399240851694
23.026219434441558
23.517354675548972
23.90027733930273
23.92888289123077
24.049279185323755
24.208272637060766
24.329238535865734
24.762680366007572
24.997572136063376
25.079815873914686
25.465343978652342
25.829277222808564
25.92016485062755
25.97726569605547
26.23855345315556
26.336239100155236
26.79165644167691
27.04953345674538
27.55655678969793
27.83707078299556
27.943024237396102
28.01937722215056
28.24919926076794
28.6164087611556
28.7299371485837
29.103171104154892
29.49619724362359
29.603477077120665
29.772076809278698
29.87193497055754
29.9619740680549
30.04718228584536
30.257794383005244
30.741162887841455
31.48245942535543
31.58571035941258
31.667709325514608
31.838916126151634
31.90454335957861
31.978265262319887
32.34582524553152
33.27066805896195
33.63088510261339
33.662174102064306
33.83429859281845
33.904416936449586
33.95714681093164
34.00480267533628
34.27788334172543
34.32510194842322
34.74551478159526
35.10453000500221
35.532143752988745
35.69021408827798
35.89652060033935
36.01274203752922
36.07281431801473
36.3481020231027
36.54743905816065
37.46891530136777
37.63020876041599
37.723523380839616
37.920318755695654
38.12738348149424
38.34770595308842
38.423604376617654
38.781246047528
39.16749134040587
39.564059097511816
39.598256633420576
39.985897932134606
40.14611125061215
40.23291767580337
40.704404173845404
40.76071944229572
40.89095401734222
41.189628218156315
41.20986986049111
41.63394413066294
42.13617051926021
42.363473671613654
42.48831175804609
42.95400435025907
43.18935695971254
43.30386940344426
43.989467930870795
44.00677796701405
44.1810334433985
44.40262252517842
44.47573787558446
44.51251562731951
44.99872069237104
45.193425533803335
45.28036161902339
46.05807429650816
46.111881772255714
46.40050563387696
46.7305111310773
46.80006288350856
46.87943227229487
47.04310993599039
47.21137648762724
47.375321336964035
48.03585597398052
48.17942969144683
48.41884884131106
48.449246521451904
48.72618322171537
48.846405520259715
49.338171286017435
49.625505807907615
49.738470870425616
50.02735550274895
50.23135290396337
50.42489746758566
50.88385244866159
50.92025498592756
51.702185105354744
51.73166344585351
51.83388992840622
52.164304449130405
52.23779727600761
52.438213333339206
52.932514700936274
53.162590555574674
53.542266163100905
53.800817419227506
54.02089541197986
54.072223808224564
54.57593820446885
54.59226599396512
54.84581015879838
55.38787009903027
55.63741860232407
55.84501832353774
56.03372247467714
56.0472607181576
56.10005012000785
56.14733602878988
56.498946899602224
56.76505234514431
57.73915064000804
57.79212259668011
57.859193807134055
58.0518947587595
58.066852314449385
58.76085079546497
59.35662561609992
59.638967955283185
59.80433084799837
59.82392645346825
59.938459124357365
60.081771856551974
60.25642411563779
60.658003176345204
61.41249908930472
61.72177713099587
61.86017885125742
61.93254880176749
62.02834670889835
62.083134637133014
62.45336327077477
62.642262847827276
63.05517059652695
63.69097277866578
63.84971534190986
64.06514867119161
64.1568469345795
64.22710112397026
64.37394996586016
64.46003596545647
65.33220023652476
65.631373921913
65.69697662983435
66.18576560740395
66.24879548295579
66.45926462477861
66.67570272401721
67.14074130537963
67.53669347864367
67.73028676587897
68.25964428901334
68.46703158938368
68.5877766350105
68.66254828031114
68.71045958088253
68.83875463437809
69.24956538264726
69.45044553606681
70.24912291118123
70.36821579456416
70.4934439568747
70.69412531155601
70.94410558103151
71.15354923564601
71.255015787916
71.48801519937174
72.0784520809989
72.32417836433159
72.62463560405745
73.01298228552318
73.25548519013097
73.3370163710568
73.54352460956898
73.86408424100658
74.12406903435374
74.65251834172716
74.68422508433846
74.75824160593586
74.9997068172516
75.03003153383995
75.115253338951
75.26544108804018
75.28976242710267
76.0188665784973
76.43574203041257
76.78277347786891
77.04079027563392
77.1481377748868
77.28644864476792
77.89524611769076
78.12670451976139
78.34652717125017
78.43931924381478
78.65144804608221
78.86798755053506
79.41951485731711
79.48724370813633
79.92591811062391
80.02033465258688
80.19482051151684
80.441653981763
80.74616305550364
80.90478289854919
81.11896826515839
81.22340495488035
81.86212962708369
82.23998218114687
82.37457361057781
82.43870930127923
82.69042947487954
83.53797072399573
83.57683363241503
83.59186788674143
83.77517009526144
84.01162090667087
84.22041383552943
84.29542274003293
84.47003232992728
85.15430423296891
85.44286544061937
85.69876221184283
85.73785686536758
86.05087140034296
86.60453276913148
86.7202181785777
86.82618837058908
87.56572367980453
87.76552936586017
88.12038500059967
88.80069918442211
89.05226181748618
89.4804320813253
89.8129341169147
90.30697430575503
90.33468673687723
90.74680589612373
90.85850745351777
91.02113347158708
91.54721112341535
91.55600137619292
91.62011021394574
91.7870900701439
91.89231439852125
91.97788547169121
92.02789103946279
92.05060300411608
93.22885491778261
93.61535934097799
93.66161276429513
93.91057085185453
93.9804856785937
94.19218497176351
94.35571984252297
95.00120000895417
95.50767849726965
95.61784347266877
95.68312522089022
95.73133105485377
95.98193363310048
96.62598303583609
96.67317397756541
96.97557861311047
97.51435863502999
97.77434451120338
98.04685872768174
98.31891409533928
98.7265128083217
98.82947535633238
99.45244838063999
99.74596104879295
99.7691491548727
99.903981399671
100.01653167166363
100.0494469000881
100.3335319550122
101.09836817499202
101.47981046720109
101.533192174275
101.57433097828152
101.92471032953327
102.0112141706197
102.1602551902447
102.33306377514782
103.22724789937394
103.63285074026011
103.64520150845327
104.0811953267172
104.33458366065658
104.59611876168063
105.09559292624446
105.95478420605657
106.12485245340721
106.2536128369262
106.37987890695942
107.0137037641459
107.23252670928002
107.4243598750569
107.54346607434383
108.10618454362502
108.64733771765232
108.67958472463727
108.88591228350955
108.99728049622772
109.08670756653214
109.11253084478084
109.44280270620544
109.92277188747909
110.07278220257466
110.5099741106905
110.66107754745009
110.75811400974766
110.80567136210071
111.07566046397359
111.97904156869262
112.06674568160982
112.8200602825133
112.94605657048204
113.05347080247125
113.07928478308162
113.50130594958891
113.52658245131923
114.29082907322113
114.33946838202777
114.63749051756655
114.82435250393513
114.86915488404696
114.91742952466959
115.08028251083805
115.78179109435757
116.04763599275879
116.84577410481779
117.0553563994654
117.28632730994535
117.77805045912409
117.79198417026201
118.19011896495711
118.3011015103718
118.39145942771142
118.4516153872505
118.66350227331738
119.02663641852352
119.2553430916346
119.64738814584342
119.8130844929949
119.886709603607
120.20717642929
120.33365418076139
120.72109094818485
121.23252532511482
121.39226988872818
121.46457383050668
121.49931001600838
121.69824299290939
121.81126530326887
121.95464373602621
122.20868811066497
123.37735296844993
123.58891237827667
123.99698812466758
124.21133673095657
124.52635727127786
125.41815137746917
125.97504753482927
126.30759200079497
126.52346300972175
126.68353419588135
126.73164325102464
127.29768684546012
127.49928122190539
127.63730266347665
127.71892885019724
127.75394498803999
127.80412528750846
128.11222618235217
128.31706718806845
128.41040491743922
128.8344993233249
129.2347967488062
129.40574920127432
129.7273776771512
129.8366935910593
129.85000467841112
130.133697869406
131.4046473355905
131.47527395647464
131.5476007745077
131.72914218016714
132.50344930581448
133.5144019771748
133.65966583655967
133.73188014434052
133.9099528879243
134.15605001952738
134.65488088418317
135.05726271889037
135.44885326284287
135.4969516908927
135.67004028603188
135.98668866166003
137.16349916470702
137.20690325298372
137.31136027428573
137.63133829008498
137.90440587333023
138.44015207323122
138.58833371910728
138.64069854706898
139.2627594187825
139.31408352402036
139.36658837571773
139.63884734389907
139.84419944308692
139.9398351877763
140.65761238690203
141.3818786107657
141.48949859649267
141.6383726621239
142.02108698815576
142.09475123401256
142.80635510859972
143.1725543422995
143.20387484534268
143.28895135701376
143.4035147261605
143.42671442492062
143.6414965835794
145.18618735158333
145.4017500919695
145.50421060183172
147.2182412245137
147.50417179502404
147.7070997145911
147.81670710108193
147.93078126301128
148.6141844530036
148.77619248514955
149.03848315598208
149.1902039315868
149.2749876301471
149.31770728564626
149.41984386784713
149.61150953323
149.93829578900343
149.9640723250554
150.06967323871285
150.8318274375177
151.51996506694886
151.67915931202361
151.92159642272324
151.9438404097353
152.5245737194553
152.78942538211237
152.84003422615245
153.72223496656554
153.86460505924003
154.24641307143503
155.09104934154203
155.69861756992455
156.23318739418832
157.22542775324874
157.51357163824935
157.75048739885077
157.95747599315553
158.11361390082206
158.1924872293129
158.54477707965867
158.6183584711486
158.7039441813018
159.0949374539658
159.2135553769727
159.57078891083677
159.97431559834067
160.25004204567318
160.29755214409704
160.38589228758227
160.56792656737647
160.63145636290682
161.57665691281628
162.0506495009767
162.22447743855776
162.36552548762768
162.62409251433377
162.70721696823102
163.32702734466397
163.43264468289402
164.40942455387506
164.5538198148558
164.91081281282115
165.38776530765588
166.38344739533426
166.62804194401508
166.66148186988465
167.13312970544504
167.2660848637032
168.19938609741618
168.9939095444143
169.26706852474086
169.37528691510644
169.69512619482262
170.24577956040204
170.28696322571014
170.71443411442877
171.2434808066611
171.37501752034657
171.68717894901724
171.76099286531354
171.87626191747853
171.95609125007508
172.39036720447933
172.8735432158122
172.9091874791909
172.9995505578315
173.44128754651027
173.49045623008558
173.70066053366048
175.48456304488278
175.77690318702287
176.07293920243836
177.09695687421157
177.19074396292714
177.43426180697807
177.46169507913731
178.89697281172965
179.2744261341368
179.67499548422592
180.4876730819197
180.7311871846414
180.83614146939007
180.96431475874755
181.16025059387582
181.33208054758927
182.25203168180204
182.32332999182208
182.57698031485964
182.78743111271984
182.8386898343178
183.15970127219686
183.58257407268235
183.70247254011412
183.7261325200285
183.90329276413033
183.98537228131693
184.15685125939066
184.90426189487692
185.1657760863256
185.2917819074447
186.94868662745512
187.14322023438493
187.17133489989413
187.47214286624012
188.0701806716511
188.1117210467562
188.7748414175756
188.8618634432818
188.92433405184858
189.79957636316863
190.7377545492088
190.75009005053116
192.08595306317096
192.58480419525537
192.7946725319925
192.9371984910685
193.014522883301
193.08091636687686
193.43506520796117
193.7882570591352
194.6922012604073
194.7713864136737
195.01492644692246
195.19676289995397
195.44822998211066
195.95209368061566
196.09841722446245
196.56196554152913
196.62163062249488
196.76017122190575
197.0195558077049
197.18545828476178
198.15700735188148
198.60050088942484
198.6164794772818
198.80168109415928
199.08890891111054
199.185105791464
199.27591204194562
200.77701718136058
201.98742365411044
202.21339460038357
202.5901230046402
203.77295265416524
204.01330656914624
204.6468907210452
204.8268030086889
205.12901745138367
205.25714659085486
205.36692063265014
205.49534386191948
205.64258953736072
205.80383435584545
206.23243050864383
206.91030361413976
206.93450568903722
207.2571357112147
207.30094296865136
207.5551124606057
208.15718305801875
208.46553415580965
208.60484511055137
209.00128993849862
209.23154575210137
209.26313715687132
209.77428767401966
210.4600524286718
210.5841471866098
210.67500800826613
211.04328153209104
212.28238494374614
213.01792685812657
214.0658593997728
214.83129823978484
214.8448246463778
215.47986086005693
216.16511555133673
216.75404677777362
216.89025391000382
217.45769506928283
217.55853191296492
217.88427730303908
217.8891903968244
218.07645244146664
218.0961217112595
219.46495449673546
219.54445647314978
219.56537651445066
220.69032814719637
220.71894994359087
220.87782286357893
221.60840060795735
221.63371925052775
221.89667023239676
222.06617490103918
222.2374909236242
222.51066014737313
222.70472665177383
222.9653258374861
223.67150143014373
223.67837614369571
225.64834372088214
226.30665669156232
226.31032953561592
227.03828328229142
227.24606041305842
227.32391981128708
227.46049850783777
229.51888680184155
230.14715658007992
230.32492103943298
230.47620466106451
230.51933115261502
230.9087417400991
232.1730749209134
232.31511737377485
232.54734684997243
232.58472239602742
233.285487960528
233.3488851830497
233.69816455741602
233.91760010654448
234.35473831430855
234.6514285247975
234.74957010578817
234.90082476374877
235.00970384829736
235.0390780718993
235.33393720374002
235.43342940246126
236.69552862663866
237.7195854477167
238.16086973852399
238.667559022812
238.7088582356888
238.92979804513396
238.94730457186785
239.59630433858604
240.48183745994177
241.22068451916212
242.53734041116726
242.95514188801434
243.8864865571158
244.16617133673947
244.28408626823696
244.3176316494326
244.7901107581202
245.1917838220898
245.4844779743047
245.68772047827323
245.99307576553034
246.1658548071392
246.36950348527012
247.3801057386763
248.059855156413
248.3166882665174
248.35436196427193
248.71973015885936
248.83606437982894
250.1024172217037
250.40331387613946
250.56735181444353
251.95566616149884
252.07612884445467
252.2046274607472
252.68525055539436
253.88943945790984
255.9456841129182
255.97473069386396
256.40866170420355
257.42021551405696
257.6837174478689
257.807408480031
258.1151462937782
258.5993042662265
259.7736392574644
259.79529680504515
260.39840330318555
261.7736686835549
261.8576648387672
262.8059112801175
262.8370767520693
262.98611985978465
263.03293668094716
263.05002137359156
263.8995688554569
264.12133334044995
265.2215974288354
265.364306220619
265.87229714367106
267.6860542816337
269.0383259566736
269.38209453293973
269.74246934111454
270.4702442305764
271.8180507121236
271.8703816198638
272.15422775954494
272.3969307229223
273.80676376321355
273.9770382491379
275.4382814052153
275.5592880572077
276.04313006158213
276.05125470838004
276.5665164246385
276.7593543997286
276.81659260566835
277.4365609732571
277.595533301011
277.95237316881065
278.085647547469
278.30781463148367
278.6296241939271
279.16102475747107
280.0590152594738
281.8714620126232
282.0584744711494
282.22671897092005
283.17864919881896
283.8505727885174
283.9279635738462
286.44474168815384
286.58189157232334
286.87642284080533
287.6019868888248
288.4556352877387
288.5516211589911
289.45774689500763
289.7432911686982
290.6176233149211
291.0032248755402
292.1684663078971
292.3063868955532
292.4254078732692
292.55403077487347
292.6604797729144
292.74146745261095
292.8841846542458
293.3460406653215
294.6290441835374
294.65478239061196
295.46538187031723
296.4456545463642
297.365248634695
297.6449914255321
298.5012766386708
301.15632199598815
301.4082494821374
301.7873643972473
301.8621215717003
303.51526985824165
304.31860612419314
305.5711834642144
305.58847880378863
306.61123201825353
307.62315339637416
307.6656773847475
307.83227787697035
307.91275378902253
307.9214437574772
307.99387246180504
309.26292846110783
309.59642166084626
311.40278100059913
311.4119270009945
311.8304235235162
311.9385463852333
313.4663905611649
316.1193479733317
316.36179428098615
316.76038545319807
317.4457485763535
318.83348582696686
318.86806753540367
319.28160217452245
320.93379270717014
321.1842232970739
322.884388975332
322.97563403435424
323.1949191146913
323.4345092204762
323.45835223367766
323.65631522870217
323.8657526264445
324.1904037069352
324.9487133975133
326.4040412771505
326.760618844596
326.90154630716006
328.81751291539206
331.3271415353315
331.47135974474486
332.5008984610764
332.5568063844094
332.65360610548134
332.6808038742905
334.6083018887516
334.6333249649703
336.14750807729604
336.6745616526966
338.23613558256244
338.7165421177742
339.42070941226336
339.53807715295216
339.7140219213334
339.79589580349307
340.68906931910084
341.3670157535375
342.2534292695472
342.5010406653453
344.55777445290835
346.6774596689934
347.2113031547009
348.63133395511187
350.37372213382594
350.73780990870245
351.49845316293744
352.79626089841554
352.80558815707656
353.9760307024243
354.84554594550866
356.3111795598035
356.81813688739874
357.9917267104624
358.6304403151478
360.6862563712607
362.4172499538517
363.3401627467134
365.1493586468349
366.50257607763086
367.2557123377491
369.3220901124624
370.10528316961427
371.3623127863011
371.3756754775161
371.41163674372194
372.45739706849463
372.7883350312723
372.9180255148978
373.21885048826636
373.3358600207687
373.61324278372393
374.12367069760586
375.14777905665727
377.20455886479823
378.5458777903514
379.85558070918154
382.0558603509082
383.0207723480352
383.3677609876994
384.1623552719766
386.2286646993718
386.6224874133144
388.2704579387942
388.58524838497704
389.96816183291594
390.1121520534054
390.2420299979364
390.29287455370627
390.47081389767175
390.4977275876824
390.5473882894242
392.0550266548275
394.1106236411477
396.7647399807947
399.3508258085715
399.3719986475191
399.92619693195667
401.45781215404816
403.5234467861218
403.5281904916107
405.56500425554606
407.5369520408527
407.54603222387243
407.81120797192386
408.003111492011
408.21191360792034
409.3492187049806
411.40516441867607
414.0592375146969
417.0348199725367
417.22005493461035
419.1413316708815
420.8214490333024
421.2067861137379
423.24856617271007
424.8394430813345
425.2201205975128
425.77440081016715
426.15870004178043
426.29893738648775
427.032058108591
429.0881303967556
429.2594461708541
431.7407156354667
434.9013795785636
435.1066719161841
437.21336447328724
438.49928181157696
439.2781099745542
439.290662484759
441.3207012860102
442.5176976662953
443.29102142115914
444.5127078086107
444.69735596294703
444.76149324478615
444.8997734623723
445.10291062905816
447.1584535567898
449.80612144884776
452.9651623701706
453.56642989710423
455.6709959575721
455.6820134713688
456.56404510955633
457.7376978591801
459.7786261443164
460.59731809209933
461.7509662024961
462.64015453644083
463.04608824150256
463.55957714879196
463.6022097653764
463.7614695243139
464.0016094938164
465.6164322084806
468.2654837888239
471.41592903377534
472.29606552766313
472.3533618585435
472.4145786539617
472.72527028140547
474.5186075794057
475.0436820171674
476.58445865400074
478.6210181041925
478.67144575592835
479.0440760362227
480.5926703321744
480.7278133668406
481.6942034944704
481.9362357809885
482.1678601029418
482.40430718532093
482.837357565872
483.0208266452068
483.1398683112926
483.3774887440403
483.419941223733
483.9710062039126
484.4514777658943
487.05109240696595
490.28419927299717
491.56758780768286
491.64804929969364
493.75238502468477
493.9268840524161
495.7926148421362
495.8257784983652
497.8429888024135
498.8264781830228
499.7904554127783
499.95644660802895
501.6324143240413
502.0678975588968
502.26788426967755
502.3914453890006
502.48591610604547
502.77633389275195
503.54418225336565
503.68030480328645
506.3313709262436
509.54492834766523
511.0452829242389
511.26125560201433
511.4050745978169
511.5632366359124
513.221525852122
513.3748514993156
513.7919680169948
515.4765828893579
517.4917563831623
518.022804583017
518.9227283656314
519.4587604000698
520.7138088812926
520.9513923380257
521.6778271111158
521.8932607713474
522.3709956538405
522.5090621487667
522.5762083599853
522.6576252409302
522.9183922478998
523.104031005906
526.1631761839152
529.1322912282487
530.2665026364954
530.7710056883859
530.9643335932158
531.2472003964195
531.539480161729
531.6351605000441
531.789140968846
532.8132792235579
533.216919865621
533.3773945910731
533.9162734669699
534.674341452358
535.4722217234566
536.1950050374162
537.0453220238423
537.116951489703
537.4528359098193
539.4661063409421
539.5984762914455
540.2643120628171
541.1342349757894
541.265166254985
541.4900518023694
541.7091296092714
541.7697303168985
542.4683798748134
542.543084091122
542.7518297661009
542.9214607030888
543.143122179877
543.2077471583381
543.2938047223823
543.4513636320706
549.3774341769288
550.7810298877689
551.5238569090991
551.7096162182431
551.9478257573096
552.1124183893108
553.3737119488246
553.4071139871568
553.587547910542
553.9026903573102
554.1604665350418
554.937677354986
555.8771839535594
556.7006513348084
557.7607935410435
557.8883942930112
559.5583028397306
559.839527896644
561.2645057089977
561.6965662823803
562.9110693635115
563.4115699834158
563.4893283477666
563.8250151660851
563.8409500631313
564.2845709812743
564.5695303663756
566.4367095589979
569.076984916586
570.5460586368956
571.1193093850283
571.9398167587511
572.2486829216753
572.3983174965183
572.6164829663443
572.8149845891984
573.2985339148817
574.5289254833294
574.5839530907485
574.8842598842867
575.1239109216202
576.4283233420005
576.6186423250053
576.8766970878065
577.2346158127663
577.5524549163449
578.8479558281364
578.9270557843101
580.7520586775504
582.469182281329
582.9495436844352
583.263606726342
584.2373469735287
584.2571974977542
584.5946370057829
584.695468571471
585.0185878756969
585.1380299088119
586.2116490211603
587.239222650312
587.8692753463736
591.5449547693959
592.9511594955527
593.0486723856557
593.5362849523748
593.796072238757
593.9784390042536
594.1609551748778
595.1206032334777
595.6451094427772
595.7995078779196
597.029076494796
597.4755371771544
597.93481503756
597.995791690272
598.728345771005
599.8436563292603
599.977085016911
601.9649824223765
602.3377356423609
602.3971431881547
603.257973472951
603.7697967368892
604.3116519089187
604.6960588243944
605.7699708808176
606.3766559245543
606.5099455507443
606.7565405765513
606.8653097789502
607.0418136843016
607.1798091095292
609.1470650670776
612.265416574735
613.8672454211787
614.7539252766767
614.8177374231384
615.1920632093866
615.3166365504496
615.4335753967647
615.5532670773637
615.834928010615
615.978781155238
616.3338897561265
616.533144599911
617.1353509443387
617.2928301963633
617.5396134748441
617.7289770163312
617.8041102878785
618.0118622280703
619.4063080479046
619.6895292553247
620.2484126706521
621.494887262958
623.3744596293737
625.3903872107778
627.1040679471507
627.4478189953309
628.0153028761835
628.3802400783709
628.5598605154979
628.7471714731726
629.9320791550407
635.8712530516223
635.9623689369732
636.5400871429981
637.0853280169935
637.1097372642517
637.2486088500837
637.4031903731079
637.769838985645
637.9499190130093
638.7250311210823
639.1005499441857
639.4387105267278
640.6190262106458
640.7281134323478
641.4957032158511
643.4650021188953
645.3813037040026
645.672202381472
647.278810324238
649.2508743599267
650.0088336493286
650.2387483713264
650.9645051326811
651.4460801997793
651.6960138792682
656.6169545909729
658.4378116801935
659.5890872605015
659.9428227486534
659.98872461905
660.1073966687541
661.3803156689934
661.7555192546955
662.3359771243918
663.8481680386653
665.5976879412636
665.8439564745064
665.9215223277205
667.7600872613561
669.5213991104539
671.7330662990446
672.747590213087
673.2434773663986
673.2593043110937
673.3302804128922
673.8078039600168
674.6968647794398
677.3973396174612
680.9967130270011
681.4604579560919
681.6114186037269
682.2730131616864
682.5240530634065
682.7424968184206
682.9417990547953
684.1649528212487
684.4974197619067
686.4059648027634
686.6132145966187
688.3721134575311
688.5915426853821
690.5658966505044
692.3895831656561
694.3805802125268
694.4303336710827
695.3690830699411
696.6451286976356
696.8122516888424
696.8657744658859
696.9960691661478
697.2150809725763
704.9651303451353
705.1109476151062
705.5320816039914
705.77122132241
706.0016069960408
707.5213439516772
708.1410514041045
709.2336713531022
709.5096036454931
711.7885139769371
720.1474450335032
720.5168960403512
721.4210041494065
728.2488086643183
729.0164610490452
729.5326047360991
730.7926745069163
731.1326023526353
733.2891550030554
735.0715880001765
743.8127032730647
744.418113162387
744.9795076010913
752.550907434721
752.5633466460623
752.6287669749676
753.5940803045703
755.0277310485345
755.3870298554391
756.9113219653012
759.1094703383976
761.221849894427
768.5968607688066
768.6684084229206
769.2040614964973
776.720606184407
777.9697776933428
779.0704732889923
781.3340197482187
783.4708051696359
785.2725850781466
786.9581459115734
791.0848547783136
791.7815499618293
800.0134775495277
801.9963227936231
803.9408409152445
805.8706831338653
807.7273701791204
809.4817533756224
923.2691022265719
961.3685410468646
980.5015139046207
1000.2338449664517
1019.7601221100837
1039.8763572650528
1059.7950210579493
1080.3114388618708
1099.645165706718
1100.6074422831573
1121.5032060774276
1141.2340130135537
1142.1989075641682
1162.8092884018195
1163.488893341254
1183.5955360838168
1184.5674931539752
1204.738891068374
1205.5626521554134
1206.2456723185808
1226.7405265143532
1227.7134146307226
1248.2609876308468
1249.8086207650167
1270.6673574227311
1271.63842576298
1292.568037323945
1293.8018823550776
1315.3876414640124
1316.3412833334744
1337.6759766616037
1338.5043633000007
1339.2032936483113
1360.847276172627
1361.8223106673554
1383.532336111204
1384.356729785247
1385.079392759128
1407.0871420491421
1408.078416742585
1430.156782259109
1430.9608483052332
1431.7267593910933
1454.0554623640173
1455.1147127347306
1478.4784803327962
1501.9901158801374
1525.7803219879902
1548.287022329568
1549.7980944837352
1572.5041344940332
1594.9332448130913
