2.1671256860903334
3.8372248732586165
4.105314912434979
5.756510327207193
5.960121029158715
6.054636409961924
7.693946690884427
7.70463123665862
7.9506622674359795
8.01069242579157
9.644414143006676
9.663201290529035
9.842591951274091
9.931653755318674
9.956835605589752
11.602910271060377
11.622054631474597
11.663901036713149
11.768414319793601
11.839528502285516
11.925798674695976
13.54925906920336
13.573071031363778
13.627557561239836
13.630611976553528
13.773576367394178
13.884219487784543
13.946555690570642
15.438266298669504
15.539081297244946
15.559281701366913
15.837648428337273
15.865091402299653
15.958195356370362
16.420089259263968
17.38896051784831
17.511959073491738
17.54378097384344
17.74521158182457
17.77314610338889
17.94801726153717
18.699227757905504
19.311034512390073
19.359123538213304
19.476527081466863
19.610304789904724
19.70085764080458
19.927791374268452
20.409994763700148
20.580325439768977
21.30255527385834
21.407978969765033
21.67437118625672
21.889630743216017
21.974026987524873
22.405027482490077
22.529847458940566
22.614107520094052
23.2909716517807
23.311014077925538
23.652540718431297
23.83553901699583
23.858092487012083
24.400521294468856
24.61092904684237
25.173014452921876
25.601852350606457
25.661533467640353
26.29944981230191
26.413019471521263
26.609582200753714
27.29826000909751
27.516032303222016
27.548261729564054
27.79103318811311
28.294979244919766
28.606895906072992
29.345783594510475
29.506212834052487
29.696853276573616
29.744590200639003
29.770524449216868
30.283705613138576
30.302475882256847
30.383618065472376
30.6107170958884
31.482957270330974
31.570572327448623
31.632997432747388
31.695720230333187
32.29243780534487
32.37946521405393
32.52677207747699
32.68534194134558
33.46052694323344
33.5388618986777
33.59658851506456
34.18696507593492
34.22083489958592
34.30709641731508
34.38211822603294
34.85790934449732
34.93548365315694
35.26335543096065
35.57391981790277
35.75281406810264
36.11226109844606
36.404828056709135
36.85453507568746
37.552547579071295
38.07471351373913
38.52385753441758
38.8518056761537
39.09702376788615
39.40219107507888
39.722344842278666
40.05648122629751
40.49893171746075
40.85186641347552
40.986966719082126
41.365594978804054
41.71872498343424
42.03483730574385
42.1680294830526
42.88029104163918
42.95338786426785
43.94653604809165
44.35383079662211
44.45013292452554
44.920856745323036
44.97802545563602
44.99449487717041
45.393087787102324
45.71222574833571
45.760044953279916
46.21615340947234
46.246205243589664
46.97641532412828
47.74234070402991
48.20706446698022
48.97448601503004
49.86233339860399
50.000626671064296
50.07407783814525
50.61034515304618
50.620294356168785
50.97744729447478
51.88984164243153
52.16312626925982
52.61626396204433
53.002758109854675
53.08420556323888
53.85239569070613
54.616608307716795
55.835527122022064
55.86613221978896
56.01713226217275
56.03561204361748
56.62003202420887
56.64870263801282
56.71535166689137
57.51038123968679
57.81559593299834
57.924814466117844
58.64484508434424
58.6478298988679
59.888789884096745
60.64719744814197
61.871184629913145
62.379073132207026
62.45818161653686
62.65219602722326
63.06718763502837
63.17772489769826
63.448842536481486
63.85079799485409
64.34765807296759
65.06581888733518
66.31099323387429
67.06663366656159
68.29388575598664
69.06880063899419
69.23142709957428
69.27394066319205
69.87413599920573
70.27347841019383
70.86252514198735
71.0948512345586
71.16192934427013
71.87275089200388
73.12092528078811
73.87303327258883
75.10366605328227
76.46883868000253
77.06667128415883
77.08628001168343
77.90532557093884
78.3569939318033
79.06907897361478
80.321698953528
81.06975056745502
82.30226059787068
84.05519495832522
84.65280003995386
85.10124589522142
85.29089773838574
85.94414584412971
86.65205016018027
87.90772014784147
89.89007136936213
92.02916685595693
92.09144205005926
92.6244666081524
92.68555994642539
93.91828492553051
94.62372405475445
95.88177629614994
97.86417760972348
100.3920209593989
100.42994866291188
100.48393661652057
100.6583847382455
100.97241243431574
100.98453258388268
102.28051667651665
102.9837390908252
104.24625961403376
106.22545986409631
109.0169946993743
109.14451260362208
109.73263784387048
111.02896593728454
111.04070722982605
111.73212692808409
112.99221280095891
114.97598486088779
118.22788241083815
118.28299219390146
118.87014360120033
120.17091539699511
120.86908417352379
122.13219201177317
124.11391464437395
127.80965548838856
128.39433056048895
128.4060250014005
129.6968933578135
130.3940934304619
131.65954081456243
137.7253481523827
138.30785876706443
139.61195031176982
140.3075528127582
141.57438949179655
148.0286352314899
148.6097017827768
149.91508338024548
151.877564809349
158.71972193025746
158.79842007064238
159.2999443954287
160.60562528976376
162.56889022771807
169.80110683019325
170.3787670775273
171.68678969673897
173.6483877046189
181.2693329410381
181.84587058806932
183.1554440193708
185.11665489875782
193.1263420979436
193.70150998499963
195.01163284501308
196.972843232735
205.37136740848308
205.94555686605713
207.25654014372384
209.21855744908083
218.00485364207555
218.5782375996681
219.8897556229969
221.85094931754028
231.02650425410133
231.59885714233968
232.91148585228305
244.43705917246697
245.0083354693167
246.32141376012436
258.2353729713773
258.8060557133367
260.11959202545086
272.4218300449568
272.9921193110398
274.30700656384755
286.9970049445669
287.5664982179577
288.8809896069648
301.96010374430824
302.52913575819525
303.84430032993254
303.8992233615251
317.31129314019665
317.8799621885582
319.1949811901283
333.0502328987826
333.6188046447607
334.93409838446104
349.1782279910691
349.74576496641646
351.061058874362
359.71104314904017
360.0983124529716
365.6928236571489
366.26042503793207
367.5756792476939
371.51611386143986
382.59506449831014
383.1626393624159
383.4194096726172
383.8066375882877
384.47785025518414
395.6914083847083
399.8846999303439
400.4520664330052
401.766717036981
407.9056118200843
408.2924275203606
417.5608289979698
418.1282044557758
419.44273136225075
420.5421097923863
433.16965371521127
433.5566540689895
435.62281625431825
436.1902836314841
437.50424902407923
446.1704562989218
454.06984912590485
454.63703741322416
455.94987971125215
459.2108211859276
459.5974306362316
472.5892079032582
472.8990609884442
473.4661979140719
474.7780083376323
486.0293100168007
486.41602777250677
492.10663321383277
492.6730406082648
493.97991929055377
499.8310925331778
511.6839385285616
512.2443033613176
513.5422096266475
513.6255124524941
514.0118840085856
527.7726114417693
531.5895909339855
531.8199964845554
541.9995715760591
542.3854657230162
551.1055901141733
551.7112973734186
551.9786594013168
556.5251838397319
556.6067066061534
571.1501896427642
571.5367658155997
571.8263069921079
572.128218813981
572.7936757850572
574.0309902835049
574.329319814727
574.8341165768371
586.0848213944224
594.2562618272683
601.078977108644
601.4652397245738
615.8580827339629
616.1020688426504
616.3961532205971
617.7017318382772
631.7856456293893
632.1714576956128
637.736452892909
639.9714411116455
647.489996216044
657.507851485053
660.2728334642471
660.4908199159902
663.2687377121993
663.6548426312693
679.3648582098424
682.3341831429498
683.4962052372252
695.5170150055887
695.9148928145769
705.3138043281286
706.5364254528984
707.2385531028021
707.8852678286426
712.0186367078671
728.5684256290782
728.9546945876053
729.5894148459529
730.5457526266222
745.4542548718886
753.1781464231085
762.3845747809828
762.7708790419191
777.2322971609137
779.6400214990964
779.7327263991206
780.3452271489211
796.9782073552651
797.3644457990454
802.0467475437308
814.6336490544493
832.3490265376477
832.7352731844362
850.3659439885236
850.4581194982313
868.4975321574868
868.883662989634
886.9312801204078
905.4233626431497
905.8095457582906
924.2350348900328
924.3270507294618
943.127697164333
943.5130227491912
962.336792919641
962.3443699347985
981.607766638406
981.9952184185871
1001.2061615527199
1001.3058904119325
1020.8659140831284
1021.2523816460539
1040.8457255829555
1040.9345384203436
1060.883020724108
1060.9098376062125
1061.2884219678406
1081.2868129868011
1082.0874264019649
1101.7156577286644
1102.1017288114833
1122.4834587922269
1122.5861404118666
1123.2893945148319
1143.3064357851497
1143.6925505124289
1164.424094878418
1164.4945956025026
1165.2689927163005
1185.6751102189717
1186.0611592183593
1207.2210837199557
1207.3166017137694
1208.025883617908
1228.8204784399395
1229.206796608912
1250.7400504155066
1250.8134797889325
1251.5591356919017
1272.7451908764492
1273.1307845823114
1295.1065620152108
1295.8725278593035
1317.446066079929
1317.8323360867444
1340.1733185331057
1340.9612481318136
1362.924802081312
1363.3108665359741
1386.0437172682964
1386.8266371766745
1409.1811069987666
1409.5667296503123
1432.691823317539
1433.4671344346941
1456.2151577812313
1456.6003815768374
1480.1212772213235
1480.8821867610504
1504.0306146343773
1504.4060673197678
1528.2905679343517
1550.3233245457093
1552.1428717111103
1552.7600929457067
1574.864619528076
1596.893837708593
