1.7041019835312212
3.086306542792991
3.57726128369824
5.076777284812001
5.443545884590295
5.5168377328707106
7.05248144928584
7.071526820840015
7.4058193998136534
7.48224287418192
9.050512369798788
9.068296216680752
9.375972955736886
9.447556096533962
11.064351586642154
11.07791829033718
11.320874980246
11.326411293609281
11.345665181766794
13.057333202496931
13.08036583728647
13.106629499250182
13.202776236791557
13.236373187084277
13.279926580378902
13.31469855916264
14.987361047246788
15.0825525643859
15.163654706317203
15.235213025886889
15.276561302348668
15.286292278477408
15.679466615220402
16.946468315846747
17.083479944908817
17.143421249185337
17.158414916179325
17.226666972519755
17.259683383456586
17.681664223520265
18.01660004298738
18.514461325589856
18.924709525303918
19.093201978517822
19.11750906356306
19.133498434614673
19.68440692353403
19.898254663372153
20.516138363966775
20.900108153134845
21.00428402730524
21.097287319818147
21.228736021328267
21.278851562037737
21.689665958476816
21.757764790867878
21.85770632628178
22.518137169666982
22.802206144716443
23.073546105855463
23.1102775813759
23.758982838307524
23.836693245611887
24.575582708039857
24.865210890645688
24.968246032392283
25.069370855530547
25.406531932179313
25.760037476458177
25.81243958770149
26.74655374972729
26.75917169924265
27.047694303937263
27.407774994650776
27.702063594419418
28.70458324106859
28.708911052162883
28.898524650219912
28.90852002816021
29.022876888725452
29.409211938261883
29.455422077813953
29.48856401449151
30.68344105147037
30.789706778890533
30.91266523488939
31.456489836270798
31.647515760124833
32.65778903036254
32.69684173046108
32.748429426489395
33.351159863949384
33.44220037913617
33.45789744129388
33.900978021963034
34.358948001920496
34.547578426999316
34.72626459191794
34.85681218168881
35.2322722903814
35.90187869231658
36.33018968828707
36.70067403853451
37.19079691406478
37.5889436671883
38.18946646816514
38.491001740478104
38.58956772628298
38.740784707806625
39.16849388890785
40.070438874921884
40.37163176869414
41.1426787997876
41.22473164548471
42.02886098514595
42.53309669270905
43.030992074800004
43.421022701488816
43.973243983804586
44.00634944984992
44.81309014177243
45.30191717711799
45.97372849855196
45.98057501614465
46.97479666672329
47.26025339858572
47.86832797762493
49.04458961334055
49.23763165255454
49.597379209355275
50.92539934426597
51.21146125028429
52.883660255872556
53.09925091562302
54.86094965621876
55.059246821810156
55.61238472298512
56.83468408515704
56.94000510576254
58.898188588075826
60.87540275623298
61.464408479031626
62.01776441094509
62.849044733028
63.34511651284654
65.30324923700233
67.2803946230367
68.24513426122965
68.25969126376927
68.81314870425757
70.14033090416007
72.09839346474648
74.07548884534113
75.44468965489756
77.32530630226502
79.28334379764928
81.26038547401029
83.01926481419615
84.89985443770846
86.8578483754849
88.83485877482389
90.98322155822974
92.86359942295348
92.86485902384266
94.82174740820386
99.33643656971824
101.21696709758226
103.17490550817578
108.0788065053357
109.95929728854038
111.91722380190139
117.21024654410093
119.0907336146159
121.04862086820364
126.73069790878608
128.61116897099217
130.56903822925688
136.6401123680482
138.52056383121564
146.93844341707242
148.81888139999793
157.62565745228167
159.5060837568293
168.70173885144084
170.58215049089532
180.16664859501543
182.04705186935047
192.02037433960496
193.9007670270919
204.26289624075903
206.14327759772107
216.8942003052139
218.77457551579204
229.9142743249866
231.79464493992145
243.3231113279503
245.2034752626771
257.12069850976
259.00105705297693
271.3070257521763
273.18738585006616
285.88209629745364
287.76244636334064
300.84589216015894
316.1984107462866
331.9396457839442
348.0695936346545
364.58824134462424
381.49559097490464
398.7916302260856
416.47635169526217
434.54974394874154
453.01179844354675
471.862477002646
491.10178653109153
510.7296529048486
530.7458824285646
551.1509221320823
571.8380064552173
571.949029471672
593.1281596434914
614.6985619700272
636.6563895427969
659.0028221092875
681.7316255671966
704.8501683039593
704.9362186865249
728.3490277070678
752.2160574127132
776.4026529876271
798.8923829475167
