2.7279073371422995
3.7546779781566606
4.6573482743189665
5.6610391539537925
6.559286660283089
6.598706617354315
7.516748712526006
7.599399066828281
8.513910411718664
8.547512158374346
9.473179027908387
9.555883866134657
10.424099608176583
10.469375854897997
10.484654993533638
11.40981391072352
11.463829835100892
11.524246585012369
12.309954911226452
12.379769629449944
12.423673806586388
13.419594843588396
13.501168422193695
13.576175792288703
14.16251053108052
14.218571709530725
14.307477806254841
14.372744941691002
15.473451206132546
15.565512375110277
15.957752109281175
16.105939954819256
16.166596903306072
16.313413698684712
16.50548552055813
17.436844781958477
17.56062445735065
17.90979981855203
18.067700865241775
18.128876884743327
18.236706056460882
18.414476191859322
18.854681597598017
19.34094807352254
19.397121363049244
19.55923358218238
19.873058717594578
20.037029286048398
20.127855362985876
20.356290199701057
20.851300506673795
21.250514370272647
21.565730768059826
21.83428176299073
21.910689454098684
22.07469378374748
22.111742526317414
22.3141410707016
22.610323126321923
22.85634603715228
23.194526681614974
23.674777036423936
23.741192719345314
24.054937463358932
24.102803391528465
24.273942005946758
24.518397874613864
24.85901758050972
25.15371981208936
25.53551302607195
25.767212643109424
26.03805545110804
26.113087484032377
26.239977396476238
26.298686489685323
26.462618555520333
26.8733409835431
27.118147478039504
27.762534315139632
27.89432893331353
28.093695536549014
28.219762481082295
28.413276058562623
28.54619564879228
28.87508952717567
29.117922493546512
29.76135620372387
29.824071483544206
30.02835414194641
30.091752871246904
30.191029713747326
30.36867860238577
30.38406838447123
30.720748474368524
31.47038812453995
31.759490897868567
31.81840061590422
32.068506208593995
32.16038623396087
32.276530673125094
32.387423978042996
32.93166032439859
33.75602435871565
33.8068367692329
33.985751871979396
34.06888674976333
34.199673398448574
34.21084604175307
34.30181979409262
34.75883906869202
34.83539279066756
35.629728252703714
35.75123705902249
35.85563103472971
36.02042856027564
36.14335009629512
36.250320440441975
36.307711199772235
36.73855624746321
37.51114708069692
37.62334773845154
37.884060977204726
38.097369295035044
38.29890165218774
38.43137338030849
38.67687208105334
38.96646353469299
39.13532528593848
39.68958413415436
39.790845055331204
39.89407341041311
40.133468149440546
40.311938083744735
40.62651921759192
40.68450904205178
41.13722719691995
41.222566780764446
41.5940524488637
41.69836021355337
42.125526155425774
42.31946232281902
42.43419298120204
42.57876320000018
42.71699974198575
43.14396151877554
43.52993506290248
43.90939704150774
44.326871651457466
44.373478811105734
44.43942070922439
44.56955254072319
44.936787027878935
45.14966679064312
45.28455685629427
45.48819689480684
45.87332361790268
46.16636716367961
46.375906327585405
46.66145797645271
46.837226457671576
47.00199280922202
47.18215588249615
47.44069195942733
47.97394213714938
48.35375319408252
48.39082112754667
48.54013584586169
48.77591874161064
49.19943590643706
49.401190516553775
49.458031193854005
49.71642691070137
49.99919323651467
50.015229985772585
50.38424543662853
50.578457945297785
50.72930980078822
51.025285513641236
51.16291148275929
51.824186623117264
52.0040468546191
52.116321176165634
52.404275278286285
52.48756961092359
52.67952480772622
52.9564046349984
53.27690772199341
53.59781452272243
54.00775224629005
54.40778507692268
54.47032319372344
54.61398508131821
54.7270499288435
55.99045275454902
56.01900073465602
56.0335238503632
56.083907514549615
56.27550881665115
56.36601714934806
56.59879160910905
56.619453897317754
57.05336546553786
57.57828587228535
57.79200865783361
58.02068334403197
58.03737237290459
58.131711373740856
58.318187085512
58.50356540079977
59.25465819966998
60.02049442283506
60.10265127168545
60.27027128511344
60.44206705424558
60.606512203778685
61.26830695484965
61.47611744211299
61.90618023547506
62.04410177371647
62.12210833516676
62.37931449942677
62.437574129053466
62.675126856631266
62.86201236985016
63.017560343373574
63.17950833240898
64.04383117176748
64.17199324601688
64.33272040821214
64.43846370418942
64.52080259323918
64.91693019887548
64.96322821272217
65.49054390831893
65.50695645509639
66.11663439534408
66.27849195080935
66.43980045917135
66.49376244892649
66.85426542501422
66.95613464090346
67.04527059340447
67.93779725538027
68.15479113606068
68.44743536624416
68.68415766018079
68.755894484538
68.82317274946108
69.23011723740042
69.82068090359432
69.88205947456126
70.16629476031251
70.17942174931669
70.48046884314802
70.72948376343992
70.76254590123578
71.23277178177533
71.42183158444459
71.72179177829554
72.14759390988519
72.45712354960074
72.53415173661006
72.68516858236971
72.98234181947026
73.23752065512072
73.65545342468619
73.81426564694375
74.35208591211469
74.64048215861037
74.77130686130633
75.09773996349159
75.16355799141398
75.60802223736461
76.15939638742798
76.22144150481006
76.41772221982977
76.60463625285307
76.74436149389919
77.01319223365903
77.27489922604121
77.55030712987218
77.83483036201034
77.94745484831387
78.4200976711123
78.91276669511524
79.38395549385825
79.50075868015018
79.83755858253177
79.97881086789432
80.4238201671795
80.79818570621902
80.84929170998623
81.1210832865601
81.21019123284876
81.53006480528235
81.89234461764015
82.22319530917746
82.52294019049087
82.65792198779181
82.79919342128673
83.4055290796144
83.8991934034007
83.9949393839588
84.45875816332742
84.59550685165665
84.7058995743914
84.7546877311305
84.83257235568402
85.1041160852284
85.62183392087887
85.9957657936737
86.19098784395426
86.2767020118332
86.4889962126335
86.53433914717502
86.6711047774629
86.83682164721394
87.22781466939124
87.9578677664507
87.99949745856149
88.33349883441657
88.36118070782416
88.42766926161708
89.07573889977569
89.44924052830842
90.32677040280814
90.37810700658888
90.59769973703867
90.82151395637044
91.90725894149281
91.96024210993853
92.03584432657088
92.32628740366049
92.40602661747346
92.56526807581974
93.13707453582698
93.37125651947743
93.43167386083063
93.96197879737981
94.11353080429006
94.24462516377857
94.46400486694905
94.7690139871783
95.1537083791158
95.93101792372406
95.97511410861857
96.39587839639158
96.595370824011
96.86689524177152
97.15442036350308
97.93470881552275
98.184644350604
98.34736747190234
98.49100495107204
98.80324712854394
99.47954940354744
99.59556102742862
100.0002747792011
100.11180759334646
100.2890654583984
100.31164327294903
100.32369458012091
100.92326487761432
100.97292010193284
101.58908328297991
102.0815980318348
102.20664100520236
102.31905741003595
102.45641337289531
102.818281563626
102.85208699727752
103.28609634715157
103.90798676590663
104.0608424414532
104.21149329645966
104.31946017995531
104.34483994873032
104.75867443034849
106.14250490792524
106.32532731145707
106.36020311164822
106.44889999641538
106.70520068350284
107.44515619699807
107.8851772470324
108.64951067893092
108.77470978125005
108.91458602733712
108.95163182900362
109.06046043040176
109.6698325521141
109.97399706962729
110.11646190398119
110.40648062993509
110.44577477751585
110.54341289037694
110.56296870437558
110.6931853404783
111.06185821401688
111.56790286426217
111.63218355300408
111.9246410733549
112.14764972270315
112.21364726888864
112.2692414065428
112.97423678168312
113.06499782708377
113.50167805903227
113.63244743460001
114.51720962767634
114.86516022876069
115.45072223617302
115.7778579860677
115.88271568289767
116.38760622339278
116.4972202856012
117.16076897455468
117.30499914311599
117.39580946269716
118.19258949099378
118.38313742117465
118.80514617947169
118.86005352814512
119.04102118193346
119.19107399018588
119.30182051000237
119.92773758727917
120.19438881073728
120.54902256390915
120.7030719810192
121.01315780014403
121.23231442858359
121.71259554321016
122.19716767933359
122.63314093795638
122.68848485067844
122.78215220441236
123.262094752045
123.36725002362782
124.19221818405737
124.21378728053035
124.35232810012613
124.4584666801438
124.54773041596803
124.59507446774478
126.04657656010062
126.45231176313379
126.52998027011165
127.71408834329108
128.07232541246472
128.32141723325134
128.33423709093861
128.4338661812897
128.89694326355712
129.21518760177088
129.29739033221787
129.70846047572786
129.7173912219551
130.14837777224562
130.22663265690875
130.36541588941495
130.84676153065243
131.18315522220342
131.43063191468406
131.71829176752982
132.07302662855858
132.16055239805732
132.3959036235511
132.7104159226045
132.97874590889975
134.11110125278617
134.43488764003322
135.18025936825063
135.48458405173224
136.01609038666177
136.0574350754877
136.8986400478569
137.03926128742833
137.57136332368395
137.6247260332597
137.8491023595041
138.2427034897944
138.4317999935822
138.56886799196096
139.6243239438804
139.67400628618722
139.91570766431707
140.06913645597479
140.13903916706468
140.3669161586497
140.56272895610618
141.49125924610416
141.62839196079193
141.92033024971605
142.05051606510247
142.0736056087567
142.09814904884715
142.78066283865613
142.91141472451864
143.19834716060296
144.02274835560203
144.34575521267604
144.67089054935644
144.71481951108552
144.7802832293845
145.96604428419346
146.06150241723503
146.15209074524037
146.31805422914562
147.76145753004147
147.85803129013888
147.92417109245994
147.96104872923712
148.42631818151017
148.54378880551286
149.05848038166752
149.58457866424806
149.92578866379992
150.08105549248717
150.44194549013656
150.61928277421413
150.7648289178074
151.5637058241608
151.62017517682926
151.83117686539532
152.37350489035407
152.43272206432434
153.10698260187448
154.32480726972895
154.44346781255513
154.62753660547924
155.4460193400912
155.69820915757646
156.26415500192263
156.35265974191876
157.18309569778674
157.86947926735505
158.06428824323814
158.15944568341862
158.61220509244407
159.09270607367102
159.14198086610014
159.23405278883618
159.44556172787668
159.88476321088717
159.9851582308121
160.1542120141842
160.57208992725813
160.6136233296629
160.70060056484215
160.83339569943894
161.13087219315503
161.53148615918371
161.6579842436981
162.13396743384874
162.61598750679684
163.0629326612448
163.1915888287821
163.4048800325641
164.92981381437107
165.00614507956843
165.0142225170609
165.59675393759647
166.33559994003875
166.95772826338492
167.58774741860177
168.17110596909725
168.7550952363924
168.84589081900887
169.5992311075512
169.68890052685907
170.04891772352136
170.29915056007755
170.31558840484757
170.57808479236084
170.78134437031284
171.25943706271585
171.6901143838577
171.83606718131068
172.20908877393663
172.3793390713961
172.82356069774497
173.69238225865507
174.1442620978526
174.33661481278745
174.9111097199627
175.61593677744463
175.85975784686562
175.8996577897786
176.0919591594566
176.37781816885618
178.03525338604317
178.74295612256685
178.78220313304018
178.87619344116547
179.83287055575343
179.92076268282162
180.12658602014426
180.36940102316618
181.15439229978804
181.6563352742726
181.77932963412022
181.81684642714873
181.89885033319098
182.00082937176256
182.33397065977283
182.52756207680298
183.15578223526515
183.62490642432127
183.67691480333144
183.90283396350065
185.01742259550903
185.1565339804079
185.2221158511012
185.53489923443541
185.6095964455689
185.77539584101459
186.58752365176284
186.6901707793085
186.71249713160427
187.55881983538194
188.27336323687837
189.4955663903462
189.50679423306462
189.94477212209452
190.4610547200683
191.05076640199067
191.3005524139562
191.3856680848598
191.79622332874794
193.00844140054923
193.123662706103
193.50622714706748
193.63521899749188
193.80196933540478
194.31046572067825
195.00974845542885
195.073714884454
195.37041508362623
195.53196593987263
195.89289617557424
196.06836255730204
197.44820686327057
197.46600856369338
197.6698401747349
198.16340342771124
198.19563440093768
199.4138749208007
201.14948760687082
201.3577917310777
201.41245353847555
202.09911798312058
202.12830019430456
202.24881669365564
203.15615112213072
203.23829743176972
204.9776653655843
204.98501350836779
205.06789736276863
205.2519172336801
205.65363666867168
205.76493825336493
205.88032510598936
206.7585250862854
206.98845620831617
207.22398060526396
207.25499642693592
207.77659168034265
208.4839855553262
209.13689933127932
209.70915721562773
209.80288051628867
210.01926133233474
211.65685000646457
211.72771276815755
212.23060904954718
212.79150490970858
213.26171594167175
213.5934849326472
213.60175169849938
215.40431538460888
215.48141883899058
216.93871680683125
217.2239229060594
217.883749797163
218.4489060828074
218.51323007851894
219.20186558649334
219.47544175021756
219.88475909515057
220.40924280395404
220.72647368602316
220.99511336242142
222.2703417116391
222.34264252601963
223.68394331222376
224.2920186272673
225.45259165325666
225.51163914145013
226.0165297689513
226.23446285636723
228.03456745653176
228.1115132482655
229.17644148780442
229.32807005403026
229.8569791359286
230.28286805788434
230.3039891965798
230.90389428118482
231.53430119667297
231.57351071126823
231.66346112465973
232.10456403960623
232.90492621643702
233.23856675246512
233.4321132832448
234.89267085330155
235.3255737992246
235.363648408174
235.55323735153922
237.31365345467867
237.69750109305159
238.14489079392533
239.25599779778278
241.0565805473492
241.13088505793982
241.80847960373794
242.54674190646824
242.87870169267964
244.3130136242531
244.94415608997605
244.94729044256812
245.12600050845498
245.86949622920977
246.3139154209854
246.84133845072165
247.2157061752297
247.79228123846164
247.91910115807607
248.74135410933158
248.7753449909352
250.33380884759805
250.72373248123716
251.16653197433232
252.66605119984504
254.46668137694394
254.5393344256767
254.83041688306236
255.18297035771914
256.2889533524324
258.1107259751785
258.5361729439135
258.74345201970715
258.7705370287713
258.80025892985304
258.9023676121713
260.11173337051594
260.6403956541765
261.329018371347
262.57324262413204
263.3528776880282
264.52305886147633
264.5787940984402
266.0625309210153
266.4639838415811
268.2044038681601
268.2379866870994
268.2678214902569
268.3374780988614
270.08775447533816
272.2960113004006
272.3063376297385
272.33620014174534
272.93178353655287
274.2981491458802
274.8277169897147
275.1235757661276
275.1607492751574
276.75908814772464
276.8284430130219
278.3777090355853
278.71006802937194
280.65294221549766
281.6163905850024
282.039182058398
282.4535244905074
282.52256584936237
284.2755293321387
286.10419516449525
286.52297471571853
286.87273332297696
287.50799669612286
287.76972012504746
288.87318760125754
289.3168397827208
289.40411614643654
290.5599799847104
291.3369131471739
292.5635339337063
293.28597376730363
295.228540398851
296.2265409249176
297.02988676077064
297.0971492623855
298.8526615103308
300.2914136028403
301.099155390693
301.8361946643403
302.34378934639824
302.4732266816183
303.8364674972418
303.89456492886364
304.36891963526574
304.7559960777325
306.28769751552665
306.30135833286795
307.1400001632833
308.25097901075026
310.19327011191615
310.80281735118643
311.99456424884124
312.060311169239
313.8170150503725
314.8679195704279
316.063934373655
317.18859610949335
317.72350195290824
317.8267801158369
318.8621179366675
319.1893700772481
319.72237265818666
321.6547819333189
322.1044914135041
323.6041409576009
325.5467228392113
325.7681080861021
327.3479322208393
327.41223269229386
329.17030734186164
331.41765340359484
332.9297496852827
333.41822446930655
333.56876418376373
334.21097461813304
334.9303355532325
335.4642946165413
337.3965261658351
339.34555486328856
341.12018683178997
341.28840639261256
343.089878076967
343.15288283802045
344.9121649264858
345.18307927297957
347.1591162886416
349.05923698310187
349.6446582679737
349.6992920460406
349.95349532470823
351.05990422179235
351.594072280907
351.6414265021195
353.2010353782571
353.5273851606021
355.47712679343056
356.8625167739289
357.4186898632178
359.2200911814831
359.28160656828464
360.9282713844282
361.0430307016272
363.2894782251546
365.577441154984
366.0831121143706
366.2184997642401
368.11423800904123
369.33062467315193
370.0465027177067
371.9958495544537
372.99292452749376
373.93806715497516
375.80017064843355
377.56180078277487
379.8078277876052
382.4840481337953
382.6020221957687
383.1262715390108
385.02191597985365
385.84931784502504
386.9536830760824
388.9034037627492
389.5109209568292
390.8452496571388
392.70655840303897
394.4692789707719
396.71658098850844
399.509503716268
399.77929712196647
400.4223561702691
402.3179098692324
402.7563376710608
404.2499608939424
406.199165074641
408.1412576335787
410.0013432659241
411.7650633494143
414.0130062929408
416.803806926546
417.46276644422744
418.1059094093111
418.12244795875534
418.1645143464377
420.0022206514913
421.93374342070535
423.8834708965969
425.82504201641956
427.68435786305116
429.44881674504813
431.69518536578113
434.48753028217214
435.5344525566194
436.1656764503695
436.18103766171527
438.0747309777282
440.0068111155412
441.9550597922128
443.89842773456814
445.75572629252946
447.52084541755073
449.7662460564714
452.5573023134113
453.9940902740832
454.64017097274586
455.8004553291785
456.5352551592437
458.4664072065229
460.4160059736927
462.3576991103749
464.21497470369724
465.97976555349334
468.2260279408778
471.0100236460435
472.7810377019422
473.4884989991668
474.31236673915856
475.38293815703986
477.3128608663049
479.25856722378734
481.21318564198526
483.05805862698634
484.81847532716756
487.06320828398475
492.7226428048972
492.95506964919684
494.6146501167539
496.5328545646728
496.56642342608984
498.49215830166537
500.4267117421916
500.53015900920104
502.29382322773085
504.07770322765384
506.27505832010644
509.0850642709007
511.69096712700883
511.74077109231246
512.248660796571
512.3360265274813
512.386979225558
514.2229607177544
514.3320689372474
514.7973462204644
516.1447486446997
516.1618737793617
516.3375290029279
518.1001811753475
520.05201638849
521.8989486234749
523.6659697943228
526.0321671764452
531.5609296724367
531.7234641142144
531.7574294658964
531.7869899752711
532.2239505541131
532.3458221700351
532.4054494238293
533.2242911869342
533.4600494688904
534.2442570428097
534.7415637258456
536.1291105620751
538.1671178075981
540.0470543936835
541.9726532079385
543.2680054526982
544.7247517994206
547.3747744341335
548.6735041360231
550.8222328045275
551.9338730398109
552.0371352445153
552.0693661573401
552.5649118952563
552.5999311456621
552.7098577732506
552.8177459765752
553.3055974927149
553.38293657895
554.5451164280789
555.1899859698145
555.5407397538902
556.5484317405663
558.527627753408
560.4078037680944
564.107790010087
566.4014714230599
567.724232473494
569.0448609331852
569.6917584738997
571.3766364186312
571.8420096104267
571.980536902327
572.267183820382
572.2931375672401
572.5498937621586
572.948281232999
573.3573248785592
573.4360047187557
573.812315233307
573.9500317176595
574.2983547115472
574.3639719646103
574.9578864767351
575.3709965091167
575.493040758763
576.5329138211132
577.3151168694175
577.5653741623296
578.1706208469004
579.1405267144394
580.0094903765518
580.1679257005818
581.296170550806
585.0898003598171
585.8992084984598
587.5939062571819
588.9571211690652
589.2915820090587
589.8652814881865
589.9892792177292
592.3722587782764
594.2395751930629
594.7022137829904
594.786712494974
596.0782537492687
596.5489474384144
596.9938606584554
597.145084348398
597.6896806090023
598.352957550411
598.5239322244887
598.8848979267174
599.4176526616941
600.6630624403967
602.5022320631516
603.4889591676794
611.0650284935979
612.2728822311416
613.9546568720943
614.5980160840545
615.3967102938581
615.5169256056648
616.225402174448
616.3316696417497
616.3747971617294
616.4776635077751
617.224045216531
617.3158074217063
617.9884079739452
618.416759008318
619.0729858893723
619.4811627938057
620.2328734113881
620.3808272668814
620.4667271151625
621.9910210829661
622.3160114253876
624.0148859330659
631.9280590198961
633.5975899466731
637.3134928012937
637.944144218094
638.2365529847955
638.2673468854814
638.8046503037615
638.8134718546083
639.0013904610526
640.1496999548017
640.45024150452
640.6929986210537
640.76924523002
640.7933165491236
642.0067549285787
642.3978110447107
644.1358831311314
647.8814679274662
656.6232380409575
657.7797694641383
658.2647521130893
660.0731210046393
660.6892496802236
661.445413765918
662.0828419738651
662.3538455886256
662.6285271470142
663.8870254947241
664.5304046720752
666.4194139359288
670.4526625666571
682.3447814546303
683.3052847639237
683.4797195632507
684.0906753479505
684.1832559466092
685.2768954167884
685.9429227260221
686.3794931415379
687.1508488003655
687.327544555072
688.108464202328
691.3521670300155
692.5690171436711
701.3920749737316
703.0684537065919
705.0491097692393
705.9703923909914
706.373395674968
706.5200900530517
706.8040234287224
707.2389829564637
707.2750861086405
708.317664912819
709.3919229695819
709.4331997364649
710.0496754906521
710.4245746888562
710.9043844910531
712.4520230098201
715.3042881115581
729.4991369202411
729.8430290912252
729.8722868493414
730.0370191184467
731.5973341817806
731.9367101621511
734.259508821699
735.892528281855
743.6807413583682
753.7246054541838
755.3089880581653
756.0866267267581
757.7955851752213
759.4682821794909
759.7659549466558
761.806814791299
763.663408640311
765.2640309740293
767.6774651020556
777.6259607404437
777.7015454122904
778.3326919947243
779.8416563559845
779.8818058392686
781.7622155542942
782.1224794853423
784.1251793782791
786.0669796861789
787.6274996826637
789.425220225453
791.7422209703135
796.4442012379303
800.9639173096876
801.4985952461765
802.711325861679
804.5130891069467
806.3545531457893
808.1964078774033
809.9348670789318
811.751904901197
814.0669284431197
924.9968443760961
1001.9645859534404
1041.6100632206546
1061.4464827650982
1082.0432592546606
1101.1134577489877
1121.4720885140805
1123.2444302179624
1142.7026760530098
1143.8187826271105
1163.450528955469
1165.224947262267
1185.0716136258698
1186.1887084057091
1206.211222952049
1207.982587849768
1228.214719435148
1229.3336904526036
1249.7428841762883
1251.4981166941461
1272.1544583189602
1273.2558465407797
1294.94216981352
1295.8414677648448
1316.8711990147553
1317.9765917507282
1339.1701694861686
1340.014551289498
1340.9284954241825
1362.3564060155923
1363.46450878027
1385.0498524071306
1385.9005140184668
1386.7950829662834
1408.6353447239758
1409.7415229988635
1431.7210371451956
1432.5883035869354
1433.435889371686
1455.7173478024285
1456.8135453704308
1479.1973462105984
1480.0790744608266
1480.6448081603007
1504.1200685399838
1505.2721887547684
1527.238217602797
1529.0217270139894
1551.2746164982282
1553.0525235224145
1575.5580029788111
1597.7772153844614
