2.1411006394504506
3.775402494669157
4.070151569442265
5.691204809071407
5.920975331299319
6.013601724359349
7.627470700776888
7.635440015101203
7.909744431789029
7.965676128691099
9.578166600285002
9.59339146351662
9.793603604795312
9.886133534997324
9.91396901222296
11.537677857533861
11.552305144381318
11.592903242002242
11.720282826140135
11.788964273602682
11.88602957174944
13.489688894313932
13.51274398039815
13.563691142879051
13.577121061612383
13.718056066836606
13.825537394728979
13.88729285103992
15.384175502760069
15.480403251006177
15.500077463093454
15.539867129945655
15.776527108350887
15.797464659639603
15.895701252759324
16.32538946789955
17.336080516032062
17.458831726585846
17.486345855185615
17.67549149727981
17.713021573140413
17.884706211034047
18.612205055261526
19.203050588602324
19.30650051522311
19.423161281512836
19.633266307035914
19.861394010548516
20.32249371236878
20.495336032553457
21.198721952158674
21.353358521014936
21.60849994875214
21.82319266629826
21.874895663299778
22.320507431786726
22.441492122410892
22.498808686708443
23.1956600612884
23.75871851582107
23.79169007093305
24.322009132465833
24.498824923846
25.525804314711014
25.551604446395125
25.718962048936756
26.16819301750905
26.359912102356194
26.500347126065307
27.204198772665585
27.413500902655553
27.438994361645634
27.696921634391103
28.1669598539687
28.49569079245387
29.278380953285033
29.399139912567964
29.562930299595255
29.624995616451105
29.675441677941144
30.162069831413735
30.18220937639493
30.242826378444192
30.506291010973086
31.377339458728912
31.51170952510223
31.542465126027
31.596319083373732
32.17005225332379
32.241502820543296
32.382049789593076
32.60252383146187
33.354468086613835
33.47783530126794
34.09155735180279
34.17346017667358
34.19280314046694
34.24710810698558
34.70855331403578
34.89276319241413
35.10538774226904
35.456955950336386
35.600947135141226
35.98306678812303
36.30463724716602
36.707851991583915
37.436856111964005
37.94658121905403
38.707853991145114
38.958711544381565
39.24680697801375
39.56560994773406
39.92932724659166
40.389553274204246
40.71051231656028
40.84864458158165
41.333015672900224
41.55680143695314
41.56573424381586
41.907681485995816
42.76610542835396
42.81758539545021
43.81524337668073
44.20824338911444
44.43455847628823
44.78400153070805
44.816472808628546
45.219237234840676
45.48840197909548
45.563302225914924
45.61787530254891
46.045636187408924
46.098686733107314
46.816333413871796
47.25200603343015
47.595480746454214
48.06160782155959
48.81524011327533
49.73012396173817
49.84879668259137
50.00743474454368
50.44819057775629
50.46479491092173
50.820169387529454
51.73711918152719
52.01989901621323
52.449161557860684
52.848442271237566
53.697726840183435
53.71435936257883
54.451213078127445
55.68345800339026
55.712016647671696
55.87719462556311
56.4562031408482
56.47449765373571
57.344862057232525
57.39990031865462
57.663551445465394
57.76597149238891
58.47436447479544
58.48455032300369
59.72976352035214
60.47626323432558
61.71241731159888
62.1915514469492
62.2943031564546
62.482496955963796
62.88849244634424
63.04508900107677
63.371968785091326
63.691779319416945
64.18309984702229
64.88877114840535
66.14644116697625
66.8907398130873
68.12908262577044
68.89458249488577
69.08649104682272
69.10991011902834
69.69146782250209
70.10841180857656
70.92333778551797
70.99172239466101
71.69164016965189
72.95135757742953
73.69318751391963
74.933883846238
76.29579900150252
76.88195558513783
76.91443950421026
77.72784483891976
78.18310400380082
78.88417930251089
80.14706850334863
80.88571034643127
82.12764648405536
83.87833006801077
84.46344054179951
84.91955405158444
85.15919737200005
85.76613281960769
86.46392275969698
87.7290356797916
89.71100714975744
91.83543010257789
91.84923463207976
91.97018091595339
92.43233594828268
92.50000070126129
93.73671113247117
94.43273556424437
95.69964493973679
97.68115280166899
100.2087758180725
100.46943185061927
100.77822280386275
100.78993867886054
102.09575353054859
102.79019522780126
104.05909927855193
106.03953026608112
108.8255231087654
108.95757965118787
108.98009779873857
109.53586002537463
110.8397885836538
110.84463428203696
111.53632077933125
112.80769644539389
114.78751314114011
118.02823701383682
118.09385052761802
118.65610700467411
118.67153551024049
119.97978530895281
120.67117792610232
121.94140215388106
127.61841359863797
128.19391628350948
129.5043530337696
130.19440035061712
131.46632820030078
137.53199809830195
138.10583403850325
139.41735373723643
140.106265199923
141.37906257646034
147.83348363845948
148.40631472809565
149.7186987792313
151.68036993433176
158.52308309367243
158.59729938129365
159.09536816416858
160.40814028933707
162.37010108855995
169.60273291134314
170.17311485336808
171.48727272336293
173.4482674100034
181.0697389089767
181.63932376965278
182.95459099381392
184.91518972613974
192.9255625614407
193.49417806238068
194.80995626438025
196.77039985217345
205.1696461730963
205.73757704720882
207.0537583291274
209.01490504697924
217.80230591748781
218.36940205840764
218.3707510869057
219.68618478641122
224.4350804603428
230.82330061301155
231.38998822024422
232.70722833616443
243.08880607799372
244.23319340566616
244.79914169774509
246.11667752546342
258.03115959883775
258.59671574344645
259.91449335459254
262.5189515388014
272.2174765903557
272.78276968606815
274.10146216257067
282.7264151021229
286.7924838580782
287.35728735134035
288.67562665087786
301.7556920382749
302.3202267006162
303.6391370784812
303.7119498390236
317.10720208759335
317.67153030463965
318.9901207578438
325.47587706394177
332.84691549507284
333.41109744647997
334.7298029571134
348.01727732677153
348.9753161905001
349.5389809803539
350.8576077881203
359.4929530943732
359.88095819625744
365.4911087653415
366.05489359386905
367.37340559619537
371.3361833338417
382.39486389852743
382.95873539981676
383.2006485319646
383.58873652495726
384.2771490016646
395.4327492334612
399.6865720437661
400.2502685706593
401.5681628362727
407.68730572615567
408.07426421886083
417.3651780265381
417.92914217174945
419.2467680131207
420.3310957436753
432.94874405640536
433.33784394288614
435.43068482475996
435.9948151718807
437.3119578538353
445.96249869669504
453.88235915923576
455.7625784723657
458.9919967409639
459.3786009655189
472.38885943314244
472.7180735246794
474.5974703211824
485.80910932355334
486.19660716471606
491.9350175019052
493.8107492778836
499.5903521600975
511.52584472086676
511.5803824164576
513.3917751099885
513.4051935351874
513.7923265975877
527.5781892651307
531.4654003114132
541.7777488537653
542.1652000216424
551.0281258910655
551.8649050869993
556.3416897338718
570.9287087807663
571.3153884546113
571.8043234657658
572.0761393071471
572.6151218421979
573.2196749659983
573.753098391006
574.1870678992886
574.6857744538006
585.8824955612486
594.0743334676771
600.8576589720901
601.2468613228481
615.69782435417
615.9449799604838
616.1989738616909
631.5663658585912
631.9503938163136
637.5521406122334
637.5668248803701
639.6967306405477
647.2932069142438
659.975735237584
660.0445071950885
660.1466694064247
660.3071023085
663.04688137115
663.433165475337
679.1653740271686
682.2157768822567
682.2449364073364
683.2148196030653
695.3025928386811
695.6945643232011
705.2220954313627
706.2076863785
706.8742884249808
707.6566028130727
711.814949373408
728.3451378231008
728.7321602263397
729.3454142294049
745.2425570486489
753.0258657490858
762.1610477381106
762.5478958650443
777.1584043038363
779.4452875487824
779.6039820246831
796.7549612387508
797.1410103621328
801.2463472514515
814.4279705606975
832.1244961293422
832.5113797303243
850.1857645725107
868.2729047460222
868.6592997776643
886.7239423690701
905.1978729149569
905.5846487096948
924.0372224213677
942.8785979249986
943.2877310097207
962.1316900012695
981.3811967524804
981.7678302721281
1000.9987814547071
1020.6389041930398
1021.0255345563429
1040.6450756587044
1060.6698315574645
1061.0612285812215
1081.0700701433339
1101.4869032627003
1101.87335236297
1122.2710852841278
1123.0619814073561
1143.0768300947284
1143.4633213708555
1164.250945909245
1165.0404760277097
1185.4443683748896
1185.830839702136
1207.0068467860622
1207.79617380274
1228.5888247531398
1228.9755019361098
1250.540299720456
1251.325068948403
1272.5123736163962
1272.89816187096
1294.856002595127
1295.640677896805
1317.211408646728
1317.597390603571
1339.9424064548748
1340.7268074152087
1362.6878155122713
1363.07369696634
1385.8088577331855
1386.5891884327261
1408.9411038873086
1409.3264998272557
1432.4525257618284
1433.2256926633959
1455.9707348840145
1456.3556491642219
1479.874488955218
1480.6393138007788
1503.7817841923747
1504.1578113417972
1528.0264350927946
1550.1906378289025
1551.8949039149138
1552.514408732908
1574.5941852634546
1596.7100229465668
