2.7411533573240185
3.7618127925123495
4.67348588216278
5.668097482478657
6.58006429057519
6.616973119839827
7.522241317345815
7.606272831519066
8.5358314493936
8.567332426069456
9.478147834765041
9.562544392500481
10.44939417611921
10.492062293494348
10.505733116657815
11.41378479842122
11.467910232479715
11.530639979423961
12.331794824948789
12.405044939289311
12.447469375574634
13.423247348657421
13.507141114634264
13.578529135013296
14.187729092526535
14.243645663384555
14.334975399461127
14.397550713649958
15.478425606821883
15.569030371245814
15.967217513158205
16.128172106061587
16.191641897492396
16.33891747479705
16.53429928677116
17.440510215626524
17.56505606897201
17.925560177060493
18.088850407887374
18.15256486608579
18.262935578050463
18.44506677946763
18.85672383762117
19.372415876458906
19.399566926876886
19.564267548525237
19.893155310879898
20.057258956684162
20.148254896381502
20.38722235081995
20.854689134952604
21.284386673880295
21.571113340300794
21.85787002574234
21.934464926647923
22.085321523447945
22.116534914879075
22.34468109343055
22.644070156564545
22.861528801321
23.228869591964283
23.67609926433801
23.76917655043747
24.06460693987803
24.106517374784957
24.302431002812593
24.55442191170928
24.8652212111615
25.187709522728323
25.56631789842552
25.768956010242604
26.058827190775965
26.12409461133716
26.249372811819935
26.3343496640449
26.498853782754193
26.88201790053873
27.14960030390941
27.765751433410752
27.92751558157669
28.105018793001044
28.25437565349121
28.44798131701577
28.549337485067372
28.903738884757978
29.127788217184015
29.76534604780155
29.8259726318347
30.056328324176125
30.121290186437783
30.220086859308772
30.40728368386656
30.418750786048374
30.75818250716024
31.47182283881899
31.82190988129957
32.10087178375596
32.19409830545197
32.317131975709906
32.401352928293825
32.97363185648405
33.76668660391931
33.81379529992036
34.02033680844075
34.10234496057651
34.20957231333827
34.23670957808511
34.31238515144493
34.761739960293085
34.87520179090613
35.67405600538872
35.77264760611494
35.869147677116345
36.041280532354065
36.18041286201068
36.316784505384426
36.781743985709944
37.517165729200606
37.65671478584871
37.89495770372584
38.13146889738425
38.30392122305002
38.43772991656889
38.72059190849776
39.01367897048861
39.13685709610956
39.73144499056042
39.826472909936044
39.93519586846754
40.147378970155295
40.31703664354661
40.6650856083234
40.69123274332692
41.139381038049024
41.22420839827893
41.63883356834233
41.74192862032211
42.174392723731124
42.32892757181221
42.44532367641284
42.623373564041465
42.75503692377523
43.14680180451436
43.57580521992645
43.95607651853399
44.35452540484097
44.375721430836386
44.446822167570176
44.97950967790494
45.153419143119834
45.288065771196365
45.533839823167014
45.92531355122541
46.21172744536415
46.37812319827123
46.7063060933488
46.88299587908083
47.012045524199614
47.18762545364776
47.48482193964833
47.9756206457591
48.372065678954385
48.41117770851798
48.55550692032253
48.82304637454161
49.23252989340699
49.41754275055378
49.50916441617042
49.73173303446505
50.00196467303003
50.05805921529771
50.387318075358074
50.62265662019924
50.777096740423055
51.072358426300504
51.215401357846744
51.8275997453006
52.00552868448872
52.11815968956405
52.41135647458474
52.531733701210456
52.725282725350276
52.960867053394566
53.32804076592565
53.65378404478203
54.00984052766372
54.45623753311456
54.51160472966214
54.62275905943611
54.74465683577747
56.00423109830474
56.020589888766764
56.05291142926976
56.10846350389192
56.32191262739245
56.414667599842936
56.61778298459634
56.650343128666
57.055844578758155
57.63262725130323
57.807514969558675
58.022445369782346
58.04128911200899
58.18138958300654
58.36608450871767
58.552412536436705
58.57748848061047
59.310501609742836
60.02441445769464
60.130118411354275
60.29002512276185
60.49096004819828
60.60845615665202
61.31322338841997
61.49089037509907
61.94979315851841
62.05265755437394
62.18048195824162
62.41464296638087
62.452506447014024
62.90480582929265
63.063997987850136
63.19798289751381
64.05181552231657
64.22148954641911
64.37742039291903
64.4449654503827
64.57794836709624
64.96140983763367
64.97037890803944
65.49244614677342
65.50922817890049
66.14808249710794
66.29710383617609
66.54664953672541
66.90512491737489
67.0140355491008
67.09873073568062
67.98790505488611
68.21276819241407
68.44979718220394
68.68688111644808
68.76747734281278
68.86694434943128
69.23086728516294
69.86641931892058
69.88592975895955
70.23224891107934
70.4848619221154
70.74285471869865
70.80462722543136
71.23399592120556
71.47223512679257
71.77201776616683
72.1894011787398
72.48148562125473
72.56449026280073
72.7071788199079
73.04025944941144
73.23920523687703
73.70726150311798
73.87557837778397
74.40269793694726
74.64228892566972
74.77420849113268
75.09961096652093
75.16533857287172
75.66022886203343
76.20453309072454
76.28534999240875
76.40441548070412
76.41958249140995
76.66060955915863
76.80149593993883
77.06101167982622
77.27761807985817
77.60137857459526
77.88055407010206
78.42111044244855
78.43398474158948
78.96389093955938
79.44083559317923
79.5258967632899
79.88728480446521
79.99326397502676
80.42503460705001
80.90018219896956
81.24396805992846
81.5943600179911
81.89431049016142
82.26244277309652
82.55672008818603
82.71596204210668
82.85227239612207
83.4627958336138
83.96219257137602
83.99632502145587
84.46121509491482
84.643266540997
84.71697802685823
84.78949528243616
84.84332936390769
85.10579920477247
85.62353798562722
85.99676612584075
86.25061524420637
86.33875922222165
86.53652499549365
86.57112245012694
86.69579406606708
86.73285400835812
86.86329483651937
87.2879734725951
87.9600486936134
88.000631429881
88.39327670121229
88.41514494639237
88.48089387861151
89.07811405330418
89.51193211454508
90.39130737760502
90.43194998670351
90.65525551164995
90.82431808494457
91.90847466615348
91.96076050554453
92.03748837884072
92.37945742112753
92.47283062439438
92.6144392440135
93.08506595502922
93.19778733105967
93.42188993780321
93.47490202870829
93.96300739123221
94.14416094351218
94.26795099337272
94.51630061721593
94.83421526120462
95.15575395263959
95.95767280200832
96.00307246936507
96.44918510503383
96.62501605957164
96.72771946214262
96.87129167867114
97.21959461831347
97.96862478617984
97.98449278766324
98.24181340429686
98.40175115669193
98.55262594269698
98.80612618650537
99.48159724482272
99.65691691669511
100.00188551545092
100.1240255339606
100.31170804420803
100.35196586148247
100.37801261731475
100.97297637481557
101.03513273602448
101.65654737229916
102.11212909964074
102.22975245391
102.32034251498136
102.458195428135
102.84511466278676
102.87955265751317
103.28897516937116
103.96232305309168
104.12938299247362
104.27343951918657
104.40828145059861
104.81232321781712
106.1979225282669
106.373149527601
106.50736314910873
106.7601167519284
107.44654826470892
107.95150670438419
108.70394023151401
108.8261487646146
108.93877544629714
109.0086686349284
109.06152074420571
109.719975917977
110.01605041766994
110.15475094390854
110.41279556846811
110.47218929368381
110.58242475102905
110.6969355283354
111.0625472394122
111.62136442158709
111.69497874646918
111.9887592401099
112.26674900476031
112.32353275948616
112.97581019454107
113.06582663008022
113.55657642684983
113.70192195084732
114.57501017415103
114.86676450820057
115.50593909177137
115.78831650315101
115.93931795663866
116.45675739699186
116.56782967869445
117.19811394486379
117.36806363122999
117.4509757944953
118.19297458852716
118.85559678906577
118.92791147766806
119.04379878699808
119.3286336034522
119.994533784959
120.19506932958215
120.61496733233413
120.75698931366013
121.0686239640682
121.29560805582167
121.71429087070057
122.19790168542644
122.67662216722542
122.70107743125978
122.80777462074357
123.32233894484284
123.43398240372241
124.20108624055655
124.27228693527348
124.41946010429533
124.51719829574466
124.56311600887867
124.64666241678873
126.1088972982614
126.5217775123256
126.5853996223192
127.71443623695978
128.07414816833762
128.33931912223863
128.35925094099608
128.38288826307746
128.461546623158
128.90091677767427
129.28594847053068
129.36377147821713
129.71643078158246
129.78174161725516
130.20420734589104
130.28087572334377
130.40175267492822
130.84804827313448
131.1845534906498
131.4313952205262
131.71896926307386
132.14383849179163
132.2163483519231
132.4566519787871
132.7728065336458
133.03664344678876
134.16747676534806
134.50655001370941
135.24136245391472
135.30692265001008
135.48680361745699
136.1116533423209
136.42312782944103
136.90522630617946
137.03827082205356
137.1048697357665
137.6241420828441
137.64433338450058
137.8761888240584
137.9808736344375
138.2939921034145
138.49746460422193
138.58258191664322
139.62590668348622
139.7289684919296
139.91996789189167
140.13895170235685
140.19342849063742
140.3682589249555
140.5635790064246
141.56078833978006
141.62938463132707
141.9811492422349
142.1292321344504
142.16537645916299
142.82901369981934
142.93913738587253
143.19929254181343
144.07949253436493
144.38073832708926
144.76022158743467
144.804340819496
146.02239912982563
146.1332520880035
146.22068027380197
146.38661554801917
147.78768862231274
147.88815074712562
147.92558108374874
148.02702471445184
148.49982101134788
148.59541345708934
149.05965458528084
149.63986268295233
149.67313913435441
149.92632806270882
150.0819614560653
150.2747875235602
150.49673725368172
150.68889771930895
150.79974143578357
151.63776449064756
151.68963704202147
151.89016248673428
152.4299691526195
152.49789537635655
153.1076977332993
154.38183632834372
154.51757487295666
154.69245567272895
155.50786870770307
155.7611348958124
156.31573473814524
156.35888828700695
157.25617417756888
157.9361578207454
158.09108110350311
158.18968243958633
158.61252288042536
159.11199776331833
159.2859364402096
159.93834204097064
159.9921251514076
160.22426548127868
160.57333914252285
160.6141447402086
160.77445150422315
160.90694074015673
161.18618310164393
161.5988116763901
161.66617808146293
162.19580240154684
162.61658085900524
163.11959840167245
163.2633676536383
163.40556625405742
164.99487934681443
165.07140802463064
165.0784235760587
165.66821503158292
166.41056680007264
167.01481457306969
167.65291108177814
168.23724355444355
168.78005367168038
168.87751766868044
169.68950437857822
170.1188818365183
170.28195040610535
170.31928033823402
170.36532275592316
170.63527100331098
170.78581449842864
171.2603437521995
171.69059138523843
171.9061673570891
172.26464117062315
172.43112486469136
172.88561202666207
173.69289492366698
174.1995583797045
174.27247377736904
174.33760698034254
174.9852604230786
175.67561301347803
175.70491853398676
175.93584086876086
175.97171662676038
176.149722252766
176.45188740644593
178.0927046069101
178.83389197241084
178.94025588761411
179.85741049423552
179.95323159758033
180.18648199881633
180.43659792022723
181.15463729949053
181.71398663272274
181.83147949032738
181.85264552920367
181.97150077931792
182.05559101839617
182.33523070269965
182.59766707157274
183.15618256135542
183.7324245423869
183.96486132210347
185.01984190264605
185.1574705536135
185.29388879957133
185.6114132400159
185.66695741773472
185.85183679306618
186.65633895659707
186.76400801292857
187.61684531473543
188.34853337228125
189.56146626368465
190.0129165160845
190.53576890357266
191.12428648196044
191.32465892970407
191.4189791721401
191.87335568282506
192.77628563247305
193.0087556737337
193.1815741186876
193.51268270017465
193.67336921867934
193.6877558396855
193.8038547783399
194.31117446553972
194.47789918286443
195.01017715396924
195.15129036952987
195.43311365434727
195.58807841085982
195.96383120715834
196.15852657068092
197.01218807023548
197.52289437054156
197.74244990389903
198.22961742067173
198.27176768742092
199.4717755243077
199.54441850712533
201.22577654249704
201.41585258249256
201.48134468298713
202.17685211251785
202.20262544632604
202.3264761908251
203.17952471094182
203.27215033753748
205.03609530366225
205.05708126561888
205.1352395468966
205.2522270361594
205.65450074807143
205.7665410599034
205.93319535010122
207.05949940409627
207.25170922403726
207.29042106798767
207.83289146738028
208.4858042141349
208.59354985673872
209.20940241335495
209.76703310509788
209.87817997546205
210.08571379097944
211.70892914128328
211.734538500118
212.3061810104608
212.86945187974925
213.33928033408299
213.6582032946448
213.71238225882223
215.42462967917692
215.51682384358617
217.00646215477033
217.28239284643473
217.88342342043444
217.94042719107108
218.52468413297396
218.5663674942599
219.28049358473925
219.53637949756828
219.81747843639596
219.8851580508934
220.46576367769725
220.7271212644779
221.06758407469945
222.33312409327695
222.4006076140967
223.75391551985976
223.9476856286651
224.3502272716489
224.3916326562429
225.52742569095048
225.58097753366
226.09196980115303
226.2930307444408
228.05623658633428
228.1476313639504
229.247951577933
229.40618743889132
229.91573549524594
230.362113299991
230.38010088543234
230.9040866150677
231.57440138925304
231.58885461656425
231.66407871454737
232.16799801069263
232.90524397428135
233.3055339465049
233.48843771516547
234.90556550273388
234.96557760159487
235.38559270478552
235.42208472963816
235.49204746476968
235.6269132700822
237.37263914093288
237.77259634131048
238.21451712628172
239.3146381045192
241.1682162300142
241.2637848976337
241.8301515396165
241.8803089125166
242.61713891027276
242.93762106771243
244.3130968584775
244.99801527102173
245.00059053591437
245.18964089593064
245.94201088827094
246.31430772948977
246.89761935737556
246.91819961474616
247.29170909794496
247.86987678416023
247.9862122560473
248.83302800357876
250.40727974686385
250.78292134260923
251.23631171360051
252.7249907274512
253.4899769817922
254.5772609092147
254.9024146448476
255.259728614111
256.34813047430316
258.11089611670457
258.5998554658989
258.7707896063007
258.79602165304703
258.8057289626398
258.9730755194153
259.53070064941994
260.1120162810502
260.4891837899063
260.50352787957144
260.6975836810613
261.3962044655559
262.63165269916345
263.42817010031024
264.5822867340775
264.64849517047696
266.1367455679681
266.52240241707756
268.2875697871555
268.3153808755335
268.37570411986104
270.14707987420746
272.2971236095087
272.37970882066236
272.39997701445833
272.98568799586474
273.54780049226855
274.29840956109433
274.88507228751683
274.9225314596805
275.2025356633038
276.8088150213194
276.8188962016896
276.84116944860364
276.86359218385684
278.4475248274818
278.769645778817
279.15968313979624
280.7122067930178
281.6930528557334
282.1115094802847
282.56174002815413
284.3347811642143
286.17850813813203
286.5872096578479
286.87255102048624
286.9376562029789
287.5620565983161
287.77010847236375
288.87343775372256
289.3845010355953
289.4616610865287
290.63462446091455
291.3959780470988
292.5547905376744
292.6332341482221
293.3457135510131
295.2880978955738
295.4911099952394
296.29906841259583
297.1372114314114
298.91205414432466
300.36595228525147
300.7359562039629
301.1636104615382
301.83634028859154
302.34416965412106
302.5274172266173
303.83697750377024
303.96158667218816
304.42663237126885
304.83004365917606
306.3549872915874
306.3619815454493
306.3875047415854
307.2105662445947
308.3108969613025
309.679062238239
310.2529512294788
310.8779224597687
312.10110465836453
313.8769430702797
314.92425351881377
314.9424458378082
316.1285601475831
317.18873296898414
317.7238008868659
317.8811528382735
318.92655005352685
319.18964084765844
319.4102765946452
319.7802660291048
321.71423194980713
322.1751542864826
323.6641895186464
325.60652552224883
325.8410799813078
327.4536815781892
329.23044782447084
329.9081256351631
331.48238276058953
332.9297355030675
333.6233505643594
334.27926910171095
334.3683736187197
334.9305653268269
335.5223607965765
337.4559223102549
337.5424599853503
339.40502666535775
339.43155905847186
341.19583472378747
341.34848529377865
343.195112547024
344.9724678528764
345.2632908446912
347.2102828731681
347.2248274325821
349.059361931654
349.72120174553385
349.75406627927777
350.0216305094138
351.06010936076564
351.63828556556894
351.6560938786154
353.2720196582691
353.58717829814
355.5375254500908
356.9357444962659
357.47896793915936
359.3211155553005
359.33828910142654
361.00302920980823
361.1035081588117
363.35453931928686
365.5775813116943
366.15173932115414
366.27344925279374
367.57819178245256
368.1726415671718
369.40177581258143
370.1064636026791
372.05648436968784
373.06635255164366
373.9983889307919
375.84389426232565
377.1323159399144
377.6224662669017
379.8709281851683
382.4841872551852
382.6706671888647
383.18137523041213
385.0805005054415
385.92072714432805
387.01485281146995
388.96419439664146
389.58445827046535
390.9058733254091
392.7509894803037
393.65052766552793
394.5301155564785
396.78198977427576
399.5782990991408
399.77941869321467
400.4059677102495
400.4776489280016
402.3766679870575
402.82795282591144
404.3102732590671
406.2600852797952
408.20198163629516
410.046395627706
411.82607683633694
414.0779106379456
416.8780433458588
417.4628720041829
418.12172740500347
418.159685652124
418.1672936321439
420.06117256833943
420.1225378718377
421.9953726425206
423.7867681716223
423.94460193324
425.8859732756539
427.73016026901416
429.50778394377386
431.76092575088
434.5568148964176
435.5345534354154
436.16692836316594
436.2355921639373
437.80635570186314
438.1338376505997
440.06747081058893
441.46888258364714
442.01266263300226
442.02903518255323
443.95903208995196
445.8017589247418
447.58226397238826
449.8315348389494
452.6266747357734
454.6960217646365
455.872670574366
456.59457803956604
458.52653248338044
460.47763372945366
462.41883797756566
464.26189842270287
466.04138204518347
468.2917376776332
471.0772959621273
472.8475123329607
473.54447524346443
474.3809984998712
475.442451148573
477.3675811242159
477.3881494145381
477.97537749361106
479.32650241467434
481.25343012609375
481.28442590783493
483.10425523566175
484.8788044442498
487.1290578757768
492.77888838774425
493.03691603400733
494.66987841714587
494.6820787905387
496.5976656357613
496.6430955833601
498.55353046668057
500.48833538253194
500.6112710304022
502.3426675202986
504.13629448292136
506.3326893947369
509.1524579278184
511.8259185369577
512.3297131498358
512.3933606240599
512.4548629208432
514.2838302549134
514.4021310581704
514.8756302183099
516.2025385718119
516.3616283546803
518.161988153541
520.1142066624471
521.9480919765883
523.7210904623213
526.1021367756848
528.6996644521869
531.5672085328837
531.7281441160745
531.7590955076193
531.7924085032114
532.0331596534177
532.2363546201508
532.3865219465337
532.421358315757
533.3026852542863
534.1391195976059
534.3039386083664
534.7459687245873
536.1967126398947
538.2239092152761
540.1103753861071
542.0159751413188
543.2887461648356
544.7515751693379
546.1711693735054
547.3809347513113
548.6870990989777
550.8262606492394
552.0147360135799
552.0767976125965
552.1170961463745
552.6407298320041
552.7685194473017
552.8983108446139
553.3710192463733
553.4023031855999
554.5923902106441
555.2083594424779
555.5421942384538
556.6122201604246
558.588168477235
560.5488628624372
564.1554504745546
566.465947111032
567.8059103633794
569.1321166290172
569.6924195497637
571.4624012854954
571.9181133467292
571.9831724105597
572.3284797233817
572.3725704352839
572.4901929500376
572.553870522175
572.9547067425505
573.4270578201277
573.4924173697341
573.8681580920909
574.0002332300603
574.3780085359668
574.4451311821747
574.9660749593522
575.444128765448
575.5601615705882
576.5405055537015
577.3563711226466
577.5837255605102
579.2226422290768
580.0366459314478
581.3594907521156
583.1878145839954
585.0943747967658
585.9087880466443
587.2130153769032
587.5947107716744
588.9578814790555
589.3815000027679
589.9564226484989
590.0542308389361
592.4583963966625
594.2610815016656
594.7799603117356
594.845947323115
595.4360494514225
596.081681429054
596.6128671977763
597.0626892425697
597.1479819089798
597.6914895034886
598.3967809655433
598.8032271590855
598.9661113179808
599.5002018321409
600.7126251988362
602.5644716665205
603.5738480406665
611.0893078126825
612.2734906617699
614.0395633356726
614.6706825052167
615.3980580297336
615.597398209226
616.2291475867855
616.3337988255051
616.4235251452476
616.4856142354273
617.2278326223818
617.3189795977063
618.0238947244901
618.481773768551
619.1545250772813
619.2254591722336
620.2353776247204
620.395336576208
620.4839040857166
622.0739082164065
622.3854995807599
624.0730514775867
631.9285240822122
633.6836845287332
636.0183612121403
637.3140058140448
637.7718176544267
637.945537274838
638.2876125996738
638.3513857945524
638.8220767778306
639.0882641135503
640.2027174278949
640.5246953981961
640.6984776449893
640.7888030938017
642.029009269325
642.2823337818772
642.4733024592132
644.2003088723086
646.2223656540465
647.94571561499
656.6238921922754
657.8427434754415
658.3444092771933
658.348471596756
660.7458661333776
661.4986874197871
662.092638087311
662.3561808316078
662.6843191195595
662.6972736360015
663.9302216926903
664.5938530434826
666.4810156307818
670.5138933424423
682.3517240354455
683.3848647921985
683.5394390991772
684.2261813655194
685.3403212400658
686.0200735621529
686.3837877275026
687.197968453998
687.3478639341085
688.1815780623708
689.3321995706202
691.4160991199068
692.6452342079517
701.4281322550619
703.1439212232003
705.0515855744324
705.9726991310597
706.4330468182886
706.5214855569598
706.5351693435939
706.8582502609047
707.2435739002626
707.288904785047
708.3757336062871
709.4461576944716
710.0569798387763
710.4769591966267
710.9817947311622
712.5044250225518
715.3847544048913
729.5040660106478
729.9138593656272
729.9279131360847
730.0880614100876
730.0984690169744
731.6038806524357
731.9914836883195
734.3293789144853
735.9433799851486
741.4027254991832
743.7530484022393
746.571988101642
753.7830434284111
755.310613395675
756.1476025163183
757.8462708031655
759.4792895225171
759.8243331459867
761.876624998181
762.0338978582905
763.7065883633138
765.3272285155574
767.7510833835712
777.6514987783177
778.3633829995744
779.9355019526906
780.0758671907731
781.774143026961
782.1807804635298
784.1947386364801
786.1246141632689
787.6864226853173
789.4947906875481
791.8164625683709
796.4733313028628
801.0232928721548
801.5812654578779
802.7729757518905
804.5750908708102
806.4180369226531
808.2602770516613
809.9982477683573
811.818171373214
814.1363266032662
925.0815593344811
1002.0496098196076
1041.69585471152
1061.479826131527
1080.2786959680418
1082.128195215357
1101.114842589612
1121.473657017353
1123.3299587956863
1142.7039725860445
1163.4520978064008
1165.3114276992846
1185.072892121797
1206.212679236631
1208.0696686851577
1228.2160313905265
1249.744445941997
1251.588345525769
1272.1571454060336
1294.9460684838878
1295.9281074356345
1316.8726478181304
1318.0013481116277
1339.1715351679234
1340.0177849763438
1341.0170401864286
1362.3578402645
1363.4915292223468
1385.0512609157877
1385.903995770167
1386.885162205724
1408.6369192037125
1409.7759750773043
1431.722610565567
1432.592688083836
1433.5287551138958
1455.7197544217945
1456.8738003564283
1479.2002358537447
1480.095028784227
1480.7432737211261
1503.55269792624
1505.3735375351732
1527.3037562279276
1529.1265958915271
1551.3660356193202
1553.158671562736
1575.6633355741542
1597.8792179439747
