2.028515269473101
3.5370729616935437
3.9262569345750613
5.460451386418204
5.764875882051508
5.853942995086185
7.396075773760961
7.409006534161284
7.746622234198211
7.798206342913339
9.36373333994811
9.371893090321109
9.61870484130028
9.715157592902917
9.750428342497356
11.329846815079275
11.342424231973453
11.369497421038897
11.558075909359538
11.607488451334355
11.722158128539052
13.31115117118893
13.324283045674047
13.366719885286933
13.410884852874705
13.529773499012947
13.590822042116752
13.704231320981153
15.216378344332618
15.322393944747985
15.362080290238955
15.554390433328658
15.57765342867795
15.691803945510857
16.033138207796487
17.173111717408236
17.29701208462209
17.45593176065949
17.672169835243345
18.041803469725718
18.346532668250497
18.88232965412374
19.147114012775
19.27163815820151
19.420020724712963
19.641728775378994
20.051213881785554
20.23314879831421
20.886937056768037
21.401118077617426
21.578981455887
21.613682737919714
22.058631362985825
22.134499805600075
22.202590997916484
22.89249527867188
23.467141467730855
24.07753029619583
24.12889534144147
24.195344083362695
25.231965734317747
25.302439611853373
25.430427265021628
25.801316919951937
26.117319671050037
26.175509033254954
26.199609275761564
26.91990745972088
27.119448457302024
27.133018189941623
27.412538287955403
27.80642082639431
28.178069610231006
29.085980496520413
29.222847714189832
29.286945258450885
29.392710614221986
29.811825380488838
29.856655766619664
29.86703423858277
30.196819732239987
31.06501057433702
31.17386521171136
31.431342231708104
31.820469203452863
31.862857763498454
32.33718783915607
33.13856897452792
33.73716733899477
33.84784482615817
33.87330435310698
34.129244602084704
34.3101082462938
34.678174599776554
34.75182825963867
35.12066306608611
35.62532507126466
35.875099528814744
36.000502390835514
36.31384213228434
37.10098793304919
37.58909029652379
38.418256168464715
38.58601919043125
39.155114968625725
39.57182159625293
40.05691645841313
40.32514624280258
40.47258692316101
41.15830552764817
41.21305841591424
41.550576675993355
42.353266952090344
42.43437816834227
43.16245103596778
43.822970124899804
44.38988642791014
44.417138355076
44.511304130407105
45.1661359427717
45.29717692150559
45.709255343816025
46.38624994000987
46.404059306426575
47.19925447740137
47.67176249397138
48.40048352094404
49.35333392008144
49.451973878780095
49.652820123656696
49.76034674442226
50.019230521390455
50.406050538481985
51.33709968035393
52.02207066524718
52.43763592197285
53.29509848558776
53.301165895244715
54.02572573693515
55.28076218304556
55.47052142690672
56.03719363373261
57.03165941813435
57.35577674276748
58.03953958594092
58.06301864669024
59.31760440800561
60.04272583121464
61.29844927648064
61.76846181906679
61.87904731782001
62.04905454930655
62.44481720173321
62.65830063138786
63.76403957765157
64.44705212407737
65.72575859200325
66.45001061842021
68.66975082226406
68.679369598464
68.72440413627346
69.24219723005649
70.48543220387224
70.56286237329881
71.24416315800983
72.5231309863541
73.24671585480823
75.86552261219626
76.42872441993448
76.48099729700672
77.74948165897872
78.43112401134609
79.71071139093735
83.44228606999734
84.0050376237027
85.32615932586863
86.00676869116454
87.28694467727168
91.4080592832389
91.97032434638423
93.2921878482864
93.97180274297267
95.25245975811669
99.76306917767033
100.00840969826795
100.32448613320774
101.64643350746904
102.32594316993212
103.6069909528172
108.50720308344735
109.06779138385356
110.38752740552441
110.39355803743715
111.06914026789717
112.35026314863664
117.63983224827359
118.20074154636487
119.5227766072384
120.20131342020646
127.1613633734562
127.7211819529657
129.0441800426462
137.07187574011138
137.63119282503482
138.95439749259262
147.3709945412621
147.93003371791713
149.2534542097853
158.05874827175182
158.1210718123628
158.6176847466308
159.94112826046754
169.13580954343368
169.69416114120955
171.01784581960388
180.60107170269083
180.60118681806523
181.15937733193175
182.48339008575167
192.4554893171508
193.01337243119616
194.33752810309576
204.69838861637814
205.25610731201365
206.58018766401383
217.3300128474598
217.88757832480596
219.2117720909942
223.97063913349322
230.35028305226447
230.90775301852395
232.23203492961989
243.75936435795634
244.31668523257585
245.64097871234173
257.5570145852156
258.11429518962314
259.43855116382775
262.0522810480853
271.7432993070892
272.3005872051694
273.62500062854053
282.2596793329171
286.3183231148447
286.87555817509434
288.19976978939246
301.28192966973944
303.2450079300197
316.6341503050447
325.0082309041924
332.37495636481304
347.5491021681497
348.50447023480007
365.0150619308112
365.0225363812903
370.8675580509213
381.9286996256789
394.96333375603314
399.22351337354456
407.18523944801865
416.90662404738373
419.8355915258825
434.97780124904455
445.48816146435837
453.4371500758033
471.9187795748627
472.28349067716687
485.30557900489356
491.51678769114915
499.1256877588516
511.115724075699
511.13615767541427
512.8978465591509
527.1090893568066
531.1280857930931
541.270540854614
550.7693981881799
551.048199875327
551.5386840503592
555.8701849291646
570.4201302791898
570.8458272574424
571.6936298508839
571.8792289986658
572.1700291906617
572.3832876400105
572.708883776206
572.909091114156
573.0379774351578
585.409522313986
593.5897771575964
600.3511156892747
615.1725174770512
615.7258120725494
637.0961635148659
646.8197627223573
659.4854441402914
662.5387981033168
678.6911037554347
682.0178463990558
682.5575859529063
695.2091865726193
704.9755550351863
705.1992548222115
705.4996333867301
711.339997788875
727.8345858802428
728.2604238026785
728.7963236974326
744.7665454761413
752.6229037862526
761.650363954232
762.0765859510917
776.8761886743848
778.0638253983785
778.9696577891883
796.2447413055282
796.6724706404308
799.7990334962419
813.9509527331962
831.6124979327965
832.0382735143133
849.7090518265691
867.7610229537388
868.187505064074
886.2453048765643
904.6847736853108
905.1101806253573
923.5582835130198
942.4022099333005
961.6495774461849
980.8680971793939
981.2923538643593
1000.5172672252531
1020.1237827120848
1020.5479812426187
1040.1624139118583
1060.1426353657503
1060.5620066752006
1080.585526405312
1100.9704299077193
1101.3941599714465
1121.7852290215967
1142.5594345550517
1142.9819829607593
1163.762292536252
1184.9258787878762
1185.3472097789338
1206.5164304711366
1228.0691491568334
1228.4883863022612
1250.0463743073321
1271.9905640250015
1272.4083536957885
1294.3564932271304
1316.6892414813383
1317.1053986772126
1339.439682724062
1362.1635225273556
1362.5742392780026
1385.2989370603798
1408.413895602811
1408.816080426161
1431.9320567365692
1455.4391544798377
1455.827068305088
1479.3403337990492
1503.244760377238
1503.6072317808391
1527.4308130919292
1549.8115967981716
1551.4275166395303
1574.0269045701932
1596.3250577900983
