2.90170958811972
4.539859693699938
4.879333783900162
6.473212070383081
6.849853265324837
6.862538573073597
8.388654125945347
8.418476346990996
8.833048392593062
8.847725841982852
10.341203963921863
10.3720610009333
10.809917992415084
10.817811149329835
10.820021102536018
12.278264952779667
12.290911530230813
12.327779874782644
12.75297668255739
12.790645835825773
12.798443181508908
14.232391333676086
14.24201556439453
14.281906717917526
14.725504648548185
14.76908181126711
14.778692851211678
14.940957410983659
16.182940377080225
16.196547852444976
16.233145044180038
16.599292186606377
16.709292564384366
16.754504142102753
16.924557443256187
17.559094603358197
18.14835425950527
18.18708259925868
18.554565957464632
18.688237251521528
18.72804339782227
18.9064710962776
19.470399429046356
19.55955891942243
20.113907201135987
20.152797900487894
20.516992499432966
20.589447088774403
20.659173512167623
20.884160508714924
21.42928017434106
21.543205473204566
22.11827234826779
22.484160141137778
22.545779535454706
22.59361358660774
22.81177423640419
22.840941120717886
23.398079090579742
23.524605860724304
24.012851808545292
24.21624284376558
24.47275841151059
24.542135142995686
24.69341624875638
24.791362187905037
25.366593150989214
25.488858618794687
25.98340914473721
26.466953800867987
26.48964592596672
26.551082846875158
26.691079208332763
26.769132726357487
27.2546764665278
27.434005330349013
27.82336283053955
27.959263063706825
28.446661395108634
28.525590032068312
28.747897627728594
28.989593962635684
29.104065132108616
29.52073593242216
29.792025802070043
29.93654174212906
30.299349909728946
30.500054558647815
30.662613873836335
30.74834238827423
31.364995922476965
31.760638278902505
31.823975938219444
31.928849419313714
32.01633549988754
32.16554835751139
32.486088527472916
32.64074789532258
32.84606590200178
33.72546331549677
33.74564688867678
33.980625655722186
34.36667655259869
34.50068350429132
34.62745621094069
34.678160301083544
35.18470048930427
35.601102026424996
35.710403356659434
35.95356698290672
36.57112882915207
36.58009428549378
36.6366185658301
37.150993169610075
37.19926761639523
37.53736104829828
37.74103736155401
37.9267624278757
38.10221686450782
38.54090694301456
38.631965950672935
38.89434793677749
39.14643910759518
39.43294266558931
39.88927340574047
40.07647444596942
40.51818823984878
40.60801363824994
40.74506729720863
41.127566220903184
41.169401385789044
41.47402195218966
41.55173172226354
41.73785187868603
41.926280025991446
42.064150852656454
42.49821016207707
43.00910614114801
43.15437379144395
43.5108323204577
43.63400963238778
43.88133494667237
44.052687798062706
44.39941101548094
44.464901653589706
45.237120048819584
45.35007713409443
45.49176882383747
45.61272128500056
46.04906804357773
46.10333873378962
46.35048036016454
46.88586748213543
47.32666527305703
47.4590516828883
47.54005897876551
47.72247033804583
48.04457769480503
48.23654680642289
48.454755433149906
48.592176262427664
48.84126414343462
49.16798994869307
49.3135026692017
49.4562373130126
50.074510880191774
50.220411670812325
50.69494230887049
50.79760733566981
51.04686370218739
51.2378888878667
51.371691266120386
51.41003189578838
51.875814970288346
52.45363081854116
52.60321811464055
52.65562147190945
52.76229131419688
53.010558900964305
53.08916281478585
53.22144920886172
53.41290154626745
53.758218393916565
54.55381280739706
54.715825949884234
55.017581683594805
55.07548684831075
55.43865832379731
55.61045940130709
55.699957726637145
56.393624060774876
56.50645527337731
56.60800416692268
56.62323243521176
57.066576559519056
57.111051418929904
57.25094817007287
57.74221866356868
58.021595285705295
58.45552094542078
58.5337278568281
58.69486678179914
58.73726793301591
59.091078736632916
59.12209937079084
59.64872514724874
60.13393197452916
60.342705491224855
60.44386810991143
60.64829677343598
60.935735452423145
61.133482229839956
61.16483995214474
61.21150052224359
61.43559203459681
62.325504874068834
62.60861032338489
63.27901282835431
63.48685149690413
63.555205891383814
64.03892659822924
64.22216732573509
64.31048016289051
64.57841511807955
65.05615546484754
65.15354358431374
65.21024442063523
65.51401706451291
65.57038703859574
66.03061330302852
66.12241440395735
66.52062984577339
66.6130819612933
66.83614138803829
67.12252807310635
67.28650600181551
67.56870932072098
67.58855206642849
68.42007696134509
68.70065414814546
68.98791933756763
69.07961315738822
69.18098822261099
69.52990465118661
69.81444863405707
70.28074021077647
70.38523894614991
70.40089472547896
70.58651076391655
71.05020634041718
71.485620191008
71.61692909866314
72.04799884166535
72.10208951434525
72.35442000088194
72.42911634485503
72.85051935362692
73.03145493597272
73.28529349104363
73.70169628260963
73.75043679106977
73.99742743471995
74.41341752529601
74.5209971669328
74.89946959855835
75.08629065152148
75.20155818994725
75.7040882000866
75.85779993728748
75.9613161646003
76.07053600342832
76.21912096711661
76.44602233829009
76.84234395671639
77.60381919569576
77.91098382115834
78.39607016188128
78.45274897067236
78.6373765650989
79.011296356938
79.29212001200185
79.33905450399672
79.44775154354976
79.62969252205983
79.89262280045394
80.19786965520626
80.57897971392167
81.23709733020121
81.48934412419003
81.57601276567793
81.64980107667748
81.78536943266167
82.14855247478165
82.47896730282214
82.87735491652704
83.18834675341414
83.32860036046792
83.62297719483485
83.74838569589495
83.93315196058342
84.71872000592779
84.90444141493364
85.13065181369153
85.23009016254183
85.4232424190431
85.7082476337947
85.89350260305264
86.14225277985311
86.26610170284067
86.51703844550815
86.92671900146226
87.10824069423313
87.26566966693461
87.66289409133111
87.80428371812708
88.67037254533784
88.8623053986868
88.9983522212656
89.1193081682122
89.2698407547296
89.58348868999647
89.89917342166729
90.8144772947537
90.95436218571639
91.29902292864017
91.77157591736247
92.3351151708575
92.56488331791523
92.77717315133285
92.81351644831709
92.99185788246704
93.20791240362556
93.48250119522908
94.15429034196286
94.90924855349445
94.94162977603467
95.24775169429375
95.39719344519824
95.49305125707406
95.64740665602889
95.76805341390049
96.51843950066448
96.64614664144895
96.71146618810411
96.88458752640051
96.92699860489257
97.25621368504542
97.29194040382748
97.66361124075853
97.73654121164132
98.55485818577453
98.82763884992592
98.8775951485111
99.03361248498935
99.29526812954197
99.62664888818345
100.35711672623091
100.49544100068101
100.7772735931339
100.89249101638639
101.07030039123006
101.34017121154972
101.58972942360818
102.1880699940715
102.74759826534608
102.76196406453792
103.10339892149817
103.2423600877995
103.33418925481345
103.47057458274364
103.63476566766865
103.81390713474373
104.07065122597406
104.162841269311
104.41419078168714
104.66637310894649
105.27703558295129
105.65460982478835
105.72644868477506
105.76890158874441
106.55412069151282
106.63841458346104
106.90936125863713
107.2282507008054
107.4303055611364
107.68210931594894
107.74590946931269
108.3925779502756
108.93409422813208
109.02668870288653
109.10940304844091
109.22352977721319
109.66669783264234
110.3485032509676
110.39461518138633
110.87218326015112
111.14460503888482
111.22577397174044
111.44718322763545
111.78495161384228
111.8368322736677
112.12459489755142
112.19753273822359
112.40600741404772
112.63051791035059
112.94403273516487
113.06415324050118
113.27135320045845
114.04451671909365
114.11704721546245
114.32559910714363
114.42506723177134
114.6965393405781
114.99952951366731
115.71258617705271
115.89421120543128
116.01741188282915
116.4496618272176
116.664471998298
116.7559277897912
117.47659541414076
117.9789848158019
118.41685894633184
119.02468336486311
119.18466861209197
119.5042190125657
119.60587847317254
119.82446760157326
119.94929824863623
119.99731244755897
120.54474800337043
120.6411881059346
120.74328640198377
121.29726809696336
121.54813237695038
121.58770953343536
121.8515330588424
122.44089566049814
122.55462251283863
122.86614015659009
123.23119370550444
123.55268650967373
123.59721564671842
123.77591008930224
123.94749279459076
124.10789401256905
124.30963326345133
125.18106009619933
125.49356669352893
125.53525821645545
125.62518587722307
125.7660602779478
126.14198720816056
126.26681530028435
126.81586748368055
127.0701131838453
127.14896371603277
127.23785224089703
127.65001458247005
128.51794723803036
128.67068401908145
129.03732483467286
129.11433214201315
129.22783600687572
129.7646028717975
129.80945836725445
130.84936896100675
130.93409412197758
131.0083147294344
131.12195227972478
131.3329754296009
131.77958421152906
131.94466349305046
132.13676087536336
132.4589015725401
132.77873939347742
132.9744840487303
133.14357222098556
133.93335556182777
134.67082070927526
134.7397862553572
134.88248861952965
135.15296123360613
135.40714976695705
135.6701955094267
136.6906631072136
136.82768503107638
137.18779990585475
137.6362104927938
137.70690704585124
138.69652356412743
138.9771143228724
139.7624086374463
139.81497015483478
140.56833328052485
140.792683642568
140.88787077675997
141.00270267021824
141.06179167527762
141.36145751524535
141.6227878511376
142.0762445106019
142.280482244713
142.49185970391397
142.73629877619427
142.97787176376525
143.0723287338571
143.751974834685
144.19899326793683
144.28687149190523
144.67067252274163
144.7501531234356
145.0210301188242
145.10013047971063
145.67784283839924
146.5595964885436
146.64642777040754
147.10344177013639
147.3323470119906
148.05291562970328
148.62779377239124
148.95459659541268
149.16030540103608
149.25933986406716
149.29318923712384
150.36526881287466
150.52603686256697
150.67244471073727
150.96080797445214
151.11992424057712
151.36054030650445
151.4179743372874
151.52576676346425
152.43747436758795
153.0566707862914
153.37584768511357
153.4191431625101
153.62402088244116
154.14562371221427
154.52436376877995
154.91665520332734
155.02439694391214
155.2418610880197
155.40040249759156
155.43037741324082
155.63931695377016
156.97254847416283
157.1799370563554
157.32935044917008
157.4517423564586
157.97577447769717
158.31294579374978
158.57576135931956
158.95402908022575
159.9889993467506
159.99420520265514
160.5735395754834
160.84818539871011
161.54107132633004
161.8311934321537
161.8863491506376
162.06687065746476
162.13295821194959
162.6512314563655
162.76962563639762
163.6000959273468
163.77095717242804
163.81579830409078
164.08778329432232
164.52551003709118
164.85814113007015
165.24720539521653
165.51656512378335
165.5536289425767
165.7255139895636
165.7615746759401
166.11259457259595
167.5121328982906
167.68387261277465
167.89652946812726
168.14064385032225
168.26827083080855
169.2646193455304
169.66893205829336
170.62423925297654
170.91432504509618
171.08074332138065
171.55672110995533
172.5663446830604
172.61976446995087
172.93375596660948
172.95878775887525
173.04613650306385
173.15593509729038
173.2162082384878
174.0335529762497
174.80724899266258
174.87672861531368
175.0671385022053
175.16780101949817
175.25445486972296
175.5823947265234
175.84494054709916
175.92406377649914
175.9807430276236
176.82645662545923
177.2037114644954
177.86132364448048
178.70748621717001
178.7733481656294
178.89201310109704
179.09056920753977
179.24526495929916
180.77576879559737
181.336774473022
181.64583111550436
181.92417420731744
182.5358046879211
182.55228375273933
182.69392568429961
183.334200787667
183.68054392851462
184.41688414710433
184.54411263468137
184.56865468677896
184.65001447651014
184.83455374327625
184.9708639976348
185.13493733418684
185.64880227367678
186.36136599435503
186.5584457029277
186.63165841465212
186.67080473013453
187.05452625453194
188.21439399075012
188.31360721687716
188.58404628646568
188.6854777378819
189.4937381327518
190.12267801419517
190.26974117791198
190.3157239942176
190.34023646093684
190.7184118474781
190.94264277398872
192.26563544983682
192.7072490155782
193.4626482114352
194.00890032084172
194.10979264063886
194.16475747968886
194.42214912683204
194.47157998013128
195.16119273499214
195.71787229649226
195.78623485673336
195.96393041794934
196.0746548957604
196.29768365501857
196.49533470593266
196.53103243587876
197.57894218527437
197.61503754718785
198.23031465957467
198.37756301254066
198.51562397300344
198.5569957389955
199.15904683586135
200.1871135375818
200.52398464816903
200.57101128108187
200.97790314991715
201.52995783783803
201.60350129966181
202.17137459654805
202.58286159524536
204.13848642919055
204.16656481309755
204.21928962068617
204.69369892217426
205.02218303160086
205.12740861267022
205.3171660565739
206.03582533093405
206.67275080598466
207.02177908388023
207.9275932439523
208.01524942289743
208.38973657555147
208.55549605370706
208.7673533315615
209.1113854335387
209.17425307374472
209.69841977195475
210.06900775670778
210.39299754193596
210.5060979603886
210.52813242248166
210.78827401823776
211.41302673615942
211.84174481616833
212.21620021123965
212.4499823817011
212.7161418948186
212.82207257563468
213.4641704057029
213.55001214336923
214.42249559196497
214.83241429763763
215.3073576610048
216.11066146164603
216.40241617235128
216.5851430455745
216.95213991524344
218.29263894747916
219.3113350118328
219.880534370424
220.20176974285602
220.8884782521575
220.91311618729196
221.05037345277375
221.20499033674537
221.40844123943472
221.56126039257032
221.83173529242882
221.95982279632446
222.4085539505701
222.65375009712724
223.14605620261216
223.4270566721718
223.53644685460958
223.68612684704445
224.05214825717573
225.09589247721576
225.1807714947932
225.4089997203386
225.44780120726435
225.71375869792138
227.06732271793794
227.1396099143732
227.47366100927525
228.49595466079518
229.03510083447432
229.1208575139177
229.26584413632065
229.58909309699504
230.95430246218424
232.1507883560188
232.3364815613753
232.41254398403285
232.84641442383474
233.47194946747393
233.60887839596302
233.99445287851674
234.23742767211746
234.43864377377642
234.60908029194877
235.1478122582874
235.2827233520611
235.3021016425162
235.4127111142936
236.18232166487735
236.29747438345382
236.4599068538199
237.72434417127596
238.13290933223803
238.35342834597668
238.47365292124087
240.10782741465883
240.42879011809984
240.49584626656534
241.12445361061725
242.1069014275247
242.46610654582946
242.61204230488931
243.99292499344347
244.77895905447681
245.02124863380138
245.60233393333903
245.7515526763435
245.8683520917984
246.97827463466993
247.61506319174947
247.65867496102013
247.6797108151081
247.82515971820465
247.86250354901264
248.35608578562932
248.43180999823971
249.61446650889008
249.8735815764774
250.23270094622114
251.37539452003955
251.56955808060204
251.76552627508883
251.89106906583868
253.57185157568293
253.90670754403965
254.84259091103306
254.9303825734614
255.5201608948326
255.55721906833517
256.02349552881526
256.90555646831257
257.4152975190158
257.835352910251
258.30116919906254
259.32294770474624
259.55610161927285
260.4467936009342
261.0613736703771
261.46482235162074
261.6632529257309
261.7450942958348
261.9983948426656
262.7365536960445
263.2827159017893
263.41689334560425
263.65091598326734
263.68051264835304
264.7903934974784
265.3744253303295
265.691177142718
266.52887927931374
267.3468664286344
267.500117524725
267.7262639956793
268.12615244725305
268.33810712830655
269.34561543908876
269.8254976293852
271.2259493508543
271.373468533651
273.11645041906814
273.74305010082594
274.86564453633014
274.99467106400436
275.56202649488955
275.6683233825031
275.8596939325664
275.9698115466086
276.1850461166924
276.5760836811498
276.8516748722634
277.6107038641483
277.8578161826244
277.9344861204193
278.18571105724203
278.5907842430735
278.9360076933035
279.57287775142674
279.8771192956887
281.56828997603856
281.81052186900513
281.90998723927646
282.1305043222086
283.5399231224744
284.0109875137648
285.17334614644807
285.429234013486
287.31965165215587
288.3182589737827
289.05552382128985
289.24360063152915
290.2468400250484
290.43955224148215
290.5811594131371
291.02739610750615
291.37147328925187
292.45034551984145
292.77922919501776
294.1577346900317
294.45691246123243
295.55920323938017
295.924767568727
296.1284992044096
296.3330476747167
296.48382309147485
298.13143267854855
298.5701186664367
299.30212900599776
300.01174592655053
300.3146003193057
301.8701895355737
301.9024825620113
303.2807125033026
303.43178752051074
303.6629986478955
303.8602537877192
303.9389623924669
304.62200846714205
304.7387430918091
304.76983234888723
305.2155666898999
305.27946992222945
305.40801365191055
306.1345536533886
307.3486510153366
307.41376855521685
309.13105440307635
309.41955051637063
309.4259726183561
310.88396303072636
311.11182836438087
311.44442134012604
313.1043062376943
313.54435666486364
315.0004578445913
316.8705867171406
318.00558759260826
318.63478350454596
320.1678573130256
320.32403588787275
320.57284881089504
320.76062145084757
320.79372854854137
321.13488171226174
322.2810574772113
322.3047922874776
322.5303699088595
322.57417138642506
322.7669510948036
324.4886727030428
324.58415859880097
324.77000535071454
325.84281056833
326.47397585589835
326.79360379451276
328.4654155013552
328.83092512305336
328.88193076949165
330.355765603424
332.22609649720056
333.03174780761043
334.3698822687481
334.6349131590953
336.3123377375645
336.33534155849935
336.50427106974894
337.0543133061061
337.5186290506333
337.66757769705424
338.40533338379294
338.5051994895645
339.0698166662009
340.45895274456973
340.5237803424755
341.1843869910505
342.21671915447627
342.4503480988343
342.53206086893647
344.21398644870163
344.29470695844265
344.63728161923376
346.0994338774035
347.9665333528163
348.3837798456687
350.4967358027974
352.27792476935804
352.443987088285
352.6308888786333
352.792340787524
352.8160617087863
352.91982362675594
353.33891952183416
353.3670368994495
353.4050694944569
354.0721631253683
354.4159272175131
354.629801119343
356.37140789496476
356.6338432417188
356.91043496479585
358.3528426877021
358.65005348926684
360.3499402704586
360.7515731153698
362.24466021937246
364.09807524375594
366.50443447743226
367.0049560749566
368.55935796061203
368.83263307272944
368.9358592695645
368.958430116539
369.0762146147213
369.1491435483514
369.5033453318034
369.55631431066786
370.1144350053354
371.13806990175914
371.1658721110072
373.02413949060553
373.1411394884539
374.8750195927527
375.15552443331546
376.86738727882636
377.01082595971116
377.25504331219287
378.75406603722405
380.61930213020395
383.01094733717406
383.89975404569344
384.7824512279168
385.46433009305025
385.85796385217645
386.0007396859048
386.04738028398384
386.21703778423785
386.87176675774947
388.0351129331587
389.49815167328984
389.79662778123867
390.03463875089835
391.7824144567403
392.04617995565496
393.7871133163159
394.1424859405018
395.6597086344435
397.5196524259368
399.910688858991
401.1792571093421
401.3062297434453
402.3637568892736
402.69313086135736
402.8881869287254
402.98137265807424
403.1474070308167
403.33185269686186
403.5150815306051
403.8784629831968
405.3152161933165
406.3959791929956
407.31131208901854
409.0725243600335
409.306373120549
409.32525531309653
411.0767859992631
411.4090926447385
412.9491663461168
413.69800966622427
414.81681684245365
417.1796185847161
418.842916854241
419.6679411394191
420.81409493702023
420.97756631543325
420.9998558592147
421.47812967232426
421.59623339656594
422.97687305720314
423.239255205848
423.63675489032187
424.96737008191
426.9765926211284
428.7557661976771
429.0621874771119
430.6235708830186
432.4809554233556
434.834383419304
436.8874773568676
437.32665827039057
438.8289541696051
438.8636442492901
439.04782518237596
440.08657999623586
440.36362307367904
441.0155398932579
441.02754045866635
441.25402329153513
442.9995569567873
443.0223028940575
443.4392177831174
444.8086063561698
445.0033691865589
446.8093486410308
447.08634827247164
448.68185198754406
450.5167693956705
452.8636446928804
455.30902748196377
457.28925532540825
457.3697948228482
457.4751586346064
457.8322535578759
457.92716248427575
459.43695817983786
460.12344036281314
461.4128160886253
463.4041426845447
465.25778366352705
467.10281603443974
468.38705214320186
468.9302904936598
471.24677368055154
473.24789677635783
474.07569574460723
474.1061633430579
475.0616915412491
475.2570419712456
476.0191690040462
476.0888109241447
476.2281796157457
476.27305048108326
476.4017189004149
476.74762445124315
477.0375748979632
477.18002311014334
477.4263487588705
478.2220545618288
478.24532076389806
479.113476661233
480.1847952288295
481.23696530450667
482.15493581546855
484.0486095155121
485.8394175835134
487.50067943012505
489.9461872529303
492.7193178470196
493.2602630641543
494.76049667774964
495.2693315297183
495.3338300738696
495.4347619787784
495.7572685147764
496.2196848179282
496.6375157604432
497.3728803126672
499.30671751690744
499.6750049027069
499.7141958369103
501.11562736814943
501.3412430412626
503.1553977793871
504.80048148506785
505.06840444849706
506.88835145097664
509.2559451096947
510.92236611217464
512.2865553851492
512.4024552895648
512.7698633748237
512.969134187404
513.8190220077756
514.6833583899446
514.8028221733697
514.9144586124311
515.0276468222947
515.2303733584697
515.5973135512705
516.4686473549589
516.7047280923321
516.8564227028248
517.0528677238863
518.7322390971888
518.8799585577907
520.5453075267378
520.6783604426232
522.7603037796779
523.2752422649188
524.5186595067845
524.9023294912162
526.4829927337377
527.8338916471051
528.437030244494
528.5257456770503
528.8034185754067
531.7075744930966
531.8486580507838
531.9726727744796
532.3058066832871
532.3527738741931
532.6146869203716
533.0500252104364
533.1598994227851
533.5500466024914
533.8961822871104
534.2005260833882
534.3218824280688
534.8044971757082
534.8536494111733
535.3768225855208
535.4614236314467
535.8655100732473
535.9263596594932
536.3880113192677
536.7582427205231
537.0920754014394
537.3295632261636
537.7533195620088
538.322306876281
538.4105377599905
538.746487904231
539.3173511398504
539.42338162035
539.788865693454
540.0138298216622
540.2460334409705
540.529375307172
540.7025463245333
541.1322256753741
542.0842629787844
542.7134451803105
543.4821741824852
543.673160656258
543.853563939603
544.7707492318104
544.9086513860946
545.1574578999789
545.4661704995108
545.7023555398873
546.1708121139619
546.2193512583901
546.7556878648513
547.3935620155421
547.7396016348173
547.7745036654671
548.3859546707703
548.6984831261627
548.9094351188036
549.031883397015
549.6234848649162
549.6963758871466
550.5136113964903
551.2371691019832
551.5970701307499
551.7880912378959
552.1110890460142
552.3725076536462
552.8162612579684
552.9153899682522
553.1555725584608
553.4316727499262
553.4725198419738
553.7141815705685
553.9114416055343
554.8081916298673
554.9181672090431
555.0515667407232
555.5963756082809
555.7365252022806
556.0934738354282
556.2578352960035
556.3981835705038
556.5071077382689
556.570422104917
556.8492438088462
556.889544782999
557.2809805389168
557.3779646903131
557.4432614882384
558.7850167806906
558.8626610518234
559.1198574987188
559.3589780838533
559.9822703637243
560.1627181991539
560.2870538662415
560.6947205639791
560.9244921881117
561.0158417352002
561.332784438016
561.4069895986216
562.3824645973283
562.5742057049515
562.6729166179892
563.135737145166
563.3122507574059
563.4524476206827
563.5824781920135
563.7048401406
564.1373675116042
565.015954266315
565.1819654818901
565.4604320722744
565.5745786134044
565.9314388945058
566.2855644426828
566.7306650082518
567.2768973375054
567.6838518841295
568.0809888772833
568.1972519464507
568.3256011762032
568.4840463350165
568.8701387700123
569.2266572991506
569.3676168696712
570.2767585057145
570.4019969577256
570.5283518793698
571.2286733541382
571.3294994714221
571.3400984400857
571.7530468283179
572.0964041533448
572.394547590774
572.5390412444103
572.5897685400518
573.4154002884304
573.4613207085315
573.9469405795849
574.2746983198005
574.3266236448169
574.8197856296381
575.0724752086929
575.266209822335
575.3572790621247
575.4627764990132
575.5681805048937
575.8230894607301
576.0727139895808
576.8114475585779
576.9274212247368
577.0106164111536
577.2201738906023
577.3881503605302
577.4456540207984
577.9075669705119
577.9990743649334
578.0457732413755
578.5445828445019
578.8106251963882
578.9393080883654
579.176441571026
579.3911640657886
579.693517561053
579.7771376900715
580.2540898057977
580.5836946831827
580.8235890331542
580.9179585216079
581.0732591543299
581.4884205400144
582.4029552386269
582.4837562010226
582.9710599784139
583.570020584521
584.0156717479007
584.2272074630846
584.311341720203
584.5019178541367
584.9077409435727
585.3602697576935
585.5115243716277
585.7985252449159
585.960174170749
586.2101175328614
586.2888059351781
586.9009232542111
587.6672715789022
588.4995516727353
588.7564487500223
589.0808192435696
589.3777775946696
589.5589630823571
589.6935520187889
589.9225604095096
590.2481538136233
590.3758305267284
590.6181274383664
590.7703708197972
590.9821996408334
591.251283298838
592.2015902914483
592.9913929080135
593.4333563042208
593.7004912866099
594.0131543005556
594.1401515371862
594.4233157267143
594.6881717324777
594.8401106466158
595.7645456760788
595.8490720994696
595.9679651060959
596.226381658129
596.6246473018363
596.8494019991418
597.0203244468746
597.2959486417545
597.7105242552343
598.1593453650831
598.5884483748863
598.6318464758986
598.9311209234339
599.1845243531086
600.3391432598962
600.4595811352686
600.5868799170091
600.6587797719469
600.7864381361151
601.0317976618218
601.2684854392543
601.544873920502
601.610212162229
601.9596410222413
602.047205094355
602.6374074595906
602.8794355744618
603.3396135102944
603.6370144577501
603.7485883997585
603.9340375969201
604.0963694695955
604.3957146574802
605.40897927348
605.6556499270375
605.9153188406663
606.2149348441038
606.554317171631
606.7706160947184
606.7874191186079
607.3468270716388
607.7253836675607
608.4905884578435
608.7690674643958
609.0338875825336
609.1631328334705
609.3059154165622
609.3758259352805
610.1753222888143
610.2805133376157
610.5178023121008
610.9791692472713
611.054092704394
611.2762108784947
612.160341334867
612.4567245525731
612.5205373659487
612.9831494572991
613.5543627133454
613.9537650215083
614.1231254967978
614.1798120402685
614.7851523532481
615.0190267100348
615.2034972583524
615.6568308440363
616.1392468717082
616.198023528167
616.6470209129759
617.1376875745311
617.4021221321764
617.6541171133744
617.9418315497152
618.2940411187717
618.4703356488058
618.586110879611
618.735804193231
618.7803042469886
619.1084630060348
619.4445210052405
619.4753697704438
619.7076350552891
620.3191387158034
620.5241979331465
620.6806693452991
620.8437614753318
620.9905558755628
621.1026098999197
621.1994559048933
621.4220995973468
621.5448829659628
621.7897674071847
622.2237690320623
622.2868195078676
623.0757729503393
623.1069508277917
623.2485533012035
623.5152834737897
623.7580720322285
624.0265319678456
624.4672334822061
624.7332201968911
625.2688196763469
625.8636213557738
625.9621820498669
626.3232883475954
627.1041166646822
627.3762614389536
627.7692499193325
627.9469872125178
627.9873237784452
628.5329758750026
629.3763296674402
630.1843414133535
630.6726953124307
630.7919241820083
630.9593246323225
631.2068777571636
631.3325345113997
631.4848168340127
631.9894865013853
632.117819708579
632.3686085943995
632.7190099434015
632.769065700739
633.3338556910616
633.8562960356594
634.18721942439
634.3494485923312
634.4982109637695
634.9427688418768
635.3380517099994
635.6046710212942
636.3521915983239
636.6377750633142
637.1113544681632
637.2201064157338
637.4148705388837
637.5535665608212
637.7336120641016
638.0840444550611
638.3219479943563
638.8512813786793
639.0762577701903
639.2899269188232
639.3043586203553
639.692222911832
639.9046785831964
640.2162724993327
640.7379699677529
641.1884766692989
641.3725805345326
641.7242563982744
641.9764228713017
642.0623008188219
642.3528799874865
642.4374725364097
642.5587715359213
642.688415902427
642.7785247222099
642.9554557050066
643.3390981010106
643.8069659155184
644.2428156190823
644.488197776465
644.8225432898628
645.1798790993697
645.2938332090299
645.4570803192764
646.124487156664
646.4231276389472
646.6281483337682
646.7693123746216
646.9259299078032
647.4323015571028
647.8886295924603
648.0508957302635
648.3947040812476
648.5353897070241
649.6705523018217
650.0508587352456
650.6224817227301
650.8130376190358
651.2332641613194
651.4942749083077
651.9868099511173
652.0594619425269
652.2070059428368
652.3632624772614
652.5266988380135
652.854969502281
652.9225649448388
653.0671104652923
653.6612014671812
653.6933386565909
654.5031371992698
655.0421670434433
655.5378527541847
655.9020042707716
656.4149081080146
656.6664313464381
657.2268785614592
657.4734514186598
658.2808469739393
658.4007190464012
658.5509382722495
658.6989066042321
659.092559021717
659.5916278872679
659.816570390357
660.3627604107226
660.6087555801338
661.0877336894767
661.4936593157349
661.8212347285134
662.3978297147385
663.0994079332022
663.2988980322478
663.3524590680677
663.4904594952583
663.6238270602022
663.9195841324101
664.3403694761591
664.6988495286444
664.853261815587
664.9145492829712
665.148695680625
665.402286139871
665.6671942782923
666.3147674389663
666.5642267180943
666.8562624595444
667.1451021239424
667.4961961572656
667.5920315344541
668.1383384059017
668.2690894464841
668.3703341460347
668.4555981102874
668.6373855413327
668.8739186367432
669.3637945196485
669.7231542023344
670.3728985704566
670.7998191203343
671.7393953977007
671.8858552221917
672.3415314641245
672.5009639569776
672.8935505108858
673.4255220620689
673.6704688116486
673.9385850513437
673.997562143422
674.3710123521386
675.2183395258818
675.3591757245924
675.8615052032774
676.0188937255658
676.3839301064056
676.458537873747
676.7836541387522
676.9823625080282
677.5476955550791
678.1303380413231
678.6465281398688
678.9282624363577
679.08850654662
679.2271498693158
680.0001668719934
680.0807469751961
680.147698412232
680.3507146828202
680.6501898797292
680.7911095198542
680.9451330707728
682.1843600751713
682.5478395449226
682.6034439299852
682.8727413761492
683.0330361932697
683.1360849964956
683.4947753516144
683.6840674452925
684.0447726872409
684.1495290328875
684.2220465919684
684.3387182949132
684.6477431447582
684.846804662026
685.0742879234934
685.647846045693
686.1693662279037
686.2721067640671
686.6447214824416
686.7953121282782
687.3331757188115
687.4196062140181
687.7603849409101
687.962538884344
688.308875915396
688.4838166638694
688.6836643537114
689.0652292969501
689.3453531836265
689.5397412620538
690.1342802549437
690.6320362106288
690.8674785412863
691.4295938576342
691.5481618736267
691.6201356332867
691.8885018271031
692.2051987671712
692.329075372286
692.4669691473616
692.7361716838275
692.9102182231851
693.0996719112061
693.2070721728797
693.3394295326768
693.6724507701418
693.8639156611644
694.9661907128628
695.0474778236014
695.3507024413422
695.541750385563
695.8539654105628
696.0202610539287
696.1447123535565
696.2426828865606
696.3119202569417
696.6358816973479
697.3813111610566
697.6384976692525
698.4409745060169
698.5673293522958
699.1546279240263
699.3785085590812
699.8266832292081
699.8882228362131
700.3084259455944
700.4369595642279
700.8914060737312
701.3544675665137
701.4664800176222
702.2226056476692
702.2967561324652
702.4933367006846
702.8462327535882
703.3005556566761
703.6995884819509
703.7697708300134
704.174633140476
705.3495688685649
705.735955497709
706.1295484551113
706.5503771205604
706.5906562203886
707.7612687607009
708.0141524398026
708.1570131346039
708.4619407689642
708.7787774733746
709.1153405388322
709.9499070322098
710.0821023605813
710.3563537578964
710.4974664860107
710.6988057257331
710.814277192128
711.1230396430807
711.187279957705
711.6414988438723
712.0534669215617
712.2100415165573
712.2888505189815
712.8148920226897
713.4525077627558
713.5776226942177
713.7596631992255
713.9295816713953
714.4430452903536
714.6879136112404
714.9067197597427
715.0071472148599
715.1659076330952
715.4719478604679
715.5743663994085
716.0753338601573
716.7101820478914
716.8249396600629
717.5309706723519
717.8007117273069
718.2785839513597
718.7013937890719
719.2095757066246
719.6406469330025
719.8033094508199
720.02967225592
720.3321037266045
720.9916450179637
721.5913679738621
722.3028734020245
723.1813320944458
723.5162941015011
723.6978061199442
724.1615766370984
725.3583582175528
726.0366907221826
726.7259201593821
727.1366656098462
727.1533452956539
728.1906491814709
728.2381315601888
728.7493182104745
728.8911031557082
729.6295201550395
729.7102165040178
730.3946737185316
731.0944107374223
731.3342941665625
731.4457105745181
731.7160890220191
732.5161115849611
732.8723208875872
732.9230762236397
732.9648403739806
733.4323764652805
733.5695654467485
733.7985145528718
733.9391884990349
734.0210218942491
734.2115164691967
734.4215047270123
735.0654976206715
735.2751960828979
736.0622060712418
736.2600658817745
736.306003172239
736.8823580659388
737.7896819801251
738.2883933260686
738.3485255420837
738.7259779520268
738.8104371568645
738.9092588212957
739.2716639758736
739.292747863568
739.4453579264953
739.7132759790543
740.0029537511997
740.3009322551142
740.5433870222344
740.6653890572253
741.5391487954703
742.2681333871303
742.3206504914139
742.3992371442976
742.5262941285694
742.6228870989427
743.4676833556272
743.6568787513112
743.977123229213
744.0144134282934
744.7594119718334
744.8197889082481
745.0618086510755
745.2203728158405
745.4204179725044
746.0849462066641
747.4176750550046
747.9108600184815
748.2277855202904
748.3300151961271
749.165639425158
749.8101261933258
750.9791619521939
751.0903963871126
753.7099403276117
753.7854265370971
754.0707179162192
754.7955496750466
754.997993210191
755.1167292898409
755.3921705508271
755.8813692175072
756.0048952114373
756.1327486259414
756.6397458683917
756.7377539403764
757.7003836774952
758.0939324009478
758.3048322009785
758.5214972385746
758.6446149920504
758.7523625917878
759.2726167391379
760.0248330092576
760.661931257772
760.7541305787412
761.1655520163634
761.4059091914984
762.17106311458
762.3039052316482
762.3650915723048
762.7757536802429
762.8032237328403
762.8877481439959
763.0348130935464
763.597945402047
763.6619052466137
763.9770080376945
764.4451013523977
764.9772131223465
765.4010916895041
765.4755170028711
765.9029049733607
766.1223746943535
766.3061946945896
766.3851750820722
766.4678650685748
767.2940756334984
768.0326507174814
768.4311618234576
768.5868411861176
769.7395677539961
769.8486072755531
770.5308879782218
770.6592288984865
771.3517355759809
772.3594886938388
773.1130281024588
773.7652562267798
777.7427570440339
778.454346281473
778.5622311467347
779.0704035386879
780.355030575234
780.8191645710195
780.8720403503862
781.2497948551136
782.0136826319975
782.0849036100547
782.1501727177576
782.2879604301329
783.9349758867073
785.3915629625158
785.4326493805082
785.7095856534823
785.9144840710271
786.0273988785708
786.0884215719371
787.1894074728032
787.8077223913086
787.9947974029976
788.1337076575619
788.8669629243379
789.1055885818505
789.5030701624185
791.2360929462209
791.2945194047874
791.7672693301055
793.2839888858905
795.3435046519083
796.9385560860868
797.9068155111772
800.0836416233905
801.6986944861517
804.445049254343
805.9713173039187
807.6213659051158
807.6611726214747
809.3513935830149
811.0704324693119
811.522942059291
811.7109399110582
812.1407692940218
812.2020891108677
812.5500626921864
812.6279974940551
812.7385715276505
812.795531165277
814.7022382029015
815.0856565934798
815.1254765836037
815.3342931310581
816.9787411088356
817.1793497738231
817.1997653499578
817.6415404226748
817.9373814621401
817.9604112858304
818.9921270939225
820.0031911356949
820.1392105808133
820.3298847243199
820.3667557670038
822.6847004069284
822.7025878125469
822.8862278351311
823.108019446025
823.6842793114216
825.3093307065286
827.3356766094364
827.9660337068794
828.0575217435999
828.3621250129767
830.583524220294
830.6972935182357
833.7473411544023
833.9010304774042
833.9786750976695
834.8719725803101
837.2861453171116
837.6557980262561
840.8777120801642
841.9331588380629
842.3053578004553
845.5778634635262
845.8374890777043
847.057047754516
850.4817640260483
850.6539177742391
850.7598952313384
854.85888592071
855.808348187295
861.534731646733
867.6552088149976
868.754172880457
874.683383412033
881.1700130403518
887.7202529628976
888.5525853017856
891.342691618667
896.668794738712
905.3786723682191
910.454290886871
928.6238284884017
929.6659628320718
948.15061294659
966.6965197087507
981.7089241383334
986.69376551359
1005.6427275079149
1021.0944932710918
1025.975710241102
1045.199193468385
1061.0906488780647
1066.0197619745368
1083.7804791199173
1085.8379541617999
1101.9656739478683
1106.8658902763518
1123.2802052454779
1127.06693868907
1143.500489717408
1144.9305478349884
1148.5075863168395
1165.26307991863
1168.9737693967231
1185.9474966971716
1190.8662026623856
1206.9505023771042
1208.0235007845579
1211.3394081116342
1212.1858614455027
1229.0421051304872
1234.0764871094661
1251.5524593786815
1255.4343633862488
1272.9768038380548
1276.5902379873896
1278.0636629289763
1296.0044624202687
1297.7365786990883
1299.5931731757016
1317.7732914290673
1319.203220043732
1321.0179460654174
1339.950924504142
1341.0211833478572
1342.3656578166622
1345.1903987497294
1363.0110121545001
1367.0638324243123
1368.4280815285285
1387.026426000491
1388.945161531845
1390.9486322809903
1409.5900955306604
1411.1737976966604
1413.5104760414392
1414.9371948509995
1432.542129937101
1433.765108068341
1436.013173308964
1437.8698667068882
1438.5993052779331
1456.7271086012438
1458.7377338114095
1461.2671818918232
1461.6045966238116
1480.0674492886706
1481.7621304998577
1484.932773110616
1505.114113610664
1508.6465355782748
1528.807375945614
1532.6027274125963
1536.6268851914972
1556.7067548587572
1559.5865601760145
1581.220495330763
1582.047373435966
1603.400971060608
