2.853736046467452
3.8323420901891705
4.814064536143256
5.741182120634502
6.76361129026117
6.780085132047308
7.584620792675464
7.680211504811643
8.734533941087502
8.748758138946663
9.536357706288662
9.636223334507187
10.684323312364038
10.699547005867075
10.707627409515593
11.463018519963981
11.515895164303346
11.602846038158557
12.54680335377443
12.645412983537243
12.673993168063365
13.467503770329044
13.573329785426413
13.604902490061813
14.446358631753442
14.492295836471234
14.602371676010419
14.639181532202034
15.405896451539695
15.531992137244812
15.607919658294323
16.010970731581253
16.396614137098275
16.454026261133357
16.593639476310567
16.84151079461475
17.481355134949176
17.609748906391005
18.004042553128627
18.357996578367544
18.42068559008706
18.532851694472985
18.770206337095303
18.88031564247146
19.604938088905808
19.724856589627464
20.00427521381997
20.323389987575172
20.396635874564318
20.730417274869247
20.88249319516532
21.60490282858539
21.669045041670888
22.00597750047143
22.118123046549268
22.21213649834077
22.30631186382977
22.69886573918298
22.879224057078176
23.042335258905304
23.61998936468342
23.6920575826964
24.0115753832747
24.11855719789914
24.195322285096164
24.65803709147616
24.869825271580975
24.996975783803535
25.5897077190126
25.780965590999827
25.90361713408297
26.121882274510156
26.205623065609995
26.52644456600579
26.749163377903173
26.86635774327857
26.982084801012327
27.548450715523796
27.784966186463166
28.340113011808388
28.551593765472756
28.69390488954164
28.881274956043526
29.060160628596588
29.413577074831963
29.7878252714545
29.837809823460628
30.148838041496507
30.538266008213007
30.657051993696445
30.854478852839584
30.857926368744977
31.177279195367433
31.494337450071445
31.79309485391647
31.841136857448024
32.27613219893719
32.628135310049956
32.72622072560346
32.799552363855724
33.45408516001381
33.81878437940941
33.846563973124546
34.202534812607894
34.288792717118916
34.463320657206374
34.55938832918956
34.75080901531662
34.81982452207378
35.352599458150955
35.84649960309006
35.94308249339268
36.2216190254965
36.290171654455825
36.43098896836502
36.728344500694995
36.77209179051942
37.29235442773191
37.54157368789126
37.869609255144454
38.15992024574049
38.45074972232918
38.70481320922889
39.13158024104953
39.26024253203487
39.573816489793465
40.011630292849205
40.23172454369419
40.291418471465136
40.47824237536504
40.53319328214405
40.707073791669956
41.12471510228623
41.210552538533044
41.270314851081864
42.17235019593337
42.2078915016482
42.368631221858294
42.53988613240915
42.79878967870697
43.10561091776558
43.21747319211034
43.30819171032239
44.12767665212496
44.37098262079493
44.38363536612047
44.46278704793955
44.64323615369066
44.98695233838924
45.17276916090021
45.329742544748626
45.5121269024493
46.094721233850535
46.38722399912279
46.55098713203143
46.723566939140355
46.99603196745261
47.19584994083035
47.421168227596525
47.456816733495536
47.988935695762905
48.04798433387297
48.3954681359913
48.50965096876856
49.054978646512524
49.33781880091059
49.42165538381134
49.91745184217394
50.01056124432241
50.1968261900323
50.401152472235886
50.6892321500586
51.1697332361132
51.36488496122692
51.59204683733774
51.7835267156332
51.96436752270964
52.015915390287255
52.15592918013288
52.435891898071034
52.9814885049597
53.110484880785435
53.32264331779729
53.94166455837771
54.336839111353825
54.579672836706045
54.632308765595305
55.065338876086194
55.15572065099499
55.21368557176042
56.02492453751867
56.02871550443805
56.55890414729006
56.912545433590175
57.02280363799247
57.14542456256194
57.217284878764
57.83812248034355
58.0319353987026
58.059284435357796
58.390902201314866
58.87380465419083
58.97755517429633
59.153569431347
59.22289015511491
59.82809029570814
60.035824319438674
60.09977453362214
60.22273040483826
60.627401352145014
60.82325796134882
61.109685775232
61.45741024734375
62.027512649923864
62.082692117066586
62.43406090659229
62.52146324063155
62.75806503028158
62.91485374058275
63.067036338740444
63.13136258753727
63.64873538934242
63.77644876669187
64.07758399006792
64.43934631772848
64.87708939027374
65.02213025362742
65.25516156374569
65.51746662523882
65.58478778330321
65.59588241825165
66.22861346115177
66.44422317440898
66.70146255012708
66.8696764221165
67.36928810094051
67.54205363718339
67.7282286697012
67.8467648297782
68.44507152236662
68.54927198886071
68.70780313144844
68.79248787257106
69.08159279427946
69.23294140875164
69.50811715323947
70.4589166641769
70.48928823607253
70.70402225211255
70.92467652192678
71.04916633166825
71.23765341357364
71.44643836488439
71.5629194718314
72.2418123725008
72.39958030917464
72.42163826353374
72.63613662539383
73.140939830617
73.23228574979031
73.30682466674193
73.77643561320136
74.36000060810414
74.57267086709179
74.66769927735622
74.83904034755054
74.98618838557236
75.19718416496003
75.20131910297968
75.26800782209845
76.31673483718637
76.37008576424233
76.42465415502843
77.06298341094114
77.12737365041349
77.38678553802146
77.60026927736672
77.67651909040809
77.95392559679698
78.26868681762714
78.36807467327696
78.43082260681977
78.82684281767057
79.4295016654666
79.61516251511773
79.96567889416984
80.10791332298056
80.21324768201208
80.43360375815367
80.65525955066535
80.89299701930916
81.1982320438941
81.56749057587687
81.79546170063719
82.00998605427438
82.33330370800054
82.44037924866099
82.5274087464044
83.28705672540413
83.49947535713827
83.53089080485306
83.99812769505253
84.17646879456156
84.47349711494182
84.68277312636197
84.74892791255505
84.95475931802184
85.2714110077849
85.48021871068423
85.64811331983609
86.00328914261591
86.61337260413238
86.79894686475676
87.0401071066593
87.20773365110247
87.21802840577381
87.31486985255353
87.66202946582546
87.97289909183019
88.00814794665325
88.14683300664771
88.81389440292327
88.99258211140136
89.1598621692049
89.20590308836296
89.3620431658278
90.01373573404541
90.32017774663522
91.12392134539428
91.22010937126282
91.3819478958095
91.64748622912016
91.71173589639933
91.93679159339894
91.9644492201783
92.04846890324923
93.07244974033985
93.1914851853951
93.2535697395748
93.96558171931112
94.01952211870571
94.16375690793156
94.21210338312792
94.27718002636676
94.90504664644018
95.16112114055119
95.19497421911905
95.55605105075207
95.85105498935621
95.97314202512531
96.5758969386197
96.7857083147777
96.88714596619113
97.14536369738518
97.53012962830228
97.9715973594288
98.1989057744281
98.79848397592866
98.97569185512083
99.00375260794087
99.10666522178616
99.43822450142775
99.51599372024342
100.05727535477081
100.31848214625705
100.66772889371853
101.05519226215405
101.22820746929874
101.622156832863
101.82908815101665
102.16787831035485
102.3226134182268
102.42137147591399
102.55673347105366
102.87266417659991
102.92141137997591
103.3233524011385
103.55928241099065
104.32575056328726
104.54691584779219
104.75479895285156
104.82131484487796
105.11443988808837
105.13951277330536
105.34014953297738
105.51379295888691
105.90399315495928
106.3329616381746
106.97434123450519
107.19805437192932
107.44925318894744
107.48710101485315
108.3636490695317
108.8110182940852
108.92495579820455
109.06214292960809
109.42376009257494
109.74897941553392
109.81304903944624
110.37809227429462
110.44619446319899
110.52003082303754
110.70425373554244
111.05969901053335
111.06665662470716
111.25932992718317
111.5270331010636
112.3159190981982
112.7486621823179
112.89328503358972
112.93324302069031
113.05739642337709
113.10778119230497
114.26773457561595
114.34203365985009
114.58229738433263
114.87909915615695
114.95353100764964
115.07475457049661
115.34736900511349
115.73337589329083
115.8212697093786
116.23443531006457
116.80647031123601
117.10683193357623
117.4417554601641
117.60083464251447
118.16697088875691
118.20180962505353
118.35079612872767
118.44129119205287
119.0558531893244
119.26055987247582
119.52478839766643
119.61618276126454
119.99865382811065
120.01816932405121
120.20013512039644
120.90197197092853
121.45941750218272
121.46863845183952
121.66665353294216
121.71846953754961
121.87407489876264
122.20161304148046
122.23784051271085
122.70178154691921
122.84752443525419
122.94219440336362
123.41557937315831
123.92112790645125
124.0975955289324
124.21203062420558
124.38164786131972
124.56212380200968
125.18737713331228
125.37824593260719
125.40068285151395
125.61541567587794
126.23852651711944
126.73601834954152
126.95997224747893
127.3233698272362
127.42620636453081
127.71685601742342
127.74908733413825
128.39198418448802
128.9227292025116
129.05767525050885
129.15691367756634
129.28021610798208
129.72038336275185
130.20649865655926
130.23218512530786
130.50403275350143
130.799360719081
130.8398399926566
130.99207156867635
131.01254052113018
131.19912535510747
131.44141014417698
131.63620791778848
131.7245014997715
132.9480234564939
133.24175652058386
133.25163100832924
133.6813286223649
133.73013279578913
133.7712684185103
133.94991441186318
134.91012501527322
135.28168879001538
135.45101378216006
135.54293477907262
135.75824835543835
136.04086054613055
136.11158288026112
136.51427699001766
136.85168621182524
136.9326611975582
137.556516651364
137.626904314595
138.040281031723
138.44498361251075
138.69083314289574
138.97814719669776
139.24846255046745
139.379971664913
139.63089976960012
139.94091671411948
140.32265192765482
140.5319602695223
140.5811437869748
140.9144463531393
141.04264896667925
141.36252608812072
141.63374975151123
142.51956637120938
142.77861010157648
142.86685952956955
142.90588664693826
143.07174556051095
143.23302907351098
143.63936899615055
143.86520827326973
144.45473827116552
144.77351872763333
144.83244990621614
145.6201871044847
145.65262894927784
145.6813599887828
146.4439384037142
146.7725933784029
146.79231523413563
147.1838982845939
147.2644208578723
147.41432386520606
147.92608907929755
148.60768548643165
148.90321424717837
149.07477643465154
149.16493688426365
149.28692801851412
149.47240595346202
149.70964912220796
149.92930811870028
150.09178337913337
150.2373319256588
150.4582735502849
150.8755153125549
151.22304235245738
151.67037797620048
151.93220313987177
151.96687086319844
152.41400692553526
152.60878482119804
152.61771680087708
152.7008751917701
152.90850003415449
153.12665158442985
153.18111853286905
153.65360141826747
153.9379727829621
154.14088152124307
155.13948462493397
155.42748180892178
155.5508422806732
155.75187492190224
155.96848063957404
156.34888368185105
156.5476452545787
156.71930668991644
156.83330396995538
157.0865949283266
158.28019403043243
158.58229363813166
158.61370440199462
158.84552549792946
158.9160362807342
159.13500113335007
159.2244104975136
159.65871327175645
159.98112482579327
160.00212179123793
160.449963364888
160.5378400413617
160.61659425875342
160.76293052902375
161.2004772244989
161.82884664315148
161.91966081030276
162.0729435696616
162.53491855927643
162.62085654175345
163.01023054539652
163.42376688880634
163.4277760285933
163.87372655857504
164.0462408735329
164.26306978141426
164.33510458584357
164.62502227828057
164.85614218581856
165.8358633956384
165.859783856211
166.10116780094603
166.59575736167443
166.696029119194
167.15199897654034
167.42809174484415
167.60178289874202
167.7825930497658
168.03647099427002
168.80619615522576
168.86008062665624
169.15530033141462
169.61147069084873
169.6915619935588
170.58786186189963
170.91549550816745
171.0686280517018
171.12982824220708
171.22872432928168
171.35616803902317
171.4556335345949
171.69433991013852
172.84321437254113
173.00424620217967
173.32305933314296
173.50026197672668
173.68745977213524
173.71776871341106
174.11106305208455
174.34613043515697
174.74628528263116
174.9594255396215
175.23025248589175
175.700724006292
176.003901088033
176.0222287262207
176.5577433841466
176.92007905398967
176.9263239088474
176.94712320644638
177.15680701224943
177.34949069039996
177.64161768328302
177.73177859654666
178.787693757622
178.86983298648866
179.83793747134163
179.8470900107965
179.8962986640725
180.33388194444512
180.69562078964012
180.98080503251904
181.1560969037859
181.2727746590518
181.4403097283821
182.30557869724902
182.53629162220264
182.54375308382905
183.01045556016427
183.1123594829286
183.15921454511547
183.51809746815115
183.5585238711124
183.65386792857217
183.9622595416068
184.4778829735249
184.79212417566004
184.8110596685419
185.03462925662473
185.16175293242284
185.18651918203454
186.3086151161065
186.4319775082773
186.52519995834393
186.83675747442658
186.97059105760343
187.16591523997485
187.63888989266303
187.645094316178
188.3877961948545
188.42683307071889
188.8606682370554
189.19585268587477
189.37775024853352
189.56914473510818
190.2155662969762
190.34151783378084
190.93245862020223
191.05789216881558
191.5712653310029
191.58848500982333
192.03722630797049
192.15270980202976
192.1752540575214
192.36993811780005
192.93204567916078
193.0105014586936
193.43868327286572
193.77243375468308
193.98591815308524
194.00820576893489
194.31280028993135
194.40393585744656
194.4883553966973
194.64269419155193
195.0132540262953
196.19509418269442
196.2706464658299
196.33937899599584
196.63901904688845
196.65728878302548
197.01059262183313
197.02226128296064
197.236734784687
197.47268680795872
198.29357112170834
198.72926316273188
199.0180391256892
199.11848957262174
199.3581063739735
199.84817706135954
200.25544225501258
200.2778200532176
200.55337302468703
201.04947616593097
201.54761576512644
202.20218531568136
202.27743749234338
202.4072419338321
203.17164282427905
203.19959198043634
203.22074655214985
203.32327922367284
203.6198493521145
204.03136593487784
205.25316957430442
205.6273613990453
205.77028399897733
205.86814417679244
206.1096232973759
206.15463586391692
206.62349162104223
206.6542409467233
206.92276926701996
207.25581267517887
207.56661538520487
207.92941585954023
208.0923006884671
208.12883680629503
208.1691072687587
208.59055757405486
209.25822816244622
209.49209458082214
209.67752221259812
210.19699958354235
210.52471148133796
210.54501408272583
210.62970737153773
210.97852721368332
211.09633273628455
211.26347944058193
211.73608315696455
212.5062520343359
213.29059251747498
213.30723241547113
213.3659097048768
213.73772517559343
213.99651901098315
214.26934726886543
214.43651538092791
214.45202941871193
214.68812172871864
216.2822344463241
216.51178023411
217.79954341980468
217.97436545991468
218.11546978579125
218.1580252360552
219.01777745060033
219.05900487875874
219.29186928003705
219.41396279501484
219.58432760928025
219.88733541260774
220.37082014731962
220.3806958211513
220.74238794182506
220.75717793623136
221.1174771323485
221.22788597242865
221.8893628381598
222.03278629286353
222.1175168863331
222.26765892576609
223.18155466605668
223.22887675996893
223.6045473076507
223.70802794525522
223.86937869663433
223.8941672467042
223.97762516445357
224.8434099425151
225.06641202081
225.1442594800582
225.9227941708186
226.5196825378904
226.55207258484813
227.08957480550188
227.1927573951686
227.38900259193767
228.39726191309882
228.91896712650012
229.0194428168064
230.2183477733967
230.4874990507033
230.5101431507255
230.75181833311856
230.90547320968128
231.2011831341759
231.4200654322333
231.45175125485167
231.68750911093778
232.3187692942161
232.90696053295972
233.019484558909
233.3745350531622
234.2543504258458
234.3075916818778
234.32801475218167
234.47656816646193
234.90978183746606
235.86648978793204
236.07187126849536
236.20874392982475
236.54437157006188
236.607299829841
236.70889073677336
236.91420922726587
237.34550439640566
238.17065061688822
238.28155295468892
238.79958261510933
238.94261585248668
239.01566130713258
239.1587575898703
239.39565026389616
240.11335895207628
240.13756576017929
240.2548358327903
241.9445492469677
241.94482776498901
242.30153021999106
242.35620555945235
242.8579787112111
242.97582526214356
243.52608344035232
243.68100523568535
243.77688365593778
244.3143639206521
245.47076370195134
245.59833547354089
245.73387699104623
246.04468623369596
246.06428635852993
246.1838686135886
246.31673412608026
246.39372301160864
246.91788125300027
246.9657222150106
247.05203404073978
247.6693740924684
248.3182166260849
248.39643233694233
248.89802223717163
248.95953382757983
249.61479572187713
249.63579658146824
249.74585961090756
249.88856470469554
250.32280734228502
251.43737915576256
251.585328242933
251.80987460505165
252.1845221801077
253.05198709963787
253.53100181758262
253.5811741672185
254.6095145602933
254.82935311189513
255.13052419695958
255.35914569392884
255.88477142261593
256.3194919865682
256.40782385652807
256.9629389800401
257.1890400331054
258.05868538783636
258.1120525871406
258.45298248168604
259.4619671016173
259.5373471066677
259.80000167324386
259.98468011838065
260.1144600035053
260.64606311642257
261.0111703994618
261.4726309815271
261.55887164370574
261.59217608017894
261.76316277719314
261.78616687247023
262.115732430059
262.3117906407454
263.0354268701871
263.42713838491534
264.1198887784099
264.40846954001233
264.49524948565215
264.5720626258688
265.38908242922747
265.5137545517301
265.59979149599775
266.59695026544046
267.0792958804958
267.141965566129
267.248932501809
267.3352788939639
268.82459336569195
269.1622798127524
269.2977961353357
269.3221769014198
269.3495667896919
270.73647530717614
270.99226166143285
271.0238773805646
272.29835791535663
272.51588127721044
273.2406575825696
273.2659233592336
273.29831574162654
273.395666857237
273.5435706740043
273.60062259535766
273.7298475557607
273.90745262708094
274.30053666881366
274.61249443119385
274.9617778226881
275.66497222542677
276.11422794487436
276.2457264710059
276.30284590329876
276.41554832810834
276.83218455183226
277.6191931769956
277.89636788122687
278.30240961276843
279.4035930714542
279.58091302313073
279.71404090823734
280.0041637386701
280.27614943581415
280.8500920953497
281.07329702454507
281.5259569267633
281.55549924673977
282.7536958235445
282.78143095803654
283.1028862884095
283.35359587288895
283.47314029099323
284.4371187650665
285.18272455165607
285.2400578716075
286.3156871275123
286.52877700939166
287.2005016327667
287.3662032121506
287.4580669166568
288.0295166003297
288.3100720978023
288.6688355310034
288.8755395140194
289.54273628460805
290.24542356752016
290.3068554943093
290.8773270627076
291.01758244816693
291.6917869273626
292.1995223301435
292.62905112713526
292.7391467544726
292.7751136319675
292.8810251599945
293.59342423138787
293.6413186878635
293.68398146168613
293.8123650109455
293.8367757477417
293.8692075645302
294.1616612386548
296.10724044469936
296.55647612821303
296.61964232223886
296.8564942356313
297.29721973834495
297.93418739267094
298.9030648270817
299.56249794560006
299.7320039878419
299.76374363266154
301.306059995917
301.39210981454227
301.46821834464544
301.8306321973559
301.8382584553385
302.03833003250804
303.1543866175363
303.2774721726523
303.2863067592902
303.8391014967612
304.88820521947747
304.99080787863005
305.21429725698084
305.3137255888626
305.59094677152814
305.84019426277837
305.8844255543045
306.15264821516854
306.748913641485
306.7738223980728
307.16845441209523
307.4849005967175
307.8442480383789
308.17961419142233
308.36795211396986
309.1296587564657
309.23745401604714
309.2883628254396
310.5394754522905
310.77320842686777
311.0763394445843
311.87561105711444
312.90271084303413
312.97165423996745
313.52325047440087
313.54000806534265
313.7325636524107
314.3322855204346
314.73054597163133
314.7634961602356
315.972977954929
316.0250753853937
317.00709920796646
317.32174621094975
317.66595531120487
318.25212070610286
318.6367380813671
318.84400105453324
319.19132501097863
319.8475565699562
319.8601655328234
319.9665014187061
320.1799303027115
320.45934700172404
320.55606420233653
320.57545319793707
321.19302054087314
321.6795181935715
322.31504292871284
322.52502565524753
322.5683672867878
322.856926312127
323.14472223885014
324.4883275530533
325.2250837331347
325.34412247157053
326.3929860968672
326.43361155403085
326.77477715719994
326.84451228042883
327.6696619846932
327.71159475818195
327.8498074772404
328.2418711092283
328.2661452866318
330.0878788365219
330.1446018723291
330.60393582075494
330.6795281209673
330.9400945813422
332.3655247555614
332.672498637479
333.98322070336553
334.1554527140475
334.3829849285966
334.93212773465456
335.214420562902
335.43054600708047
335.5110382712074
335.7315996470213
336.2612020570584
336.3183570659067
336.9338253604624
338.2722336640125
338.5032860880395
338.93743599854014
339.37392591742787
339.49490733484834
340.2344102836311
340.3114591210988
340.9603109797031
341.5790824424153
342.1796251204452
342.20238711468687
342.30028860560867
344.00658849438855
344.09742501148565
345.02093351075797
345.57295036415036
345.82987588354484
345.84597144331417
346.30004524614714
348.04770840083455
348.1151516675971
348.17436155780433
348.4130661038735
348.5664956038409
348.7371213266446
349.51263955985064
350.51770633987576
350.7883437935228
350.9600489976463
351.0621364413348
351.2285268058419
352.45283329378793
352.62914411940346
352.6941815422796
352.87453633500115
353.06319074549214
354.2488142210976
354.3930598693414
354.40866831102517
354.8525868666361
355.06662377176616
355.5529757299241
355.6691314107108
355.76794179767757
356.3689483286006
357.2697512485368
357.8989176650769
357.9461797781269
358.06910691179087
358.31433071596706
360.140831955752
360.9441115747757
361.96131725793117
361.96731819451196
362.04557672252196
362.0731958431919
362.75126227971646
363.628334712084
363.68339558538304
363.8044804655655
364.2477264411882
364.5417004272316
365.385077502881
366.5336095995293
366.58485699614636
366.65253365368426
367.040891881516
367.094568210013
367.3914611269772
367.57990282149905
367.77579433963325
367.9643645341637
368.976243954056
369.58109141315236
370.34149706558367
370.3844655471894
370.5134425133236
370.9299609791322
371.39885292832065
371.52699376307976
372.0891858703251
372.6244855920225
372.89213283259227
372.9246231774621
374.0847813788292
374.8375946746024
375.79900341327436
376.66388730443833
376.6808773152159
377.7089977983016
378.1745099779208
378.1940386549844
378.2084525786105
378.3222041700013
378.4889883335318
379.0536263920337
380.77058747696174
380.8416428623641
381.0587179201975
381.39741857511933
382.30641079140906
382.6674712066182
383.61738641579984
383.95266944222817
384.0058476769367
384.2927724907052
384.4864138350338
385.29722139585493
385.87320492225354
385.88809575384255
386.4874959132871
386.65921369800424
386.9068686333933
387.54543011099423
387.8412043660609
387.93852581690646
388.3704032752531
389.80339986958654
389.97315461675976
390.6077173722371
391.67429089510273
391.7483733776008
392.8139379436239
393.07510246003244
393.2855239874473
393.57527544555717
394.63530189657354
394.7017376732013
394.7977687531411
395.1901332795667
395.3989161115351
397.67947156777143
397.6981930147169
397.964072472206
398.45755920339616
399.190172237443
399.53088870159064
400.52933550782114
400.6578812415507
401.1975400220684
401.25214515598265
401.2650069410695
401.5846695212842
401.6898327782858
401.7813980251036
402.28981134683096
403.1882625060169
403.78139640782246
403.8193584162082
404.06668950612425
404.50118092632863
404.54542171277444
405.1420574694211
405.4708377420328
407.1038078386344
407.51761977462456
408.64029071999636
408.8139771389266
409.04950866579566
409.3328245975002
410.359107072724
410.8750486840399
410.9261444983792
411.60993292698043
412.69911949478785
414.9821457842138
414.9896261349998
415.2578407293983
416.0991561892413
416.17002692511096
416.3796183969811
417.7367409392859
417.8284414854299
418.941910674994
419.46467607299746
419.52197357937087
420.87675632677264
420.97266803119146
421.0151896636679
421.11538188289956
421.15182096570925
421.4657644714072
422.8308444068508
424.0097715194977
424.36402298215535
424.79241347861216
424.81589656290913
424.89693492039163
425.68694073455043
426.2578025396824
426.73745142284105
427.38159356154875
427.481653351939
428.5632075475396
428.90595498855777
430.3860965976233
431.8769381063936
432.42355126798367
432.67054930438434
432.71962482532444
432.93908673627493
433.3953465718467
434.20587946697384
434.97770750354806
435.5168416679385
435.53620472666023
437.01889209278806
437.5361279130092
437.9169266054648
438.25925116014645
438.29030603451463
438.8037558122921
438.95350319902906
438.99421355082865
439.5369548619241
440.43922589552557
440.90734577846655
441.40655569176465
442.5021076098718
442.86900538139247
443.52803914758584
444.2908902641065
444.8136112816734
446.5959249277985
446.6398487611356
448.46293645024053
448.9194855352118
449.08622261301906
449.1956944519689
450.6138013744487
450.67730855325476
450.74749641161435
451.00653818329494
451.07834378669816
451.1235654010774
453.59266806842106
455.1875067608212
455.4819734613475
455.4942626127443
455.9343542641772
455.99541562765125
456.87270737872717
457.41878439765867
457.6700769106007
457.9959142610484
458.3624681880133
459.3719722832717
460.2212057955808
460.5706873230358
461.1847332875736
461.3329103212239
461.48836060949554
463.2786721323308
464.6301431706481
465.10440073038257
466.1420513679885
466.76283695023767
466.92511852529344
467.5380688270494
468.4711092930329
469.12968183262547
469.20910822034557
472.0465144980421
472.97407258224786
473.9077381589113
474.03399557625903
474.24860843576107
474.33683610053504
474.8420031798391
475.2999816712106
475.8072522078571
476.26664869668485
476.27666039841915
476.36485755224226
478.2238959921054
479.0142585277283
479.1769357861633
479.2422968134922
480.15278545260924
480.18753065881293
482.12728208948425
483.04982699523066
483.9543989043965
484.97361438785595
485.770816870475
487.59966144315064
488.02878192493216
488.0521403327637
488.1046011316952
490.8654542457489
491.3511657383328
492.494900027558
492.9102005322512
493.32971169370654
493.5269615134413
493.5773266776788
494.0736271026612
494.15593382410765
494.35791605980086
495.5101744472435
497.4595437560099
497.5374351953134
497.70122242702877
497.82446403196025
497.967804537827
499.31113126565924
499.4252002477982
499.65189443941676
500.9207621450279
501.3095001576051
501.36021247073177
501.9114393782338
502.01102959499264
502.80413075114114
503.19930887403336
503.3805680407505
504.20072929281787
505.0068123414095
506.50453839730625
506.89042338731053
507.37514423293095
509.63399365708204
509.8012135774461
509.9401907631616
510.2964205738972
511.5520248581457
512.5195944551243
513.0010066060752
513.200894205882
513.4249010215635
513.6594422307828
514.2604981741538
515.1183517864622
515.3185536141509
515.8380692591676
516.3379770433386
516.5906598915859
516.6484046694032
517.0694310931243
517.1141100259694
517.3519966649897
517.4198718873288
517.6076578736933
517.7226154511577
518.858326873704
519.0607066398761
520.7456606353996
521.000628460731
521.2675744096933
522.4203144345568
522.5358208272569
522.8766814699421
524.6738130712931
525.71637048134
526.1264532637754
526.8583425665083
526.9193041809561
527.211989968099
528.3649968726706
529.6884399789528
529.875154590812
530.5781183145784
530.7419468798098
531.8252045212456
532.3545984541224
532.4070453132774
533.0681573500538
533.2066716043233
533.2211587617911
533.9162662051904
534.77753842779
534.9489703243672
535.156917196832
535.2882034566159
535.7401414552309
536.0459895179332
536.785196694529
536.949225275539
537.1318699302973
537.7489110591231
538.6840769005163
538.6876383895232
539.097797567267
540.8455639823835
540.9901901762577
541.4529720366035
541.6011632398502
542.8620292377811
543.2927255633771
544.806765982712
544.8204753951899
545.2879217001703
545.7600992458994
546.9601621185842
547.2659197503827
547.3875355435387
547.6565338107914
547.8083791525089
548.7257447819535
549.8206690869428
550.4703017133718
550.8749916661028
550.9030250809418
551.7602576889508
552.1619635163921
553.0818737685446
553.3170210377093
553.3907146229822
553.5799578838931
553.8936325328986
553.9207317063791
554.160503887895
554.7448683023655
554.9016558589699
555.1211751217342
555.4583699385968
555.5548612130598
555.6697991345081
556.1284775044516
556.4150939061162
556.8012533923444
557.5001047982614
557.8310468190991
557.9037472499621
558.3193977120014
559.3777572376913
559.6890812975684
560.9416537373463
561.149843888489
561.1885148423407
561.2767167708537
561.5460130702322
561.9273657973876
562.6759444777376
563.1899742273599
563.2241217948921
563.3289758401296
564.4135026928925
564.9414661880891
565.0582080470393
565.2438105682512
565.5771129270165
566.038752356849
567.1822071339886
567.3105626769293
567.3880091967663
567.4577577289855
568.0899355805747
568.7415873858483
569.0990117028117
569.6992063215762
570.1406487374832
570.3047650072098
570.4127170932903
570.5680671619704
571.7216111156915
571.7927271639493
572.0123620657316
572.5189772301126
572.7103565643631
572.7564381792033
573.202291079717
573.5058530582484
573.5463589747608
573.6917467976513
573.8557728897547
574.4068358088136
574.6176172921037
574.8445345861668
574.9994521115215
575.2054601325223
575.5537299477543
575.7334844701779
576.2694414121559
576.4672179844123
576.9008590333466
576.9957088959573
577.1486368195194
577.498640476803
577.5496761267644
578.1817259482189
578.2614542931191
578.398546775393
578.4924791812365
578.7197363864012
578.9291039694804
580.3635994441548
581.3841642422785
581.531831582151
582.2509104585209
583.7059329548434
584.0105495990531
584.3202257951474
584.4168776626897
584.7015327188767
585.0976510870753
585.711082206589
585.97739567615
587.2991080791337
587.3390593330629
587.6001617764218
588.1513858789523
588.2405252917371
588.466304255438
588.9691981181288
590.64520015589
590.7048043861436
591.0879251910577
591.2613600805344
592.2572418250304
593.2053567138638
593.7025992436995
593.7428970881436
594.2653928956037
595.1447892355933
595.2529419657426
595.4009399921287
595.6677872738026
596.0006971500926
596.0065558875297
596.1721799469422
597.1354924336814
597.5005496099449
597.5728465605782
597.7237983970738
598.0512862035804
598.2040815580156
598.3512333073865
598.5297100232387
598.7291777081207
599.4689045486266
599.9399567177693
599.9702219214379
600.2176508161663
600.3097559085667
601.3408106728249
601.5534883462999
601.6432736316012
601.7294207613719
601.8553957511651
602.0709745705162
603.4407832505991
603.4838497948803
604.3108523902151
604.7252614790973
604.7541198403321
604.8716112291006
604.8867591412851
605.3062633782887
606.4962817527461
606.7887669129427
607.0338023564653
607.0493342278161
607.1740044114554
607.7109310679759
609.1588267343535
609.3328877851686
610.0124420063918
611.1356882576979
611.5012741686515
611.6489104598667
612.155507413192
612.2483024536949
612.3000362229997
614.113900543375
615.2500801590243
615.4101028973594
615.6844114437998
615.7502492229639
616.2396293852051
616.7910971691861
617.1536301351151
617.2618769118832
617.3041110777924
617.4024859151396
617.7417833949928
618.0209621293875
619.0653516282943
619.2379992680039
619.385891485735
619.4576242950609
619.5499621674327
619.767715478665
620.2153146148258
620.4454762025559
620.467411535052
620.9229829115181
621.2680604529743
622.9930069088144
623.1061121552102
623.2045833671702
623.3392986714249
623.4770348132644
624.783487053496
625.291717562671
626.4805323139244
626.8222398624456
627.3478279532064
627.832851120065
628.2172029920076
628.3733744555507
628.6123167876995
628.7206678867692
629.5712959113943
630.3281344099814
630.8516317329243
631.1168276340466
631.2816436161263
631.6820296535697
631.9366014486902
632.7193920471118
633.909491983078
634.9145954938064
635.0153736458275
635.0715134071692
635.7277647813531
637.012641852253
637.0639372325409
637.3182495790185
637.6475292493002
638.0469048774636
638.6340168678342
639.091073944492
639.3374247052278
639.6528956639035
640.5930363539918
640.7013125292907
641.2674698219203
641.658250824488
641.8218818562074
642.1009885102874
643.1509196912077
643.5735723369725
643.7472213049268
643.8279866244364
644.8324777637274
645.1035944944942
645.673095605315
645.9118430999
645.9558268587398
646.526653080387
647.0176062842743
648.0588588810839
648.6878326751244
649.0083553839712
649.0985488686067
650.807593394674
651.4187520229824
652.9481186744696
653.3875013282566
653.7655009790674
655.561236269301
656.0335200389147
656.5423560192729
656.6361939290892
658.9255922455692
659.1541498059048
659.501316662196
660.2017148018226
661.4107111194071
661.4368099411593
661.4709322722805
661.5629660710449
661.9676856605217
662.1596243335958
662.3715880250621
662.5809586050457
662.84636625225
662.8684977932412
663.5438377666308
664.0007602021406
664.1807607405092
665.5143177010425
665.5411513040862
666.1370979735691
667.3875531124253
668.1744959684104
668.321686914253
669.2820223558283
670.0386286324015
671.3851323531057
671.450773230471
672.719823751413
672.8902866908123
672.9407072564733
673.1405688181269
674.7023319777269
675.338953246113
678.1062603406276
678.7398050545261
679.4297000379278
681.5049655641087
681.5506628260576
681.5838795070252
682.3647328212318
682.4223581890274
684.010860032875
684.1504421289462
684.3726439894983
684.486316225925
684.5538739582533
684.6810346128345
684.8903143262467
686.2157514365965
686.8360198960196
687.3077100209647
687.3483585438813
688.1572375022346
688.5470548495413
688.9765240433397
689.2670343659807
689.3723559390472
690.141630276403
690.2973356923961
691.0548539279298
692.3521493827852
693.0890347338968
693.7740035593507
693.9527634601524
694.0856027464289
695.610305020271
695.8576357025224
696.3568998687847
698.0162485878536
698.1640324230665
698.6604044395725
700.9557344385761
701.5184109951329
703.8406815514797
704.1879029695107
705.0677034075077
706.0014197555839
706.5487995814078
707.0389986447155
707.2551126074718
707.3113641465866
707.4717383920379
707.4929131445883
707.9075212729924
708.1984433999323
709.0357260462387
709.4019097976278
709.4458551455216
709.5418621963994
710.1074199458457
710.3030605299779
711.3071440899736
712.1160184755828
713.450383342935
713.6697638529243
714.1211849752747
715.6047952435529
715.6712546218266
716.5258181708506
717.2013979273297
721.2454942367922
721.5268452740304
721.5446522649731
722.0642292757752
726.7862454976565
729.4174399488925
729.5274247038299
730.9555305602495
730.9785466063253
731.0743424838732
731.2550438932785
731.6505657660515
732.2346833094743
732.8123279239213
733.4579180100643
733.5830874522816
734.9098263316797
735.3365290951523
735.3587982090737
735.6442786065052
736.0556351394494
736.6409768350596
737.0044014111842
737.5623528224573
738.4156990939775
738.8352073976363
739.5453492064539
740.1350443216547
740.7592710483349
742.4517567118666
744.8035574467231
744.8632999578483
747.657640900665
749.9558153152449
750.8435176633774
751.652835017737
754.5353511713387
754.6667709321634
755.3486309305581
755.5395178518141
757.0424979010727
757.0640777050561
757.6152050990586
758.7558217263486
758.8235823683352
759.5301117383675
760.7952874590022
761.4042824161256
762.889136717975
763.1632591571125
764.6247098937833
766.3636437939879
766.406984726
767.9668274334637
768.7444326857913
768.8314064898257
768.9777102445973
771.5717939785428
773.3833817763611
774.761532311915
777.8504359789839
777.9304190037376
778.5086774867863
778.5291820314993
778.957524060787
779.0376850394963
779.0583853484568
780.0759241448932
780.9292897418411
781.8550711414509
782.6351257732063
783.1633104973981
783.7364068165211
785.2107854273956
785.5184756077105
787.0877815735595
787.1466540810748
788.7646998095471
790.5021506547241
790.5905227030977
791.4516052582447
792.0341268795772
792.925171533438
795.7933468904096
797.760926182917
798.3655237306363
799.0905976103779
801.9663617065895
802.801875298832
803.0646806569016
803.7328469726943
803.7640872144876
804.8713736510041
805.5645268637477
805.6729042110279
806.91003118191
807.017290909793
807.4354427912536
809.1332379798309
809.3236081041919
810.9856931129865
811.4072208943161
812.8432931090415
815.2046401652517
816.3550470363233
817.9799383719884
818.2703172085311
820.897616415267
821.4810102310029
822.3905612283071
825.162616133352
829.2573276390183
829.4438038953192
833.1126366998577
833.7569090703465
838.635404959264
839.6035314726121
843.9082062389826
845.0384141540554
846.4419985480137
849.568060379493
855.6151632998948
862.0477847438997
868.8695443672319
876.0823036307982
980.9948569340992
1080.29724064621
1101.1289740721954
1121.4865647880458
1142.7158155908492
1163.4656086965265
1185.0867654726603
1206.2238540678966
1228.2297981973502
1249.7564985216948
1253.1103541410384
1316.8880852610157
1339.184930515018
1342.6111032857698
1362.3726738143785
1385.0648952339918
1388.5077170093857
1408.652987656008
1431.7376906599552
1432.6262904030168
1455.7429224927216
1459.0693873893147
1479.2245556356988
1480.1986284738593
1482.3760224098282
1503.7200138748747
1506.957781514416
1527.6187343594727
1530.7383369310596
1553.2221266339764
1554.833025823543
1577.4391377507948
1599.642750358748
