-7.506337930604047
-5.4092835093463485
-3.371813529395781
-1.3526540023861697
0.642962722177085
2.5289914772613926
3.2650870486046664
4.328395152135373
4.97843877482299
5.32282865874415
6.5467073265883045
6.966307912235285
7.337724154370299
7.367707610745519
8.93127973309404
8.989807988859466
9.25722086746368
9.367361832172616
9.487727921161547
10.894990224423395
10.992668105838607
11.379021989635167
11.396860265423314
11.425188774351266
12.58481927608739
12.763135985065258
12.959299786415318
13.00495055795898
13.407163331706885
13.44800478089836
13.615441444994456
14.590806273841256
14.825843874431065
14.993869664456966
15.407136802210111
15.439300496092812
15.601074465349331
16.06911357240991
16.317573275106664
16.68578709895013
16.873493343970015
16.928976332106544
16.988725370948572
17.451591555261523
17.624227015850355
18.107348808917898
18.71541193786009
18.88450079067258
18.942917928708365
19.05397450650908
19.439107333377564
19.613790059492395
19.76710689940978
20.104143665828946
20.405826247213124
20.74732292300126
20.864001739753395
20.960554159852283
21.121257103282005
21.618696979990204
21.834031633326546
22.131001774373928
22.322187634606138
22.764697777239412
22.961749813910735
23.06039818666547
23.144814609270558
23.549044023849866
23.85336477321073
24.121941684849627
24.333505983790776
24.7653249978488
24.851682198384534
24.980054652376236
25.16918654348519
25.195646171249354
25.864637754728093
26.041700479480987
26.046158727680385
26.370955493237545
26.79315575177857
26.982066542836556
27.15412436488314
27.244004547821213
27.877532907175166
28.037118537120023
28.072810573951898
28.371476101943518
28.83078105882791
28.911018638892784
29.1913147165399
29.50860705639164
29.732638407103106
29.969612836688874
30.103691542940393
30.18645063783536
30.3997860969087
30.879143547340057
30.900656917024083
30.924790238465512
31.219208027706514
32.09496074551884
32.180883100310666
32.22192866928964
32.43962506400849
32.896906991006354
32.94678439182017
33.244382289755514
33.445041435905935
34.089352606275675
34.201149619015226
34.25064310086812
34.62743022704679
34.815344077026076
34.956464204501486
35.12397125996786
35.21005584413382
35.42891933768289
35.65617122369551
36.01318245375761
36.24029343164555
36.679004836079166
36.759743798987145
36.99091392707146
37.01435897639357
37.441673042140415
37.993522829201645
38.218143447813496
38.50485610795734
38.71769772434518
38.99880989757485
39.31129132384441
39.44627427138511
39.562811914827044
39.796285406557324
40.12581415375497
40.25502548044047
40.52902184330748
40.68321159233891
40.77255636509446
41.1073866201582
41.455169739108904
41.641096556319404
41.7101076005091
42.06708351205415
42.257434892856686
42.33110263104326
42.75757741970595
43.346777293552044
43.4833726861001
43.60198867296091
43.67648288255296
44.33103696250573
44.6581578277868
44.68941036227774
44.83622076494056
45.40186952166121
45.498685208176376
45.53027851449375
45.705564022520626
46.18222857777843
46.336165127832786
46.70352205679508
46.7706476257385
46.976661120105355
47.589583270535876
47.65388828055096
47.71510385610015
47.97315313148817
48.35108690873564
48.93488653064735
49.029307933671916
49.220301695722014
49.48083250459781
49.56443613323686
49.672239976076064
50.373947634086896
50.513101235064525
50.684599034993845
50.968478497964234
51.21988467769999
51.221413626465605
51.566134999403154
51.67689970734061
52.27322478827382
52.558361931306564
52.72498984434184
52.932784519594584
53.07845269964706
53.24525656514079
53.38264592007252
53.640020976427465
53.91637110726605
54.62788314026292
54.86624352063718
55.277280049593685
55.541732718842425
55.66105459540097
55.822574662128275
56.567443214078104
56.64809980972736
57.127496245217536
57.230494666990715
57.26984497394482
57.293834009708675
57.64931525728917
58.02810305073494
58.62944837508318
58.64569968733906
58.7910358233323
59.23355218091593
59.3008649218823
59.54537480821522
59.662579044869034
60.072150778374585
60.52692135733985
60.66565903747475
60.69491422306232
60.952552062367694
61.313054318269266
61.33980122809364
61.67540463538834
62.362302405676395
62.583193282557346
62.71274493727013
62.73092481029291
63.01222695103587
63.33190049509059
63.684265118210234
63.713762374419964
63.91276297084906
64.0525675768046
64.63933379391331
64.73522905859775
65.07861184225506
65.18964348854624
65.34447224595601
65.72673936357269
65.97685913969876
66.12400074703915
66.4298593761768
66.56337403684887
66.67511340730802
67.09674225263613
67.21170690358048
67.4543358209742
67.72127660687285
67.78613048751495
68.32547850275151
68.69465747559053
68.91016920135831
69.1752680461207
69.66602658934623
69.7272964291491
69.77903348872215
69.87152357892481
70.02019184474852
70.52781938584752
70.95867043260938
71.18781183650366
71.30015005406393
71.64100686946392
71.72488762263438
71.9374805984713
71.94811994546568
72.56166860591898
73.0992009341616
73.33804247796039
73.75756167501686
73.97981838470969
74.40385891835783
74.53601100314692
74.91999824393207
75.13948854138992
75.58202449409701
75.80589555053896
75.87085104334
76.01101633803748
76.20695114654303
76.27392797361404
76.57722947694445
77.07663524291395
77.36153969389645
77.73015323122804
77.76695758198036
77.95965483453618
78.03666138424488
78.56078958114236
78.98968308776563
79.15803066343803
79.38726060379099
79.75426373570915
79.94433082734143
80.58543693280444
80.86146555377519
81.20808720849723
81.75416576492552
81.90683619175931
82.03974917657149
82.26038792570793
82.81458306163583
83.04305113069671
83.27288425886147
83.46708025606428
83.78892466603558
84.01105617525043
84.40725404088431
84.6131482921094
84.68282501706142
84.71737534776487
85.3475688077264
85.751576026052
85.81170179379359
85.8243055790278
86.13020717253772
86.71995189567582
86.77591052334556
87.1553164569119
87.36360255894476
87.66938664771787
88.37718046626853
88.81147916329076
89.00702037213236
89.24899192704522
89.37986500628264
89.76892421815192
89.87553729501114
90.19369893565415
90.837469923317
90.85584128424404
91.20583481838052
91.26392691394125
91.43875489097749
91.82289454738176
91.96435893157708
92.48499769772407
92.65186345243848
92.7274705039138
92.86282952330772
92.89790857602591
93.06521932121714
93.32849940014044
93.36839293389923
94.27862913830089
94.75659901966357
94.77020316263798
94.95338039683392
95.2191862832062
95.34700278207242
95.43835982468603
95.93962378215231
96.66471512997607
96.81873509098435
96.85665116742284
97.32683270652262
97.34913030159646
97.80689350283947
98.51730921045679
98.8541726785253
99.08199269555595
99.320936875399
99.59288367207591
99.8788584993306
100.09463066792978
100.63357223782226
100.88624369488342
101.04470576336371
101.13696754289622
101.35610886595018
101.42104575748505
101.70119970910392
102.45157686845604
102.57978869872312
102.75973000511017
103.13258428444698
103.4189101187826
103.71442402806858
103.8477003592312
104.20329355924639
104.84044373527719
105.19955003871848
105.70746644885281
105.79897552491843
106.17060419667379
106.82980374068285
107.23298522753382
107.56778054263907
107.72756250916125
107.9507456690694
108.32313000518906
108.58907367546473
109.12684657051432
109.2717285594477
109.36206497022216
109.62065972157586
109.71122275702686
109.84569237330544
110.0094830848038
110.14916891303973
110.46225011771824
110.57834892112967
111.11000734852142
111.14555124338344
111.77563757140662
111.848620422646
111.94134915331716
112.4739450323656
113.12775724623263
113.23236062679722
113.9627868996236
114.09405384741358
114.49181557774142
114.8660669107883
115.8360693443543
115.93277057109431
116.00558505734784
116.05180672864176
116.47602970308553
116.93830813961249
116.99064984195174
118.0161619361793
118.33761957534334
118.4407011267136
118.73074969063305
118.94915476590782
119.00571897941741
119.22409606843753
119.57645578380178
119.61826450868183
119.90528986603616
120.54840594592446
120.81328623251804
121.07366717054421
121.61842494273637
121.9777138622709
122.11895314512068
122.42447515143571
122.53354673469275
122.95527737154339
123.13932932793297
123.62290912941407
124.46170751716402
124.6287418202576
125.17165288485
125.61449229753336
125.7631146923845
126.53010546168997
127.17836592347628
127.24332303082292
127.69952423299276
127.94280192939574
128.46182297863302
128.58695756557276
128.79194059334054
128.98320562059322
129.0974271654422
129.1646470861782
129.26075360393045
129.78609832300353
130.14837092634275
130.61200555070394
130.8921631552318
131.1696793036024
131.2996954112831
132.50107547843416
132.62019764330827
132.6960070678825
133.15623117096783
133.76698176172656
134.70853787708688
134.90818637299873
135.157617414308
135.30784766389928
135.6365829157913
136.61395436274557
136.73354829435107
136.92566282858587
137.16562529381258
138.026555982351
138.42809092019573
138.60037544285706
138.87312643644287
139.12299649123568
139.28198769663177
139.54399692763315
140.4566847916508
140.53900483656358
140.66178799377434
140.79977019327504
141.0790748015236
142.354055283004
142.6059151106945
143.07393398023146
143.2086903142634
143.32197623865164
144.38883165672004
144.54816872171224
144.66300268925937
145.07694884981532
146.43487049483048
146.4682647176504
146.6552042655247
147.06740115145521
148.52798352772186
148.69578733555286
148.74968924374457
149.11988983505464
149.33128459970212
149.60334552438815
149.70394565208727
149.98758941925286
150.05166752083053
150.31792615150553
150.42986392536523
150.5915076151921
150.83800560998571
150.87097395553198
151.38820730374806
151.91206254509018
152.91981209228385
153.23085205056358
153.39079144560415
153.61781620504908
153.9256669812915
154.03059606792817
154.9570961131067
155.00759420690852
155.3708612924956
155.3898535976623
156.38174025702176
156.97034174423013
157.3744621644768
158.40687562398458
158.77574852494996
158.83762569058192
158.93523965745652
159.4342561670124
159.47522769581002
159.7341300324147
160.04437419024006
160.24775044356295
160.32142713999528
160.7886482909958
160.90098810182715
161.17158300223687
161.28794562265782
161.56273234301517
162.08716950270255
162.70139060169987
163.20431986090884
163.54367981301777
163.62539740997937
163.9272122920254
164.08521024444917
164.32829834956598
165.67235630830805
166.08008239543935
166.70014865324407
167.66756385030692
167.9240590773243
168.07771127724646
168.39419081827972
169.53257606783689
170.1486888723834
170.31042986186546
170.37114838376067
170.5484246702378
171.13117614097655
171.51957598882677
171.63570874267634
171.84389623063126
172.2210656125271
172.31690623430603
172.58792900079982
172.69715676222344
173.17768466482858
173.5223741432986
174.21888073249374
174.25106979890896
174.60455207822733
174.7173952087406
175.1678803276739
176.76366105175387
177.1612170818664
177.40195087042426
178.71050586486328
178.78833894808648
179.16133879035712
180.6279897469421
180.97966891927922
181.26092327711896
181.9323237138909
182.02567523609463
182.26100476503458
182.60562180490334
182.70168219005524
182.9772826947539
183.47649932815946
183.64957562038887
183.89398760069326
184.04494187976937
184.18512311429023
184.65571184402933
184.8183106206347
185.0037112410852
185.31837528984397
186.18527817339228
186.26314383795395
186.6424245640328
188.2406478876474
188.48041159922636
188.63756196911817
188.6649410977849
189.34955370166813
190.24773178371447
192.07037785897242
192.09924824454453
193.35788934102095
193.89103056375694
194.4715491337127
194.59778743035776
195.14647665621422
195.53013211267213
195.6598553530444
195.97759447133504
196.09083735076928
196.2433589442294
196.31872529008578
196.56649118850322
196.80923136495593
197.41907546017524
197.85952343302486
197.9727939465359
198.08032273032592
198.50123965126588
199.36661065547247
199.95555195826626
200.10600637386932
200.50331421273688
202.11398334677997
203.55125639212838
203.96199811358218
205.28169159024836
206.02488878075133
206.143435674519
206.32898398012964
206.72317738137346
206.9560076013487
207.01667590591254
207.56076557661243
207.86627722898965
208.06496925628494
208.23874727002254
208.6571565479792
208.68265051276293
208.86504544622932
209.07932926230967
209.30418527884024
209.85927346100698
210.31776140218278
210.74965163933425
211.6796382154074
211.78815805839324
212.35205780370146
212.4004134860172
212.74581933079148
214.36053798167103
215.41571806277605
216.21209804068727
218.1408646749767
218.2834425216269
218.76689533924846
218.7898001749617
219.26223488914508
219.36223523092602
219.43900306628805
220.88267891634104
220.9365810287505
221.3539813947688
221.9011596776566
221.93809686914318
221.9668089611632
222.19943474245903
222.95516909061456
223.38702085871003
224.0555156265435
224.07740999008544
224.99463443779945
225.3860760186496
226.99843188904435
227.66652611700079
228.5898380247531
228.83524112875367
230.91463982422496
231.66548492381563
231.8078480583457
231.92435691849224
232.38388605802496
232.99463144897493
233.5558309625496
233.57122566831146
233.82193373893713
233.91050006961038
233.99798114610076
234.37872340859002
234.40506465502577
234.72433546617896
234.90499985134286
235.1747972238611
235.23151483337557
235.42238504824007
235.5300237071329
235.9093715212979
235.9898869939768
236.41350322379955
236.65214476960256
236.71996110076466
237.9609956298519
238.04887734988495
238.40545756015956
240.02403806210256
240.4128141210352
241.88147997161946
243.9371137690168
244.30545133757616
244.942764742731
245.22865545988603
245.64180409820565
245.79600916458494
245.81305613497108
246.57560899204577
246.6212233006696
247.32478146191198
247.49149747693556
247.7516724945431
248.12882804867968
248.21339009838778
248.72671051768532
249.2320103346583
249.83825412822063
250.10822206422836
251.35917949964625
251.44911463426516
251.81968407554646
253.33090163869346
253.43034437432746
253.45136136744736
253.55916700621339
255.2851994625894
257.3494132442505
258.3581960563638
258.7590356622484
259.03058160432437
259.14955488543995
259.3217959560988
259.59570272818974
260.0234737439878
260.1420914166406
261.1203806181024
261.1862077605322
261.7494910723076
262.8320385590143
262.9150305034115
263.05899086109645
263.16559442307795
263.19045653216017
263.38837781081827
263.4458490996828
263.66789073862503
263.8357685708253
264.43711918557557
265.23159247166654
265.2495821773114
265.6162706459794
266.73771347558204
267.24279741067204
269.08900732796303
271.1457101420858
273.14822498382784
273.1980845055113
273.22770799899547
273.31463398647725
273.77488638758854
273.8048414512453
275.1676718599512
275.32222533430325
276.51382760500434
276.9517182612213
277.340258135799
277.38308013756046
277.5336371042108
277.7484153123729
277.88894272388364
278.02893810775674
278.20550946031113
278.2886125255037
278.79276278820373
279.42421277279885
279.45800292443505
279.803092235867
280.5365803771913
281.43488863837604
283.27526472898734
284.5362940808797
285.3316600315728
287.797254283554
287.85691101221573
288.3584368357789
288.95176302281163
289.8979570509088
290.3234607446817
291.13014936515475
291.21978795265295
291.9603446600138
292.08137300078255
292.1926906573534
292.346411966052
292.4123936539929
292.98553033806843
293.05366107352893
294.015049616499
294.3791804873498
294.7175696274833
295.991527856841
297.8434731906957
298.7354373991576
299.89998929018975
302.5527211770527
302.7625673563885
303.3210148954583
303.75774517431375
304.86367021337014
305.7061757377987
306.91970728337816
306.99011155819045
307.5985102544334
307.95641197625434
308.37071934374956
308.84834439579254
308.978927682246
309.34651560564316
310.9705604936858
312.81152853618926
313.30135281476913
314.8788810103242
317.5124122509493
317.71131008006444
318.1132909192197
318.3852078203665
318.6669668168986
318.71953013534863
318.7820863834177
320.1906362815388
320.2217109111231
320.69205124342443
322.2805366173064
323.68911843601666
323.8973476622795
324.11559148205754
324.2664575116537
324.7027216265877
326.32213696964783
328.15694976737416
330.2184704935514
332.8613434752254
333.7679628920402
333.8511506869425
334.0575620074756
334.0743340280667
334.080213908208
334.40633163791074
335.9527353364039
338.01756976927487
339.43959796589655
339.60570508744706
339.898187978534
340.0498267871569
340.2315883642066
340.45301293977053
340.49980435624144
340.7896316081787
340.9637707468077
342.05514374118036
343.89128814657806
345.9502040837509
348.59294959821415
349.74379880952233
349.80918275541205
349.98116541612364
350.52882569848026
351.74439552920444
352.07716628828655
354.1398586052439
354.22179898363726
355.33401588480353
355.7425661452743
356.1802015357495
356.19626289531215
356.3006388249826
356.5130190715926
356.65274059037336
356.86683163317804
358.1771656361225
360.0133520625603
362.076973728628
364.70815650191673
366.49015382937927
367.0375147505118
367.86024196899365
368.58493408239116
368.64689049751166
370.65167812334437
371.4532204716053
371.74002424918035
372.6904345307913
372.8014981215298
373.6808170934194
373.75682985666896
374.0226699757268
374.0931416503041
374.68413165107717
376.51869496509613
378.57499197982327
381.2017558706953
383.32921615851495
383.38591782142413
383.55753587510463
383.6465867532493
383.93207826345747
384.0485662163343
384.3655954067885
385.4600508449998
385.48444741581864
387.5461050351984
389.58779951187347
390.006256967571
390.94877246204294
391.33626099961214
391.42513539652305
391.565095331358
391.97468922339516
393.4141459791393
395.4655693339754
398.1051687125293
400.5617209903764
400.6671896587653
401.2096421745776
401.2489984794135
402.764461443492
402.80294145233455
404.82409564567854
404.8283137655794
406.86652775752566
407.74502153119687
408.14241766266343
408.5311639230781
408.5980725454498
408.68437790731633
408.82885833604877
408.86380792517014
409.249405384984
409.3355668464412
410.68769324143784
412.7336932806734
415.3715677721625
418.3194780917806
418.33435579073955
418.5084050914116
418.8746261973878
420.42586787394265
422.48446346470047
424.5221986507467
426.06636076817324
426.3273007799755
426.49874329383545
426.7205851033743
426.9256813902952
427.38354896297847
428.3409042799502
430.3850818031995
436.28567270805127
436.37614888566196
436.9189264812707
438.4702091079762
440.50196895979457
440.5446806438483
442.5557759884182
444.53619602448833
444.9181635652647
445.0144276226492
445.13906351512856
445.2436319915721
445.46365353241094
446.3386266664103
448.41597212993224
454.7977115530464
454.9908326971563
455.3423944179117
456.8840327666299
456.88981546314244
458.9441674529239
460.9848322346338
462.4637948887805
462.9417844038152
463.4860759500761
463.5520357371208
463.75561956705
464.0707301469174
464.1730181382913
464.7677765258815
472.37588734061177
472.743896414725
472.79111756467756
473.26099931898636
473.31211363478087
473.593766073125
473.6896841332175
473.7608499556058
474.1401770437803
475.6785476873564
476.10332422073515
476.1510118312179
477.68311393779186
477.7397899714065
479.73116388290003
480.0042155390289
481.72237393236367
482.0271610228548
482.9548791556391
483.3891295486078
483.49582565301597
483.84184317572993
484.4259398960908
484.85113449786627
485.45648926410587
491.7632374911826
492.52435915968465
492.7507489107553
493.3018569158807
494.84323150978554
495.304406578196
495.34524862999206
496.86186482780795
497.3086232756161
498.28860041610346
498.9468226319781
499.407293330881
500.0179284692769
501.0740767662599
501.32472321198634
501.9752515388067
502.4403620122083
502.5484519235249
502.6995378836665
503.21310804487894
504.0213819446981
510.91119077337953
511.43736903421217
511.80411603549004
511.87578098718
512.0573113929581
512.2213878506157
512.2923686328626
512.8051222500004
513.2822175125843
514.112560136962
514.487198969549
514.8026657841529
515.1262269378398
516.359477448654
516.8131061339051
518.6261702999171
519.1817932259157
519.827720758044
520.3115627878866
520.562087458459
520.8636717173039
521.6590833060576
521.841206417818
522.0290975342042
522.1886302439883
522.430256081087
522.7792181397075
522.9889520862115
523.395619270312
524.1185010542995
525.9286739838534
526.662549211879
527.9676454981429
531.0205292605231
531.0728478181309
531.3584504977055
531.7888282924325
532.1150484025102
532.3329692180455
532.486565431053
532.5748469133778
532.7486699248926
533.0788332521661
533.5866878907153
534.047030683409
534.1896479281713
534.3998491256928
535.2341237608521
535.9077424719393
536.4809281887505
536.5002349161643
537.5281524886273
537.7744994844394
538.111256938348
538.6556566185828
538.8860745480173
539.8451597548229
540.2528308881178
540.3481070094866
540.5544701784967
541.3704221167544
542.0194821333549
542.2417476010247
542.422893402267
542.5240255607598
542.65133930326
542.7867520386922
543.0250141260736
543.3775471369669
543.5874663454321
543.7066505697977
544.0565554114893
544.159181791055
544.3148524773577
544.868655290253
544.9568593483699
546.0009913450058
546.9272648075671
549.9784491367373
550.3869145135611
550.4739188194319
551.3170923538258
551.618184767552
551.8769049148124
551.9972778966551
552.027159582456
552.292554312883
552.6784400724272
553.1732073520725
553.3955317847999
554.1772861476314
554.4664955662946
555.570236215985
556.2176241707043
556.824369588541
557.3431783691746
557.5403347044478
557.8344383335
558.525066021066
558.713941162196
559.1058751041237
559.5926132045987
560.132191082242
560.3157801599649
560.7075474367754
560.8463103780215
561.2838142680175
561.4038874752207
561.7779876241162
563.2520071557187
563.3739701226907
563.5408666723454
563.8958832265806
564.4028180614724
564.5612319816659
565.1121669566458
565.5016096002063
565.6060653104084
566.4748902800491
566.8541979293075
567.3686663852052
568.7952836434017
568.9692818509317
569.512789018969
569.633790257416
570.2948570592403
570.666547395013
570.8407100770681
571.0144909740038
571.1331046459369
571.3273518183561
571.5307504453821
571.8291809940463
572.1336154595897
573.0095132158066
573.0999306291228
573.1905267576815
573.5919795567909
573.9078511046815
574.1480136611341
574.1912398115503
574.4188984582559
574.8931045409839
575.1858292811199
575.6819655126601
576.0028332919256
576.3439508944663
577.413209917714
577.9842883070824
578.1921168356359
578.8164362734112
579.1719853722403
579.306556457171
579.9369180022306
580.0684548189257
580.3725076421288
580.7223691026198
581.462107643347
581.7646300550737
582.4783417114721
583.4315594703095
583.8632363559801
584.0655753950168
584.2031769309967
584.4054957107032
584.5728838519476
584.8370588794534
585.4756688941237
585.7085118933778
586.2997436674348
586.5529375267939
586.8045627536612
587.1119223670099
588.0501178967005
588.5124194806755
588.9655768192687
589.1477915623768
589.2478509601316
590.5401345502721
590.63441485942
590.6598687253046
592.2522046881458
592.31677820863
592.5909207041635
593.5556267864176
593.785479974934
594.1078890864261
594.2230368467555
594.6008466510979
594.9210866117425
595.2678401739644
595.4655126737835
596.264412072614
596.7212570894544
596.9156190347039
597.1556762349244
597.9618137820767
598.1386933422515
598.3729141134618
598.7009850869782
599.1879848887781
599.4534918184074
599.6471850755415
600.3149173318214
600.9132836048213
601.2157900889691
601.8158014466128
603.612699211948
603.7212607741778
604.5553914931955
604.6843822911763
605.6399754742787
607.0998256920158
607.1770923260626
607.3306153037896
607.4210484414253
608.6304814665583
608.7694334171377
609.0500487603417
609.2553431454314
609.3764432147952
610.1873722647241
610.6795990129351
612.3293108351284
612.9078449877743
613.1929448580056
613.6590960669992
613.9330983888099
614.6033542219457
615.239050086864
615.4626048107287
615.5671329850537
616.1967625923623
616.6575483192539
616.8683619113655
617.0855390517221
617.1233302877629
617.2844871650276
617.5354269913477
617.9395152449875
618.2007691215878
618.4213402072099
618.5533821272087
618.7882575227007
618.9167323403158
619.0373546533866
619.8653695178957
620.0169426609459
620.43842003609
620.5418675807946
620.8312313931875
621.4596769807144
621.5120361804074
622.387988483383
624.0035237760817
624.3872351334201
625.0882263010086
625.622838477994
626.9941109629849
627.4495432335028
628.2690649744055
628.4525395106924
628.7538606545997
629.5700763202907
629.8744382716078
630.3086835064447
630.7908489895182
631.90502436139
632.0169391505349
632.1674082998512
632.4509374211926
632.6505239245857
632.8366851802543
633.2359289855918
633.60655544196
634.3051451119982
634.5565381041345
635.03780473655
635.9667119275789
636.5955500451055
636.6753623521867
637.1168465492167
637.35673175975
637.453913312374
637.5038012703119
637.9132526143048
638.0224798436357
638.4312111140159
638.6999316827175
638.7540067386216
638.9653369328237
639.1198658961923
639.5648796018975
639.6255577192053
640.7672667041132
641.0566216403145
641.5328028850392
641.8043817252814
642.1891148048738
643.2143721116632
643.7484190000683
643.9511748845003
644.9720292091147
645.7610802354236
646.6155283651005
646.8553242226566
647.4464025996147
647.7398853638649
647.9773990195872
648.3280588134351
648.5134369425182
648.6587253260822
649.0175545926215
650.1210947430546
652.3673497026042
652.5535247531108
652.7484151497715
653.1631707351344
653.3300923444291
653.7369050690423
653.8094654589223
654.8615119158071
655.2977221596731
655.4784772079222
656.9667281552204
657.6987095759059
657.975424428222
658.0100679811239
658.5443245281609
659.1041495798785
659.5154581934833
660.3024729955035
660.925526158678
660.9348480509253
661.0202632014306
661.2097802154315
662.0968661121127
662.6412514107129
662.745875904417
663.063411766933
663.528237956651
663.672591477222
663.8583990200768
663.9923725788944
664.3370380117301
664.3673484090716
665.586694854308
665.707740728012
666.7561865559059
668.8563768590615
669.4031421458875
671.0514774765155
671.6030003906668
671.7428005136151
673.2738633552564
674.5136680122582
674.7136392881215
674.9921061001376
675.1052142834736
676.1685248472589
676.6468811232295
676.7624669968918
676.8787439828584
677.2302553440333
677.278976045954
677.6663565953927
678.4558737344936
678.8014083709638
679.2599043100561
679.425164995506
679.6005392196093
680.0195476283278
680.081670065319
680.4405798610695
681.4588665504245
682.2094723930938
682.6514740430156
682.6883191024507
683.4413650593705
684.1060176186359
684.1886420401872
684.3371665214507
684.3799613971908
685.4831159776717
686.5192722335357
686.9725624371741
687.5285637023011
687.9208645935336
688.2867590601915
689.010999608282
689.1956650761601
689.3406762149583
689.8452773949542
689.8967183997647
689.9883355747594
690.9700462786891
691.280860151111
691.4886505992692
691.8577427973462
692.1000991133278
693.5524821137818
693.8074086489652
695.1886427231772
695.5477429204079
696.370056645217
696.8462008369615
696.9468816504317
698.7476543684887
698.9167124823824
699.3281080009152
700.2240567673434
700.6531269145664
702.42747650728
703.3435363158758
704.4605065610057
705.2120248638951
706.0547222354572
706.5222633080019
707.2841427944613
707.482143314412
708.2301940489891
708.3598672603366
709.015202814955
709.1391647479508
709.2912967045437
710.5149526444786
710.6342281597473
711.6673211859066
711.9887554761318
712.2492112020016
712.6462415532118
712.7879501684293
712.9276627739919
714.3975421280535
716.3147745114718
716.8339985231323
717.6843254761287
722.327678794163
723.4889098379014
724.2529625281047
724.436405334362
725.4733698098603
725.8053151026045
725.9683849975253
726.8353262760387
728.1406755005883
728.2857463067617
728.3089370552946
729.3615863319615
729.5958600386697
729.6941550793582
729.8820826604298
730.5648668303221
730.6335266598242
730.8163300456537
731.3317597317592
731.4327935912894
732.0300493267821
733.2149281507781
734.4227259124867
735.0663437296241
735.155670478127
736.2802601464158
737.4047709672999
738.0682023850985
738.2524716509458
738.7035896358726
740.3506037270581
740.621873834787
741.2765246480111
743.6503451650858
745.6728664561174
747.7481046947379
748.5084502465429
748.6559259634608
749.5872479708167
749.8522966030441
749.9440288393731
750.0166633396248
750.2997478843187
752.6082433886024
752.8092959044494
753.0152087913897
753.3973506917529
755.2941833804825
756.0461225017591
759.9049770605758
760.1680844446053
760.809421140849
760.9037810818631
761.9896082854743
763.0511776322454
765.0057588307974
772.3513253801489
772.9005221852883
773.2819939376807
773.5273142768897
773.6237903437506
776.9482087880197
779.8769348634155
780.8402125486039
785.2844197948771
786.248200112738
787.3551094481389
789.4423231235542
796.7826316483267
796.9133236027753
797.0067409358123
797.2043461188716
797.2543424528022
797.3540688565686
797.484330644929
797.6951686263421
798.8072722762251
798.9199263197929
803.6842380193316
804.8325088365056
807.5821099811963
809.0048829991573
810.4392719003678
810.9722025477894
811.0792586947375
813.9133793435703
813.984800109075
814.8679590438152
816.8916635137157
819.8150434398526
832.6265273933163
833.0236359283701
850.6115112939178
868.3142540689142
868.778792594699
869.1794689434989
887.1786234548719
905.7043082104109
906.0987456058701
924.4866505585685
943.0629585045011
943.4292952749089
943.8195322148341
962.5770369684335
981.409943177453
981.8998831461711
982.2844637563337
1001.4699887575116
1020.6411463771474
1021.1579659146564
1021.5570634297969
1041.1199819904177
1042.0340302887428
1060.9380153309612
1061.2243773684845
1061.5993285727593
1081.551722280935
1101.534509144369
1102.0185315640938
1102.3450942802458
1102.4757136191668
1122.74021095931
1143.1304321653706
1143.6176216886515
1144.0174810488058
1164.7239295127306
1165.7020949658827
1185.4801762418167
1185.984430684077
1186.382252575507
1207.4875897250733
1228.633542764629
1229.1460404273246
1229.54509856146
1251.0457964899845
1251.950920715114
1272.9302323250902
1273.5087067724453
1295.358172818558
1296.4002684222396
1317.3215141127819
1317.8038260323572
1318.1819474589577
1339.1337201201418
1340.5458275810527
1341.4840603999019
1362.8460156585127
1363.299203784003
1363.693751609931
1386.358830594855
1387.3458508300546
1409.0370400559932
1409.57385568404
1409.9640238870359
1433.075314587574
1433.8172294877081
1456.5802870431232
1456.9319264738645
1480.3888366829867
1504.2310618810795
1528.0885770327723
1551.702304123411
1574.430525666151
1596.2084471312032
