-2.587905058394193
-0.5908771053522883
1.4066711237793266
3.3084435999786135
3.455284787789133
5.104100199255514
5.309748117866652
5.49669978697578
7.083159118323891
7.215459854660816
7.436837105051607
7.497522598383908
8.993987018896938
9.097643909035002
9.15073850924417
9.466633646972909
9.509909690379441
11.022654527565063
11.132576169567601
11.27513413986366
11.469612272611695
11.500767432347844
11.595580848556706
12.879179987944783
13.10929231147902
13.156607817168917
13.49976906618175
13.518932430411093
13.703703353844686
14.183677163302642
14.72093690286839
14.974827227651664
15.148610162580324
15.728894813565676
16.241241488071445
16.806422329169187
16.992606142590805
17.037250424529628
17.140806253476416
17.430499772505833
17.55614287326988
17.755661359103986
18.260812558556587
18.8580963467133
19.02930291010385
19.09958016427655
19.209471813557816
19.519743137866755
19.730926201961523
19.88652779495147
20.257008812145934
20.86924437540132
20.991391278965832
21.072850891009402
21.129567578396323
21.3241602419945
21.72928329975863
21.96849134339747
22.270784106471122
22.513953698129896
22.90018137739793
23.12093329722317
23.17712609465933
23.277785664089894
23.65717469962561
23.998264353712628
24.259858164526257
24.511202610921885
24.908477858572645
25.100208190047162
25.154756632060174
25.317333971752035
25.362486028545963
26.013639162790998
26.187572420491822
26.251552102814657
26.537681114178376
26.900878709126328
27.14388815478439
27.366583883974908
28.025113412496452
28.204632740103953
28.257222980961494
28.530662343371525
28.96874913383186
29.083429254405402
29.607352074534344
29.735589730003586
30.089533075787738
30.282215528346306
30.390495312136974
30.54570832836448
31.005385399628082
31.022392653460848
31.115777719342756
31.351551215891266
32.27138102959147
32.379951147628226
32.41408347524354
32.529351234283844
33.036881948524865
33.07733286723142
33.65882480291836
34.25543063109037
34.3653966091362
34.478222906573684
34.619533224906924
34.89797021651776
35.06523472668812
35.14241497816139
35.286324653212624
35.504524016526176
36.20943706603036
36.41855860688548
36.89192794816914
36.97524924225161
37.10941695429974
37.15408905060579
37.56853976806406
38.23968734026864
38.405531946179316
38.5910867420659
38.91105027935556
39.39670458902374
39.60019860204412
39.700283383044805
40.0235724294578
40.04698719792333
40.3584031823049
40.40200600026554
40.79630884583342
40.93498716497801
41.163793733971616
41.61535171307234
41.79759717746137
41.84181806156285
42.215259762053776
42.42487599118792
42.47032115063329
42.94645507971402
43.45736641770264
43.624881219878404
43.84167948474154
43.863949049522
44.47784655237535
44.88590927849728
44.969345565050276
45.04159125767784
45.41904248440704
45.57601430791495
45.6225336055238
45.74171243314013
45.91362941570738
46.31634032833118
46.507400214707744
46.978163901334
47.13127089368604
47.711450815566174
47.84145098190562
47.94391411601606
48.08970383036491
48.4918196421628
49.12079024166043
49.15368592727045
49.46859441222404
49.628258292400574
49.730487830191095
49.85239744306644
50.471886091504025
50.734596294416754
50.772015654018226
51.125181290762406
51.319449868907235
51.67115245245786
51.80348120206712
51.91618520168408
52.5751253303858
52.793186012784766
52.87152403956791
53.167861888942355
53.25376090663321
53.39738224443614
53.757751265915104
54.01399475151799
54.51418979897608
54.83181427189906
55.114553719230706
55.41404967407124
55.7546923685909
56.096671999712605
56.807085638439936
56.83799667361337
57.26194896415286
57.35398807773761
57.431962745744926
57.73442111223638
58.042032380953486
58.18969883965032
58.838157753504824
58.86421412427228
58.95256225398661
59.41192829943865
59.43692672018584
59.83674198542804
59.9645089636026
60.77325678194036
60.89292343645958
60.91898430289858
61.092105433649095
61.390352996483564
61.47295893247839
61.76639808473904
62.510682669019154
62.88382123425867
62.91766013604222
62.97176397907145
63.26101088529031
63.47758116199558
63.74184816846823
63.80437505652837
64.13257861075328
64.84048730851559
64.95050178770327
65.0068171538005
65.34185873947983
65.462938574572
65.55726365694015
65.86849296370599
66.17891584430161
66.35449193052683
66.56410261754296
66.66824064306554
66.9209420099172
67.34707924173158
67.78541981745849
67.89958281691466
68.63764658283506
68.9999549865264
69.22679428475341
69.3797861774835
69.75778317460087
69.8129258295874
69.92467858224896
70.11072043094772
70.31598463917085
70.61205419745647
71.06675135858887
71.38653513101703
71.61815914468293
71.79743411865658
71.88486357301589
72.0372041041823
72.17887144791867
72.29898312388408
72.63529060050075
72.69422544168044
73.35726917116766
73.45825055147681
73.86008802961693
74.21415338671865
74.6077119408748
74.70764572752451
74.74252917761056
75.45322189403672
75.89242631944381
76.06206441078461
76.19378667177433
76.35304351958217
76.73255862420447
77.33380361565168
77.47473493630656
77.81891118433744
78.09226884704155
78.24351248377319
79.03608146624033
79.28069959433766
79.35802326285958
79.46115101783867
79.7669145809657
79.935569312442
80.36143622524253
80.6839493958193
81.13881557039178
81.44175322603783
81.89870317690992
81.92047195883181
82.15618710605428
82.28899043292547
82.39832874847104
83.05064082558363
83.45501377106164
83.52646693493028
83.93717985386768
84.75154941047022
84.94148890133778
84.95996142562751
85.40201661881527
85.48725314045436
85.83697588116877
85.93703930588687
86.8264634775918
86.99149891869352
87.40443366825858
87.49234094998555
87.72979235432928
87.89531716018409
87.98458164795058
89.04076898051808
89.50174405308958
89.57783781399814
90.26457209857061
91.07454941315552
91.19987121493851
91.52711067987443
91.62135483654295
92.042393918614
92.19119182793426
92.70112232019049
92.78882412554265
92.94459505427814
93.04430477953147
93.0900198408411
93.13058310042678
93.40857044534594
93.50387733903622
94.38392211030475
94.99577665319747
95.05948551696127
95.30602173278655
95.49967371028646
95.59115451500784
96.09760280796633
96.28533436002091
96.34075607785353
96.77429880738627
97.06133928425879
97.17673089560734
97.49811028620572
97.61482443580502
97.86844279205086
98.09739570040418
98.87463684848453
99.07527449732139
99.2289809581379
99.5083880393423
99.76570218607735
99.9007300478839
100.67234299863603
101.2055774125539
101.32999702845362
101.48468558761967
101.77466310825392
102.82288101772275
102.94429420408683
103.06213775034944
103.38179762474905
103.46696728479344
103.81753346017463
103.90634482243071
103.97718862472523
104.41023820532993
104.71959362962937
104.88533781608979
105.83454301591429
105.8889643173204
106.04211631580783
106.52235960010096
107.45418025340398
107.54740365948201
107.89629494215406
108.66306777307868
109.48169535910606
109.6463620557942
109.845336237403
110.10104493449556
110.13669688588148
110.48454300920422
110.53193345830641
110.94878396268462
111.44108862160381
111.57718912100553
111.8858090421924
112.16578312546831
112.58547855227573
113.23783336931281
113.55815008552621
113.9603098875162
114.18664817835186
114.30697151130249
114.5348905397848
114.62889283672993
114.84429197398373
115.5329440255493
116.00749022587412
116.12534394600712
116.22430396275301
116.63608706760654
116.84347304122356
118.25490772355695
118.43359729098214
118.54191876335705
118.6069421107472
119.258861790598
119.32550221885828
119.67344337310342
119.6851667799234
120.20185816504996
120.28904538838135
120.59167478339214
121.32442716826954
121.72819346838665
122.32460771894587
122.84781955651641
122.88445471211935
122.9626545385243
123.32155846747783
123.57336931906715
123.78503098856768
123.92221226715309
124.00109521612129
124.10544506496186
124.98921383249576
125.39829577999228
125.75726186024373
125.82797898807345
126.91392093756268
127.41667079413189
127.74564761202073
127.93305929071268
128.16359895465152
128.80024799281753
128.83813281655057
129.0282743555602
129.2061948260402
129.3940118948674
129.73867768455023
130.87008708740817
131.25585933980045
131.28453210878854
131.4804803021953
131.73170201310862
132.13681603139855
132.3660408470436
132.65558916685472
132.89549159543523
133.28046549383694
133.5243276724083
134.04852347251133
134.92095658824394
135.3151890703856
135.69725887430832
136.01742764727666
136.70466872361436
136.9645884401609
137.19380842325788
137.26085221096278
137.3338313572877
138.18128098583583
138.7368800756417
139.1279630891052
139.27544692204063
140.09088906026068
140.79955809454378
140.85385054554717
141.18698706860877
141.67698403742895
141.8220061942411
142.83492540375553
143.333236706882
143.68850665436435
143.79766189778232
144.03569322874196
144.31605605130193
144.49352668212802
144.8736412803135
145.23274701400453
145.85978114641296
146.84152087675002
147.19772999804871
148.8528076954069
149.05249565540709
149.06479051338403
149.19177963857246
149.26590877847923
149.4377793232982
149.99953127892675
150.4729836624754
150.93172080767965
150.96725971276751
151.12281712953182
151.19467427230356
151.4859979366906
151.60772395796147
153.15717764060275
153.511945015724
153.61975909514055
154.09167168756397
154.33821040662815
154.44664954693783
154.546984120061
155.11745102735688
155.3994735619379
155.54209252026996
156.7562927971578
157.21805131795915
157.49871012686083
158.7783814393829
159.16881071226953
159.5042458933732
159.76037074003338
159.834043953087
160.13150567967494
160.38487606293393
160.46190132708563
161.2374825215503
161.31810651082816
161.82673729030967
161.9161816526582
162.18514793247525
163.6105001610481
163.86119733193257
164.20718636817682
164.21054671189881
164.3392389299254
164.6275255159538
164.73861401148864
165.31029981344122
165.54440342017378
165.58837463993046
165.72413636211812
165.9108560787557
165.97961609723617
166.11448447431667
166.23629837467564
167.09299260088042
167.91214345892516
168.2029655443497
168.79505463725582
169.75453548298253
169.86151565986728
170.20236580845997
170.6953890462609
170.7339091137847
170.85514319959432
171.21447068762876
171.59993228718167
171.98628369094575
172.92516207004093
173.26524055654713
174.6411898767852
174.73848008617304
174.96155608694323
175.28804154248562
175.4424176780981
175.49622680427476
175.6421321320476
175.98850726952145
176.9278171387292
177.05910680536851
177.11606289026528
177.32392691685524
177.799376528616
179.01809507325865
179.28312929696332
180.96207750665988
181.39673716789952
182.04320560753655
182.29887994207058
182.34106794970353
182.68579672424502
183.0592580595919
184.4050948956327
184.73427199672784
185.45492889561064
185.7274959153099
186.4409918221029
186.52454528722654
186.77038561778386
188.4543206330672
188.7662641895839
188.936861616764
189.00391581753527
189.8257067357581
190.74794227504506
192.44041047927143
192.48986200716178
192.7686316301862
194.202058109079
194.52630073602307
194.55105918300313
194.73603599219274
195.18216304477244
196.27338010487932
196.5940048752202
197.19682893667022
198.31212964709573
198.62518230069745
200.32252543156477
200.5899479683906
200.80456273392423
200.94614289857998
201.1336861468523
201.28895599543404
201.7471300239612
201.8839593160584
202.6121262386632
203.96672194758682
204.30151826520583
206.38713391879006
206.44389804032048
206.46114303292242
206.7916524937951
207.04811618144842
207.09977561480488
208.5284950754669
208.83624831226774
208.907619761575
209.07821271957462
210.5666103946508
210.86999250682715
212.23226401198406
212.4662846962146
212.58988259028436
213.10123668364878
213.3442937879634
213.81821184739005
214.8580706590701
216.54951131630594
218.64869746741724
218.84373143173835
219.098537529742
219.29534339873248
219.4286846381162
221.1711209835022
221.4742487215641
223.2086183183235
223.5032103016945
223.53996934734678
224.48312103358876
225.2347298290015
225.35009919562165
225.52642545920105
225.66257635915332
226.82001032926468
227.30258561272836
227.49376429503926
229.02054133150375
229.2007538929872
231.2866778825378
231.93073359399185
232.10291703061642
232.13213660355402
232.44821814992858
233.95436224568851
234.20141159906893
234.49210501238844
234.5204204206698
236.23903498288587
236.52969185422546
237.1203307716977
238.26365339421417
238.5461991669403
240.1781894846159
240.32360693104087
240.41439756605664
240.52076193602122
240.7215842487321
240.89286619749086
242.21789116294156
244.31323345144673
244.9665353420674
245.54583560000316
245.67149773878063
245.8587209665111
245.95682042052738
246.9853664854672
247.6187639585892
247.90874708669546
249.6560103508411
249.93456342655554
250.1757233677046
251.6804883523622
251.95507995099717
253.1344523763971
253.557206940085
253.687495106487
253.90638605803332
253.97479622325235
254.06976947750394
254.6828580791308
254.9507498969498
255.6358692451136
257.7226727796632
259.1087700669021
259.24212716123475
259.3511681372647
259.4171347782135
259.65607262110336
260.3980558987936
261.4248951850809
261.7030376334825
263.46004446859615
263.73520930724646
265.4839647010339
265.7491995818731
267.5035215817124
267.75170597449875
267.9638814580868
268.0632497789879
268.28072440372944
269.4350733968112
271.52142437896066
273.1985582022309
273.54380305135743
273.8413694741271
274.19482999767337
275.59917249879754
275.6171647258525
275.8880148217619
277.3631538419177
277.6524555021956
277.9150795023451
277.9281539460378
279.6760651582031
279.9387224055314
281.69556292549873
282.736830363598
282.8322148074752
285.7084976566175
287.9620887332118
288.1224182686847
288.37941479516354
288.41674504259475
290.19421012354366
290.4621027442957
292.2244488693872
292.23874552984216
292.49969402660133
294.25485036639174
294.5115317369533
296.2751837652445
297.7610463051231
298.0042131542189
298.24335266522183
298.5259173783452
300.28915642868355
302.95427720385857
303.0879358244697
303.353680553193
303.3749414223404
303.589037428301
305.1588095461718
305.1836321205706
305.185163042321
305.4214274916211
307.1976425041122
307.45364915463256
309.21878027134323
309.47394069597243
311.23953073538866
312.73475434551517
313.1124011472747
313.16959085953675
313.49531687222395
317.9147857521764
318.43117023372855
318.4449251661868
318.46311711553716
318.71609014110254
318.74519094142005
320.5138257970326
320.7689134464044
322.54932131066175
322.80107093618426
324.5701050041342
324.82125373379785
326.0251428314656
326.5908319892295
328.5053777397496
328.6951729489398
328.782851214413
328.9095579078464
329.0363469893307
329.199605946813
334.08582633554215
334.0985714655143
334.11418343677417
334.18552154499986
334.4582005182247
336.2530014618936
336.5037961811202
338.28793237938436
338.5356290373767
340.30952883412414
340.5550520944904
342.3277919031708
344.24248038105986
344.5634654850896
344.951146551747
345.06469648914936
350.3080712087861
350.5792260896772
352.3787683504921
352.62414403237165
354.4134212305959
354.65786409076793
356.43364022073234
358.45048601827875
360.36177607122204
360.45475573579165
361.2078677322872
361.5146694406774
361.5713282567138
366.81968956552083
367.0867088473178
368.88932742505153
369.13046877934147
370.9230369419797
371.1678049139735
371.89401407773266
372.94381920015763
373.18770163362854
374.95842384961753
376.8829502314348
378.3345386064365
378.4227304452025
383.6709445029775
383.7184853251349
383.7714461054714
383.9801401786509
384.1643412555554
385.7884116577768
386.02630376584676
387.81817548778935
388.0595445402902
389.836967337383
390.0810668815127
391.85088807465905
393.7627816313825
395.6889657831405
400.99841074412154
401.2581067073495
403.067499845177
403.3053346025584
405.0966065072
405.33949848443797
407.1139602117493
411.03094388430674
413.1101417962676
413.2779208430807
413.3413418098212
413.47186907040583
413.8157847499374
418.66235276674047
418.7094923801834
418.9152870099831
418.92941808507555
420.7290126518006
420.8555007282753
420.96721668911323
422.75707161672887
423.001469881057
424.77309945371553
425.02387642595386
430.75947303272306
431.3813348238523
431.4954782877469
431.9705536899474
436.70752263771806
436.79054940968456
436.9643086096653
438.7706865464257
439.01263873661173
440.79510883608776
441.0476475358329
443.0686998062792
446.52245101006514
449.0299026928122
449.5105362354835
449.8021665817262
449.8933021076807
455.1299963800696
455.3869363964653
457.18749253864826
457.43599702976053
459.2120265259443
459.47201513814883
468.04569166110855
468.4670016072849
468.66828801418046
472.9572553467352
473.58894552999453
473.7769644950824
473.8886325791202
473.9337049310618
473.96287804716485
474.1860435548332
475.97541688039934
476.2338426826544
477.9866669805432
478.2686798866466
486.789473110282
487.4846132692024
487.73905298062806
487.89400015480186
487.99138044899337
493.07480509282516
493.34853548427327
495.13186549468077
495.4008006087777
497.1251147023316
497.4300316798856
500.1707335343797
505.7048722610641
506.7552614266168
506.8790702971577
507.40975503388495
508.08634966964803
510.36983170352937
511.25429058559337
511.49563976137915
511.99485880646637
512.3989607968768
512.5303366522271
512.5800229727018
512.8586690835624
514.4782079100336
514.8388828150264
515.0278478124081
517.04062842356
518.9824633981896
525.0606846971248
525.3794598885811
525.7298931504214
526.0374099585376
526.6833612227344
527.2630375003185
527.6433831877252
528.0962985880115
528.1535973712157
528.2359946264734
528.3290047433766
531.3462966675801
531.4803011720267
532.1149439069823
532.4760672005899
532.6300314842746
532.9348179562392
533.1695465692763
534.2431485820655
534.3306341161076
534.8150610845776
535.097539424489
535.3245177990576
536.8852263821966
537.9333701733776
538.1051405490979
538.8684290553686
540.698343342484
541.9111029172885
542.5174820095817
542.7768836810992
542.9620285034177
543.2231115748967
543.9681007314151
544.0749810743574
544.5039889485504
545.9860287346652
546.5890552109788
547.0534214591137
547.1865040746526
547.8152109379826
548.0201998720758
549.2296181599812
550.7528850909097
550.9566680811721
551.5321868832146
551.5994033274541
552.6765547049778
552.799340067626
553.0993104291823
553.3509901562712
554.6028793831309
554.6459566947958
554.8390795074042
555.5130083922448
555.9147473923762
555.9785141606401
556.3074133636167
556.9233746174716
557.6032056908235
558.9322062661515
559.0570342370625
559.2013503825067
560.0498622767963
561.1074671008896
561.4815247948735
561.5751035531357
561.6312631829044
561.9536493730145
562.0006405517432
563.367677068333
564.4380690896538
565.2159808252882
565.6915648791005
566.2704813269714
566.5817920831615
566.8932167064424
567.2273037952689
568.1536572483083
568.3664408709182
568.6975530106176
569.5590968369629
569.9076953804437
570.2939769435743
570.4621339758041
571.0765714578102
571.2663751994313
571.4511126579285
571.5479824768837
571.8175104376779
572.1868395885625
572.5215318467822
573.1266111854812
573.3233618561754
573.7880731991753
574.0326869976212
574.274251666001
574.5811781696049
575.0164734621521
575.5303523077253
575.808028280371
576.1874848232355
576.714455397551
578.3567451832467
579.1094632316149
579.4072964947087
580.1972155860444
580.326129301083
581.0353107757498
581.6163192023367
582.7478940280594
584.3530331647773
585.2213031077586
586.0949429561176
586.4632698631225
587.832276962472
588.5638349254162
589.0051572301383
589.1283030877074
589.553247570592
589.6691030106914
590.1760081732791
590.4068484601293
590.6318543701484
591.5870100164641
592.2159375104061
592.424923416164
593.0200528939163
593.6760215243476
593.9376131708362
594.2735388470776
594.4605623619364
594.6838924007861
595.3289614348465
595.7396868586136
595.8230097174446
596.4134230115799
596.9234464560609
597.5557789660616
597.7483773476549
598.2002972942123
598.6141517491379
598.8387054446921
599.1615370585253
599.4804580601362
599.701073332012
599.7307654980432
599.8983867747521
600.4047964247593
601.0689740243628
601.4334832309728
601.6536832020976
602.0477875945959
604.1354887653387
605.0505877784746
605.8855567263629
607.2655537492743
607.404193346518
607.8950935773793
608.4221499714718
610.0957158255894
610.3297064393814
611.1475285613842
611.9414225588006
612.1014415907451
612.7054412996262
613.2762741095903
613.6345079015682
613.8908899326118
614.471436094179
614.8993697707866
615.3252168713634
615.9245188004659
616.478436497554
616.7813697451079
617.053767417743
617.1031962968034
617.4185132472418
617.4719509243231
617.7097719123295
617.7362834898915
618.1472898739586
618.5475596909611
618.8496758062673
619.4534029485778
620.1716370337349
621.0743251720829
621.10809532734
621.5567137676699
621.6066601170986
622.5716931355093
623.9260203624725
624.4100263130722
624.8737606817817
625.9180192709848
627.1346920468657
627.5613864910172
628.6364498962528
630.485528605566
630.9054981538671
631.558779823383
631.9992623651419
632.5400270305204
633.211465765802
633.2675796127285
633.3390902137503
633.3443438047092
634.8685884656674
635.7201955245077
636.1690688349627
636.440964584034
637.4246919874239
637.5914863741742
637.8831633231846
638.025119601437
638.3689034535439
638.6060484810156
638.8348684136868
639.1656693598006
639.7174162908891
639.9779970970346
641.1117975047516
641.3697956908793
641.4840721746632
641.8778893313965
641.9261796734337
642.0105373932795
643.4927285557982
644.0381607457448
644.1745588292908
645.131241231901
646.0812790538191
647.8748149529915
648.0189462923342
648.1513744611666
648.6994264608127
649.3394959694195
650.367269255733
653.0653492424557
653.7298148471143
655.9929640837923
656.4165886139484
656.7711096556059
657.1050800144106
657.462757647424
657.5938661245558
657.7593092902343
659.3498067641988
659.93588011534
660.4447968238172
661.0058286032864
661.4114426968465
661.58231166468
662.4901049236436
662.9010693115234
663.0026242595943
663.1238765416865
663.4552597210059
663.6735403954791
663.8292761535224
663.9847511126485
664.0329955792604
664.1218027238249
664.4951697252307
665.8414456423318
665.8712347113113
666.0220346947921
669.6105719003334
670.25479932476
670.342447411268
671.8957783874571
675.5888888815674
676.3466148113297
678.6574052575522
679.0444066948696
679.7516766726175
679.7929287819468
681.0864346788073
681.3982333848297
681.9107576344934
682.6517100015116
682.7775201166789
683.0962711712849
683.8353573929094
684.2394887130927
684.3327191541273
684.646368691796
684.9800349543299
685.7827216904678
686.8310377753265
687.1596342513069
687.9132178309952
688.4404967973024
688.877970414231
689.5028771509664
690.205843288431
690.4939604634035
690.8078220025156
691.4785064360165
691.6639912803913
693.7951092267223
695.5776180579824
695.8461023388257
696.5475087466784
696.9888250560202
699.2356486896947
699.4937903366499
702.0396598514511
702.6874238672926
703.3551099572197
704.3910959467986
704.8674541916715
706.0049241486277
706.9106584232528
707.4213459452723
707.6260564729524
708.4131000387365
708.5126231723573
709.5136089457241
709.5854783453171
709.6843542541566
710.2806250804072
711.0316772501747
711.0847580326661
711.1697515860612
711.9823475696388
712.1039640568022
712.4061601433267
712.8416680850582
713.033524551598
713.0812382157807
717.0319959987296
728.1328376935444
728.1995957905714
728.3437850515746
728.6508693703748
728.6912381983099
728.7348369241331
729.4980019762578
729.820473645454
730.8789914066771
731.727078247385
732.402274132742
732.4544792685846
733.706618382689
733.8135126872298
735.2694946800178
735.3508313527739
737.6680072838064
738.3505048835893
741.4722222983507
743.9279410295242
745.8342359267109
751.7562665524001
752.0540584675532
752.1235842064365
752.1409820133736
752.320486546605
752.981466440949
753.1914605651527
754.1301374723129
754.1962336311874
754.2552335596339
755.7215003723138
755.8889096298259
761.1610167267863
761.1664035368041
761.2146697390815
762.0465669824271
763.1728605358688
763.8420918627121
776.7156892240635
776.7907643884587
776.838096754572
780.0488222573691
781.0827615074919
785.4555962471455
787.5971687217676
797.2106993225881
797.7761761559198
802.4674153188735
802.6386146171471
802.8752335881131
803.0614147051086
803.8010472225426
807.6896202127433
809.1193725856211
810.6489720196099
811.2105246267998
814.2307005760358
815.0280293584703
832.5120434742524
832.754687682889
833.1421259378639
850.792379004071
868.7127337221476
869.2935524491974
887.3372915521759
905.5967687763182
905.8362157324151
906.2207265713782
924.6504119194273
943.42410363828
943.9436807732936
962.7326716251576
981.8125543344364
982.032889576047
982.4123754306604
1001.6242360662228
1021.0458246044145
1021.2902271209564
1021.6619823919311
1041.2734590865973
1061.2396833753403
1061.7344190945396
1081.703826818016
1101.9340762459303
1102.1567293547278
1102.5297190934664
1122.9049351013696
1143.5249547022127
1143.7517279615709
1144.1257344363385
1164.8898127580746
1185.88076448158
1186.1244738627786
1186.505724486659
1207.6527591969773
1228.9797407087144
1229.2672051141444
1229.6355541654243
1229.6920880658101
1251.2011551233245
1252.0819458756255
1273.1314379537973
1273.6448600914907
1295.5204599508306
1317.7152322946706
1317.944105981399
1318.3137155473642
1340.6625785221313
1363.2238007424544
1363.4345921041222
1363.811499730884
1386.51318483458
1409.435459963719
1409.7005907804794
1410.0833056933377
1433.2047331744463
1433.9514212751378
1456.7146272622294
1457.0802015471559
1480.5824276030844
1504.4838315541258
1504.8410100071922
1528.4641990910873
1549.623706530114
1552.136738602418
1574.85310926906
1596.593328176727
