2.5603424964774555
3.679484210786975
4.461824613341359
5.59005996356786
6.316511175186402
6.385198087332734
7.466319290861118
7.532305901497151
8.266113685506731
8.322600642883693
9.428420028758516
9.491909910127154
10.147648870111396
10.218760756703386
10.253061643720226
11.37550494646643
11.426547256084714
11.463380580032888
12.075149570684983
12.109565798993737
12.1695768533464
13.38671779954885
13.443747970195394
13.550447615821476
13.902175147778415
13.95690698734516
14.022085081887283
14.11567177257501
15.423477922127033
15.525456266816732
15.75124066190253
15.888087359808146
16.002405424144854
16.05786053026139
16.229391772824435
17.399521842374945
17.506302031998565
17.673023712216363
17.837774613296688
17.95397258968903
17.97796172167374
18.15746343859437
18.812754388481963
19.04902627221392
19.375478108583156
19.49190972891855
19.62200315478826
19.841364698554795
19.921261518098945
20.133822943495286
20.757694515485802
20.977772293932453
21.573940704712797
21.720502224349115
21.88378569569476
22.06271684778062
22.123812607261556
22.302106953968757
22.717886792735634
22.955325876657113
23.46505668376375
23.663082179178833
23.846903254867126
24.00769563728641
24.124421598962677
24.22973554368043
24.68844400973565
24.945787112858408
25.24764392034404
25.72353686980014
25.75493180185232
25.933012802815792
25.997872814953443
26.192909679316273
26.22228560949066
26.659054513391656
26.95904231301045
27.570374602185307
27.676640220191164
27.859508958623856
27.967668368849925
28.19162891760727
28.526292572381106
28.562911858211077
29.077350038977855
29.62782742057901
29.689278129513976
29.77627023158786
29.841390295365738
29.94253251014118
30.02698695136264
30.187033684264918
30.38962076401393
31.45539549507965
31.59583039468185
31.71534235627654
31.77925236433149
31.89544372214605
31.956289127036005
32.3150210549091
32.561870402275076
33.53345749537653
33.582433055278415
33.704402017309505
33.892601551818146
33.934625842023024
34.184190595031765
34.25609519529026
34.47477033235287
34.74431680423676
35.22440830455934
35.43982820697651
35.6572348512342
35.74438422472363
35.91284069021208
36.05231209549646
36.213860683062826
36.39547635133777
37.230532783176876
37.518748621464084
37.639980174457136
37.92936734271631
38.168263665427574
38.36489410683924
38.36859444074407
38.5750431202678
39.10435706652111
39.319679790375666
39.40787717526717
39.51543186284428
40.063265034500986
40.15295231309172
40.36277202536877
40.662763168944
41.06064911712652
41.202719061191864
41.2385629257222
41.30762036209641
41.682898846986085
42.08188198780491
42.149565473720486
42.376345142279
42.538241163796044
43.02258820344075
43.20792127306942
43.484026941451866
43.968331912115396
44.345266788201315
44.52090442404309
44.561377245698125
45.19937310194555
45.22875017396554
45.75886262667448
46.22067495512777
46.30717678119254
46.46900392638187
46.99706804453613
47.22438540382366
47.936009699662755
47.96529909799461
48.26462442820021
48.44005031186165
48.498972753764235
48.82387382696002
48.978639208518324
49.35278892325574
49.42390254301088
49.80874001653977
49.977302283802395
50.181910543481834
50.23774794227902
50.42885224906977
50.69703691203531
51.803422866216394
51.93916751404568
52.08632311184617
52.10397564557181
52.20289059651214
52.45242325268442
52.79324624734341
52.92274842465627
53.90705508439175
54.03930046217021
54.08963083394825
54.59232076186886
54.65463732445836
55.54939633149482
55.86777607801901
55.999097728042685
56.05290904332708
56.205358355760985
56.59001045811029
57.03312845238203
57.49982743306371
57.8226728575358
57.88926996175193
58.030571199594924
58.096463130619995
58.12418616110919
58.76078411288981
59.68507376357563
59.92711969226574
60.08159495174041
60.229412455516254
60.80128530380984
61.487134645060806
61.889828022362074
62.378145411630015
62.41300160853588
62.61064562266579
62.673564260350446
63.114925059109474
63.675260449842774
63.85087247894094
64.00841700265804
64.10131596656868
64.37799486463058
64.51685124570075
65.47250489328935
65.49139782453999
65.72148071283598
65.98219898814092
66.23015188802296
66.34021025639771
66.38065515725668
66.44915297245706
66.49119771842525
66.77670125133442
67.4999749511745
67.64147472851815
68.30087587968916
68.47778553554926
69.21154776068818
69.40983094385837
69.64783832826032
69.69774910156231
69.87995415716439
70.26170642376748
70.50146031102392
70.67795039314655
71.1790377790371
71.31139761196802
71.50887944147162
71.67437357589696
72.12673463808223
72.46555686487861
72.65863606680281
73.13978966681846
73.27627116427898
73.29086700754121
73.90971405061974
74.75459835476425
75.07234503469334
75.11943703087957
75.15003032818782
75.27275357897574
75.68472942633142
76.116288573555
76.4010344106539
76.45161732285375
76.59694857989051
77.06268203154517
77.29243636741259
77.9230658264803
78.36850312281103
78.40094615903924
78.49721945617382
78.87120166878255
78.92720456148548
79.31274280133219
79.45067028106594
80.33001781070713
80.4648657411798
80.70386855960855
80.74988936520216
81.16650401335275
81.74228915502252
81.88067243557057
82.0991966594455
82.29511520103159
82.46032198409733
82.91490363759983
83.35381896448816
83.97910769528384
84.17208984125513
84.25210050234205
84.48081979987872
84.71726335368552
84.80969351333137
85.6766995403402
85.74195678802845
85.94976978415696
86.0692637639736
86.538108453926
86.63385472028742
87.77872388795615
87.88638336292249
87.90866698838222
87.97850433725377
88.04093927993297
88.91028398135515
89.08252054266701
89.77401799923142
89.87429142447674
90.0284349561469
90.1060891497896
91.82646239811226
91.91037299834318
91.94749017104056
92.05353319031514
92.14043091259434
92.60728873773638
92.86351238403685
93.30557112817297
93.69229117149374
93.91849281225342
94.03435599675588
94.19880767859394
95.14310440903226
95.47764838820689
95.65036440399899
95.87884719013464
96.00264050869848
96.08779463880627
96.57602385798768
96.65442243349847
97.67886553772057
97.84310298363792
97.99596523835153
99.73317599881192
99.79952620373686
100.30291141967301
100.44554700797597
100.49357281233894
101.0205758254316
101.65866034320426
102.16905702362402
102.27674269650339
102.3875921925331
102.7186324578925
102.83669121384212
103.44472491613851
103.66832704748582
103.77841615321175
104.23346463531054
104.24786144760975
104.35547779933825
104.61553697449541
105.6469898072987
105.84969803103475
106.19818765659666
106.34775144422954
106.37067728294316
107.32657328569046
108.15523121025953
108.21535445707066
108.41660846412032
108.88763862371582
109.04786330224252
109.23673111633458
109.81970506412256
110.01398933361172
110.41390436986333
110.52293940459391
110.68350327050447
111.0222822899009
111.07038487991979
111.12971555015048
111.63539764070927
111.798963314468
112.98934962897815
113.05152096429471
113.09780129211154
114.00162986921393
114.9453593033982
115.0896581865866
115.28024977000042
115.78902320536477
116.76669184906793
116.90016395215329
118.18132506394522
118.36727186794913
118.38831850022629
118.75860089574633
119.03579648924288
119.26375451624833
119.99473689989325
120.1572063359386
120.26056213265632
120.54350311245727
121.70936117784693
122.1170134228627
122.22774702337034
122.7554526995425
123.63809198932249
124.07851093694205
124.2208736908013
125.51198124446324
126.03375160784319
127.63470794867695
127.6969224680631
127.70587448241388
127.79173054186649
127.89038426478216
127.89497710142876
128.0593358989129
128.39629739286303
129.68425232817845
129.7807634635035
130.84061158406004
131.64080745578337
131.74722367949397
131.88447089238034
133.59939397450808
133.6749553168158
133.74080061068912
134.64517287850444
135.55728158113587
137.4144997587073
137.61526942925946
137.8001169711269
137.86856085707734
137.92176349900473
139.19789749708812
139.59278221742508
139.68928130072737
140.36095208920074
141.4055356941752
141.5530657038404
141.6568822226651
143.513775193377
143.64954149799988
144.16723169204548
145.46797995935228
147.3252899342814
147.82889772938185
147.91525443528428
148.09985897935664
149.1102877152008
149.893208946312
149.98704325057784
150.02454226840953
150.2708717281934
151.31599737359795
151.85461022906597
151.95421853306587
153.8108112005299
153.8197034619044
153.9470566809921
155.76761432228858
157.62552137305033
158.56994268804877
158.60368914667222
158.6190179300382
158.78757787804227
159.1199911726266
159.40866199740992
160.58540522437664
160.67454789326789
162.54259995419875
162.64072189577226
164.50289493834566
164.63464687545152
166.45559512793335
168.3126788716187
169.6811039166796
169.86404234613582
170.29077634115183
171.24189795672063
171.6613387549735
171.74973483334884
173.62079108108284
173.7160322340425
175.58065280859054
175.71009782411974
177.53431104441918
179.3901597236262
181.14645338936936
181.17476386646928
181.30009593587084
181.32957321375304
183.1280819956889
183.21392293843996
185.08737472631347
185.18204041024185
187.04697831569572
187.17453274918623
189.0000159957963
190.85585402123644
193.0014692065874
193.0192345713121
193.18355374731743
193.7966122935371
194.98373642669023
195.0673652099737
196.94340057822376
197.03318642389087
198.9019378387143
199.0277993833014
200.85516115136363
205.24522664328245
205.38233305481108
205.42683711564487
205.65018392568354
207.2276753420512
207.30928024510447
209.1875008132488
209.27530486023653
211.14485535254923
211.26986684743628
213.09801924008627
217.87722028289824
218.05831312033547
218.14798463337706
219.94014770098786
221.81972849271426
221.90626782109723
223.77730639251757
225.7300994188978
230.8980432643904
231.0784427089514
232.9596179440983
234.84119218483767
234.92609864876954
236.7994866364582
238.75078394512815
244.291610800614
244.30750616707797
244.4875284579615
246.36512908301327
246.3788485865071
248.25108771980692
248.3338534999902
258.1056251711891
258.28511222202764
258.287564243946
260.1651376608642
262.0497445308532
262.1308096099853
264.0070238459999
272.292311832918
272.4715330215552
274.3508127868548
276.2369283218516
276.3165170478008
286.86768418922395
287.04656944155425
288.9249453703891
290.81236711302125
292.7695045293751
301.8316710875624
302.01009355591464
302.08557752544357
303.88865205226455
305.77727375937303
305.8540406328173
317.18427991312245
317.30509377755743
317.3631377740523
319.24026092063116
321.1301070020589
321.20576938631825
332.9255297888674
333.1036717192083
334.98074042157015
336.94641092094355
349.0553639124425
349.23316097390267
351.10981123360693
353.00186495980563
365.57375531770833
365.75126177994827
367.6275935635181
369.52011165802605
382.4805289444143
382.6578282399722
384.5337857498964
386.42718213258814
399.7757999236098
399.9528920387625
401.8285362925742
417.4594086166718
417.63619868489826
419.51166704929256
435.53120973862724
435.68253801926875
435.70771885009395
437.58312304147364
453.99091200365916
454.16688246236004
454.23032969964385
456.0421225671234
472.8381132713407
473.0141857326409
474.88880842065976
492.0716409429871
492.24676787659365
492.30707213930134
494.1218681972179
511.58842461939975
511.6890906690278
511.78180072311454
511.86784009959376
513.7363445998718
531.5433744377699
531.7109892607604
531.7507028503562
531.7961254847788
531.8856403593212
532.2013396180821
532.562979157027
533.7377600579952
550.8019706667104
551.2738167855848
551.7393401600074
551.8960649664143
552.14605043193
552.1970634239178
552.2381581677423
552.6396711842301
554.0718141770325
554.1321654706605
555.5248018699001
556.3421506012972
569.6760610025274
570.6974103490168
571.1212008280028
571.4894743527436
571.8092671502909
571.9653270881055
572.5037808885102
572.614237281728
572.7009186079995
572.8781744301069
572.9717508626748
573.276222844514
573.7101329765457
573.8139725471344
574.6954671748306
574.934719967614
576.4789714698732
577.5395245663326
585.862726468669
594.057129150653
594.1943665901537
594.3022007732651
596.3834017677617
597.1292591051198
598.2617073170427
600.4913115820309
612.268356459899
613.2727836645463
615.8959695586713
617.2663179691847
618.0194803273405
618.4091884466185
637.3105474048882
637.7013148076971
637.7912940140998
637.9490804937129
638.7622986854193
639.5631442270907
639.8796708731088
641.5985422911502
647.2687662471424
656.6186318458081
657.6055453356258
660.1249183768059
660.2114517316426
662.0306203139231
662.1168863541961
663.2725804479823
679.1421932072722
682.2412558884614
682.4394153231489
682.5844645486587
682.8842478499902
683.0174844784726
683.5338402422651
685.3416344956529
705.0371319209793
705.8174386826539
705.9549162294657
706.3206021393164
706.5283658521504
711.7940650903435
729.4080515688146
729.4476271526962
729.610918995604
745.2272558591611
753.2522418250039
755.2918258345785
755.5723273779658
757.6186013114802
759.1148832443408
777.3531758542264
778.1618067796957
779.353112228156
781.4429792053372
800.4853790381172
802.2092669091307
804.0052441176351
814.4063071022437
850.1561792436896
886.7031485386467
924.0118532981305
962.1095984474932
980.9920061847655
1000.9764999200279
1020.2440919550417
1021.1982898971447
1040.6198491535542
1060.8459518699742
1061.2331369389265
1081.0533573442317
1101.0984876320672
1102.0450600260278
1122.250271643929
1142.6878962990163
1143.635742236538
1164.2317472001996
1185.0568322687532
1186.002430805695
1206.987880095802
1228.1995131843385
1229.1475702787766
1249.724826690697
1250.512157689133
1250.8130969087556
1272.133723139338
1273.0684447532965
1294.8597306846318
1316.854384885854
1317.7664374981398
1339.1539515610389
1339.9421832753828
1362.3393924758573
1363.2407764472032
1385.0329498939448
1385.8188725387263
1408.61640636135
1409.4892783905757
1431.7020213143924
1432.4815937382862
1455.6877324726042
1456.500785209095
1479.1569184488762
1479.9443239564812
1503.7484678235953
1504.5230336813113
1527.7514236084294
1528.2341777894837
1550.5482663744053
1552.280369213074
1574.7807352821344
1597.0330257554838
