2.158162225578679
3.815686819476196
4.09312319964167
5.7335015089659915
5.946547157275838
6.040306045643154
7.670290008660231
7.6801889291147445
7.936500152109917
7.994851383266694
9.620638042156113
9.63834428318229
9.825365253702078
9.915906272354622
9.941651793310747
11.57934236235224
11.597085542682908
11.638490262153486
11.751334728062663
11.821754530279215
11.912030477725192
13.527797986602238
13.551382690719585
13.60468187397445
13.611259784167894
13.753926294368126
13.864686661975526
13.924388611185183
15.41880124430729
15.518223555452288
15.537631908529669
15.580686834006794
15.816771742551975
15.840527128999199
15.935580361156507
16.386072064037016
17.369892022279632
17.492880841915515
17.52262526925059
17.720160208152183
17.751941479003666
17.925290759675413
18.667876000631175
19.272086755740357
19.34002133422692
19.45708447982935
19.58855656629736
19.676541945713076
19.90399904834142
20.378436937215092
20.549725631499236
21.265299080472545
21.38792511016748
21.650639349918723
21.86579952599676
21.938100597995255
22.37449957840237
22.49846384786996
22.5717479134505
23.25837958814816
23.816102252239546
23.825868124232
24.372169211263827
24.56985670564672
25.140507937543084
25.574262826267542
25.621445061949412
26.251523418704647
26.394105090401748
26.569622679610355
27.26421162562018
27.478287689311202
27.508560701126527
27.756992288893027
28.2482324119237
28.563985597246326
28.588866976595035
29.321796457521458
29.467327485053108
29.647251196144136
29.701094148892267
29.735825523483793
30.239244237246176
30.258110907205754
30.3319695655122
30.572757503931374
31.44466523214101
31.559835161357924
31.590203020589264
31.658981361593014
32.24775184685828
32.3288642156641
32.47337203888393
32.655509954250334
33.422032090944825
33.49333503083985
33.553284870490145
34.17333487588314
34.18333075121391
34.26447913429648
34.332608856555645
34.802905479397985
34.92087105637895
35.20439802960653
35.53130500394477
35.6961791008386
36.064935607537265
36.36797000476286
36.800533619060744
37.51062402934015
38.02782520088645
38.463138404952694
38.79882643244917
39.0461144628178
39.34395256344688
39.66441560844416
40.00999229866466
40.45952750178932
40.79987250458936
40.936139699531175
41.35456703198765
41.660747465960085
41.66600809622885
41.98834612215364
42.10436454616182
42.83505832418257
42.90331817996657
43.898327585640615
44.30007034227182
44.44484535653827
44.870825567343594
44.91803915749331
45.3288794183758
45.65718013156139
45.70711659204979
46.152261365704476
46.19149090576825
46.91704830571045
47.68826081771854
48.15346547389038
48.91553705197166
49.81424670786482
49.944477361791
50.05115887014177
50.55221607738469
50.56033108156981
50.91926743421455
51.83333573779232
52.110451686370176
52.55416837569115
52.945790971432174
53.0183896835539
53.795517923342715
54.555197794076406
55.77935917201907
55.80875467350227
55.97667913239579
56.01506887459377
56.55926042133957
56.58376675769286
57.45551743219107
57.75946103179539
57.865879062272185
58.58222654625776
58.58645884659576
59.829829543717025
60.5835080120253
61.812329216552584
62.30811780076113
62.39713143240828
62.5890863283106
63.00042660816267
63.12986520132986
63.42213526050503
63.79189007406097
64.28644066533357
64.99971693590015
66.2498103640405
67.00128067098103
68.23265954604783
69.00386350739966
69.1789428914654
69.2121419345413
69.8057544703476
70.212175599241
71.03078307462289
71.09845786919126
71.80499464126196
73.05773207702896
73.80579586021943
75.04046136651387
76.40415262455033
76.99763562279126
77.02205910377725
77.83909880577653
78.29204757475394
78.99978426782575
80.25648992688373
81.00057915733605
82.23708700445691
83.98896206577143
84.58167199966711
85.03330516144771
85.24160453866197
85.87748777104818
86.58142415951869
87.84086504591184
89.82311122452796
91.96166969580976
92.0481132820008
92.55219316817733
92.61603978880233
93.85020370703498
94.55191950346499
95.81352380170424
97.79555704595738
100.3232146832044
100.36167942535027
100.45110005054669
100.58748593941581
100.89812944442859
100.91122840136626
102.21113894853907
102.9108783408567
104.17554237315723
106.1556875020828
108.94503767783347
109.07434792585475
109.65843776634127
110.95789497179108
110.96530642822711
111.65832893717413
112.92036104611766
112.92744406546966
114.90517616750563
118.15147187438616
118.2117603125871
118.77510744010752
118.79517783968542
120.09362304418258
120.10196958784506
120.794415139269
122.06038007049818
124.04186455160641
127.73757179771879
128.31863451127165
129.6243289391726
130.3186781982705
131.58675957356542
137.65240562178474
138.2314683342927
139.53853817244294
140.2314704990614
141.5007159980924
147.95494436619234
148.53273867590212
149.8409777776199
151.803111456892
158.64540937375918
158.72249093184655
159.22247971897005
160.53106276933121
162.4937731538381
169.7260882674525
170.30084830446702
171.6113310468862
173.57271463817807
181.19380326444977
181.76757079402566
183.07943979877888
185.0404186019204
193.0503234538688
193.62287527179922
194.9353051150196
196.89620599798084
205.29495490022288
205.86664363543167
207.17972384658256
209.14141484208415
217.92809615408456
218.49791734284028
218.49923298544599
219.81260487288867
221.77354063131267
230.94946606668847
231.51955300008134
232.83404337714896
243.21280824201563
244.3597428487604
244.9288855936697
246.24376584823298
258.15790551384885
258.72653273324335
260.04178245263705
262.6437989242293
272.3442939689043
272.9125792008266
274.2290098718982
282.85098283476333
286.91938952093983
287.48700152960777
288.80304830616404
301.8825199403817
302.4497489647764
303.7664497228155
303.8359932698747
317.2338279541176
317.8007261664236
319.1172191292155
325.6001165815097
332.9731578653778
333.53987958149094
334.85655294151593
348.14111681472684
349.1012199341367
349.66720197771616
350.9838427251999
359.6273640353543
360.0150275327601
365.6162846695065
366.1823563920595
367.4989267463051
371.45896704305613
382.51912692028
383.08521596594517
383.33547646222655
383.72313758093975
384.4017164932162
395.5530131750213
399.8095450921171
400.3754804795685
401.6914422770151
407.82168757146644
408.20872735858296
417.48670157244334
418.0527080931227
419.36860427369345
420.45894057112105
433.08553675688677
433.4727204656393
435.55008599901964
436.1162197215244
437.43146645944694
446.0939178287686
453.99896940187017
454.56489553278027
455.87908463360134
459.12667868680467
459.5133919230842
472.5174219858486
472.830756029291
473.3967213029849
474.70988758603016
485.9450185883742
486.33183367095734
492.04207313507146
493.91640115080236
499.6927509289505
499.7549306736651
511.624580088122
511.6894084703401
512.1852960720263
513.4860786778893
513.5408133925398
513.9277076318537
527.7037603481914
531.5439168958934
531.7941570403873
541.913502699574
542.3008987676274
551.0780124927722
551.9369819110242
556.4650554012294
571.065093745131
571.4522939218762
571.8173495310485
572.1099384183995
572.7301386792819
573.9289461384893
574.2789430832199
574.7795253198381
586.0125789235226
594.1895136814453
600.9938357620583
601.3800584878551
615.8065181936616
616.0360233018497
616.3277342894725
617.6254943927527
631.7007580347313
632.086514368835
637.6578996221979
637.6714507932734
639.8682382693341
647.421949566184
660.1375495544887
660.2251180402959
660.4139550212296
663.1833360389722
663.5696323502298
679.2949851156321
682.3000885747058
683.3897858627668
695.4395076395397
695.8297943912928
705.2751153911325
706.4102835998018
707.1030773501851
707.7950939740105
711.9458951931911
728.4825451011606
728.86923447021
729.4971161215448
730.4230985228404
745.3759618170354
753.1221867420394
762.2985544165424
762.6852044211207
777.2067573651759
779.5739078159625
780.0501673333195
796.8922865899636
797.278535559778
801.7340824267349
814.5597843479745
832.2626133006329
832.6492341052679
850.3109308651321
868.4110094039394
868.7973965929019
886.8566931740598
905.3365546445826
905.7230939559626
924.1675164026032
943.0426253557725
943.4262244394488
962.2665419942506
981.5204634720574
981.907057119527
1001.1321122479256
1020.778194770335
1021.1651355839892
1040.7770496241794
1060.809788432625
1061.2007074336493
1081.2065618665365
1082.0001699776576
1101.6274597582128
1102.0138371659577
1122.406621981735
1123.2017220319535
1143.2179462973045
1143.6043393060243
1164.3903905208317
1165.1808664149612
1185.586151326996
1185.9725069083188
1207.1438361728622
1207.9373135748922
1228.7313701053588
1229.1178120751586
1250.6743550584479
1251.4693284400328
1272.6554124379034
1273.0412241618217
1295.0052438330722
1295.7828972915545
1317.3555104632921
1317.7418384396012
1340.085864861181
1340.8708127241086
1362.8333863247092
1363.2195371329483
1385.9543863925633
1386.7351265367759
1409.0885665335493
1409.47425429068
1432.6006079542765
1433.3742657004784
1456.121049916899
1456.5072249701495
1480.0263022902145
1480.7888734176277
1503.934794801946
1504.3106730099817
1528.189553047887
1550.2752280703714
1552.0450965659331
1552.6648017753764
1574.759896993617
1596.8226186312459
