2.816433885526475
4.444464587743936
4.77956408664757
6.364671702457139
6.719431273166263
6.752823275037131
8.274034751539459
8.300985978072971
8.6928479391427
8.729892579333725
10.221841873892446
10.248192088630242
10.647036812701723
10.66912118989022
10.689848853659788
12.15808048520886
12.191734499227348
12.199721331909672
12.57574509456728
12.62254464571762
12.637103685393493
14.132350518775663
14.14863175573728
14.170647279425852
14.519651959456452
14.580826124885037
14.598579971623364
14.70464870148981
16.095186489202995
16.10590703985916
16.450747665249427
16.546020086690678
16.57450743744942
16.690835754941553
17.26977645321577
18.044458129175208
18.061439244131563
18.390707626299907
18.524856078544467
18.666721760222913
19.22267077875428
19.451763116713053
20.003705100299907
20.031671973751607
20.245925291550417
20.34025489418926
20.471313181222254
20.637838593923533
21.184795972430955
21.401418295848046
21.988622985554642
22.199986676555618
22.27170558657826
22.41682145903479
22.581509019182533
22.764493359855777
23.36258487171561
23.631153094693122
24.09544647830901
24.166233449533937
24.300543339758953
24.47719448843505
24.711853863514932
25.105045883992563
25.328421777450533
25.591195152028043
26.132489805611517
26.16794547003485
26.48729911009468
26.516641628778267
26.675541332566983
26.96861010319469
27.300058463814825
27.395412282874176
27.562235833767897
28.091914271466926
28.442696321464492
28.614585101567812
28.70095113680258
28.94538171410729
29.32940450966664
29.369337746082667
29.54295116745621
29.965259830612563
30.410337988882514
30.60771395602099
30.63518394555554
30.95422971280545
31.31190134891045
31.441135755956928
31.54020501277562
31.572679254495394
31.968346775722463
32.386905632079824
32.56581411089921
32.69811866079516
33.28026932735733
33.35371949793243
33.4924823396897
33.908227201372085
34.378710492837406
34.534695704537214
34.56876802908467
34.85244052067548
35.1211521791262
35.229772775476754
35.38130326287322
35.46635290961135
36.07403606333817
36.424377076706996
36.517365961054274
36.699660078254865
37.04630182689176
37.13186631870617
37.25711421928726
37.43422684142775
38.02315598192316
38.47437203650393
38.61531663541882
39.139712171555516
39.4067890606485
39.94328900789424
40.05452487990849
40.08293096005316
40.56996497992083
40.886147981233044
40.98040000850426
41.0652321039086
41.106704783963586
41.292744435597506
41.77559861151761
41.90092991558469
42.05286718541658
42.919227537214816
43.060625120969476
43.27477175397236
43.337505230798925
43.782998050500225
43.88215443435037
44.03883320119146
44.830253232975046
44.87693451587941
45.19065841161985
45.33507818542377
45.76461607406451
45.936609461043126
46.03329592011082
46.29987463705926
46.83888565859336
47.05336933179215
47.21313361113637
47.317077061053034
47.73631977422329
48.01611167445695
48.24495276280974
48.37216503918172
48.79792799936114
49.047100391969316
49.29557935885955
49.56960845007545
50.027057213407986
50.201728733727016
50.47972596461596
50.68627100207058
50.7427799969902
51.00908755084543
51.189940733414296
51.303384475175434
51.981135970906934
52.084028306305775
52.16852837896053
52.33012953845971
52.617715660468335
52.83659865564744
52.99251816837843
53.29863596085369
53.61636166229303
53.92082037610747
54.10161473618518
54.47050759316346
54.84368977467729
54.98767041135046
55.301197684945535
55.46178826107279
55.73442844812139
55.86788449428495
56.033061963208915
56.965113236070685
57.065312452512536
57.09202988458446
57.469453496768644
57.82059502235384
58.04745380062187
58.140126252041654
58.552805585148306
58.902512516791944
58.98526346061629
59.05166938074998
59.74400993744765
59.80541200559865
59.98596750136062
60.46795435459983
60.86272313584545
61.03879401978324
61.06568953193755
61.69836859077125
61.9330788951349
62.08913290912319
62.60130952195879
63.020872512211895
63.12770226067527
63.43453985317274
63.52229654666085
63.792307989678534
63.86744819036104
63.93998556232587
64.3238969338139
64.50483127167965
65.05291585680253
65.43457090264451
65.51424649218855
65.77087960697916
65.84848023356695
66.11562041481025
66.42948357250417
66.54298472082014
67.1318545567989
67.41742269619199
67.49096107557989
67.773833315598
67.88238722618256
68.28068541463814
68.3531345643885
68.38347140323219
69.40052950411703
69.54109685602529
69.73952144032276
70.30602570826102
70.37663245187932
70.40021134623585
71.29636277239432
71.3377916720438
71.45066317337783
71.5263941906398
71.67991000553391
72.25636259849865
72.37158178341573
72.60333241782942
72.79665047082146
73.1585433556024
73.27454571904009
73.58324551864685
74.17086808513945
74.34632029984832
74.38603906263705
75.13375578033695
75.21583020146713
75.77538323864087
76.30591146441115
77.1761737982983
77.57120207249618
77.62665011645096
77.63734772595872
77.95409249246612
78.38644970817379
78.57436983178897
79.01515388070614
79.12986196681706
79.15070884580481
79.49378119804126
79.58083372808063
80.41085726218328
80.51400222192176
81.04325529484734
81.5393017198728
81.59510034715643
82.21623751332467
82.4399676489596
82.90609822710923
83.17696343510181
83.24010821858319
83.58298943216454
83.81081555907814
84.07095472259535
84.39128283009163
84.79779817811126
85.18081305211231
85.24817131544872
85.53186031175882
85.61207034223354
85.84069021779301
85.94670695546442
86.18164269726519
86.22716125860455
86.3580773891315
87.18241750528446
87.45179298594992
87.58083987739357
87.68188930633451
88.10667821346264
88.16211678883928
88.26459534022335
88.61213528452313
89.09806573856432
89.18844656808803
89.57831061144383
90.04806206013026
90.41292974651833
91.1981273466566
91.98274849556405
93.12783627499844
93.18496276782653
93.23838669722802
94.08766948124327
94.17731299860414
94.58201980847804
94.71896630676592
94.8463988098493
95.18238920510133
95.31616305951178
95.86277330723583
96.13301826139524
96.35975346120517
96.73150375284527
97.17812521001643
97.35775579651722
97.95783095892851
98.05294424624529
98.17796584601078
98.91250895141737
99.19188321666368
99.8820732126232
99.98525289158674
101.21338992323709
101.27592528315999
101.5597826671634
101.81179988704434
101.95039865742244
102.46299122939787
102.55673772135016
102.91413065780985
103.04349291796349
103.31426196181805
103.56016676165382
103.83622221296186
103.98830509666197
104.0357128435438
104.48411700955197
105.43690819612759
105.55319777858645
105.94966459121983
106.07043441719291
106.42765896158683
107.56229520101652
108.35447544902395
108.3893996539157
108.76562004412206
110.23147931841282
110.29095671522654
110.36133388224209
110.46892381191604
110.9061687689523
111.32263595033766
111.5158082326417
111.58520343348442
111.69297740285661
111.9351109044533
112.22854890068025
112.34878747500386
112.85764523758922
113.24878565188179
113.51401120788708
113.69002491661578
114.33442954271227
115.18940912810322
115.39421048642924
115.56817817605128
116.08211895663639
116.35521420820905
117.17940209432906
117.99538541325691
118.88428110079653
119.48709901656078
120.2412133820936
120.34890488005128
120.46381765413241
120.50351852814956
120.80184559121751
121.00299047407624
121.4728516396426
121.50911519965936
122.523845395333
122.71660026470882
123.17359222224232
123.49760203721354
123.6890150211829
123.99492897987781
124.34895486711811
124.85636264652204
125.49848266630927
125.76202221743465
125.90014055816577
126.30418102485459
129.0250641736679
129.60524153637652
129.62493691459449
129.89094100743938
130.02466702387613
130.1512938410517
130.69098731730165
130.8798402037641
131.029789355381
131.46577462037587
131.6863390264141
132.08409164488268
132.31938798930503
132.4082514630463
132.73996386409172
133.0383308249034
133.88355383401648
134.55671333636036
135.04914019768387
138.95410434451978
139.05018726988627
139.1731054074509
139.68511038119
139.81708787294127
139.95363851852184
140.05935101494518
140.95752198477373
141.14126132159697
141.25118308880172
141.83319054200194
141.92724966641126
142.36998589628433
142.96293621398456
143.8133362934041
144.6355647282411
144.9782365769288
147.73279550858243
149.10386760597834
149.26776124112817
149.57043741414816
149.6371146937573
150.2641247176195
150.29935834707598
150.37059927457062
151.13406424442547
151.16928894743378
151.27633785163277
151.4497248041064
151.7768704658628
153.24969911668435
153.29676918288652
153.48085626052753
154.5599687902593
155.29415638696838
155.45388010348864
156.0828086177568
157.29072197872705
159.87723256304824
159.91628098808127
159.94139966533254
159.98809559663212
160.34344949582166
160.91419291155688
160.97157698066943
161.33220424518055
161.82594997537836
161.9765441800288
163.99404806309633
164.62313181947582
164.89632805599356
165.3962788014493
165.99543838145746
168.00462707900851
171.06170479170873
171.1016355342698
171.57366954694092
171.7717684156615
171.82811343165514
172.0614665644253
172.0939151707383
172.21330747388708
172.78547351347834
173.07037495870696
174.0046730158224
174.66359149802076
175.07829363675995
175.56876256434998
175.7090361724967
175.93155633855412
177.080892305033
177.88199240486864
179.12028618943842
182.44406365390975
182.54115139241105
183.2993857272363
183.4769456031052
183.54051585799007
183.55953270217378
183.86643967124624
183.9793823857189
184.5476812758873
184.79464939949378
184.9765496827248
185.48066989998307
186.40486916694059
186.5525628627059
188.5804601584703
190.5960598730248
194.40528083647237
194.78461357661604
195.27192707025006
195.3761371435922
195.4209872457549
195.6857466452574
195.78338274905758
196.4106518384743
197.43361290783736
198.12997305298867
198.42113624561725
200.43364039952996
201.356723135225
202.45868630934157
206.64092544143307
206.6676651051581
206.7099753029731
207.21217119397915
207.32448374848917
207.66121271728454
208.04916976505103
208.54396392641712
208.65739666578432
208.69613858390733
208.86595781006451
208.9651760681069
209.07699372147235
209.98511569037618
210.67060716536423
212.68355933168078
214.70901462304718
219.2963192359004
220.2043663474909
220.30111351499224
220.82627664831986
220.90634076249543
221.21655013705129
221.28292086064044
221.32021373236446
222.25311476634053
223.31088262671074
225.22392959046132
225.32284231905098
232.32631530431962
232.82447574899416
233.12990914531508
233.13880717233064
233.33059483662342
234.33086970850897
234.8445938642989
234.99984755254263
235.37314983343612
236.33563276458815
238.0937572326435
238.34909601365183
245.7352628722122
245.7529472087512
246.4743599413343
246.7439654426616
246.88640223701748
246.95076947815147
247.516742977831
247.7177623164897
247.75221095617255
247.79081956425213
247.90956786449715
249.69461240913472
249.7681240690384
251.7616247264464
259.54139191234964
260.06713224675127
260.1933352219955
260.54832270705987
260.7367543192404
261.25323826384033
261.31291664820657
261.54835746426187
263.55627558019086
264.5293950987734
265.5636258145117
267.59137036359067
273.72998507556355
274.73686742876214
274.85319775018684
275.10006383765204
275.7369279612382
277.7436761363273
279.75069505439484
288.29678572096515
288.32838851592055
289.14188741538544
289.27958328650175
289.3260431853394
289.96023886842676
290.31285562320903
290.4306297355668
292.31685721418097
303.2724576839973
303.85755948665275
304.2812541682067
304.45906312902616
304.61434827988427
304.66339949273976
305.1471337606736
305.2757035414883
307.28500294010496
309.2928983259412
318.6236092842529
319.1851283975664
319.6345682971039
320.2135282612751
320.3600922093171
320.57058021953327
320.61990437239683
320.6236034664597
320.69194027050605
322.6329268494413
324.6412114601204
334.3612076095735
334.9155241209179
335.37359615384787
336.3662877535049
338.3692849388092
340.3767943665603
350.4854395951431
351.1451881455657
351.4746054291056
351.49920415341796
351.5136007511414
352.4885859999059
353.1143138203952
354.49181306916716
366.99512004890505
367.9042870117091
368.0102812273405
368.33790757500907
368.93791345220313
368.9979315860463
369.2305386179695
370.9988581430311
383.8911559473793
384.74703754210884
384.89612107703664
384.91222399384
385.7291056105771
385.89286601553187
387.8957102882548
401.17051686819167
402.1638735321618
402.18905919117424
402.6101597875348
402.621962682278
402.6784160808219
403.1712835300151
405.1732346618128
418.8352080290123
419.47629647005925
419.81109793030686
419.8482607222054
419.87776357809486
420.8324660556875
420.84208446861743
422.8324715557143
436.87989382139654
437.50240837156116
437.9023801587569
438.87507765838336
440.872217508763
455.3029335372005
456.32717744719395
456.8080017973325
457.2944443837518
459.2877882169667
474.09974100362126
474.7426538474887
474.99368913553525
475.10242316572044
475.131274448413
475.2136126577222
476.0030271774767
476.08697965679926
493.2573794728337
493.5781128153463
494.28666890005553
494.603869905584
495.2321890087296
512.3604872513947
512.7557238821831
513.5099827257873
513.5627522159816
513.6755866227179
513.7907185269045
514.0772533849134
514.6795854743376
515.0467602620544
516.5924522397141
529.8927254411266
530.3335952717571
531.8011986217307
532.2414966011313
532.8198201600715
532.8612877526365
533.2490956372745
533.4913714587108
533.6747348938962
533.9163682697084
534.0881720846027
534.4497306502058
535.1026877998554
535.7306452600778
536.0771038720528
536.1562786156151
536.7542021754346
537.6461559098125
537.8407003535888
539.1020015169971
540.1199666860097
540.29711774429
540.4853708858719
541.198877057158
543.4152384791821
544.8627554796009
545.2238264755596
545.4864627702203
546.1680171835208
546.2942863582169
548.1754254520763
548.3976253658767
548.7553199838593
550.1556266851021
551.6987073710679
551.90889914355
551.9764848843976
552.275293054123
552.8470752861058
552.9740509185884
553.1232399054663
553.4312824881058
553.7598597053242
553.8468838708068
554.0368162416679
554.3066632441815
554.8723450453119
555.3548010360656
555.6993328027395
555.7869003116401
556.0961259441319
556.1370216836899
556.4959248086658
556.8081519921847
557.005809369995
557.1568218358916
558.7692564358128
558.9454109581311
559.0742101835059
559.6970189211753
560.0115704258476
560.805251634323
561.7330111984847
561.9598630430714
562.0901009337346
562.4303625937832
563.0580922164667
563.3987106348275
563.8853153540559
564.9625253818401
565.4552749996005
565.9456358789079
566.8672556348364
567.1978766391904
567.6572829879066
567.9775079704182
568.7729330083878
569.042853130757
569.6458727376378
570.2703986734134
570.7964559804316
571.1123992019229
572.0486208745527
572.3562652527118
572.4485210403614
572.5910772013349
572.9331537039163
572.956816671671
573.4026708596155
573.5454110526442
573.5704934468703
573.7624157464862
574.0999667010019
574.3223572266204
574.4195171704215
574.7764674933056
574.8155382082059
574.9640412200083
575.406361371767
575.7177677937827
576.0832330961055
576.3557558701821
576.4800457172635
576.6556905363749
576.7793745617395
577.8386776141515
578.5004249066556
579.3326383492472
579.6192949870041
579.761524835329
580.061850334997
580.4826590260559
581.1587344389559
581.484832305749
581.6802075752013
581.7951957234762
582.0452412234636
582.1737688407883
582.5540705598992
582.9127037467549
583.080975469632
584.6365612477047
585.5298297137291
585.6330402271403
585.8273112409247
586.5980217024613
588.1854099625584
588.2624126413716
589.2846364718048
589.428164967
589.6106002054518
589.8292143325208
590.6221570918286
590.6944146009707
591.3043119736834
591.3524497685245
591.7035284613231
592.5334712360267
592.88647664544
593.2077537765407
594.1671234643052
594.2191372162141
594.6929076403682
595.1811203895122
595.3412689655318
595.7425896505263
596.179285735666
596.6312373962664
597.1511376340494
597.3173065454855
597.9166757512862
598.0310843951758
598.849298338834
599.2824834479392
599.759616335617
599.7760611867213
599.9186620300876
600.1685528583387
600.4623820997087
600.4783487515839
600.782688482711
600.9169714746768
601.1665123415727
601.1797679407131
601.4372314795851
601.6756278653553
602.1265190260619
602.2102104115846
602.3578305456504
602.6876623048071
602.9304121665599
603.6072752728329
604.1358308662697
604.5206851265194
604.7389573158028
605.5141759174719
605.7510997335919
605.8641147709304
606.3784128815189
606.7039642141489
606.940945722806
608.6243114768461
608.9140947918316
610.3134481085176
610.6337702937165
610.7523858289464
610.8058755456851
612.0116831969755
612.4102221194073
612.7666021547035
613.8374978062263
614.8001008506178
614.8066382442204
615.4198576086785
615.6383458030075
615.6746322471759
616.770592621707
616.9806621991348
617.1563760107275
617.2127602740161
617.4976164037569
617.6891626729441
617.95128111255
618.166442027305
618.4768803139808
618.5619963746122
618.9553714035379
619.284438645145
619.6955491960978
619.736260327919
620.2090560894588
620.2658660724348
621.2522653913575
621.2931445709769
621.5850734281046
621.6336760183463
622.0098262103219
622.4842219664698
622.6084098291645
622.8553564187248
623.1096782489442
623.4012833816079
623.5002434169811
624.1803766987739
624.378976073441
625.3989936084731
625.4521586963725
627.3499911417271
627.4340782159599
627.5803211349378
628.2710092543995
628.8601794913603
628.8909596366059
628.9379357103655
630.0908700252724
630.3907086395164
630.5879363384677
630.6483330147948
631.0816814825531
631.8401326464765
631.9671123002086
633.656418125618
633.6790130668244
633.7795722251743
634.6049550344903
635.04088430353
635.546417946679
635.6647392856908
636.3300656370665
636.7527490809
637.6914283437543
638.2635631694725
638.6084970320564
638.6369422208143
638.9524939978689
639.0113467739016
639.2188104828889
639.632388623343
639.7407007547534
640.4168218536245
641.031529365359
641.0921972739745
641.3473498803718
641.6986691130977
642.3518189917876
642.9357627820227
643.6416058360733
643.7770990392213
644.0414163067528
644.079367491998
644.515537080931
645.5588342203728
645.7225992487611
646.1570371504678
646.7670413820016
647.4077304566678
648.1305079149181
648.9963696406461
649.6305158520596
649.8948159451712
650.485201117822
651.0460549674598
651.129446535249
651.205238586028
651.3224078454665
651.6634963642539
653.1199560281462
653.8468383296876
654.8403993651373
654.8495679350516
655.3147911060448
655.4184463517554
655.5147288474232
656.5648005127974
657.094818099566
657.3977021614864
658.0596929296013
658.1113585814185
658.2198945806712
658.8894369170639
659.45859592109
659.6142796994407
659.8619735254732
660.0077356418544
660.0866513325108
660.578823311709
661.5547842287515
661.7566336850095
661.8674918514439
662.1984078294031
662.2794187381646
662.6157801444627
662.6384452500707
662.7924052422092
663.1108835711973
663.37718583211
664.2754294676377
664.287798389075
664.5564667213913
664.7487231829099
664.8145838598754
665.1218007057678
665.5093090658607
666.0812904005641
666.4093861047161
667.3186461891001
667.4017895670557
667.771258441921
667.900466860925
668.0328118974676
668.421881918251
668.5276438120615
669.2869209203847
669.5499640559926
670.1320365804961
670.7581175522674
671.2717535671137
671.4415679131267
672.4864343960743
672.9610787201242
673.3707869925554
674.7202605385037
674.9016948253034
676.0541457147513
676.4249161835746
677.4920408285823
677.7492707811206
678.7025879621532
679.9734258298812
680.3379077445203
680.541703918009
681.3998574513698
681.5446108201195
681.9693298216976
682.0183713766596
682.1688729017478
682.792586976639
682.9840659928263
683.0590033631615
683.5927099266568
684.6288392028207
684.8538752833477
684.9312522084642
685.5522195252782
686.0346882968852
686.5040830428973
686.5979906177572
686.8612591521293
687.1570828681707
687.3587036693687
687.5956245321549
688.3603982006397
689.5312264808242
689.6957229686503
689.8097415788046
690.3278233724876
690.3975445864618
690.8025517330689
691.0462482294819
692.1458456092261
692.2665201871001
692.4606831516301
693.2776073408594
694.8657458321982
695.0471626953413
695.1642136923642
695.9148246561945
697.1735241402304
697.2723412695356
697.9817082854264
698.3353545988817
699.1911356635537
699.4439804997713
700.0029917548193
700.6071752061478
701.0344454399169
701.3685368788633
701.4010345856896
702.0928043904219
702.3642922995424
703.4624412369155
704.4091470999003
704.7151236987794
705.2020814591394
705.2302340413066
705.8901996455501
707.1221446738277
707.348218633723
707.6483293998617
707.9679367803021
708.481763925159
709.2262270105108
709.512295491461
709.6142631187352
709.8334425890486
710.1178583883059
710.3340176749048
710.3653378923411
710.7390647658959
710.9223400166433
711.1198170323773
711.7544060435258
712.0230533567544
712.2258759272328
712.6274401506577
712.8572664557706
713.05937838349
713.1273975696697
713.2154759852158
713.8519124102921
714.623504621979
715.7315777981976
716.5582691552196
718.1217767476872
718.7951187322357
719.3723430888472
719.8033821375158
721.5633700928764
722.2311649412242
722.3477651320596
722.8012023170746
724.914162430882
725.1131002369463
725.5938544607068
725.9955061426833
729.8290719874935
731.0143784000362
731.0249326363335
731.2032529659698
731.3204342446402
731.364419623746
731.7263030331159
732.6621126452579
732.7574766330724
732.9424108295485
733.1622624617885
733.6393465968459
733.9584149755857
735.578178513575
735.9314889319065
737.7099194232777
738.1385465188972
738.2718054320644
738.5475414847733
738.9511590399418
739.4584516323956
739.5700115637161
740.7256046726101
740.7815482406014
741.6198791985603
741.7506743391793
742.0578623062036
742.2476383769033
743.1581506569776
743.9859284491432
744.98795765348
745.4101658260626
747.6582245540035
747.8622220397701
753.4034193792135
754.2882070742212
754.4425468524696
754.4732158779657
754.6556659098242
755.7335048813161
755.7613196226237
755.8123822956504
757.091896877921
757.5327716287052
757.7788377601461
759.4837801956985
760.65509598414
760.8753144115449
761.5204447973539
761.8789231660127
762.3338701296921
762.4572062957077
762.6438357252295
763.5202461628055
763.626828587783
764.3297024790604
764.7326412950472
764.8442927266718
765.1959921105565
765.5823664432382
766.7680023126885
767.8685947584497
767.9570859554767
769.1276108270191
770.6679567906638
778.0567072754649
778.173044653915
779.7951075344125
779.9443779709939
780.0475754267766
781.6754315374054
781.7153610584138
781.8151144378892
783.493102359099
785.0750591730533
785.4783114883252
787.0400113873425
787.2539684336024
787.754146269728
788.0333590783773
789.9626825116595
792.0565130688749
799.4487448030917
799.8173416066776
804.1333642434839
804.1416986417973
805.4498152227868
806.9396775017675
808.5319494941199
810.1136648006667
811.4731338233496
811.5873866437785
811.7829758749469
811.7971317009894
813.7432650611731
814.148961271977
814.7253812382065
816.295053018772
816.7201434239174
816.7925041028835
819.0657279762779
819.1105344459667
819.6339481659339
821.7963334397009
824.4528256748109
834.8202554700374
835.2030707408412
836.5015980292318
852.9882626626987
870.9575379130165
871.3460749174025
889.1457390617439
889.6362838596165
907.9123330494191
908.257723305322
926.4170575529807
926.9399691356474
945.6224421568816
946.0038323276148
964.5477107947338
965.0714960246119
984.1153289566286
984.4672573543355
1003.3170511746227
1003.932406715717
1023.3702452873232
1023.7056044461794
1043.1025183290953
1043.5511693341139
1063.4242959111748
1063.7542488953527
1083.582706534938
1084.0513381793817
1103.2102538958522
1104.2697448447689
1104.623217433647
1124.6297361493616
1125.2461610390205
1125.9152650667377
1145.859831676254
1146.2251721482467
1166.5485301594813
1166.828257849469
1167.2339739702622
1167.9059504417796
1187.1555771800301
1188.2384348357805
1188.5895843145368
1209.4264078282285
1209.984923101913
1230.2967051170533
1231.3978448573005
1231.7559783167721
1252.9746425159412
1253.4333613723209
1274.4854241320215
1275.3355228064838
1275.6839289446373
1295.8092606815183
1297.3711282630243
1297.9333277338985
1298.5584177161968
1319.025438366414
1320.031301143077
1320.342133664047
1340.8521527117211
1341.7664474201817
1342.7710125044769
1343.0369746694025
1343.7347561649458
1364.6047942495943
1365.558457612629
1365.9453985830964
1386.808944242974
1388.4643896018515
1389.5833402569835
1410.914359394054
1411.8283096295195
1412.1988875768732
1433.526352372241
1435.1343690285198
1436.1837545511282
1456.4830063410006
1457.9744641277089
1458.8644353703892
1459.2136128621978
1480.9500644352445
1482.6523636353954
1504.2777671959302
1506.4924121082975
1507.9947296671305
1527.9961147169724
1530.4979495308946
1531.5380175069483
1534.695228339502
1552.1575541650238
1555.410016610772
1557.802523835601
1578.3699921389034
1599.9691873098625
