2.1303342041737223
3.7504970454037343
4.0558143477842465
5.665544589086146
5.905044317076341
5.997124452508931
7.601893440818957
7.608434400186942
7.893039257849926
7.947886906351513
9.553147510663095
9.566594371587396
9.774275819640545
9.867682499719757
9.897116831636415
11.513383049412791
11.525832098918263
11.565962411632833
11.70165245475977
11.768991668657387
11.869765719245096
13.467441668529197
13.490019148766544
13.53967296408479
13.55702656564823
13.696462246256043
13.800246395283981
13.866490977452072
15.36385431480217
15.457944628584274
15.478388496848297
15.516411577536509
15.751356111260328
15.772264669788198
15.872382772665414
16.28971741578412
17.31629000313676
17.438826739241136
17.465826957120917
17.649191857792815
17.689488246390958
17.86066837373879
18.28898188793523
18.579605887221124
19.162828183369772
19.286994626757753
19.403666360777773
19.607814920377326
19.8361374158053
20.28973779341659
20.463433500853775
21.159861684140356
21.583761318389715
21.797976872138616
21.838276196887833
22.2889451078895
22.40699941612131
22.457837536343938
23.158319288708682
23.722721716985465
24.292665790208183
24.38204690117288
24.45845765155774
25.497153965299027
25.511987099266545
25.683323987068288
26.120458846096575
26.339324167377903
26.359316153065915
26.460767656732596
27.169258032648703
27.37675782005737
27.39879513134771
27.661920127202585
28.120370443482614
28.45597341490468
29.252375262637226
29.35968928994943
29.515756180636107
29.581295431754675
29.640493596975595
30.117661993815414
30.139523138953777
30.19213353518812
30.467838266560346
31.338298045323896
31.468819606092143
31.526834742735367
31.56276366726264
32.12544179711788
32.19176958107969
32.33072669575862
32.57127493520639
33.31531347897634
33.43445442945293
34.04499999022626
34.1438902295116
34.17482390885849
34.19852285468024
34.65521148326483
34.874738484044514
35.05076880753043
35.414152242874096
35.54821820457179
35.93635823808185
36.195735090521985
36.26785142239942
36.65539597865888
37.39430111094898
37.90014528491312
38.65632702160747
38.90921951853413
39.1934445990505
39.51005112550193
39.88314555411252
40.34860386700403
40.65982531554679
40.79897275273001
41.31878369451697
41.49854414935781
41.51075614447546
41.86149619065923
42.67418613132951
42.73019436075052
42.769621548984965
43.51194118064439
43.76792242076941
44.156510353736294
44.42789420080112
44.734125631062874
44.76004411614335
44.825735174755394
45.158310386137856
45.46751552738936
45.51043391066639
45.56828819329037
45.987315359325194
46.04648319244737
46.759986896756445
47.216590463235
47.54295779650134
48.009681327051844
48.75893737874008
49.68168792237238
49.79507744277152
49.977273393918495
50.389293430214764
50.41212935942668
50.76445006513181
51.68306837462361
51.96847307608922
52.390570061492035
52.79352242859976
53.641823520405374
53.65485530177818
54.39310199954191
55.62942630053573
55.658022286686744
55.821618062696075
56.39851558623206
56.41383107513618
57.28229721244874
57.35361164407218
57.609466072108134
57.71007961228115
58.414280742518365
58.42750375047386
59.67372387675105
60.416561327686026
61.656622317244064
62.12846201722448
62.23711054669228
62.42306503443095
62.82655276888847
62.99578057676812
63.34085519970219
63.63562251793656
64.12552218156038
64.82731833106273
66.08879185279704
66.82964682865725
68.07125119866683
68.83387010570718
69.03281647133656
69.05464044034335
69.62841159029476
70.05044012413583
70.86248247869884
70.89917464068945
70.9325921255178
71.6290271065412
72.89224461992086
73.63091051398642
74.87458006588307
76.23586212437968
76.8181443709294
76.8546989654135
77.66612958549183
78.12277771119004
78.82048497400132
80.086449000786
80.82227727003186
82.06696987095522
83.81729147893046
84.39852882459851
84.85664192787141
85.69366076576046
85.70529088561358
86.39934884347531
87.66726070043258
89.64902950976234
91.78699712851386
91.81754770598867
91.92412382262832
92.36666873351061
92.4360199428369
93.67421537133217
94.36737645470578
95.63688315428851
97.6181149222146
100.14589265287599
100.40449048223829
100.71433789607163
100.72363508697147
102.03235033034905
102.72414038523605
103.9952633569578
105.97564425961568
108.7599220444985
108.89391590967467
109.46893540535918
110.74173650219979
110.77653014518953
110.77987752132924
111.46965267334174
112.74290757305211
117.96268616553367
118.02932849279372
118.59077153583902
118.60412132236466
119.91492281004936
120.60394256266446
121.87625956955544
127.55329515312137
128.12600613759852
129.43878065099295
130.12669046667102
131.4004765099
137.46628219603195
138.0375124201148
139.35121578503674
140.0381336177635
141.31265359775344
147.7672810604041
148.3376366367513
149.65212985995169
151.61346115057603
158.4564856672113
158.52905919436125
159.0263815793465
160.34117232270643
162.302764911677
169.5356416005243
170.10384935118867
171.41980806403467
173.38059509432998
181.00232687917787
181.5698320149216
182.8867531724274
184.84714395518972
192.8578221145029
193.4244887038373
194.7418783535585
196.70209081749087
205.1016556532912
205.66772900118823
206.98541791259905
217.73409559411482
218.2995048228221
219.6176415635635
224.36596804901882
230.7549255249827
231.3199343200484
232.63851237058051
243.01982876261445
244.1646443567561
244.72901787739698
246.0478402188542
257.9625280658612
258.52657245443163
259.84557708700186
262.44947705748945
272.14884995528047
272.71264541250684
274.03242952254084
282.6568670869009
286.7238026569063
287.28722403834024
288.60667534616897
301.6870625600084
302.2502706191811
303.570231306927
303.6424325056371
317.03868368702683
317.6017352474592
318.92135451475247
325.4061898776192
332.7785835216428
333.34152833875936
334.6612196518818
347.947532887653
348.9071714509581
349.4696973867083
350.7892886432275
359.4216951820767
359.8096255304731
365.4233349859532
365.98599202469035
367.3054475500119
371.2664555285972
382.3275463394782
382.8903254802557
383.1291385332298
383.5172328731456
384.20973271525907
395.3630678193987
399.61944362166173
400.18249089184303
401.50132461452586
407.6165376839597
408.00289640568764
417.299224427033
417.8621828055796
419.1809645404162
420.2216763955508
432.8757615881061
433.2662587123089
435.36579954479305
437.2469968274419
445.89129355803186
453.81884248167586
455.6991110242394
458.9209571101917
459.3071984005147
472.3182773733697
472.65661308647697
474.5360492802729
485.7379617742136
486.1248352645753
491.87626962262635
493.75266896898665
499.5230549349353
511.47135077186715
511.5189366055348
513.3328806721672
513.7204050713701
527.5082270765469
531.4209137171929
541.7057875698066
542.0932434231071
550.9972460997104
551.4269777566296
551.8234764412105
556.2715016493838
570.8565452502204
571.2437991773653
571.7948004829329
572.0553152285582
572.5495768772864
572.7095433950267
573.164427846126
573.6536719887187
574.132440185833
574.6327812874019
585.8112519408569
594.0089094888764
600.7859263825987
601.1729038376723
615.6288755663458
616.1278652059201
617.4186646418201
631.4981935836572
631.8783066922501
637.489872071112
637.5086081853618
639.6031447840937
647.2220354418628
659.9359854562948
659.9861361449481
660.1068536268463
660.258615572871
662.9751085151697
663.3608274233062
679.0940035012231
682.2000965216713
682.2239610764208
683.1201354071582
695.2293410927011
695.6245997801376
705.1870866300565
705.4163092477204
706.1002336301949
706.7449609318695
707.5846118330251
711.7432180721049
728.2725914111849
728.659493511701
729.2634985847466
745.1704095872924
752.9713776163936
762.0885426594891
762.4751378996004
777.1286365619078
779.3735008334709
796.6829895524162
797.0682309640066
800.9999702742748
814.3559120915495
832.0516705299807
832.4383483505846
850.1144468147783
868.2002951963534
868.5862086183971
886.651587705515
905.1247941128142
905.5113382068465
923.965096129651
942.8138267713326
943.2148938713603
962.0584787909337
981.3079730991726
981.6941814382266
1000.925961098821
1020.5652064265308
1020.9516536813256
1040.5722450886217
1060.595053219299
1060.9889898441409
1080.996427975876
1101.4130312717623
1101.7990765278535
1122.19743824714
1143.0026250168096
1143.388757766017
1164.1766103014204
1185.3698237395492
1185.7559460445482
1206.9324707795406
1207.7218206520774
1228.513740546718
1228.9002248525348
1250.4659055979785
1251.247916283962
1272.437255897198
1272.8225193235855
1294.7788453604016
1295.5661456236328
1317.135941093809
1317.5210899034848
1339.8658336737283
1340.6510010638049
1362.6114394632657
1362.9966021583714
1385.731332057732
1386.512188084037
1408.8636108380595
1409.2483035836165
1432.3737382435638
1433.1469236859166
1455.8912249349662
1456.27600507983
1479.7940178290085
1480.5597959359425
1503.7007551983936
1504.076507900532
1527.9389533072074
1550.1417574884508
1551.81847301995
1552.4357451923565
1574.507179009944
1596.650944077186
