1.7778867415824182
3.1661283498400317
3.6493015236024267
5.144742214862916
5.504546904307194
5.5789498981239305
7.10460033447781
7.132336135830538
7.472802037948961
7.534747199826066
9.098285545059742
9.123977011901387
9.38738708270609
9.44459820568372
9.492734565013015
11.113642678570082
11.125045380072756
11.35991815630944
11.36898004645966
11.416672623059704
13.101082266692794
13.123366864533896
13.145467284051739
13.233662553450102
13.288246695199014
13.387886924397918
15.023705481625623
15.125396097871342
15.194952497793588
15.284467177909658
15.3209076536062
15.361323098141565
15.72932517649305
16.983420522559243
17.12125805555567
17.174978013253536
17.20390048209431
17.267148566830922
17.733780581242303
18.0652597804428
18.566113599468196
18.961826537897696
19.120369167224386
19.163932801292567
19.177153449971815
19.322412274790203
19.739152578700736
19.948218005268433
20.569248057611606
20.936720868030495
21.03972650716554
21.14675321010461
21.279878545149234
21.33835485650519
21.746802175697013
21.81087538403619
21.909468413821596
22.572866749531595
22.851170612639223
23.125202715980166
23.16271272284179
23.77845794386761
23.812752000012246
23.890963190162648
24.918150555246246
25.026258636745276
25.123109226576155
25.46124863464508
25.813670074985872
25.8692179376798
25.93340206187094
26.608081359822513
26.80060467479077
26.824039988052444
27.102881467462083
27.463649914997433
27.75777639263182
28.758462052783003
28.765921850988338
28.96266180085542
29.079931475437906
29.466341764269764
29.511010646879456
29.85584327356345
30.73982598686933
30.844797595977468
30.97214792369111
31.471510887985747
31.513084320392807
31.702341500903337
32.714974130504665
32.7592126637774
32.804596298385
33.40607002030133
33.50157381786664
33.516148215716086
33.95727093769049
34.78356598882954
35.28814319810974
35.51998552605917
35.95898660565307
36.759304797112435
37.247468418974556
38.245292256439306
38.650692539320794
38.79762500163351
39.22628207162099
40.12702741494381
40.79907294849665
41.20163072161744
42.08619599334433
43.477358088130025
44.03043637110431
44.06449017592092
45.358951350022465
46.031134699419574
47.31798365865673
49.10139706892099
49.296076662593165
49.65499074444022
50.98279734176433
51.65614692707047
52.941697566624796
54.91963391677134
55.11640675619697
55.670284554785326
56.997722584850315
57.67129935767487
58.956457434414
61.521863189956456
61.6758849068709
62.07589613346343
63.40308181535105
65.36173166162266
68.30501222625838
68.31752579855078
68.36492123604792
68.87147733904449
70.1985456338694
72.15701708266205
75.50265193336708
76.05673704810096
77.38367017935296
79.3421282199846
83.07741172634557
83.63152780847793
84.95837969520245
86.91674547661144
91.04152239073466
91.59564306894542
92.92207641388053
99.39488270508161
99.94898529633964
101.27572954000732
108.13738409043468
108.6914608078828
110.01811914801259
117.26892874822934
119.14968512034984
126.78947117100637
128.67019772397737
136.69897257854976
138.57965214539362
146.99737217596817
148.8780255492122
157.6846382970796
159.5652698486572
168.7607923681065
170.641387927126
180.22574959737432
182.10633263869664
192.07952086056684
204.32207876469448
216.9534129776435
229.97350915059826
243.3823692043273
257.17996994941717
271.366309354021
285.94138195591546
300.9051768035695
316.257688555018
331.9989098549097
348.1288430030553
364.64745355255803
381.55476685651047
398.8507525735242
416.5354016904045
434.6086930316711
453.07062025878764
471.9210776411193
491.1601123796646
510.78751410719866
530.8026037530026
551.2075095089282
571.8840635901961
572.0153709662361
572.2256177270214
593.1888483332647
614.7594902701627
636.7157265185348
659.0637125333834
681.7811826638091
704.9036012214156
705.0034840811021
728.4058892645318
752.2724258897157
776.4783721165411
798.9980782167016
