2.09570485556449
3.6733174422373027
4.010532274593567
5.5883999480203155
5.855092143580777
5.945973565604026
7.525951275128788
7.528787081332439
7.840623579999475
7.893552333663381
9.480974812909379
9.488293239085792
9.715927981598803
9.811107274140491
9.845053233544657
11.444064485200458
11.449545623645307
11.488205860540905
11.646542981572292
11.708577273459518
11.818255557292453
13.404452765709857
13.42457979895364
13.471006964547573
13.49910504982246
13.632408557992113
13.721326641942188
13.806869502996019
15.305546302901286
15.41651107850973
15.451834243669527
15.675433248710105
15.698072224665445
15.804598078102066
16.187447911309448
17.259645067536283
17.38175728726245
17.40973342466726
17.573288891890076
17.61941780799546
17.789894852213123
18.191093962417867
18.486519794623497
19.049156142765106
19.231452115812914
19.34948691378332
19.534336922343293
19.762080152351064
20.195793073307442
20.371996583417147
21.04981578802133
21.5124238509787
21.722936533059283
21.736870684714805
22.198473979594358
22.3020819837093
22.34963590105155
23.051794308831735
23.620127575159007
24.208406087207408
24.284217283528193
24.34854595833167
25.395688097876867
25.421802804306108
25.582079486774216
25.98843647268368
26.263353489488647
26.280446574541394
26.3515853213438
27.0698855900589
27.275598716036292
27.28626972142111
27.562377395447914
27.991164446781564
28.344292010883407
29.248777956134106
29.38972042379069
29.460102869858023
29.541520058843137
29.993191615841845
30.024165829289043
30.053348975005694
30.359316579176177
31.228131907733957
31.34802458951447
31.445485642070537
31.5032390781102
32.00109865013397
32.05513825632671
32.480403845168375
33.204858586286875
33.31351218392053
33.917144709368316
34.02478649154543
34.063876331058594
34.15925531366158
34.510173729206315
34.81393353147982
35.294573995709776
35.40919509370935
35.80761982723209
36.06398006201208
36.16235614635833
36.512399149905
37.27516400141765
37.771800541788046
38.51520332309816
38.774164014915655
39.05397949973989
39.359998724834924
39.755147975798835
40.231871292726524
40.520817121288076
40.621320064716556
40.66305082311617
41.26610455092928
41.35122417576259
41.36253045551848
41.73351924401532
42.54360499906624
42.619902317904454
43.36519944314723
43.63728157936153
44.0162699214066
44.405466206578154
44.593498556217014
44.61202628807795
44.69797896371359
45.36611098165402
45.43964228629098
45.83649269565696
45.904872820521035
46.6087827646443
47.11111985319018
47.399566878205505
47.86812005751539
48.60726379798027
49.5468649579127
49.650153480351264
49.84885489471701
49.90387158248153
50.23147506764481
50.26923975962117
50.61363788636661
51.537083227295206
51.82775536206233
52.23371876392005
52.64422354994065
53.48972900353787
53.503060554254354
54.23715605374203
55.48289157750561
55.512506864369435
55.672568921481336
56.25250067385855
57.223113923385306
57.46254570264049
57.559889843036615
58.25412955701125
58.27366371590235
59.52294458946212
60.25715673986758
61.504643077536734
61.9670628171555
62.084476588934244
62.263983411436676
62.66249147095571
62.85738751098434
63.48409976593359
63.971596928362494
64.66422752642296
65.9344430375558
66.66716466918022
67.91622100175086
68.86636045375208
68.88405666345541
68.91335918715733
69.46196504337684
69.89501987044417
70.70192995430286
70.77420152094913
71.46346816490568
72.73469353372361
73.46594448757074
74.7163125272552
76.07701243550359
76.64999823993942
76.69538330373592
77.50199131678067
77.96274278824265
78.6525698935958
79.9250447526293
80.65480832927871
81.90572825042103
83.65602153488649
84.2281649670852
85.54174207238435
86.2296304842817
87.50383579489652
89.48490998524885
91.62369959353994
91.7938860137555
92.19473346691017
92.2671176017217
93.50950959002667
94.19602123128608
95.47130325530078
97.45179488327031
99.98056479363605
100.23353152412362
100.54974870648715
100.5538098561825
101.8656634588461
102.55134420694532
103.82753803369815
108.72657026089924
109.29439863518536
110.59134617374909
110.6112250672706
111.29558723633957
112.57161615751829
117.8604874377831
118.41922551660377
118.42852654000598
119.74495981725222
120.42870939936958
121.70545460443329
127.3831694913257
127.94944621879698
129.2674691435758
129.95049530815373
131.22837527663523
137.29486027276326
137.86012324874272
139.1787117208243
141.13940725944528
147.59484575037285
148.15953108206566
149.4786352704087
151.43918513306173
158.28324656809102
158.35138056418887
158.84766115068638
160.16691770401874
162.12761184381793
169.36132068502107
169.92457258916357
171.2445510483979
173.2046592840597
180.82738529166747
181.39011528029502
182.71070415055416
192.68215068528107
193.24438999020322
194.56531145411984
204.92547241691426
205.4873310458992
206.31541718849263
206.80836532366217
217.55746372099702
218.11893233177307
219.4401839821704
224.1884891505288
230.57797305957524
231.13917735257155
232.46070553600532
242.84434166997855
243.9873393745707
244.54815058933397
245.8698107865168
257.785075702297
258.345703260575
259.6674236707067
262.27117781609013
271.9713203726675
272.5318593017375
273.85404550699906
282.4784502086969
286.54631354482075
287.10661156311465
288.4285229881381
301.5097244523224
302.06993290746055
303.3921650854066
303.46391499864103
316.86162693305647
317.4217896510141
318.7436884179582
325.2273650728408
332.60196738905495
333.1621212635857
334.48399656332487
347.76848482603015
348.73100664992137
349.29095880275344
350.61268976338283
365.24804504495955
367.12968970547354
371.0872305085103
382.15329466825403
383.33735407510943
384.0349462851195
395.1835354720128
399.44674861775104
401.3281404518005
407.82436614060816
417.12810195607636
419.0095448819924
420.0573762461021
432.6877533334348
433.0869855520698
435.1926083023488
435.1977054154042
437.07810594262827
445.70897015804337
453.653237349845
459.12914756693147
472.13822327283106
472.49479201132897
485.94501530223823
491.7216472859591
499.3449514441759
511.3261690103045
511.35182926036447
513.5399053653823
527.3287585092745
531.2992877326225
541.5290667557654
541.9132029951819
550.9177152840288
551.2538013253906
551.7067376750565
556.0909667746564
570.6790746630154
571.0627213869606
571.7636010576217
571.9906017744557
572.3783270297404
572.5718992368238
572.9695237571613
573.0551493562027
573.3859884842632
585.6299396348652
593.8310343725044
600.9916242853874
615.4337928554719
615.9465320624349
631.2888642860175
631.698274115822
637.321752541658
639.3623377361156
647.0405179693167
659.7576574822906
660.0054832534878
663.1799677979042
678.9121918584774
682.1314974087932
682.8682582134435
682.8791481218863
695.0448982850553
695.4442644345446
705.0972478790225
705.332789813207
705.830259265546
706.4238383915956
711.5612440668966
728.0955709891126
728.4774617074297
729.0544971010322
744.9876627802927
752.8240030131293
761.9130106775228
762.2930805094281
777.0365010436334
778.92810884446
779.191509331625
796.4287823814612
796.8867017219255
800.4218319941785
814.17290057012
831.8749037813101
832.2556251083714
849.9317124070434
868.0272738886767
868.4036477574956
886.4678972759111
904.9478126740478
905.3280199998926
923.7813968002806
942.6298734587019
943.0382224071757
961.8732490782787
981.0467236630466
981.133335514593
981.5102489682647
1000.7411680288161
1020.3872885305726
1020.7671025160339
1040.3870566231728
1060.4072299562606
1060.7825285072693
1080.8103023561227
1101.1433478812064
1101.2364882976617
1101.6136830022783
1122.0109227705036
1142.731399526106
1142.8247778907892
1143.2026023358278
1163.9890082938537
1185.0993772081747
1185.1911787923905
1185.5689557023686
1206.7442479762412
1228.2361780472986
1228.3319722532626
1228.7120942605338
1250.2767399174
1272.1779178683041
1272.2591314092008
1272.633452628629
1294.586552337156
1316.8954406187293
1316.96422815498
1317.3307194107845
1339.6730265926371
1340.4632966738488
1362.3741666184087
1362.4369681409669
1362.8038658051191
1385.5361183593598
1386.3206017526911
1408.637864722532
1409.0522125083178
1432.1751659557074
1432.948670802319
1455.696535618821
1456.075044730541
1479.5911184354936
1480.3582154380879
1503.4966848654574
1503.8699788479303
1527.714633006116
1550.005589722141
1551.6356491483048
1574.2903173274824
1596.5037680964226
