2.0862613702531916
3.6530793669610735
3.9984035399832445
5.568753304850729
5.841851405466606
5.932487441403338
7.50617923875444
7.509538139061754
7.826753134280425
7.879414480855038
9.463186488392326
9.468972870101652
9.701020607580961
9.796513571874176
9.831291716943165
11.426898666428864
11.431192618538994
11.469166688057205
11.632719504446149
11.69310960370373
11.804432091672838
13.389294376983404
13.408544332629914
13.45428291860005
13.484930087666967
13.61633040171518
13.701065502437702
13.791714782122469
15.291298165673176
15.401386581110529
15.436758302735546
15.656381970892877
15.67934151781499
15.787556145826654
16.162548799194095
17.245821149461705
17.367967793622363
17.396573507792283
17.554633972446872
17.601799030606287
17.77201285784891
18.16719106325324
18.46391529025599
19.021858650509856
19.217946039219278
19.33664625612228
19.516245375050588
19.743519396262357
20.172796625152664
20.349697015620755
21.023308021385922
21.494856107389005
21.70240751671921
21.71449645808929
22.17630756271989
22.275356866853436
22.325108456877736
23.026013596719046
23.595321909050686
24.18771821570777
24.2596949438012
24.323010165795353
25.36891191357849
25.402607080296505
25.557571529285244
25.95731534829673
26.240293282274656
26.26481887996588
26.325896590812256
27.045767653279064
27.25150309321032
27.259618104819445
27.538238815431107
27.96059484420624
28.317436645137235
29.222195929317426
29.360993901233776
29.431443253882076
29.517562821445505
29.963443652213634
29.997351414853693
30.020972037539355
30.333125244408862
31.20162388309844
31.31930543334866
31.492494623712414
31.971483459672307
32.023081996075746
32.45787595999318
33.17828936692428
33.28474212778403
33.887151934779126
33.99595185257603
34.03227691798695
34.15514746941903
34.476482775584614
34.796132629213616
35.26606390203582
35.77732292348852
36.03277740829874
36.13652548324321
36.479082012810196
37.246692403561475
37.7415146200954
38.48229264641569
38.742656351558196
39.022703357275766
39.32533910292844
39.7248572738316
40.20357574841483
40.488234920305
40.617909047691015
40.63147863728168
41.24830467700737
41.32133665235232
41.32856820998302
41.70326157669353
42.51222687982795
42.59009908978157
43.331114123876944
43.6064063358208
43.98373936112134
44.39907684737786
44.55964141988225
44.57885027247609
44.66740367334339
45.332647354564784
45.41303632717453
45.87198739831926
46.574047421205655
47.084681817353726
47.366081057790986
47.83520753577729
48.57233780827395
49.514893929313274
49.61667851807744
49.816202574956975
49.88205774786921
50.19531920937741
50.23599425665036
50.57868484521048
51.503329638785544
51.79484370145726
52.19773811784023
52.609506335602546
53.45547917194028
53.46876657667149
54.20129692544293
55.44888578847103
55.63830862515762
56.21571029847877
57.19175682546001
57.42839259442968
57.52531375843987
58.21753348857631
58.23811736912636
59.488194529820056
60.22066033295287
61.46983358671463
61.931699099451734
62.04953227083829
62.227476967225115
62.62520116615618
62.82445429013402
63.449075232264676
63.93631460602639
64.62708966965012
65.89901368703633
66.6300949352024
67.88060032772671
68.83473515382916
68.8494894874898
68.88174034808685
69.42423744143262
70.66512506920648
70.7381807793802
71.42587978820046
72.69866607402702
73.42842746672656
74.68008847518897
76.04086042206322
76.61195396908583
76.65891621223521
77.4645283338746
77.92629836930585
78.61454041690324
79.88869482958275
80.61683057645462
81.8689532273806
83.61941229270283
84.1897279689144
85.50482613607375
86.19128747912637
87.46670376809608
89.44759125946334
91.5867006404018
91.76481452079139
92.1560163504886
92.2288077156531
93.47220481222915
94.15738641566074
95.43376760159221
97.41408468086249
99.94318881309182
100.1948570416242
100.51097962436076
100.51841169201127
101.8279834557506
102.51245409714733
103.7896281315815
108.68881190761041
109.25521848486693
110.55634253670148
110.57330119691198
111.25647183324477
112.53370652923086
117.82246063205346
118.38049792342039
118.38913621761871
119.70666748013356
120.38938822630709
121.66708923472262
127.34490477725083
127.90990966364895
129.22894128154132
129.9110071973036
131.18966208199905
137.25635345237035
137.82044218807192
139.13996751419896
141.1004913435569
147.55615652132659
148.1197262409211
149.43970894384293
151.4000869503515
158.2444168296934
158.31153923831087
158.80775099244104
160.1278587649056
162.08835925897637
169.3222860966675
169.88456698481602
171.20531531867627
180.7537280148659
180.78827061419872
181.3500363115347
182.67132343487387
192.64287342163098
193.20424778663917
194.525834194151
204.88610476985372
205.44714085813675
206.2764236120298
206.76881414314184
217.5180171692106
218.07871145091906
219.40056157640637
224.14955872582001
230.53847290594194
231.09893521361758
232.4210252544222
243.94777763205383
244.5078949960795
245.8300931779087
257.7454920795362
258.3054546126387
259.62769139181626
262.23209156523336
271.9317412362809
272.4916332288327
273.8142743216144
282.43937628857117
286.50673547196527
287.06642521821817
288.38880472520214
301.4701814827422
302.0298053709766
303.3524617901851
303.42481374283824
316.8221438415551
317.3817431563091
318.70407640034256
325.1882136438968
332.562574046745
333.12218390554955
334.4444757616715
347.7292860050366
348.6917052222537
349.2511552892277
350.5732950102579
365.2089219328733
367.0904628419439
371.0479830570506
382.1143748891615
383.99593684841483
395.1442009710272
399.40809875916915
401.28942180992715
407.7860592565082
417.08979717408357
420.0182036904633
432.6458018057304
433.0483793792589
435.1584579592556
435.16353620246036
445.66968242537314
453.6160047877964
459.09102508983983
472.0989240970788
472.45855466023073
485.90627338261027
491.68658440761885
499.3057582569496
511.2926287197678
511.313255301621
513.5009296217434
527.2895009978763
531.2708138675263
550.8946767444387
551.216758757119
551.6778922516205
551.7128319012644
556.0514628468364
570.6431562118311
571.023579762285
571.754617317367
571.9736246808592
572.3407148516242
572.5403039451976
572.9254796579522
573.0254907807276
573.3249630383589
585.590427802478
593.7899338215344
600.9526574477828
615.3888585241795
615.9069852385102
631.2511183795046
631.659591165953
637.2832118786287
639.3094036555215
647.0009229750235
659.7108624577706
662.6916092866533
663.1410777900087
678.8725637835001
682.1123252863206
682.8183515969118
695.0050746067342
695.4013463355168
705.0767954558016
705.3119360295202
705.7715782300108
706.3543884788039
711.5215589538333
728.4382172618872
729.0087035759019
744.9479436765015
752.7898219843449
762.2538783654901
777.0124555596915
778.408967740889
779.1517457638209
796.4050558955164
796.8477167630925
800.3047385652404
814.1330700191955
831.7514353550432
832.2162764036865
849.8918249940971
867.9127764737277
868.3644187929891
886.4279453345953
904.8261216399014
905.288563874381
923.7413860543074
942.589200542524
943.0029350982506
961.8330489333242
981.0247327066728
981.470716553237
1000.7009812901948
1020.2685987567006
1020.7273930271269
1040.3467565293884
1060.3667679995879
1060.7447364458915
1080.7699054585
1101.1236273642794
1101.5738498509484
1121.970400226345
1142.7121797267969
1143.1625898217967
1163.9482948631278
1185.0800833214969
1185.5287535153877
1206.7033618858613
1228.2188140643298
1228.2973108217727
1228.67159417697
1250.2355349980962
1272.1548878295027
1272.5927352423823
1294.5450624564157
1316.8672618782753
1317.2898170125518
1339.6311952768863
1362.345522307187
1362.7623364084272
1385.4937142049216
1386.279605827562
1408.6048316211375
1409.0097726190431
1432.131925374655
1432.9055598699442
1455.6341497227795
1456.0311719302172
1479.5468098046877
1480.3138913753219
1503.4521639461884
1503.8244090412736
1527.6649230162536
1549.9733698042817
1551.5975486748207
1574.2434287734386
1596.4719555724935
