2.2032728174055394
3.9262800241228404
4.155340966927122
5.854367995486985
6.015590614976274
6.114628672662634
7.797509637442677
7.809204781120026
8.008209544261637
8.078396595132844
9.751104254486588
9.771988607901239
9.915496887288146
9.993977056680114
10.024485366974798
11.710896218107674
11.733230041291826
11.776606196907178
11.842742724892705
11.91475871661494
11.982074584938829
13.64544404259339
13.670928103568041
13.71667824872386
13.73387502039554
13.85822845579768
13.954986923639794
14.056047546532806
15.526522319864455
15.629062079765452
15.66376301768129
15.711763044198257
15.918503338550993
15.979367050568083
16.063003863305976
16.572875215502727
17.476145014012012
17.597699315598366
17.646436873680777
17.85854868802709
17.863488540053574
18.051829611065962
18.841838209755068
19.444290871890047
19.49199821407295
19.71060520670744
19.811692143679906
20.035503813086837
20.554543085001274
20.719615703882347
21.41965733413445
21.479945161973983
21.505822792042977
21.783219980574337
22.140206655941352
22.54583934817631
22.670129054107434
22.81437127632718
23.407243108397797
23.473618770808574
23.7625180634086
23.910522333154518
24.020025623352712
24.531434496259482
24.805932988664836
25.33259034704182
25.463341186173487
25.849783532903203
26.49765029287151
26.525972399392607
26.617364170589802
26.799788793985584
27.456304626885757
27.700961102642125
27.734010274030176
27.94860630267703
28.516563087272836
28.79248881971833
29.45228597939036
29.688061842052058
29.922706717070774
29.943089397193837
29.961391142605304
30.49969818677803
30.631605812322455
30.789337844503077
31.608936780908127
31.66381859812258
31.838227792336298
31.873291854233063
32.5054472255515
32.62297707588993
32.77264838844354
33.64084076294491
33.76729898694274
33.80248980487483
34.44949879755174
34.51017496968618
34.62058904006722
34.99399861022858
35.125738367435105
35.56173360898055
35.77539340979358
36.04006752030804
36.339418715332066
37.117793489713485
37.75469010513109
38.29922301594395
38.758194943059614
38.86679865444754
39.11039929679375
39.345234899148394
39.70499029530854
40.00806453766611
40.27867197813803
40.68074430122403
41.10571064519606
41.233412084472285
42.000452422912815
42.06078977312091
42.257362450337595
42.49646267333575
43.11786623756227
43.19659500505824
44.18175132580922
44.61935134503626
45.20253779503324
45.27954307932432
45.58333308243388
45.761402400427336
45.98623527501888
46.029913627793015
46.50581122558309
46.560241531008366
47.147094171462896
47.27317715826564
48.00714077437769
48.469620385185344
49.268188105096925
49.38200828745529
49.79808331749263
50.17031968759061
50.28294784161044
50.89588201541936
50.93596630822348
51.267018041341736
52.15329235956288
52.17072796466964
52.3937532956377
52.43466306908513
52.929361885394506
53.28462112239554
53.4753827471193
54.13278556034264
54.925796822599544
56.11336877157628
56.16209293213386
56.33184158928611
56.92553375027986
56.97957531121323
57.50310676002403
57.706380389272056
57.91000768606441
58.093123170387415
58.216402731247236
58.223459877079335
58.97394050856963
60.18393420423076
60.97049771121859
61.98736066546162
62.165412357049014
62.75430350246386
62.77453779132625
62.97217165975114
63.39254979021798
63.41065436764199
63.558810610320734
64.14528027211338
64.65790593307163
65.40525559368139
66.04782102919468
66.41593733205674
66.62057346639475
66.8168669103524
67.402758755894
68.60278741135798
69.40114626881288
69.47260438741293
69.59431495420255
70.22854459410128
70.58258837366883
71.28850778116995
71.42142197772056
71.48617030334756
72.22452931571682
73.44334981134183
75.42730011314735
76.75584873013699
76.80329605110128
77.40441727718014
77.43587038811658
78.2453513848349
78.67219646605223
78.6954420997336
79.43027722781405
80.65694681438063
82.63680961842194
84.39974660526303
85.02661932570624
85.4528261029511
85.53124140611321
86.29024698034227
87.02274610382166
88.25423531571195
90.23640258327023
92.38404525750649
92.75508057239598
93.00639993211514
93.01395985611107
93.04811255492355
94.27410056299698
95.00288121182234
96.23657801126285
98.21881324088723
100.7547512589516
100.81845233890188
101.03021139738037
101.3739643270065
102.64533925059047
103.37059538474884
104.60907192528013
106.59140228857542
109.39665109152132
109.51614076008345
110.1291270957277
111.40234318685073
112.12593362858867
113.36757832116254
115.34991284047047
118.65315666254327
118.66555663239286
119.27258054508599
120.55138785551574
121.26936062652078
122.51349549025728
124.4961344840922
128.19488921533053
128.80272186582118
130.08436222123345
130.8000655559063
132.04857891220635
134.02913804711264
138.11668254696437
138.72113684488724
140.00564940560537
140.7186301669575
141.9698351050261
143.94988957482926
148.42558976091192
149.02750025547468
150.31407536435637
152.2786970023863
159.0556726659145
159.12153599303628
159.20643210251623
159.72177749814352
160.9819608602981
161.01246344608154
162.9750995210678
170.20784677491199
170.80423555393952
172.0920214351533
172.09968623290607
174.05833739814733
181.68007075315228
182.2745066674987
183.56855297150045
185.5318915265175
193.54073601142804
194.1329587568161
195.42857897366278
197.39051418972832
205.7886134493827
205.79110204776353
206.379464293833
207.66511976727932
207.67709714633682
209.6397494143658
218.3992213374112
218.4257061445833
219.0140528485497
220.31209899033905
222.2747173134503
231.44903894570766
232.03630950224982
233.3348705506543
233.33687063503007
235.2978348329957
244.86180933613113
245.44723327991431
246.74797340242424
248.70991545310383
258.6614503690631
259.245863935177
260.5476697376453
272.84746414178557
272.86085018665534
273.43244188217653
274.73652543714167
283.4328985645473
287.42496607046803
288.0069037566241
289.31070700862955
302.38808556645625
302.96915551789624
304.27469665684066
304.42142841529
317.7389145499926
318.31905832104536
319.6241632754675
326.1873811857958
333.4768965327349
334.05637684866014
335.36213701611524
348.7310592726666
349.6031411535527
350.18116266422174
351.4871813727411
366.1149296852717
366.69277116470164
367.99896016487895
372.0520627113379
382.9999462261476
383.0140385994636
383.59090859802893
384.8972564138873
396.1501409187192
400.2980740995301
400.8749657163241
402.1802488862141
408.3875506434724
417.9675037183513
418.5440535455227
419.8500593092076
421.0244016341642
433.6534228203789
434.0333447175093
436.02038412158055
436.59682370183515
437.9021838413768
446.68145504661413
454.45488636070337
455.0310831779437
456.3347299771274
460.0775208894375
473.1132879100525
473.26792225647546
473.8429749376607
475.14061478532915
486.5156537411221
492.45111138865036
493.02470315320204
494.3208003766457
500.32077019910923
511.98607375105337
512.0226815531827
512.5549513709228
513.8332542287892
514.1128801260205
514.505504333229
528.3071839566279
531.8068292230657
531.9473700875665
532.4965669800907
542.4879771653032
542.8637995873588
551.2253088658936
552.1269638251334
552.1409294684859
552.2298896777216
557.0711129552823
570.7357149885652
571.640187844482
571.855359869224
572.0282216624067
572.208228329388
573.0460927415004
574.5724295534653
575.0927169337244
586.6117370527652
594.5507918881244
599.6562798336862
601.5704438604367
613.329508494842
616.0120958042652
616.5344512904422
616.9303789138612
618.1468268630433
632.2777883694752
632.6580370657366
638.0706733158498
640.5094502239568
641.3505279057713
648.0263365648261
657.8806423303698
660.9486118728854
663.7091074788731
663.7626097334512
664.1422837379666
679.9000306751205
682.5347539034758
684.0397814648958
684.3039932726688
696.025024069884
696.3989136133475
702.712263419721
707.2456772074813
708.5140822214413
712.551186788542
729.0648335872337
729.4366457313437
730.0708897446042
731.2339468220003
735.6074718104227
745.9800535636144
753.4432094884779
762.8824694296898
763.2564973998408
777.3396447193712
780.1852611861591
797.4773089808093
797.8588178918969
803.4372748253145
804.6486488018053
805.9725365920195
806.3862741905418
815.1693211582142
832.849694510907
833.2249159987831
850.9295535302663
868.9995678288682
869.3793662870319
887.4685290551845
905.9270950371819
906.3030481510104
924.7855034137716
943.632244295537
944.0162381787769
962.8800688492133
982.114837685609
982.4934558756775
1001.7503548085974
1002.5214510184954
1021.3748343092808
1021.7561436877822
1041.3990100384028
1042.1704690388328
1061.4132803868765
1061.7982089815323
1081.8264093494347
1082.5972402288025
1102.2286923963381
1102.6077950323304
1123.0310977106212
1123.8003480902507
1143.8223037344528
1144.2010580661085
1165.0124675959298
1165.7846666222736
1186.1934798173872
1186.5713808587218
1207.77266841969
1208.5438613255399
1229.342797691627
1229.6991302403117
1229.771642366418
1251.3097968263526
1252.0816841279077
1273.2702855269013
1273.65374428974
1295.6274802014138
1296.396679672451
1317.9787976048442
1318.363368439473
1340.7217530574787
1341.4916945308921
1363.460486850404
1363.843843952316
1386.594401513729
1387.362757375013
1409.7237072597175
1410.1069175306789
1433.2460049950612
1434.0084221753254
1456.767359314914
1457.1503653020582
1480.678310470877
1481.4263842273103
1504.594081656008
1504.9638098393157
1528.8743573725442
1529.6125360780773
1550.542912838074
1552.7637780476407
1553.3346515964424
1575.4953857440541
1597.3244139821395
