2.2056582868182097
3.932258929209765
4.15869085485692
5.861080374568897
6.019283012560148
6.11871505372215
7.804788742965737
7.81641017384199
8.012024579696433
8.083083923348852
9.758760934563941
9.77962547332163
9.920480590602423
9.997988720012556
10.029346580210472
11.718786694681503
11.741158260085498
11.784596026509856
11.847957840313022
11.919906217741236
11.985833573291623
13.652283111953205
13.677927596680652
13.723098917342952
13.741567841565583
13.864103778556103
13.959361483860274
14.064263390833837
15.532923453638004
15.635331462785565
15.671713759809053
15.719654788071125
15.923699146400555
15.987760329055506
16.0707286728748
16.583837646493066
17.482521937083252
17.603869609187065
17.65428287799182
17.86665111715267
17.869829280365828
18.059463210650296
18.85221504589642
19.45079343362195
19.504943460818552
19.71802222837481
19.81980262178514
20.04336285287995
20.56513418096895
20.729776671183195
21.426460349968693
21.492387561617296
21.51362677007318
21.791236045068615
22.152466027667305
22.556233923126065
22.680293380199775
22.82928773786102
23.41545715913672
23.48622992373021
23.770666556475227
23.915944509563573
24.032023484118902
24.54111982391994
24.820569589676477
25.34500466924221
25.475866568513577
25.86384467069167
26.503797173534657
26.54294040191933
26.627645125945243
26.81414365021159
27.468039745576576
27.715333776010365
27.747882505587288
27.96028790839175
28.53322445957694
28.586023058951103
28.806637031595383
29.459953948804525
29.701641136906037
29.93498788136002
29.961248554943467
29.97800030763896
30.51645621317787
30.650454280965537
30.802756292189205
31.611687602817206
31.677104799594055
31.853682493963593
31.886932784881076
32.52161920787489
32.6415569580165
32.78760894105552
32.854150879792
33.65435704162317
33.785295067158565
33.818223910109104
34.466985510370314
34.52557092090836
34.63882531454651
34.99787699811673
35.14635171742135
35.58469439413607
35.79058706845113
36.062987548663
36.3567414000012
37.13811503558188
37.769878037806535
38.31632029474666
38.76638512725067
38.889550782331796
39.13041618501403
39.36441256071731
39.72904146808387
40.030319548706494
40.29557915793144
40.693290983826074
41.12539095023719
41.252366563489915
42.02240931547896
42.08774485087169
42.274337436127595
42.52306062949704
43.13656028733257
43.21530233295463
44.200051424161586
44.64007698734054
45.21827315950574
45.30328683424036
45.588533428577236
45.78860395160953
46.007842289892814
46.05174956601792
46.52657679496349
46.58788923805508
47.165756314114205
47.296601010511324
48.02771132013956
48.49000820548294
49.29135108534759
49.411392632631234
49.8272248559416
50.17812058764883
50.30507063493168
50.919132475979715
50.961182165453245
51.28985696711677
52.154632127635324
52.19267799789062
52.40642555566843
52.4533758677592
52.954285968320505
53.30672294451458
53.505198113581336
54.15473880655612
54.285192318684174
54.95040436645792
56.13514830126667
56.18632947327082
56.35543448197177
56.94983080964852
57.00613953115047
57.53445724711401
57.71981958933628
57.940947978368534
58.114889580485126
58.224177480359806
58.24491762778072
59.000191613492746
60.207296989901046
60.99645146162709
62.019153000579735
62.18868601936048
62.782974180502826
62.80285999379654
62.99782612522162
63.438350357276164
63.5662331943517
64.16859817132891
64.68274030662313
65.43274195896095
66.07113124407817
66.44892849049697
66.6453186506849
66.84942489263884
67.4299637611314
68.62742293124391
69.42795310562919
69.4902034096562
69.62033892713131
70.25746864132333
70.60724182257934
71.32190278364905
71.4477399811128
71.5123103466634
72.25270121754184
73.46931675910703
75.45305914040658
76.83047710844104
77.43057289923821
77.46563681180686
78.27292839485997
78.68922121293639
78.72174618944634
79.45994817883546
80.68414236022862
81.4100493094589
82.66390657139205
84.42801573352966
85.05755432086978
85.48141362262449
85.54919057817156
86.31858411002692
87.05339796559886
88.28258119867401
90.26467567738571
92.41326318006061
92.77565083880569
93.03825460489959
93.07798307593488
94.30341693040872
95.03441571714974
96.25958527209221
96.27015508698459
98.24832116355263
100.78486073876549
100.8517828555426
101.06096585851182
101.40659849820919
102.67557146719781
103.40294086035229
104.63938483615651
106.621659157752
109.42823975913075
109.5471525706794
110.1624718079517
111.43340397239402
112.15902686130867
113.39873207301972
115.38101221457104
118.68791418619746
118.70015034408955
119.30658298563297
120.58327617090453
121.30314830804986
122.54539595064796
124.5280870223397
128.2273123341345
128.83735413406413
130.116958465711
130.83447644477238
132.0812010988081
134.06181407567428
138.1497715922484
138.75632917415578
140.0389141507624
140.75355263951698
142.00311416187262
143.983235105034
148.45928521856905
149.06320109865686
150.34792145798278
152.31299147682648
159.09522094776887
159.15578854406047
159.24093817681245
159.75792478050698
161.00984302942905
161.04661634390192
163.00998403897472
170.242596832208
170.84081084709624
172.12818941826453
172.13773534006086
174.09332181571665
181.71527648826697
182.3114433822023
183.60392682839836
185.56813436798618
193.57633529480256
194.1702321012279
195.46431159627994
197.42633193229028
205.8247954109115
206.41701121622663
207.71270842972424
209.67598390612164
218.46178424337907
219.05186426363278
220.3485301462547
222.31128038051693
231.4855666102123
232.07431877326448
233.3729924517745
235.33468095514232
244.89858971514232
245.48542756183446
246.7849067742556
248.7469501930514
258.69838688048293
259.2841872447432
260.5847913077779
272.8830204343955
272.89287122147607
273.4708517941229
274.77380910503814
287.46215554858907
288.04535476514997
289.34805905028475
302.4253161161246
303.0075979193479
304.3118283771508
304.4636647936406
317.77606563415947
318.35743646629055
319.6615182133059
326.22985331632844
333.5140118528701
334.094630123001
335.399403552324
348.773766817494
349.6401316415182
350.21921839379127
351.5242798078789
366.15166479757306
366.7305419394195
368.03579423437884
372.094992400732
383.0500627494812
383.6282894449687
384.93372258761605
396.1933222128061
400.3339701688331
400.9118253886196
402.2155360606439
408.43093656511303
418.002748935587
418.5802226969535
419.8853334006637
421.0679526291405
433.69699019900304
436.0547025629367
436.63207684439976
437.93638144805504
446.72467273797383
454.48634980070204
454.4920631230008
455.0651054624245
456.36780701083404
459.7416708849431
473.15662639010026
473.29943164397605
473.8753050166784
475.17298042228515
486.5595527455449
492.4801892139966
493.05458228757885
494.34938319826324
500.36447992202017
512.0144943977933
512.0597986356792
512.5808696608652
513.8571948428355
514.156808555282
514.5458680492254
528.3505755970381
531.8227198755598
531.958445162288
532.5154009961407
533.6735494492444
542.5321626185145
551.234392462
552.1541159612177
552.1764005477817
552.2666507214045
557.1151216276329
570.764914404175
571.6843717367982
571.8595035584214
572.069129460212
572.074987008678
572.2150928692575
573.062915790033
574.603941290032
575.1120161725803
586.6554185437126
594.5748606073486
595.0012520147368
599.7113362005178
601.6149374942182
602.0100437676373
613.3621327571941
616.0204252578351
616.5712329942896
616.9746086532397
618.186613081084
632.3224068305432
632.7006767477961
638.0974315396636
640.5516695965772
641.4149194197889
648.0707613856694
657.9129310606284
660.9855169376485
663.7721932101141
663.8074403663575
664.1846476471086
679.9445574531221
682.5553929104412
684.0793200719111
684.3295808016215
696.0699746767798
702.7565525039983
707.3041733729721
708.5785243768925
712.5958270934516
729.1098860009103
729.4724954138037
730.109270971384
731.2932910996909
735.7323458304511
746.0247362918011
753.4629062881424
762.9277244890811
763.3002254911005
777.3468737251957
780.2302716760861
797.5226963288319
797.9026374123176
803.5070684615692
806.6050695975116
815.214434904113
832.8952119669152
833.2645919418351
850.9749659196947
869.0452682187791
869.4226458985391
887.5139379406177
905.9740352530449
906.3436676469496
924.8312164512815
943.6783401593947
944.0617299300757
962.9257319363915
982.1610769523693
982.5364757016526
1001.7963590425228
1002.567630487763
1021.4213249641124
1021.7941201537859
1041.4453156644777
1042.216831488362
1061.4600161236947
1061.8445635407857
1081.8727752629877
1082.6438902796083
1102.2756057384977
1102.6518984083389
1123.070740140214
1123.8461693790005
1143.86947973182
1144.2449060823124
1165.059456988927
1165.8319175488768
1186.240957997318
1186.6150481630134
1207.82006203797
1208.5913456028504
1229.3905579169011
1229.8029233972504
1251.3576544657813
1252.129526267798
1273.3185141251506
1273.7015886043891
1295.6754105565774
1296.4450002522788
1317.99572900934
1318.0514030022428
1318.4150650483944
1340.7704424206333
1341.540514672144
1363.509772711181
1363.8923111180352
1386.6437298475378
1387.4120866575638
1409.7736936704111
1410.1562104623347
1433.2962600731876
1434.0549430360065
1456.8182783760442
1457.201067785532
1480.7297545085182
1481.476402470589
1504.646247184796
1505.0152366044078
1528.9278928680499
1529.6849903931134
1550.5587721538645
1552.8241803919832
1553.3889138712807
1575.555079208692
1597.36535105186
