2.004282363079836
3.492305825751025
3.8969928080169502
5.420421531782166
5.734694367106103
5.822847876704614
7.3561015569896995
7.373075560419598
7.715456371743838
7.7665189391926
9.326998059535
9.339129040913871
9.58833170614286
9.684737329313295
9.718132845494372
11.295105942896715
11.312282851003005
11.334818034933615
11.531189788198024
11.575841322393607
11.688850101131887
13.28405398593815
13.294931027733595
13.336078443476946
13.385249338270466
13.498775658675736
13.551067144389794
13.669449096609785
15.190009440607334
15.295128939052862
15.337443202021191
15.517885607059075
15.541189847928038
15.654728995078749
15.988541947703048
17.147469873155018
17.27270254490283
17.421033435887754
17.63402021242486
17.99793233307475
18.306016012493096
18.835108904236133
19.24971512403204
19.385713531108152
19.603782453851785
20.00810904431556
20.192599177198044
20.840341764486215
21.367468427350463
21.53544751546265
21.578792633663863
22.01659902327697
22.086224664997665
22.16091219359346
22.846448721726375
23.423102274997134
24.037999910452022
24.08306331444053
24.152228455547466
25.18563436013194
25.266860119149523
25.386485932843037
25.74954959190119
26.074119787460916
26.13739276986772
26.161559093855004
26.87604229341206
27.072742865038038
27.368844777414683
27.754849602350756
28.12948610867616
29.039553595165476
29.179085164320828
29.238575840509796
29.349167331215
29.76054798188263
29.804346391772924
29.821639819681657
30.149259700186068
31.018121319709767
31.124972096063864
31.40671077050964
31.769213886961296
31.809749133015583
32.29383694693737
33.08921675492596
33.68737359208312
33.79729093850496
33.82007175827865
34.11789675450217
34.25570424568567
34.632424557098865
34.71401186279738
35.071310352500596
35.574708425931
35.822167558622404
35.95269953246148
36.25952360228941
37.05132275477217
37.53817059424319
38.37741396874022
38.53433990663198
39.09974375000953
39.520451973304574
40.006363561001855
40.27092190005718
40.42021127667904
41.103032005420694
42.29988585986967
42.381968965608586
43.107097699634004
43.770243274911714
44.33402022410136
44.33892297315193
44.36423277201554
44.458409095442306
45.11119425901739
45.25685337805512
45.655824519209524
46.332183244077264
46.348700679565255
47.144049765596144
47.617945333518875
48.344738085001346
49.299149769574974
49.3982056048154
49.598764229053785
49.71529604533515
49.96241702304573
50.349488865646414
51.28278705213616
51.965223622036206
52.38114483475931
53.243659759229025
53.24845711284063
53.96872929403879
55.41598952566426
55.97473428499396
55.97979400218519
56.97758152935157
57.30062949283443
57.98214928449494
58.00577404937883
59.26204665515695
59.98520206324326
61.718654976730704
61.82384474278595
61.99122586592376
62.38698220948858
62.60285932412029
63.708229309382006
64.38918685497866
65.66954285937256
66.39199908485118
68.61447427083675
68.62361221296527
68.67137634207509
69.18396834087928
70.42723690173801
70.50628312899066
71.18591252427724
72.46638543850713
73.18834915774168
75.80908594595267
76.3702186862872
77.69256170685946
78.3724657645767
79.65336905434089
83.38540807915074
83.94618970986242
85.2687886094043
85.94787689311798
87.22920440183638
91.35081130934381
91.90894358502513
91.9114776533545
93.23458266751464
93.9126722942076
99.70545555397591
99.94878934083434
100.26519799056781
101.58838098151948
102.26660663331721
108.44922426823325
109.0083138045234
110.33063717784894
111.00961922488831
117.5816087537279
118.14096713954268
119.46416652955048
127.10291927652143
127.66140814860009
128.98536757257088
137.01320391792635
137.5713015482421
138.89539821687663
147.3121611338984
147.87004368872888
149.1942952334869
157.99980191006222
158.06064622557298
158.55761229779293
159.8818644732592
169.076661347767
169.63401350750644
170.95847732758378
180.5419511298777
181.09917572983719
182.4238449540918
192.39612772360178
192.95312518953693
194.2778932543058
204.63895052877575
205.19582832445866
206.52053939454655
217.27050899355973
217.8272801861499
219.1520403896969
230.29073961791798
230.84745058639785
232.1722607752393
243.69977039020054
244.25638193335536
257.49741019384726
258.05400975966637
271.6837088395138
282.2058960530507
286.2587453908494
301.2223971351068
303.19119613475425
316.5746871733955
324.95438175340144
332.31559179627436
347.49519614263363
348.44520535613543
364.9621335090041
364.9643413167594
370.8135717843212
381.8698348295629
394.9092097607662
399.1649254532176
416.84839773884175
419.78008450464966
434.92007740881604
445.43375273517785
453.38002144157207
471.8650636235928
472.2273166650978
491.46193662131355
499.071770021979
511.08275513099846
512.845183918263
527.054943455015
531.0803593626686
541.2179142389233
550.723758586853
550.9968595493933
551.4898647513788
555.8160684165493
570.3679244709612
571.6653551028111
571.8453863916187
572.120044192124
572.3309964759908
572.6365056999464
572.8486440067743
572.9526028441809
585.3556431671076
593.5256715656518
600.2969959273646
615.1048880690983
615.671812922347
630.9981784254461
637.0361804974843
646.7656722727887
659.4152952635777
662.484664627197
678.6370459163737
681.9859918807689
682.4718599234994
694.7390852150978
704.941634284468
705.1586258648401
705.4162492144122
711.2859575310445
727.7815364156543
728.731379945825
744.7126902834821
752.5686620625812
761.5967977292281
776.8246420279214
777.9514274938199
778.9154027384623
796.1899998793529
799.6554302228901
813.8967700862881
831.5589370872972
849.6545570235812
867.7066555308267
868.1354658978148
886.1909936159192
904.6309118035349
905.0576042980019
923.5037582907232
961.595105461509
980.8130741463992
981.2398880899839
1000.462628098789
1020.0693677322671
1020.4951490148344
1040.107542063528
1060.0993866620342
1060.5068374190382
1080.5307974249633
1100.9152739734864
1101.341320894085
1121.7301708769164
1142.5040734121835
1142.9288598141354
1163.7069847805856
1184.8701717936467
1185.2938004756818
1206.4607917432897
1228.013269316442
1228.434400104322
1249.9897249082244
1271.9337580119156
1272.3539538945897
1294.3008830874323
1316.6311809498366
1317.0512738476455
1339.382520943222
1362.1044940690992
1362.5188068618668
1385.240474514122
1408.353342665926
1408.7585077614065
1431.8713792775598
1455.3765457474137
1455.764338284993
1479.2770232560733
1503.1806709745508
1503.5373407755453
1527.358207515261
1549.7578324275185
1551.3770890724868
1573.9605911255119
1596.2800633795407
