2.797502474094031
4.424083809275331
4.758119142853586
6.342054417385471
6.691047202879397
6.729778921877379
8.251045473386695
8.277166643809782
8.66304337009429
8.70559844205884
10.198351724200727
10.223630619131347
10.612557815712163
10.638106468408196
10.663730958578313
12.134988538211086
12.171072042156124
12.175875538580494
12.542159510366146
12.587563818979117
12.604390443475507
14.111342008547673
14.124607897970233
14.156013997929502
14.479678531604105
14.54209504592608
14.562113495017861
14.661841178235946
16.073539050763184
16.08409248113782
16.409118153030015
16.51197069953059
16.549176329934372
16.65150309507685
17.21899541665292
18.02248184145351
18.038402699295606
18.34803666630695
18.469159841653315
18.491347321893997
18.625472380595976
19.172170205361116
19.437572945213343
19.980507861985963
20.01041129739579
20.18898035871714
20.29544231352348
20.440834566727563
20.59550352023062
21.135072139120915
21.38051590240031
21.96191330189871
22.14206475011537
22.224175943347024
22.386546607987285
22.539128640977587
22.751512864449868
23.103015007169144
23.33657649268747
23.568378594005516
24.065325982272896
24.110110767588566
24.262316259912566
24.693367203884513
25.057103704611695
25.29949321928761
25.52787693329851
26.073850947863612
26.112439719697235
26.46485764661269
26.48772766556796
26.653737808537944
26.925451831825978
27.268004413559474
27.327447883820035
27.499477085555842
28.034594269869736
28.424124150439226
28.569069705898414
28.657231761801718
28.925703931920786
29.267326938544507
29.31891023393279
29.482492265433624
29.916117086818705
30.389117680237696
30.59096638989228
30.612307005102107
30.88427346306521
31.240905976107555
31.375747693108778
31.46575635502424
31.505503161717268
31.94432762431145
32.36330756701611
32.54739662337832
32.66290741428247
33.20961823780282
33.298193139863024
33.4159916489961
33.82986558862044
34.512215146608995
34.54718269864374
34.78659487848627
35.10392675084214
35.1676148006046
35.344863185447295
35.39672776306341
35.99459378103112
36.38701865853499
36.49089924594779
36.62024650713108
37.00065591083165
37.09104092058871
37.179825913366734
37.360491165322536
37.933503295355074
37.965008029227604
38.42824046712452
39.03394168182031
39.105055833498284
39.337459221730654
39.874014726744655
39.97483341319765
40.04950154078993
40.53026787058494
40.811492438482055
40.90114344676533
41.0377766671816
41.067187378541334
41.75162262161038
41.83667106617111
42.022103797161776
42.838752520229384
43.02630927986007
43.1949275567583
43.29024410743036
43.694360345351264
43.80978387658214
44.78195576008704
44.95341533447887
45.133877757262375
45.32351205835395
45.70608640766694
45.914416749060685
46.003717264201555
46.21293973863645
46.75394683453879
46.955556914113316
47.13672565562991
47.2978616795544
47.67071708044985
47.933487235839856
47.98186062814089
48.15773149568421
48.34612300864709
48.71597868650058
49.023919294065756
49.273731227414814
49.47832959658107
49.98011719678218
50.11747742501075
50.4496590784179
50.59352569710421
50.66794954146755
50.997103228915144
51.09274272494071
51.275672906722455
51.89000393863023
52.0023837904068
52.08209121259009
52.239191480446856
52.58288309794656
52.7988056862487
52.97706399426153
53.27352444929559
53.59507616730022
53.82743452980659
54.01366054745201
54.37169646528675
54.73857813178394
54.96566910813981
55.256073626487805
55.423417009802655
55.64152295615588
55.77399484426907
55.96014132464229
56.94109974452201
57.039609053457404
57.06481742435
57.383940956096716
57.95422388599431
58.102430982527174
58.5258952903768
58.7954643406613
58.958812887153364
59.035966951445126
59.275209429469605
59.71068526854391
59.88914301305174
60.37175144013222
60.824515439147916
61.00956252235655
61.040364163460765
61.62182442160734
61.83672598818824
62.06357142436803
62.49372465946036
63.06654491576854
63.322546986246316
63.50860814455175
63.73832532456385
63.8160175706825
63.87075084092144
64.2212649001713
64.40762542625056
65.02680605216513
65.3270323114293
65.35229655810376
65.48873202694601
65.67438314112205
65.75564494563012
66.07560393586527
66.33235971943927
66.51287042722926
67.09276286637416
67.39269864963272
67.47048283165238
67.69633294365866
68.16628174930516
68.22990963418209
68.28259612232401
69.31226910237659
69.50977470405991
70.22808382236941
70.35069429667702
70.36797504282589
71.237930616979
71.2448492328829
71.36054106324434
71.47119473348134
71.6025943972555
72.1712472545624
72.34692149096756
72.56463619528327
73.11464852423663
73.17577286022733
73.52541292096866
73.58753196292639
74.08873000404091
74.35232488889226
75.05257274932126
75.11228681707851
75.74161850123095
76.27926082985209
77.48667505790735
77.51479338867844
77.5775819600744
77.84583064510008
77.96709830174991
78.35502691427209
78.47567177719691
78.95419031170862
79.03401140977225
79.09687227327086
79.42850581994578
79.56691402533359
80.35248899021215
80.41781079112255
80.43010657640502
80.95777773244598
81.50224594011432
81.5720280155123
82.18274548143444
82.3391053676049
82.7857147757995
83.14276632075548
83.19218734471879
83.56258038666193
83.68700787192893
84.28462973475258
85.11461050483663
85.1887815398048
85.50260528375117
85.58775784141866
85.81584123307451
85.91642020166078
86.0778495005842
86.1972991855886
86.25611386293099
87.16949918724255
87.39224931339788
87.61451174722691
87.9989315933659
88.1790138712019
88.478124146991
89.07253094273524
89.17305213995691
89.50180583365253
89.94153061112277
90.37162938873298
91.17966667843724
91.87337657818152
93.10619156783028
93.17632499176707
93.21800197038665
93.84758757716605
94.02708617326958
94.0721816590017
94.44751631849209
94.58901952319893
94.72353084941957
95.16928281460082
95.27308443959596
95.77512206193394
96.01519629495716
96.33372908273215
96.69570427663022
97.15908828016947
97.27013047467005
97.94088688862557
98.08318871907892
98.86091146065189
99.17401137216521
99.76116304665311
99.87667808133729
101.20914060917448
101.55069438307083
101.67506490572822
101.84092752787708
102.33549042976048
102.44822093543881
102.83261577544096
102.96618464477072
103.2722798094492
103.54785316011181
103.75708315518744
103.95912367980387
104.0011640207079
104.37255761641434
105.33260291401749
105.51318648959563
105.59303819501764
105.6040735791529
105.85501067360136
106.01584691680618
106.31513167418069
107.53726684507961
108.2520520972946
108.73944751212024
110.19874193860191
110.32403241761942
110.35066064959577
110.86872426566202
111.21321462426992
111.39090299538363
111.53901968984593
111.65545653554997
111.84596413058948
111.95877625409587
112.14307563586962
112.33120183517097
112.78969263796812
113.57119534292711
114.31789868645895
115.0744047078767
115.54432264647534
115.99460428304988
116.33816904318454
117.10089785031337
117.84850206544014
119.48020277156941
120.13225207921661
120.3115868172708
120.37562450684312
120.4519186215129
120.74740869881768
120.90839581967138
121.34348601321976
121.48151720214155
122.4214783652683
123.13780651797124
123.4848930984511
123.65988694617499
123.96753361156306
124.23224582508718
125.47647663234902
125.79060969919556
126.18833797017656
129.01884532152843
129.5751511640722
129.5876681070181
129.74719419537405
129.91115540618887
130.05350133451057
130.55110581707345
130.7423963370112
131.00964336511834
131.05445649142203
131.39227244259328
131.58551036507376
132.28591966137387
132.38053960571335
132.72152434944994
133.02649783381528
135.03219586032668
138.91917120459075
138.95169294859951
139.13620463832473
139.5837179095672
139.70354208957104
139.83901970370476
139.91688596081235
140.94738546881965
141.0902107540415
141.17650025579107
141.74024619118643
141.82874777640896
141.89229013730022
142.33498631970204
142.93948384456084
142.9756204281203
144.61215758519808
144.9624216260401
145.8610036548337
149.06975924736267
149.2610873770164
149.43911240625403
150.15132618065968
150.26595538737257
150.34415195861737
151.1291715230438
151.2665090015009
151.42986929733212
151.74070062434393
153.26152257444392
153.36092490359061
154.53877197636157
155.28206370752847
159.81824684710105
159.90399195483775
159.97400089962113
160.3159025170301
160.75925224914144
160.85452838796138
161.29483983101593
161.42264207140613
161.96519721237874
162.04200735855667
163.9810457369377
164.85985595167122
165.3812935730582
165.9836079265983
168.0198968443734
171.05952566918162
171.75630574555842
171.94463302233453
172.00138992914708
172.10659939686775
172.7513448379653
173.06197707814223
174.6405882256767
175.0680746612306
175.5435929822435
175.696564961796
177.06351021774293
179.1073384348646
182.41677442954204
182.5365119850011
183.19149252567357
183.31581709949873
183.39426783815983
183.42162733536486
183.81628005561726
183.83193108452335
184.53947702587288
184.95836415347233
185.42477954683557
186.38376849838747
186.54284175860164
188.56316157022985
190.5836897175483
194.4006323507164
194.67671662216577
195.27716509183452
195.34101812631624
195.66732335194868
195.75851158233235
196.40266289037558
197.6002710457741
198.10925627278345
198.4121628194507
200.42171985517643
202.4463947974781
206.61197110640893
206.65699797517289
207.1774509740753
207.29534397819836
207.54011524290235
208.00762147179194
208.38693871641473
208.53992040875306
208.65451792957353
208.7701623300189
208.83619766433952
209.0363646920954
209.95299998830876
210.65924214471636
212.6738741365008
214.6944272118671
219.2915931004572
220.03555203791797
220.17879231099312
220.67684540587402
220.86498423295316
221.08792785068286
221.13468252543407
221.30104828563628
222.21713777428687
223.30261146605858
225.31334574439387
232.32214840806654
232.78121194417102
233.10657362717728
233.1150002920876
233.20899908828565
234.32425058458688
234.8998021073064
236.3279035363059
238.34029961712537
245.73084056893885
245.74814682092415
246.30554636326852
246.620128273092
246.75393341437092
246.9273305283044
247.63574389597807
247.668251163645
247.74258531546425
247.88562455661057
249.7494277675543
251.7529310413814
259.53800763983264
260.0487516990813
260.15133398071
260.2119206285636
260.42364241045107
260.5733456684291
261.2463243174086
261.29597891793264
261.5421134714452
263.548691606705
265.5544224056253
273.72009605294147
273.7320589072215
273.9759994082363
274.6117153637188
274.76755497754937
274.8324913272225
275.06659855999953
275.1182976261081
275.7312487577184
277.736760007381
279.74249607322974
288.3064720464715
289.1858572516353
289.2781784832142
289.79081734687344
290.30749052948784
292.3058625640184
294.3290239047691
303.2692883158598
303.8438307426541
304.15467353259936
304.6050983281813
304.65220229496435
305.10944582889766
305.2698878744612
305.28592934248496
307.27732238869737
309.2850365754488
318.61700356030053
318.62083961165916
319.17636375359695
319.5069098126288
320.1782463304668
320.2293907251813
320.52937897207977
320.62553729171134
322.6283679283656
324.6342566328719
334.3581402055774
334.8600065431559
335.24506269996454
336.3608005553678
338.36358358803693
340.3702106327793
350.2717727669709
350.4827912264668
351.1079149944954
351.30136258118614
351.36972747808755
352.4839895752855
354.48622193705233
366.991928188029
367.74649585078083
367.8802305583955
368.15775722250595
368.99364632823745
370.9804347722253
383.8887051869449
384.72045592591854
384.77698965110136
384.8852988401131
385.72187061059736
385.8883949977632
387.8897755412647
401.15004846417617
401.17398117281783
402.05763737114046
402.602666144987
402.61491133907055
403.1673783806768
405.1678989404657
418.83287757657786
419.4693351482356
419.6375938477883
419.72255606093375
419.86371728184713
419.89897345512446
420.8292402583147
422.82732651884874
436.8777133881921
437.49531783695045
437.76963936315747
438.8715069702882
440.8674843946722
455.30081523083794
456.1937070948717
456.73311036775016
457.29044667453275
474.0970562859465
474.65530590537503
474.8339087311033
474.9890262488336
475.02892068867664
475.0786582939314
476.0814806276345
493.2531852605157
493.4000020433963
494.15238108072214
494.4773701720001
495.22755254892667
512.3214098542093
512.7522277053671
513.3582882272324
513.5037002566313
513.60093868636
513.6793557365902
513.803089147232
513.9059678423642
514.669460522336
515.014502148004
516.5076879400168
530.1558575529996
531.7624347375832
532.1666461206771
532.4690839145691
532.7380551322271
532.8167689636764
533.204583499681
533.3846635151185
533.5691271496296
533.8646645798885
534.0606832250294
534.4227234675312
534.9705293591439
535.6101579346665
536.0031077545615
536.0394122344984
536.7087891729915
539.0380520836777
540.0944917011758
540.2398396787275
541.0388758783038
544.7619596046437
545.1601711980123
545.3599491381431
546.0387684947409
546.2113741081135
548.0030632580887
548.2547235374697
548.6816344731183
550.1144467917289
551.6395972829123
551.8530658924043
551.9056614991249
552.1116926287356
552.8054353440431
552.9162102102961
553.0816125282578
553.3629305632769
553.649222009859
553.7053667507744
553.8608481144166
554.121436523491
554.5691765837606
554.8004146642521
555.2403785661438
555.659111747967
556.0694606903443
556.4610306330167
556.7372596580287
556.856040318059
557.1246180567765
558.4840170594117
558.6622616925531
558.8938631836115
559.6003994004425
559.9541865541715
560.782682886375
561.6105175176178
561.8916183904572
561.9798871741335
562.3033024931445
563.2886215662398
563.7096354484268
564.8977308209644
565.2922981976383
565.8036543531883
566.6795152356774
567.6093149284266
567.9026961661851
568.729628705704
569.4115228147525
569.4744406372492
570.2329492634357
570.6073007073599
571.0908783306385
571.15283094288
571.9911451345872
572.2164265087388
572.3984059908888
572.5598006659491
572.8125872841617
572.8832407664631
573.3791742820462
573.6741661701142
573.7713075800531
574.0305947276269
574.2138478494184
574.3355615511557
574.704317690997
574.7558934706873
574.8280317996603
575.2497195651888
575.5554324660585
575.8420293930748
576.2738012412451
576.3338427006786
576.5432340797665
576.6619002430963
577.4700528501271
577.7621377292552
578.4188055605742
579.2799106580562
579.5994484366609
579.6512188609408
579.9919383579681
580.4273624227277
580.449423839214
580.9828845895681
581.3616053907351
581.5439020547856
581.7272930235073
581.9479462545846
582.0536397964988
582.4635449540374
582.7897871485984
584.5329042954274
585.4815719851032
585.7613790204932
586.5172081330899
588.044067830462
588.1869860565143
589.2032340753499
589.3034295635863
589.5350344080164
589.8023990617709
590.5159319749167
590.6643546596302
591.1352105443448
591.5433138056045
592.3859070736181
592.707843638076
593.0326255912903
593.9853189295184
594.1122695068466
594.2310521027925
594.6092574487247
595.0909561025708
595.2335178705841
595.6469425158094
596.0433025343543
596.1925170191014
596.3653118556437
596.4913964566064
597.099301719435
597.2441411590527
597.9665023752374
598.7586494665096
599.220972164141
599.6703126310882
599.6918823985568
599.8579980269918
600.0627876750393
600.3796055156973
600.4117257843822
600.6781798592261
600.8567743692245
601.0873707009774
601.3343843224578
601.5351743457945
601.9632162770267
602.0845125991726
602.2286260184557
602.6055379651668
602.8137545384628
603.5540537857455
604.0513517693956
604.3806993380349
604.6394155225425
605.3533349223375
605.669542644526
605.7590789318152
606.3194141915311
606.5968741233598
608.7805616633655
608.7896583276549
610.2868894648722
610.565669816245
611.8707618053905
612.2069662780106
612.6300028852237
613.8136204654858
614.7771028921935
615.3918767285321
615.4905043259057
616.6939059584247
616.9505701335653
617.0193355270932
617.1094594714762
617.4516925621397
617.4959816447678
617.8737713864533
618.1195903196718
618.4124483363971
618.4829326236139
618.8804368792
618.8941160566227
619.237968796565
619.5747712073384
620.1350322172399
620.1911386183426
621.1906341876728
621.2381476489469
621.4594668722374
621.5593022455782
621.9066090107375
622.3799917768855
622.4309012569462
622.753658830387
622.9824887935417
623.2590706063376
623.3693801279712
624.0430351793595
624.2642836802269
625.3481454192122
627.30100303744
627.3718399526132
627.5197640799577
628.2579111740467
628.6974365433605
628.7346089005046
629.9610919759214
630.434357268744
630.5537775132138
630.6098980423498
631.0064831699773
631.7541977539396
631.8137221627321
631.8913422664191
633.6401610320117
633.7236765225422
634.4309737954725
634.9667087352465
635.3714881966744
635.4900666029625
636.1375171412029
636.6645885048238
637.496722346931
637.5932220743863
638.1848484460172
638.5505835107454
638.5967492239869
638.92592894858
638.9839039790454
639.1591536168438
639.6714049060852
640.2832646026743
640.3060260173833
640.8557263640579
640.9535875788936
641.2274583729344
641.6275359792645
642.3134386902112
642.6990818925535
642.8384849656966
643.5049594789012
643.710979278813
643.8652111146966
643.9120824726123
644.3747589577476
645.4531996137889
645.6301642574789
646.0873246518935
646.6715278278408
647.3427355389465
648.0937946646089
648.9148146077805
649.5534999260758
649.7540522158405
650.3160577417646
650.9654454369817
651.0921268839232
651.2363629858091
651.5523888087939
653.0447628612293
653.2101278778779
654.6914879320265
655.2420524727675
655.4506229349872
656.4694490230023
657.030767362241
657.2137344172785
658.0040452680578
658.0881409682768
658.1741207745347
658.7729542558899
659.4690796351714
659.6905936581073
659.8186652933522
659.933493208076
660.5296297985811
661.3496329706957
661.6461373796153
661.6965216310892
662.0225743333563
662.1655235249538
662.5675932909933
662.5978989465239
662.700913327479
662.9787265065534
664.2065894872273
664.4232498158057
664.646293334758
664.7675007575407
665.0319103823934
665.3889837112848
665.9048041347556
666.3208083922167
666.3888457938679
667.2018660566778
667.6955288508896
667.8362907026026
667.9710370486238
668.3454186386863
668.4884044021284
669.1998337799043
669.4990109639833
669.9975457309085
670.6278871388674
671.1337524419462
672.0515205245549
672.3371325803581
672.3998882965158
672.8390392543243
673.2466926898697
673.2645273363157
674.8289183651356
676.0132456890412
676.3103010456339
677.3657742590173
677.6806143955205
678.4984804301492
678.6103219104508
679.938104288111
679.9690729176855
680.2522001093731
680.5034086988443
680.8887817485105
681.2250056590791
681.4616448651072
681.7856908377402
682.1072367428048
682.7107538480201
683.0092699734098
683.5245419356138
684.5056165247152
684.7298684556283
684.7820525067627
685.4373988414665
685.9311694482107
686.4552598080734
686.7874446489623
687.0903623274248
687.2545636109109
687.5307800895205
688.2867684209398
689.4198283535571
689.5562199072954
689.7133903256731
690.2692134909305
690.745698709614
690.9490748989465
692.1277336622117
692.140037830596
692.3969525935069
693.2554040219138
694.8317360201345
694.9224960894503
695.0588570513803
695.2460430840399
697.135099159636
697.2370734294939
697.7941784612077
698.1534743011173
699.3531105296303
700.4155842433677
700.9004520627782
701.2128344130048
701.267969373099
702.2455254291435
703.4125043111084
704.2512478028541
704.561711537942
705.0714766006339
705.8651425499601
706.9890956366498
707.1783231674423
707.9469295800673
708.358018752955
709.1173069956083
709.33634986366
709.5269065523996
709.7612725263041
709.9545515602929
710.1975726325326
710.6859108281767
710.8817585096208
711.0265634950554
711.6364848966549
711.8842005117183
711.9882890959163
712.514669419706
712.7849761938153
712.941731536345
712.9996191137145
713.0911429744219
713.7262492202035
714.1131723017287
714.5139256688201
715.6142377454028
716.4412200624741
718.0337764632582
718.7135616209237
719.3188257976703
719.7389487201217
721.3944468370449
722.0852814333448
722.1617445614461
724.7122343080197
725.4824476733269
729.788348264616
729.9202771276622
730.8278955008905
730.970500795157
731.0795910271981
731.2033825028115
731.2588844442021
731.3201462613853
731.6396651182082
732.5332386005657
732.5826979047112
732.7911785630545
733.0769308646376
733.467801404697
733.8889307666469
735.5094220916061
735.8852817549681
737.6163154112509
738.032609289815
738.1456629553684
738.8861223374453
738.9287728470866
739.4939193477476
740.6229931111433
741.5299119144305
741.6193341043843
741.9420220065657
742.2134498172411
743.054573027448
743.8357802947604
744.91691915522
745.3223291413401
746.1766547980351
747.5612603142774
747.8294441975671
753.3436389963349
754.2562901184075
754.3362736713021
754.3815326437144
754.5377907145635
754.9288561899389
755.610311278292
755.6713190776867
755.6848283384322
756.9194688811962
757.4679140293143
759.3511489531475
760.6091461755633
761.4066340288803
761.8003048716645
762.2267209259571
762.393227115109
762.4155888583678
762.5652804711815
763.4822824514941
763.5334679411968
764.2437840075396
764.6420930266995
764.6542329051163
765.0779169680275
765.1807447337586
765.4997206338302
766.620658568902
767.7591696459984
767.8588710581342
769.0106440095329
770.5700606334104
778.0066785896231
778.0828662072308
779.6965729558506
779.8349490028037
779.9441309591122
781.6546824494087
781.7408933608659
783.4443350941658
785.0110673413993
785.4302648662945
786.9864945175356
787.1817904085528
787.6432508789461
787.8742401774596
789.8215684611766
789.85025738807
791.9194355457829
799.2541146019557
799.6377421771906
804.1095662540337
805.4011559669882
806.877804452456
808.4580076909486
810.0256778234798
811.3440731348352
811.4361510835987
811.7107361755395
811.7418666087211
813.651760316497
814.0409541162361
814.5691706063241
816.2132140218389
816.65434708529
816.7055585703635
818.9983424890005
819.5447795455071
821.6835653015813
821.7968884722216
824.3612218918227
834.6293782991183
835.0222122058333
852.8060022089117
870.778042992368
871.1707243471537
889.0581161897665
907.7147185224867
908.0882740757905
926.3431249739217
944.7491052635339
945.4323759136435
945.8372769173998
964.4576666197939
983.9152828807669
984.2888682211726
1003.1977489062531
1003.4081766364773
1023.1749568615644
1023.5300699287103
1043.0040263766027
1043.382145565205
1063.2257398482375
1063.5863071077288
1083.4762335729386
1103.1818038587412
1103.9857607042861
1104.4432428075804
1124.5546190489208
1124.9593944668009
1125.7184804940061
1144.7759263654607
1145.6531930293497
1146.0373441675863
1166.4793694716452
1166.7260682021758
1167.708849792528
1187.1278081644816
1188.0311244651423
1188.4028374427437
1209.3485457212548
1209.8240744031675
1230.2603345005004
1231.1863541886084
1231.568858179687
1252.9080946593704
1253.2511567092504
1253.907322082439
1274.4445194015111
1275.1285637412918
1275.496408447404
1295.7784511850716
1297.2673774826753
1298.3702214969594
1318.9959618862842
1319.827601517399
1320.1652961673851
1340.8233455697923
1341.6797505114025
1342.6104900550904
1343.5175316682125
1364.565635023445
1365.339131973746
1365.7369198342285
1386.773595959236
1388.3299927554363
1389.3810548705037
1410.8723883788011
1411.608506678299
1411.9923591579047
1433.4851788453075
1434.9831929069016
1435.9421508373553
1457.8551020093587
1458.6327656830686
1458.9839951954473
1482.4404404130905
1506.3038474912414
1507.881131864036
1527.8505350588418
1530.3466097889661
1531.3779301489647
1534.5731410227427
1552.0196043214617
1555.1790003748613
1557.7311943584052
1578.0728744199887
1599.6696519759016
