-14.345897820380502
-11.752118354532897
-9.654560327239775
-7.603644697620587
-5.5825492519308515
-3.662326892436729
-1.861389675183796
0.3236432623353078
3.079345549460397
3.2158395936946738
4.905466063566232
5.2540079086547085
6.328610674148104
6.887775560684409
7.2738082299262725
7.295903281017364
8.853488828427706
8.900212921698659
9.300573366240192
9.309040621414464
10.006480321684444
10.815177364423525
10.899787472811822
11.31588846642486
11.329931267789245
11.363684369824934
12.673244274525107
12.856039559042072
12.900373220942091
13.33975479099926
13.35823284048273
13.504623654095818
14.085191123321794
14.5307130584208
14.74039127875758
14.895472705640197
15.345828537238836
15.37852769316878
15.52616640750615
15.976352868435066
16.592434714389732
16.770330506596096
16.85853777607883
16.87957108687449
17.38074892944173
17.52673321344365
17.98116985197167
18.511612156721487
18.64646396412858
18.79099626580739
18.835363995008727
18.985421390844543
19.379236058321734
19.542823591082666
19.725632378422027
20.00434041021754
20.646669253077718
20.762191558068842
20.841343737697088
21.00047090537503
21.52918062507979
21.757342926918987
22.013704196131165
22.16169659040654
22.670201565380125
22.839505291643874
22.966245504318035
23.05519668605852
23.419335354568375
23.492494350858394
23.798671557651474
24.012526451763588
24.2041002663634
24.71119436527637
24.851428419732922
25.032707274498975
25.102786693728653
25.766452047142963
25.87170394450456
25.924313443486362
26.215175531170445
26.737956087531664
26.852518461795963
27.078863690535634
27.159164576124688
27.777373233511916
27.89137476011758
27.91744478693802
28.214154335336403
28.6256276219154
28.782265431654256
28.843927858132673
29.137765813396747
29.453265173799032
29.868748902483432
29.938546745349882
29.99026667229715
30.23834579537568
30.735764294547348
30.817517397509043
30.85362833173397
31.136503955656664
31.93028580476249
31.99753296922708
32.05941890028091
32.371757019712845
32.815677609640176
32.88127444908286
33.283948159240964
33.919292629462454
34.01448712142899
34.06040140013226
34.33178718862606
34.461755065492135
34.85482903057878
34.93945335631908
35.12155067578444
35.358452907776474
35.579331201618736
35.84136388169649
36.06214906877105
36.488194735204324
36.56210042367528
37.38018716402074
37.789753087907705
38.039338690829275
38.435090064243084
38.53970736208732
38.9218744504435
39.24404338575648
39.32236516535203
39.416569677659
39.58698386303097
39.93606512650387
40.184166445400436
40.31226739165504
40.45476744246502
40.56240777171919
41.03008846089107
41.33268670819258
41.48291509348911
41.63589123394073
41.89533213301322
42.16212267704837
42.26859976027459
42.571704604374915
43.23370045796478
43.35688687172483
43.44713888749326
43.51658036249629
44.254046987276254
44.45520679678692
44.45545253634712
44.62716401370202
45.33044685622298
45.48234218863542
45.57494970963172
46.121636558975
46.24594026227071
46.511913402628124
46.66062438584322
46.91633676739386
47.431701458936686
47.5752548849673
47.91307144027761
48.276048725447374
48.731257278359436
48.92351424432999
49.022355130337104
49.308831008755156
49.488990402697844
49.5747544836443
50.26802835996358
50.3416810737222
50.60870642899099
50.78293268080446
50.98306376092083
51.179298663600825
51.37055811313089
51.56494493965697
52.015563539063145
52.34628845431971
52.64202746578069
52.81795187330854
53.063227533880614
53.19395965099679
53.48949349720148
53.68609921491577
53.87642042037178
54.076192445027694
54.415834277066544
54.641778129569474
54.80442368889287
55.21884554420121
55.4060805735696
55.60242461584496
55.65217238374072
56.3397944021552
56.43703727082836
56.66960605887338
57.118811366052874
57.21926774149287
57.23262265913514
57.58899837669245
58.406836396677086
58.44447802672585
58.727467341175306
59.14985791515985
59.24727892280594
59.32076493935927
59.3977267012165
60.297440258087384
60.400553600027905
60.4510601915453
60.71260658343724
60.97996468542173
61.27704591074921
61.32097161811102
61.62893806073642
62.193152524408745
62.327960794102275
62.503862452359755
62.57024399716654
62.77957772155438
63.26733876716176
63.63062852301055
63.67252868371115
63.975703378236524
64.37366867587397
64.52097372879112
64.84747565349821
64.93425912239339
65.26678683016856
65.67893855052561
65.72014857876985
66.30094378162092
66.54489098173696
66.9028745167832
67.29227907221754
67.577800424152
67.67680904881631
68.06093180436038
68.43292901650649
68.54366652937875
68.62560073350352
68.95081724392513
69.53476363659442
69.59087187971905
69.70384452313188
69.72305872488454
69.85037619470278
70.49761517260032
70.85353315314616
70.98310602156293
71.03873218679252
71.41595963137073
71.62042647326123
71.74959379640505
71.8252846468038
72.505829575781
72.86748389681797
73.67374324121202
73.79195394826662
73.99347775680198
74.12745887789268
74.50246967298139
74.87288229757469
75.30814913688374
75.69533852494936
75.75553422221529
75.80276060802464
76.07500067626381
76.16532781235773
76.45713507573404
76.64396016079847
76.85760299265625
77.26680613342471
77.47544256615672
77.70621050998982
77.71727218703671
77.80780786716782
78.50438323469164
78.65201750298984
78.88564352402501
78.97322236657789
79.30892619710136
79.65343843776616
79.74119476411423
79.76166140181641
80.48291608806562
80.63236807645904
80.95373687783295
81.01392822133661
81.43378214858791
81.65699820904983
81.73581529089799
81.90907193324355
82.90955626208948
83.04406761050082
83.699191053448
83.70886255801366
84.10677509487252
84.32280059487154
84.40984146499684
84.41764843946356
84.84063363878137
85.01410381113067
85.33640299067287
85.7289170276773
85.97208609519325
86.22429955253719
86.51027279111118
86.67337983204375
86.90374048896663
87.31853096547336
87.39653738825845
87.72498917244641
87.79971038035228
88.13118467265379
88.56680566485014
88.86057434413672
89.090097342933
89.32408668397747
89.47068938363479
90.53562852115259
90.6276779821239
90.95254311887112
91.29866215463122
91.53509076660445
91.85304729170927
92.23271512266874
92.40778454552085
92.56993536558377
92.66608849658023
92.77298744619803
92.96448773530042
93.2489518254875
93.30501607159707
93.76074804370263
94.21450828250943
94.50854963433365
94.64543530765408
94.91533688097502
94.93549759530343
95.31347104542861
95.61928624998359
96.19009376397156
96.52669859250301
96.57665736275884
96.63839070413094
97.04644575099923
97.30543383318442
97.91746059940628
98.21484812012012
98.61005846232135
98.94154692109254
99.11691803285004
99.28881344714108
99.378738815633
99.88507326358813
100.53242010808047
100.66171501775375
100.78856411529978
100.99972157002385
101.12566863516425
101.28013610589605
101.65277518024344
102.11454378117813
102.26597067018263
102.48581462944787
102.75602570063712
102.8838810028191
103.39986947315923
103.49768188018832
103.69161197717347
103.77198254577014
103.83003772106117
104.04517258804515
104.41223454689437
104.56669460715142
104.94307211960636
105.70471333789008
105.83991692860236
106.52269602326304
106.97997634804449
107.11404184861154
107.62543162461196
107.67535741344561
108.26382817234628
108.57058990729419
108.98069079939945
109.52419025631761
109.5453092046579
109.6569114202507
109.75318500552501
109.9841972137047
110.25933513768615
110.41869617482274
110.85631753153386
111.30681156350282
111.62581197434581
111.72868404711959
111.79044744046013
112.32884812023349
112.56583173002518
112.91359765426787
113.09997167281949
113.49287570759593
113.70353701392358
113.79491419478045
114.10691402934842
114.21347002724755
114.44166142493938
114.52775222123334
115.3624801191097
115.60006008878655
115.75240632413218
115.8221349069197
116.33819580228563
116.43214369601299
116.83888316365892
116.96260581085363
117.75177790251476
118.26919716267388
118.40700258807654
118.6319496410056
118.71152427582732
118.91190670567427
119.49975440330367
119.56034784870404
119.64352786260096
120.1868604731347
120.39568042828535
120.49873088234567
120.69006812693111
120.80071780300591
121.54876364834934
121.68575365812525
121.77872818652445
122.12004537857527
122.18473835053041
122.25841335131312
122.39144672688212
122.81349223486825
122.84135507646891
122.99776121621804
123.59113670804975
123.83018451187054
123.94805182298387
124.33536163565603
124.90904830547956
125.57560316963497
125.87993457779908
126.20072037910947
126.66889471632419
126.90344444879142
126.91455541620375
127.36834928452036
127.58226709509356
127.69417559565761
127.90809950451296
128.2433159097834
128.67318561919294
128.7643622095855
128.96571228273052
129.1066265119455
129.13534868001022
129.65798354804804
130.3344170659581
130.54546528109898
130.82392702157554
130.95477477522587
131.10813886625002
131.462833537292
131.97885661991873
132.33783536421637
132.38770529706926
132.50575756891513
132.80072107978845
133.15110331714507
133.4586970552846
133.86153370093564
134.02705421930466
134.44394396554597
134.83260908726461
135.0041037496822
135.1161247377102
135.28377246457154
136.37506561767773
136.4396212553568
137.0484174648532
137.11505643501653
137.39245287370352
137.80578663142686
138.0927447553889
138.17702782719886
138.32983801086326
139.0286026940517
139.18954814297237
139.5160747610381
140.11169960794138
140.25736961837046
140.46231538888438
141.02845946884236
141.09653586957572
141.60622589478183
141.7424728789168
142.33007768740904
142.9527184483501
142.99493903964597
143.09427410847198
143.4203519911863
143.47136071566032
143.97967129931322
144.063340884572
144.18266664607924
144.3510748132642
145.0414665956972
145.43581663928816
145.74161446701672
145.82821142998418
146.13513651821947
146.38121029953027
147.0358668565475
147.65101347559929
147.86038257841236
148.24173562700466
148.3457119046892
148.48128215565276
148.50066915200773
149.12244068817836
149.34201786909193
149.64584232423763
150.21940852482476
150.3114642766498
150.34655435639738
150.5715438021293
150.77019247847383
151.05286250133022
151.28640140663563
151.5426374046692
152.1668325667288
152.63898888633813
152.9090662516243
153.2509505650928
153.33318596983
153.62297612126912
153.86096195310736
154.2526176287085
154.5102350414548
154.69538499986115
154.80033378722464
155.12745857647317
155.36563210355555
155.39030552402437
156.05047969575418
156.66223138143437
156.71278617389407
157.34651380888752
157.84751375307624
158.05260280038158
158.21724926763278
158.42567689788058
158.54685346444427
158.82736642536588
159.17859949504452
159.4238773533719
159.55454976865593
159.82844576069928
160.04014462177997
160.28652763456753
160.59859022211498
160.87194338581995
161.21829239249843
161.28510478231294
161.85966708528275
162.85379801129358
163.2173609358595
163.34078147335984
163.56372786332392
163.9663379130431
164.60569853493394
164.67378488718057
165.226237648617
165.39046534366986
165.49383316826967
165.73196353334166
165.86169341912878
165.9837214921637
166.1782793322153
166.36596447349046
166.86097115859997
167.3144559246598
167.3884510768165
168.08434427071884
169.01574466576727
169.24200901990034
169.61817199192416
170.08768834530937
170.1549283066058
170.27933622956525
171.12454242745827
171.281337501797
171.55395189826913
172.35714737857518
172.56506055126755
173.57573159456993
173.87217271420255
173.91360034743855
174.42671995956005
174.55887142359225
175.35568464754073
175.3848718309376
175.56939164287508
176.39210980426168
176.47977213270246
177.0314784756458
177.12262057335315
177.77413431527484
177.9046406565818
178.18487825058605
178.31054782213033
178.46312315305553
178.6787692203588
179.1410159472722
179.8138736675447
180.00966249035142
180.33384454636467
180.6329982357145
181.24242210258708
181.3754949990141
181.4367396730866
181.74575196151875
181.85733210278204
182.22455230492622
182.4004362743428
182.6025451140839
183.07890335138293
183.52025299340636
183.65506202490758
183.84494210377113
184.54227582616423
185.02462637362896
185.30991884875078
185.90178088102573
186.28877565019957
186.47716808662068
187.95480902761443
188.13417440526823
188.28848802020332
188.58980702214123
188.97363171525896
189.40748069523804
189.645028365686
189.72764027079543
189.9361982218523
189.97324919196626
190.06849979995164
190.20288934061477
190.62132842897879
190.68823634336547
190.75961809671733
191.30679343924317
191.71983809601613
191.80340327624228
192.07252637252816
192.72182763438843
193.32707950700959
193.6112585853797
193.77820110189597
193.8592176626356
194.46311617718823
195.13252408497215
195.44742695330228
195.706123066915
195.7598574638575
196.44422929616687
196.494938110988
197.703458324862
197.7672225242667
197.96474394383918
198.98229789695753
199.60429984686405
199.8164244690892
199.96125531404712
200.07940463662416
200.79398167976265
201.18276842493407
201.5828486710833
201.6659779587238
201.8331657410286
202.4201393852109
202.79673002108547
203.1900944573726
203.66217204116853
204.39384520286148
204.58595422080384
204.77360379110812
204.951375378202
205.3276589959219
205.71008152083036
205.86083701146336
206.0744983691795
206.7119094668381
206.99844268615283
207.20942051966145
207.95053584917932
208.02031431915862
208.33089291101223
208.86619071952586
210.02621346682173
210.51865088209678
211.4507219555386
212.0688838607482
212.327133982149
212.96074767063962
213.06013591600808
213.2923545699287
214.06674104063268
214.69468355941407
215.0558714114985
215.61139636629704
215.65473935143177
215.73339861600658
215.90774818355902
216.07050628684428
216.72555490948417
216.86196866744737
216.97516301804953
217.44539286553007
217.5240583007135
217.95407240940344
218.13044089734632
218.49956483888042
218.7197700977538
219.03117494605988
219.15931841567968
219.271500602009
219.3502516625572
220.55239733412824
220.59749634755337
220.75325956469155
221.60265079917565
222.65956471636244
223.5090963970922
223.70984874440214
223.75785191932096
224.66674520007564
224.70616801881027
225.16597977878416
225.30849750009264
226.70288564319142
227.15281157111036
227.27700477629625
227.64476740395077
227.97966724347845
228.20441308343405
228.54015968880512
228.85069105528927
228.98296866531953
229.19436992646632
229.53777430909483
229.8494042750471
230.01263069639094
230.59655324186184
231.29199084045575
231.52459716119662
231.90851960302587
232.37452943385787
233.11666528196142
233.23628981573856
233.43498135703544
233.61906146825382
234.67466572053002
235.68156043399304
235.69482997870895
235.7364586386213
236.3327426109816
236.38949179826454
237.72926211872235
237.96038415555603
239.00918802092568
239.46593492589597
239.72622092909066
239.92229401190536
240.44602334987076
240.86632791520742
241.28916882102774
241.53441544284905
241.62579571012128
242.23232297652515
242.4717383880822
243.00789733359343
243.32138950885295
243.611159934429
243.6527437360482
243.8031281784764
244.3101101452238
244.90904002535075
244.96290404489105
244.9938819270379
245.5607757043878
245.78792505181542
246.24239556341993
246.31523919174433
247.0326078056076
247.74986127327196
248.3570115356958
249.0984736370507
249.3704436585859
251.14989064029268
251.4386093128437
252.90491876822213
253.13569721000692
253.1442528560807
253.20719276028956
253.3752614755024
254.9946869405148
255.90174817378798
256.42694357334653
256.9492616504832
257.02601182629047
257.1705489805899
257.25058144769673
257.3805803618224
258.3610858366987
258.6852796930944
258.7518670896203
259.1205099502009
259.5849176592322
259.65549139580685
260.832369065398
261.16370274647943
261.36790368980917
262.7638412474305
262.9000699025644
263.1025787289579
263.9190062093895
264.94783598305605
266.18022258513804
266.36769082701
266.93768942186915
268.7842594897413
269.70766500614207
270.3587126313663
270.8259791833429
271.30309798152336
271.60143453781836
271.8355745061754
272.10829079432557
272.18410462846555
272.2659045491958
272.76378544020724
272.931838282983
273.15835910025385
273.2079714446105
273.45565310680166
273.7772746745459
274.9690298368099
275.0406691920627
276.6200897242716
276.9383601304859
277.08821469453454
279.13854195991183
279.58924703114474
280.16376856112936
281.123222019273
282.96927256113185
283.0793094962937
284.1575416395772
284.8636467947576
285.010086401705
285.869588311543
286.3030956067301
286.5227945463022
286.8013847174915
287.00413362588534
287.5103883661446
287.7815692384204
288.35290503019155
288.56109522738126
289.6010243788422
290.77308762990145
291.6628225414775
293.71012718364943
293.7946935977109
294.32078508681593
294.3686702510779
295.6996927902787
296.0287782411854
297.53876523620346
298.3460349732529
298.596596025887
299.5685677198745
299.60072449682525
300.0789327835908
300.90367893854034
302.1089930677397
302.4755816522841
303.31770753489894
304.51859518623286
304.5740588784118
304.62133941506346
305.3549652371223
306.62543691939
308.6717920774408
308.91040849847354
310.6821288787648
312.5011499974604
312.9194767081571
314.51095454480696
314.57949523602235
314.6720756885171
316.6507159890067
317.1647731034878
317.3139623430624
317.77555727077134
317.8468393856392
318.236475478986
318.66953863188127
319.9142496937992
320.3106212124489
321.9209749048074
321.99384079824625
323.8300409273576
324.027329910241
326.0078014082239
326.046775969848
327.84901099759907
327.87075794762393
329.89621907258345
332.2670180970456
332.5060322744607
332.56437917398335
332.9366420656174
333.5554942397382
333.6755060939937
333.8488980502965
334.02798538151694
334.21964405640927
334.4216358848005
334.78066326057984
335.64805703095715
335.65331976281556
337.71751739230865
339.22789799907116
339.7583200125183
341.74997667926476
343.22340686263743
343.5829308214643
345.6236740799272
347.61851018060366
348.24947568117955
349.6790284817415
349.71053289852074
349.7853264035282
350.4524303311757
350.58310765142807
350.64329290731905
351.05315678132706
351.3806244685942
351.7766126114445
353.83605524904016
354.9587972871328
355.8832201775761
357.8709609397607
358.94010365516215
359.7050240677219
360.30257831444374
361.74168982844
363.35879828005596
364.35993995889476
365.9137949710302
366.1120670656622
366.194797338574
366.71510748342473
366.97051881620837
367.45648076050827
367.50096942200855
367.7091978069244
368.2832351708865
370.3398014641871
370.36787053659117
372.38917109917173
374.3774540987356
376.21135449480454
378.2467494455678
379.451267509042
380.8727780167469
383.09059905939904
383.487716066214
383.55748498154765
383.6385395786828
383.9509437554852
383.997561900033
384.2716161130549
384.7264024729979
384.7768364439702
385.01258132862193
385.18406524664766
387.2433127674117
387.5701885472306
389.26362262865484
389.3208713484317
391.2567711458682
391.5805970113616
393.0958112096468
395.1352448354932
397.72185681621994
397.8029309813034
400.3717412393358
400.4635451678013
400.743719512835
400.8782971106037
400.9942626869749
401.1975874652113
401.5850432716696
402.3483930240293
402.4552201721151
402.6686560421732
402.7762843466481
402.94849407881594
403.2151712605386
404.5206661008802
406.56406257006694
408.43978964113654
408.544459139371
410.38143834513164
412.40444621104655
415.02182956839584
417.95597820231967
418.0363763251324
418.1419958757343
418.8615456637163
419.4021939182335
419.4766665000117
419.82275597319415
420.1184238013791
420.49076238007564
420.5606347387903
420.8064044949252
420.88945668918376
422.1795920219929
424.22125025380996
426.20583142485617
428.03275569888814
430.05524379270537
432.6692067565372
435.77653081808677
436.08087095530294
436.25332765638717
436.73920174210605
436.9073490270681
437.9679091381664
438.16436249591356
438.36545858963103
438.66197061225205
438.87800288586607
439.0334508516145
439.8908890552631
440.16899587486324
440.23441414284446
442.25855872458675
444.23467020206505
446.03925857636824
446.2694364096192
448.09994020041205
450.68230169961384
453.77419747308153
454.2452176090334
454.5022077652872
454.64675787148786
455.3420703684994
455.8098884211089
456.14979861657827
456.57862817232564
456.5887138182315
457.1268353341668
457.29773190293247
457.66177989317333
457.9221680019478
458.2120137713852
458.52404723163374
458.6424015082988
460.56479325267566
460.6831808488734
462.64143757549186
464.4673615233149
466.50209997622505
469.02317902494224
472.09360402105096
472.5328098767788
472.997251751705
473.30378651248253
473.6689135409329
474.12942619559465
474.8574286202667
475.37759534090327
475.75465554593876
476.17975299632405
476.72904053634653
477.0903756612388
477.41018177643593
477.6601966844356
478.5427621240285
479.42886579748466
481.36888104537354
481.4238779930946
483.2279590368612
485.1718709105855
491.67045092778966
492.4307000461986
492.4695496989611
492.5268489349903
493.29088984050054
493.90373311999673
493.98392229819433
494.257015362999
494.50097138832933
494.54483825205034
495.0721918010074
495.2863629274048
495.7033500929389
495.87000321145916
495.95171764560956
496.0102916225009
496.2514450501279
496.5338899367677
496.9010001180454
498.1851083961166
498.24822691977727
498.50208739789724
502.23772813062317
504.35567003682644
510.608545957126
511.3581283905471
511.5900695082407
511.728890388379
511.865641606443
511.96090239778084
512.0062436928824
512.7880508345428
512.8774487684949
513.0551032252718
513.7042580284069
514.0011699037022
514.0606707510342
514.1957949320823
514.731625867661
514.833510063528
515.4967597907246
515.6571715543297
515.8676270699118
516.0586741671848
516.3753889043073
516.4647322295644
516.5834951719221
516.7149701889887
517.0912084750643
517.2457786096543
517.4380703308298
517.6606890841839
520.2602569481138
522.7061174625552
527.1832921683898
530.6563767267135
530.7465908798786
531.1299779828714
531.5045182940995
531.7739431880112
531.9423473602524
532.1798480164847
532.502116064772
532.6439088138029
532.95507026467
533.0165864760529
533.4483778091885
533.7533091771924
533.7930092641088
533.9743569859106
534.0163784928906
535.145504479412
535.8040329809767
535.9471136557822
535.9614799825551
536.8582259057339
537.7482965921668
538.0992098535677
539.8685404387815
542.1523583447295
542.3100772927879
542.5930418110376
543.3446472734265
544.0224902237791
544.4324941235708
546.597514536887
548.2348812985942
548.4725492482559
549.8076840101725
549.976715206586
550.1543063526503
550.5617040710783
551.0256654061182
551.4776276540047
551.658451620989
551.8079487568237
552.0141118800145
552.6227500093692
553.0053000301721
553.1312548378777
553.6573036936923
553.7626690280077
554.0255310493097
554.2314649953173
554.951213569917
555.2952923830447
555.7209720416444
556.0505322910659
556.6240072456974
556.8194896473951
556.9999800370825
557.307488406777
557.7991824669259
558.6933450479312
558.9512851690995
559.6973139037352
559.8755810836328
561.5312549091526
561.765280990625
562.974843761438
563.2919879370558
564.1374328987592
565.6893774427053
567.4118793040958
567.4954934569579
568.4049906344483
568.4247097490095
568.5550852489478
568.7188788217022
569.114235574352
569.1984284062893
569.5847012250867
570.1863693516555
570.4362095214564
570.799258143684
570.9120073455895
571.0968204610425
571.3115032489187
571.5462368714001
571.6968309504873
571.7931526514603
572.9253042992543
573.0435606870697
573.4387236868821
573.7551729322743
574.0795908153832
574.2961315965408
574.6976686939146
574.7853414316802
574.8762388444766
575.5505243021571
575.8058920961178
575.9916917501661
577.1203519424719
577.5611335286288
577.6747025238192
577.8298224175716
578.0829856547022
578.5993278177843
579.1165196079893
579.2354286178874
579.5781385668291
579.8482331192517
579.980066386546
580.2886951984074
580.3509431132703
580.8934741011414
581.3720406159342
581.642037543681
581.9625996802921
583.0921160784161
583.5538397587301
583.5603094520237
583.8528496347889
584.5999220807178
585.1647427725677
585.333395413573
585.5246838623774
586.1034300298365
587.3068803767097
588.2149915611064
588.4551733098598
588.7187528551423
588.8586346839911
588.9490693441966
589.1448720870401
589.1755653108343
590.2347709363684
590.509734388201
590.6310088994117
591.4932934112875
591.876227682047
592.0053485367863
592.1128143088349
592.2214060565587
593.4880819898949
593.6793202291367
593.8319658060666
594.4530741022734
594.5807548024528
594.784007298872
595.2214640556656
596.1063994106752
596.4452803928142
596.6144642268829
596.8372642574064
597.0532719730527
597.3151791810823
597.6930981128089
597.9514838547246
598.167434484859
598.5958792394786
598.9166920416828
599.1224939123327
599.2837213854721
599.4089339236687
599.7515130844718
600.21650009929
600.6904466142504
600.8181192808948
600.8713134670631
601.3804199995573
601.6081678536422
601.8238172893338
602.3100185367973
602.494255891921
603.1129647732355
603.1675039944455
603.4428855631934
603.6375466803033
604.4473708718064
605.8559383529125
606.6555829353688
606.8405550945998
607.123328420232
607.5002306187434
607.6212182988284
608.3522577244255
608.3846644095264
608.5104547585173
608.6094118079774
610.1007877988467
610.2836962957067
610.6114377744933
610.8973378277768
611.8822121391615
612.0477696564276
612.7671906485425
612.8061402665988
613.503570423762
613.6327834119816
614.3632030086065
615.1756605192493
615.1986705965535
615.4142303015188
615.9057808770143
616.2943157350236
616.6167228008578
616.7448821535756
616.8196660166345
617.0462395783427
617.7658006917164
617.9402571158681
618.3022645552907
618.3277478267962
618.568616200626
618.6649970327652
618.7993503248409
619.4109665516548
619.522572801048
619.7728010363325
620.2742208900294
620.5601602125477
620.637800997822
621.3587389076957
621.3769078096016
621.7068789593757
622.1988463404239
622.4690440828085
623.1246282741281
623.6158333932123
624.5133247439593
624.7833930919744
624.913547668985
626.1869334882142
626.5838816421824
626.7545823729355
627.3812040409438
627.8039615495228
628.2729983907501
628.4030795968638
628.4413501245893
628.5705938641801
629.723320715848
629.952861646375
630.2120395245641
630.4562010460451
631.636790445794
631.8244298811362
632.2923926323667
632.442325272884
633.4742422737799
634.3620328057584
634.6663397578825
635.5388985468782
635.9305043756603
636.4788637765745
636.5580310388389
636.7560865777991
637.37710077735
637.5949008551443
637.9370925479155
638.2135649911353
638.2225760302645
638.6168404248634
638.6800967048839
638.8539858641265
639.3019656017239
639.4589846601532
640.4850549941583
640.7352882485136
640.9730436657157
641.2115675367894
641.7221486092582
642.0357504056332
642.9080086621398
643.0218940416623
643.4138248259151
643.8241225280984
644.7505684962857
644.821827321938
645.4373428804894
646.0901067632778
646.239987803314
646.3187684979805
646.3813928615363
646.7195462589627
647.1037146512522
647.4741688271724
647.9073488833659
647.9234482909135
648.4012443576788
648.4797112305827
649.5007632783775
649.8859947385769
649.899162489746
650.1708151522172
651.2096357723912
652.6225270292614
652.9014641331017
653.1201265773873
653.3573620179095
653.5489603399348
654.7298183512145
655.1522172360839
655.3277554422867
655.6226608346067
656.2839064076571
657.6709064623456
657.8424494712027
657.8972317413169
658.2487529797729
658.7810391313054
659.1176646630569
659.3068234246755
660.2039770807863
660.5484678518894
660.6636365858482
660.8251334272279
660.8745671750994
661.3044375112421
661.709579077069
662.422836750703
662.5636530296796
662.6647705767087
662.7563795216579
663.0553538702518
663.4251274825646
663.5293442369318
663.7188747298469
663.8249524858713
664.1973321394352
665.1766086553536
665.562033515804
665.5882211283352
666.4366545431172
668.0632547980589
668.2120116532072
668.2701985256559
668.4963321133979
669.0293783538273
669.5396015774805
671.1304638408714
671.2723408821541
672.5449162124576
673.0204915714678
674.2239203979182
674.750315531606
675.9566063511253
676.0541786542923
676.4706116220428
676.7857799252185
678.0966690807044
678.2595174931586
678.4973050271406
678.7257767471219
679.0055524428764
679.2507266462799
679.3997150481115
679.870542097703
681.0567058000032
681.760377196882
681.8552818430795
682.364620791093
682.4174984942284
682.5484410364478
683.087715007309
683.940688912803
684.100820854566
684.1971860924099
684.2584230140371
684.720459568849
685.189704486858
685.8587788029005
686.207711378905
686.2383241634831
686.7697680692338
687.2059451929154
687.6378573927767
688.1275400992084
688.2428615361252
688.6966875560096
688.9546072850883
689.1637887560489
689.2595854553888
689.5165446791583
689.7582447935772
690.2615050522509
690.6734612718107
691.1666988326591
691.3554093180626
691.7348587330197
691.9351424991737
692.5683232551961
693.2235085752199
693.4847141179852
693.7677524937727
693.9568073846847
694.2402104412362
694.4213516533929
694.7599525908581
695.2518929346993
696.2382665355278
696.2855219528741
696.61721857016
696.989861510618
697.539532410381
697.8408078681734
698.7926413912556
698.9743293279046
699.1508306695092
699.1981846363059
702.2867793797893
702.5492616063727
703.1575574226317
703.2490456997615
704.1234623494029
705.1404791477592
705.6843784846632
706.1281393290961
706.1623973004299
706.2312794568048
707.1026733164
707.3585068244867
708.09155662351
708.2193843043897
708.258403520917
708.6107611799238
708.7469085953458
708.9164835424141
709.6571276408948
710.0027137892772
710.1273291402929
710.2818725050951
710.5275354600041
710.9788889946426
711.3266247505778
712.0516040922101
712.3622926455824
712.553525243621
712.8024620185264
714.279116121891
715.3434807512732
716.0089295154223
716.6090975489126
717.2837098056985
717.7720022979452
718.3480357796495
718.5332375940387
719.5493989689785
720.9101831124724
721.9984471775333
722.0887908281452
725.1919978806775
725.5409430182569
725.6430977333805
726.6197696257952
727.8142390876192
727.8575169692269
727.9208065001998
727.9343179457672
728.1200913806215
729.1545141152309
729.2832293706151
729.4284011248244
729.5413007508557
729.6123169957111
729.7851625208629
729.9374289224448
730.2503261011681
730.6585801696459
731.1871025000152
731.2681298748632
731.8162971341794
732.9880937377159
733.0356730086256
734.2169846138335
734.9265791356947
736.1280691284088
737.1602926172008
737.7264179636012
738.0697317064601
738.5759064937538
740.0841876458219
740.2684220868799
740.2758036925416
741.0603601859913
741.593255684403
742.4825345831457
742.5671720903185
743.0546061386208
743.4398163094913
744.3622156693389
744.8662159443425
745.4983361784306
746.7667399377012
747.8090394758589
747.8572017318797
749.3599834621413
752.6074345383297
752.8492013647536
753.1029630415296
755.126835181857
755.1477856889277
755.3974953347623
755.7323470034502
756.4655768301748
759.7439608354974
759.9898804614494
760.0265216009444
760.703145619326
761.9270425146348
762.5681235519374
762.9512970828162
765.9534803233571
766.7224390300775
767.2245563340423
767.6197432891335
767.9086148880122
776.5942308359455
776.7427849306579
779.6720472638998
780.7107044359497
780.7508332945526
782.8002643910911
785.1617442499934
786.1211509672662
787.1520142161593
787.1987092760832
789.2216388273422
789.5810730709402
789.8387347265272
789.9565501616075
790.1746708178807
790.443279334733
791.5234311437576
792.452045538953
793.9767321183259
795.4105439282195
797.1605796320531
798.5768145649143
803.6270983631752
804.759805035651
807.4886200767912
808.9032471065591
810.2420792539629
810.750825868292
810.8336691335043
813.7032639165359
813.8011193708645
814.6548951308794
816.680099463341
819.6330984629074
819.6362478489528
832.5345982929304
832.9221451579599
850.7034523218109
868.6761543253194
869.066350426816
886.9812425955583
905.6110936403172
905.9914788946973
924.2693821709175
942.6705133250952
943.6971820909858
962.3810471669963
981.8039280537498
982.1636435684775
1001.2774333191753
1021.0629959578627
1021.4205416344317
1040.9262287845959
1041.9389418740961
1061.1145648763688
1061.4780086816625
1081.3731175205373
1082.4046538359253
1101.1347362678828
1101.9004235535892
1102.3262371930045
1122.5248531752618
1123.606578040827
1142.7393494278797
1143.5351073641311
1143.9133247413188
1164.5131558927267
1165.5868685908254
1185.0824383737252
1185.901405880222
1186.2747754788013
1207.2814987346844
1208.4581088753048
1229.0575777548568
1229.452522418006
1250.8565583748607
1251.8550761616934
1272.7498942053346
1273.3861540608673
1293.750244812244
1295.1689360375049
1296.2614027553082
1316.9282159675483
1317.7045808047985
1318.057086103309
1338.7370562430287
1340.4324638393487
1341.3643122575827
1362.4720267586224
1363.2073964527037
1363.5948510392639
1384.6753055976621
1386.1770091929868
1387.2284198373702
1408.6514522664077
1409.483732492151
1409.8544244633142
1432.9750715437028
1433.7086233666778
1456.4662657592053
1456.811490389749
1480.2004489796348
1503.9687065943085
1527.736062746244
1551.3084190619516
1574.0518271928484
1595.8666656823866
