2.8706488961862187
3.8447654137179295
4.835584590856517
5.754666275615702
6.791800621927125
6.805574002307524
7.597250622370348
7.694424947822504
8.765803167239383
8.77776392863492
9.548565818782203
9.65085637359412
10.72201180007912
10.732722010598982
10.741281841181618
11.474003884613316
11.526108892722368
11.617570997471281
12.58445776364744
12.685139313225125
12.711411017945531
13.477244247948798
13.585637539709674
13.61145139400544
14.493723257139873
14.53589179876883
14.647348428978596
14.680006327790762
15.414912479755094
15.542218233298867
15.616409721610054
16.01501556218523
16.44855546458631
16.50126443672143
16.63770520088552
16.899752363782028
17.48973088403332
17.618443400895142
18.01066738447897
18.412790289234096
18.470571292519395
18.581008965907078
18.820021199536754
18.896271575970367
19.43325904896888
19.613528571710752
19.791759275914934
20.01360340536508
20.380029555248704
20.445933315926837
20.789801362548097
20.89341651302818
21.613919435742556
21.739620444053266
22.01813887298391
22.12011998669098
22.265595028037403
22.35932569820862
22.76410980156293
22.88965618496038
23.117280115177792
23.680655445727094
23.711380838376186
24.033866151061282
24.121712465427244
24.23875349994519
24.72781042590656
24.882782698843165
25.072513109129268
25.668968794431933
25.783776847754694
25.96734333097894
26.125385333323408
26.2127241766122
26.596421193007515
26.833029728489652
26.89158388714388
27.04870718261146
27.629268247960084
27.788188074753606
28.414013489339915
28.554944322933856
28.784849324843876
28.9526539283437
29.084994468101463
29.490475895776278
29.79053418877579
29.839236331888234
30.154119886515133
30.625743892129233
30.75179428984471
30.945401279634897
30.9515203167787
31.256199175814963
31.503945200740418
31.79610923569343
31.843195464556985
32.285696606404805
32.72450291606397
32.81199172331099
32.89957859084315
33.55015673424825
33.823870299168945
33.850333844996875
34.20652934787156
34.290977279342094
34.535317855732856
34.653635506665864
34.82404225998998
34.87635514167412
35.454751646510644
35.85074204885694
35.95285945111226
36.29091228142737
36.331162587950175
36.524558594254124
36.833986184456336
36.87543266531985
37.400262372303246
37.54558556170301
37.8779240986641
38.22667713170499
38.30798050833543
38.489068721352325
38.80484852535
39.13700321637062
39.36801667456755
39.68903267716138
40.02317308804232
40.291504501345045
40.35431936811055
40.567988313888094
40.6329234119481
40.72058111486809
41.138138520226406
41.35111337952596
42.26656994557245
42.287726472400614
42.3875009933658
42.58597090309699
42.923029957274935
43.1344570456963
43.30745980420065
43.42956038364467
44.24364699498256
44.383454242950634
44.39762102039483
44.47696994092251
44.73325101440531
45.08030454017374
45.18664494769989
45.346813222146835
45.62856608440288
46.213848606028776
46.39232359093383
46.677889514374485
46.805075844480555
47.047254283600985
47.20615285196791
47.544180594362125
47.577339028860045
47.99456891002558
48.16674832028864
48.51599622518723
49.16680793031863
49.3639813374184
49.5370890576201
49.764634253015004
50.00160250392512
50.03695359278971
50.338052642858734
50.40579361861099
50.82898185247868
51.29328709775168
51.49259431028386
51.66419248522659
51.877601667991584
52.018172513877296
52.039560766545385
52.18632326408714
52.43967339775756
53.2392683289354
53.45254930717695
54.014141299592985
54.084859687911084
54.469228178196104
54.5974469578312
54.65765588891228
55.19859470513745
55.28893050978162
55.3506878957766
56.02621300280484
56.030632404305386
56.578519652995915
56.86589786844521
57.01816742928567
57.15574208416514
57.21690941858242
57.34623451560484
57.848766247965024
58.03334603093506
58.061973259833934
58.550056693947035
59.03064532570156
59.11509163781222
59.28939106209915
59.35950707621195
59.86429134836555
60.039279218965
60.186081954871256
60.26535925309862
60.63723375100507
60.95798302719503
61.248960606806385
61.46526058045333
62.04206607242162
62.21752918386138
62.435432094290775
62.585427154266476
62.84021893423545
63.03278762833041
63.17647401458211
63.2272689830343
63.78424699717709
63.93461536968529
64.08238283135253
64.44095504379513
64.9683477663549
65.02698672229602
65.16488508574047
65.35478485415955
65.53467855346915
65.65549886185835
65.72956078651777
66.2323399081241
66.44636222982002
66.71224277212565
67.00970861170241
67.54458511437808
67.68761281431253
67.88549668564687
68.01893602984701
68.45162447041317
68.60427586117261
68.72498346484235
68.8957193566481
69.22588063533823
69.23998516690122
69.65562683709811
69.9104293340702
70.48160021093989
70.61114555670956
70.72185060315753
71.06929558980298
71.19658379468146
71.24547603425741
71.55122828910547
71.6262879267259
72.31562166618318
72.53387028859417
72.55117099384776
72.64304957914565
73.23851426605358
73.32205411851463
73.44607306657309
73.94036765105794
74.5104095403942
74.63618313212913
74.69923212796319
74.9194072760702
75.0335188073997
75.21623660046072
75.24478213950778
75.33418336294591
76.37196912823842
76.41666503625774
76.486630034296
77.22738235830931
77.28411615009627
77.3189085094732
77.52682060058552
77.78345382425701
77.82238792999613
77.9754411181601
78.37689656783972
78.41042966139447
78.45814884244888
78.9987296737497
79.76639683558689
79.97278333995907
80.25906261589444
80.3776737026547
80.43987454200338
80.7426173380273
80.97971092694742
81.22244712383132
81.72144335140293
82.1280146122405
82.3801131910315
82.44344950664099
82.68866805992255
83.47865939331136
83.67991063300163
83.68942229220895
83.99916942013573
84.3260596647484
84.48124409149779
84.7554730878958
84.76504289472128
85.059687513793
85.14746073068342
85.4220603902465
85.63465996111194
85.66277348926207
86.00479678091136
86.61800652223869
87.21197046317674
87.36477063273401
87.39749565500156
87.47370305668072
87.86474256717668
87.99172173895391
88.0102893227274
88.33930981467407
88.83629899502134
89.02826168119779
89.31858149363981
89.33993617193903
89.54964340190054
90.01624642160787
90.50508627908115
91.28670628690654
91.37437624374061
91.53044320807007
91.66962499075571
91.75147489428655
91.95527743612027
91.96602579139996
92.05211981444508
93.21523466435806
93.24843617342984
93.40837846106017
93.62021415216972
93.96873857977509
94.17602881759775
94.22693506373872
94.41337985460913
94.43674186111551
95.06541182072586
95.17952606119947
95.35133045469165
95.60709973964521
95.97194418116003
96.00989734718988
96.37363687930448
96.60832633494991
96.88744433989156
96.93209670524054
97.31013433332149
97.71867273848508
97.98132201122313
98.34486643457839
98.81788763619346
99.16082955922833
99.19287435505596
99.27370942313729
99.52475388242982
99.65749332793145
100.08060960675517
100.3189404540088
100.87217382489253
101.22473605765242
101.42893486013851
101.78131063931852
102.00680874428616
102.17712840049028
102.32418011692242
102.67983982026362
102.94930815550711
103.06386271351272
103.33785519455469
103.7243890635395
104.32766349354294
104.84350747638784
104.91305983436528
105.32422199764616
105.33308947617257
105.54244103438316
105.68288148676926
106.11900358868778
106.33521894657616
107.13683969852748
107.24397720583438
107.48457419852296
107.65052147285458
107.7232896163327
108.36598104181104
108.90414316383932
109.04114721287458
109.06458256100123
109.59717472968107
109.92195408880382
109.99618982874952
110.185766723508
110.46179067201794
110.51782659803497
110.54749370481696
110.71390508618218
111.06696022790106
111.29114598288183
111.43125802547218
111.74310781744433
112.48479135549708
112.92227146647747
112.97515987342751
113.06883407627362
113.13959653974524
113.27278822423435
113.32655018037804
114.34733555799869
114.44492339840191
114.72065814758147
114.88298182575689
115.03538250773526
115.07844638987481
115.515852994635
115.74284074995646
115.84290071211258
116.4098612066087
117.01123367032277
117.25931337838544
117.64458332710123
117.81637995502469
118.19417110800428
118.33479389371513
118.36311418572745
118.44213836419563
118.61977067368512
119.26327588508006
119.65096716408985
119.69227212626437
120.17664678679989
120.20775318287528
120.21127567844349
121.11818974913845
121.21263895156613
121.62633474361468
121.64257150577974
121.70841689782078
121.74466871573499
122.03315622733919
122.2058679653725
122.43714227554558
122.70858224247307
122.85842103789892
122.96807333194795
123.59194744975555
124.16250554134872
124.2035061829639
124.28126913847746
124.57945067456316
124.6076047128009
124.91811174274414
125.40028267293236
125.55753538687135
125.62458661239916
125.84432288745751
126.24084793380214
127.15167894186973
127.50236854949581
127.55678266003127
127.7174196286239
127.79785475587857
127.86296240245098
128.1085044947021
128.39424926772617
128.93139933668994
129.22737744532276
129.33684986148313
129.50194794891064
129.72180971409102
130.36845621963204
130.43918051645264
130.59540225694798
130.8229306454389
131.06835748453915
131.16807464954636
131.17143919418814
131.21935104565998
131.44995917834177
131.7254538035075
131.87495942899884
132.84577951054388
133.1275519925526
133.42224427346113
133.46307001482856
133.71002390482488
133.99729514270425
134.16420847842772
135.09245603930782
135.48211931267105
135.71360266291265
135.76207751207133
136.07534644416592
136.30195849655735
136.5277081267613
137.04608281650155
137.62719707276804
137.80865930516873
138.27152776070338
138.51486784516726
138.87173100633572
138.896546860432
139.15104309215812
139.48794484774115
139.58822116309636
139.633886585373
139.95055073852555
140.34138354497165
140.71642153679053
141.09288232984477
141.15414446225725
141.4989498788567
141.635417088943
142.0761395273339
142.74793624989573
142.91365777554898
142.96182193298526
143.05077995543164
143.21870582018295
143.33123100270785
143.6415871714555
144.08943078502185
144.48846779071687
145.0176391945425
145.11003557463522
145.6675022593183
145.838551754197
145.9045804770645
146.4528828997142
146.9666765609993
147.415262545055
147.49710371558925
147.650868605999
147.92644225982104
148.7941455973156
149.0409295728011
149.15610379596168
149.17145930257357
149.46258431166166
149.77550422706815
149.93049035723922
150.06835553098395
150.10258033774645
150.63556784481338
150.88567205293373
151.40487078014078
151.90702696544264
151.93613044909029
152.22865627703203
152.6271615506844
152.81768889885186
152.83696241580813
152.8843512074848
153.01259530556916
153.15641121276047
153.36374534669366
153.86822945071322
153.9389016006746
153.95801832555193
154.14680278613443
155.32797004595767
155.52475281841305
155.75763828279958
155.91455783415662
156.36044875984416
156.780836344818
156.84378000615828
156.9569194404425
157.27688350060274
157.66489493841473
158.50090320667897
158.60786190601954
158.61476098715332
159.05303257624382
159.1038789618933
159.15576966123038
159.25148852737956
159.91362043745372
160.0055084093019
160.1625687606271
160.5513357328033
160.617602616417
160.7113665541427
160.94473165859927
161.43499792755367
161.58519338023953
162.07447554014593
162.10432951025234
162.31171994914558
162.6207148868891
162.7643710220674
163.19282868332178
163.4518994396139
164.04474148004638
164.06854407258604
164.49593635181878
164.6268216888017
164.8973690935728
166.01603555252717
166.0316452043201
166.0739395681416
166.33662679453693
166.64979649759587
166.88595105054435
167.4226326452778
167.6629745151191
167.8380576202389
167.97574451040066
168.10764298850754
168.80927479912867
169.1153569060772
169.37639347895265
169.6904332511065
169.8051851087599
170.30164777176745
171.1057339055885
171.23462775892867
171.25430586008792
171.37784964828685
171.6089385095363
171.64024971118457
171.69734619929827
173.06935763675878
173.18855727041904
173.19821215826573
173.33806308457477
173.69636404244642
173.7357119871281
173.89416707049708
174.13653538985736
174.35098050054404
174.76864625405938
175.15043737360645
175.49647479982397
175.70258027851114
176.25705831991203
176.29084665142614
176.77073292114946
177.0697323293108
177.1145641897286
177.17788212962068
177.3055004449171
177.3698358584373
177.7332926990908
177.8923222039158
179.064264090861
179.88345203192534
180.07959274832376
180.39348232251544
180.88905624720425
180.9898019678208
181.1565069860195
181.53041230227296
181.68661309427924
181.95833051779627
182.31770484900005
182.7246874494038
182.72871866572424
183.15996959382613
183.26711332230482
183.39129048506973
183.7734652660999
183.79611116336517
184.66733793991534
184.97197516586098
185.03731575262077
185.08728745057104
185.16351316346254
185.21406294100154
186.54260934671825
186.62206390155373
186.63137875740125
187.06602955642933
187.1673927398662
187.21045634016522
187.85849381364034
187.88367317467487
188.59170611162432
188.68391391908892
188.86557503908787
189.19771918874326
189.47219643064068
189.72652092709734
190.2344519032049
190.53940843334902
191.1624093498979
191.8415579356359
192.06070955000615
192.36783621859175
192.3925743686204
192.64568908235498
193.0105382536166
193.1831096066627
193.4906623356454
193.78340865572514
194.20040883983782
194.2388437874686
194.32303126375805
194.49975645815056
194.59010587336186
194.875731032818
195.01450976901145
196.10694520724425
196.39717028549305
196.45819604743363
196.5311406818783
196.6741108524782
197.01707100470017
197.27424636670375
197.4551633729066
197.52862419024257
198.4893657584449
198.65393636622608
198.97036934160766
199.02262539620693
199.33442793104
199.53397850012172
199.6591133325443
199.8910708897741
200.13462556563854
200.4478683756413
200.4654079048917
200.54116545162535
201.05124597339906
201.8263837321655
202.40275236789822
202.54390805899325
202.63763964910157
203.2049682930678
203.44981637791116
203.54027243355256
203.58741585771864
203.82991973412254
204.23111558578518
205.25337401427683
205.6374122963238
206.0646979646182
206.3487121478949
206.3980881195517
206.84178499025558
206.9472555215985
207.2568275708748
207.5715850490104
208.1433005930902
208.23043938663997
208.31991175565219
208.3675680143718
208.53212874850865
208.7839674809122
208.9840150590749
209.25966352751425
209.7743026891892
209.95062674229706
210.43738145252848
210.56709632031243
210.7420739034008
211.1783054569019
211.2054463024796
211.39561200122776
211.7433633933416
212.0186261809994
212.70715824697487
213.2932500485774
213.5021187772645
213.63595163711392
213.84509007646483
214.2616292916358
214.5025471995284
214.65449385982907
214.93406527414663
214.9664241893806
216.48276260771303
216.77484465652412
217.66325564617617
217.8848188927262
217.99551021743775
218.21377373093168
218.27101732505656
218.31633448347517
219.29129310874603
219.34402887590954
219.4287165854905
219.4827823806133
219.84085735317274
219.88884420244023
220.5714365441903
220.62423649251286
220.77362696234457
220.8585574946592
221.34351119453254
221.4240284954696
221.89087439992178
222.25802686949794
222.3352703611349
223.38166352077084
223.45134600735787
223.86799377485022
223.89553495832044
223.94010304706154
223.9858007132336
224.5179848151233
225.11441566610426
225.34565896065888
225.34759275647073
225.92458254598316
226.04222823098416
226.75480920873562
226.81092572012585
226.89007262855816
227.2942396319114
227.4711968184289
227.6274062804961
227.67057497139777
228.43170591921387
229.1230064541402
229.29671358268104
230.4571403471425
230.52049412009183
230.7701828922802
230.955279426024
231.3884112500155
231.63078575954458
231.7018807153555
231.73271923238875
231.8389042444171
232.51085430734776
232.90834024677633
233.20659473521138
233.21944529418687
233.40442849542492
234.37796976636955
234.45289466710253
234.57368153581365
234.70351665597275
234.91119668059667
236.07753564398217
236.12667081740273
236.26345532764165
236.41042459283256
236.55095270429223
236.61462697638328
236.82570119795164
236.91519092336378
236.98107345262486
237.63922678534004
238.37577472741845
238.56543319979951
238.9436551953893
239.05225529824014
239.10015026650106
239.39453196536618
239.56708797068566
239.64182047941557
240.3262469389262
242.15074937519827
242.19679700157647
242.61643563577124
243.10291644680987
243.27113110783313
243.94775929248362
243.98157722107754
244.314594182476
245.58787277101524
245.79160730291466
245.92779210277908
246.18034956830428
246.24085646142913
246.3177346322781
246.3613462479573
246.42522980767387
247.2153739957203
247.869611842309
247.97709150740855
248.31972258427686
248.67622611759276
249.1242417559331
249.23123268661496
249.63394149879034
249.828155602442
250.13080387569755
250.3242875736443
251.68948544862505
251.791386513114
251.82348027712547
251.98949306730526
252.35072620630984
252.4283911930392
253.27406062935182
253.3084516699376
253.4940603905392
253.74130087315862
254.5070020114574
254.89187302350518
255.11814518831153
255.31733412749495
255.56743974096045
256.134051669622
256.59053907779077
256.70802906238197
257.2542949477291
257.3228711828923
257.4015358547439
258.1250463115989
258.6892357908477
258.7991075804384
258.8190755357116
259.6558268110424
259.733157293564
259.8333065035217
260.11501172085
260.2421090348377
260.9351743637892
261.28230955270243
261.6735491521192
261.6866963611146
261.7479209528021
261.8847111373801
261.9735829894694
262.11734465064177
262.5396001572933
262.57786853400984
263.0420261709069
263.6330903577847
264.12144234870607
264.74365251700675
264.86343558922607
265.5979920620463
265.80602088503804
265.8413807485049
266.15127950844936
266.6002258913916
266.68369759521295
267.3751841791811
267.4353454439818
267.534050742049
267.5459916106302
269.11807503591155
269.37230822295055
269.55332866483957
269.62173539046313
269.87882572315505
271.2038500026957
272.8045703399057
273.4600356967443
273.5299794566007
273.60753093340037
273.62440445151947
273.66901142919676
273.92734114677125
274.20132239875267
274.30156403005674
274.89020332192524
275.1363548089806
275.86880842598663
276.30145851103106
276.34815251109364
276.5515431687261
276.70952382076194
276.8384601083251
277.8268074164903
277.938567284634
278.1526675302028
278.2138057276607
278.3078283591028
278.55765592595577
279.6465927615266
279.79154231593475
279.9874208976835
280.0347141027746
280.33680899097806
280.4780545139762
280.5657038459327
281.1228038408077
281.3611580255817
281.7396419310289
283.03617387143834
283.3540465341128
283.56605329439225
283.65424683318173
284.71680985290453
285.3969783601057
286.0566818273014
286.60625762894455
286.8495411637973
286.8738129400155
287.4620462097227
287.65410067607206
287.6672485941047
287.81891587848014
288.3118186902671
288.5094964956439
288.876351209915
288.96165932901584
289.72130606893813
290.10345071585806
290.4509698790737
290.5397817510191
290.87863135796516
291.0239810366703
291.96179074358923
292.40911443267026
292.88215761931536
293.0362234423008
293.05388392815007
293.73509256708223
293.85153910855416
293.87197694525514
293.988473542243
294.0720621313625
294.3739962966849
294.6671200693051
294.9115319303113
296.3215171980317
296.8205142765459
296.90004739078364
296.97626413246354
297.17553695746557
297.5518026666134
298.14774754071715
299.175482598804
299.86731676149105
299.97797867473315
300.02809946982313
301.60588870023713
301.65590732587214
301.7540158296524
302.11357515858873
302.2364299436317
302.39405523430935
303.15680135594005
303.28649369554654
303.4804124689561
303.7608157997161
303.83998149511046
303.85733087337155
305.1230445054428
305.23401307715307
305.4220313231467
305.5978763553301
305.8419338667422
306.1551265754491
306.3699405717798
306.4772098099007
307.05860267495086
307.0780089656182
307.3798165649055
307.7773834821084
307.84595502505476
308.4257203133618
308.67504582597064
309.34586939701404
309.5997378735411
309.8748206098971
310.7142166430537
311.04350403846973
311.1039544909397
311.292215391342
312.0271291152394
312.13531312091305
313.11735823625764
313.21373074657635
313.2775533885896
313.8324687608092
313.98152691861765
314.1086322992753
314.60998232739115
314.9480596227014
316.238705241387
316.31136765210584
317.20608370405574
317.35763027976355
317.9799243182104
318.56929626260563
318.83783729430286
318.84763467634076
319.19219975388376
320.0943135576517
320.26911417579305
320.49214119375586
320.558846287007
320.7396179297589
320.78147338870633
321.19422624940336
321.97255620890667
322.6317156445791
322.7393375379534
323.13856472867946
323.19751996979164
323.39571372615217
324.6897911750152
324.70454374023086
325.22667702359814
325.6266027323003
326.6513890276259
326.7014582614374
327.06119260083534
327.0998131195659
327.1164611243531
328.032025358285
328.10548677817064
328.4781921080567
328.84044186107417
330.30642236711117
330.45761641428044
330.88839590454756
330.98268120584464
331.20623749328126
331.27680825457406
332.56250128104466
332.71358022916206
332.89386361348534
334.29754602819264
334.4613110880414
334.5875054142447
334.9330512182599
335.4532804841687
335.6771626667976
335.7058959203939
335.8257534468059
335.9141420753974
336.03674277932544
336.5261331259722
336.53189861696694
336.56813428104107
336.9349863954776
338.48685643185786
338.7552157926083
338.9390190076628
339.5540079931626
339.7752908184844
340.4520853125298
340.594792132711
340.73898253217294
340.9674235571533
341.29215862042145
341.8892070579827
342.3990417371174
342.46211866548043
342.596013521332
342.7380000501635
344.2253075492993
344.4193294407566
345.31122705934473
345.8125840200398
345.89534023842106
346.0538705216041
346.5652853389231
346.6026307487957
348.30951231293307
348.37750990438104
348.45157873791396
348.49467519268853
348.8843546136346
349.0427224062672
349.81095596054126
350.7238790506978
351.0597592540849
351.0684168348803
351.20145578649664
351.39765811265596
351.52507471584045
351.6539376314315
352.63321910154383
352.6657410213297
352.81225136968646
352.88192905759576
353.0182861277902
353.0642975042715
353.185873273158
354.5038880148785
354.6233038570626
355.0302716372738
355.06797050878373
355.29393147315477
355.43499393521967
355.8655247622446
355.954168397294
356.08794227204174
356.5883303382102
357.0965632863826
357.57262435021187
358.21460184921267
358.38362414914025
358.53531604287883
360.36161023674265
361.2304033469039
362.1754419427091
362.19028576149753
362.31698117253967
362.3444849529323
363.068476071916
363.7125702057588
364.0181016029468
364.0804199551543
364.4453075304276
364.5819956621486
365.67990685663665
366.8128153221017
366.8830901358906
366.97967937638776
367.24867236796933
367.3359821572199
367.39608421245765
367.58079963998466
367.59802260764695
367.7815039557053
368.248083748431
369.1321923260358
369.1905858608993
369.5821871378163
370.5431709503831
370.6392040319971
370.6673724206667
370.8331116924406
371.1479682900857
371.42209194852995
371.58558550295186
371.7016995339032
371.8377964870344
372.4077589953007
372.928038954758
372.95033582006863
373.11323701314126
373.61430717260185
374.3479052871984
375.059959808645
376.1238126889811
376.346207563506
376.8859877830966
376.97473943160514
378.0464732983969
378.4537135293945
378.64647345151036
378.7134191459761
379.35604727756436
380.9683450270342
381.10050510736437
381.1718485152439
381.7181403908901
382.6308219769913
382.9318556838618
382.9668762662414
383.86247371727194
384.01208280299943
384.16217466460694
384.2983624061895
384.4872299329521
384.74918589555205
385.6204676538365
386.1038357973331
386.1896389968986
386.4886009911152
386.9233469871251
387.09270462433295
387.1641750743357
387.83201436178456
388.06206885495675
388.4920517462351
388.66811138959054
388.70286064003466
389.3820485957514
390.0270009816569
390.2819686179127
390.5204059486777
390.87267760622905
391.9696954877524
391.9899248864171
393.10961993453395
393.3967860269228
393.6138482574016
393.7990567778319
394.975070375841
395.1071589337812
395.11687963714286
395.602374933074
395.62838268656316
395.75095897941156
397.8799961526314
398.00779567387093
398.7833860492399
399.4749893946031
399.8468725154042
400.40961390874565
400.7752007472918
400.98318889099085
401.2652730135638
401.4643180700098
401.5510727974557
401.6093079698176
401.7821479648619
401.93721518789613
401.9858388290802
402.4507632899488
403.4056998648293
403.78333227740984
404.07647028217866
404.3571291414077
404.8084492271163
404.88100951867
405.3634611879489
405.78678981511786
405.7995430898869
407.3277838641853
407.7824065189699
408.9636406524111
409.137495409814
409.2754459465079
409.6307145384917
409.70075665022193
410.6791355275004
411.0958099853736
411.1052856957243
411.24620274689835
411.88666634694005
412.9271507194743
413.9595909076253
414.3929605447167
415.17951002775493
415.28954006381326
415.3048714667793
416.3826804603959
416.43873820303645
416.7178956066404
417.33578684800204
418.0463059957298
418.0744873711043
419.15477506361714
419.4654366473489
419.79167093479106
421.09574796638924
421.2667850229449
421.3216535644034
421.3723285086611
421.38813510551154
421.4671396192516
423.0538813730955
423.46974023976276
424.3844228901344
424.6937371634654
425.0185867127537
425.08515320332236
425.22657736461804
426.00394951680494
426.5404278100977
426.9653021701238
427.6694232576393
427.77948880027486
428.7902898136432
429.18969400125707
429.4342306952444
430.6102108964755
430.6291553006148
430.72132126828154
432.2074520533401
432.85957719464125
432.8676089027511
432.9870247760185
433.01490045173585
433.67902310301224
434.53435834417854
435.28242139963334
435.76671264686615
437.2335336735923
437.5368543609471
438.2151630629586
438.5869146933824
439.0657432205639
439.1746892176198
439.5379593916481
440.7624837686697
441.13219365539226
441.5407086346584
441.7096132959924
441.9070433393799
442.77289441773974
443.0969638917713
443.8242852774916
444.61312910393013
445.04320350024227
446.86847553784173
446.87413874652066
448.69479532115844
449.22682800166484
449.3950666118764
449.50133666534197
450.94023028293947
451.0575267596803
451.3735746412319
451.5824557113862
453.5074694435594
453.84373087719155
454.7117358732262
455.41494089175916
455.59840164719265
455.7006229765335
455.9961035261116
456.2301590707691
457.10238381535754
457.16070269721024
457.4670656357841
457.64142573627413
457.9964355246273
458.00709447149603
458.6976798258266
459.5987285829829
459.99919651149645
460.55890252214033
460.84300626876217
461.47002242499417
461.5628162247321
461.6051994214335
462.01400694251697
462.0273167137586
463.50953211091354
464.91954336954325
465.33459315438677
465.48735882542087
466.4470454056719
467.09607809917884
467.16001032698654
467.7919950056734
468.77955420565144
469.39935449414264
469.425860285021
469.5133237727955
471.464731935588
472.28552567513765
472.3958079601969
473.1885213844337
473.3972516880409
474.23973807858846
474.30817742477876
474.5551623609258
474.57904521656945
474.84257807578643
475.57779710579433
476.1104396902004
476.4427453161846
476.49724051092505
476.84346966897266
478.45264052624924
478.84418404485257
479.30064735386884
479.56784414965813
479.6192887831901
480.4138149201405
480.46779443090634
482.3607803675415
483.2840795385041
483.311033056093
483.59592368217955
483.65549460155984
484.1859360200593
485.27936582780075
486.00515284250343
486.58744890280724
486.60666535138733
486.82142908140213
487.84955961259084
488.1091910928119
488.22174859758337
488.2357446443307
488.2836184228796
488.3439155341804
488.4040583686625
491.13138269931625
491.6851798571141
492.79261532197813
493.2360594080895
493.55086333833196
493.6550046443829
493.79661179392053
494.07470819309543
494.4184413024211
495.1228721701637
495.73661277955455
496.0729701056771
497.68982547283855
497.91649921335664
498.0679787166995
498.1251486927678
498.2830323381325
499.3398592920227
499.6245983613764
499.68514413711665
499.7678234893702
500.0132076848505
500.493494962938
501.1206843979579
501.44982246881824
501.59349785496863
502.2626502537515
503.14415344774983
503.4376206321977
503.68655809783417
504.5347615814351
505.2374511686183
505.3970667572296
506.66089112697534
506.89298753418166
507.60268264616127
508.8226285957953
509.3506688740795
509.93266933042173
510.1379525521082
510.48692787712156
510.63289443787636
510.92679312238005
511.6323785583552
511.85758991080934
512.5223464862793
513.0232466983807
513.415151970078
513.4328173215501
513.6952898370782
513.8245280399055
513.9980241310521
514.2802941766721
515.2934739619271
515.3856776548283
516.1584181483894
516.2050988657736
516.9048809356468
517.3074077077287
517.4033786940786
517.5950902277464
517.7451840003008
517.8213140894626
517.9497962622072
518.9336698320077
519.2942429241328
519.3405150720336
519.8332953854953
520.7625046885385
521.2350297656474
521.5484791496958
522.7173125933033
523.0542649432738
523.1276599397062
524.9099873235173
525.8578756206441
526.0108393629372
526.4484467996369
527.119318802724
527.2426514075306
527.525683652318
528.6555916931139
529.9816432373146
530.2030113519421
530.2655091151926
530.8681349300198
531.0698792957953
531.5618794820989
531.7735839377431
531.8359213475184
532.1983829024628
532.4090636398498
532.6928717788319
533.203221100287
533.3446596160497
533.4371112856252
533.9234699649164
534.6036838888507
535.0917073500575
535.2097264870521
535.4075672011526
535.6281184713642
535.7576546640603
535.8048132573954
536.3373148805066
537.0653795934628
537.2424651236909
537.3818527111774
537.7719421453539
537.8729334792724
538.7301532317737
539.3325134145462
541.0456103845063
541.1687592288737
541.2494535418668
541.7116809484343
541.7633513714285
541.9540110223322
542.5118043941068
543.0918565620271
544.926558884622
545.0494074794
545.1662624793211
545.5537189600176
547.1733924371392
547.216212734098
547.7151409668807
547.9272016129878
548.73589614216
549.1711789774677
550.0542181154601
550.258470564967
550.4598685388903
550.5968807234921
550.6950125432867
550.9790023806493
552.0483484057463
552.2421108430857
553.3029869528651
553.658511717368
553.8130829177223
554.09204278848
554.1320806694963
554.2526918302935
554.2914306147352
554.9178780768693
555.0797250308965
555.5615915502003
555.7654279490258
555.8750456869045
556.1447839736028
556.4224703266535
557.0809104477441
557.722509446889
557.8440477013834
557.9216453814507
558.131660388379
558.6099806197766
559.498334505477
559.7676028461942
559.883079471984
560.083591115007
561.2295417588143
561.3262169460396
561.5049656471714
561.5097558183961
561.733151154395
563.0266161918858
563.3434622680262
563.4688405314555
563.67219072427
564.2528070618132
564.7388730570145
564.8074317784749
565.0562145850897
565.3400205662064
565.4461021268214
565.8589467059044
566.0542038949476
567.44078545687
567.4506665963904
567.6550009142692
568.4224976685894
568.7458142065339
569.4556448334439
569.7029691067243
569.7209122924953
570.4178038781971
570.8010267310144
571.7275662309246
572.0244700000881
572.1394956629878
572.5577298182744
572.6306179524132
572.8564769445072
573.0994405468706
573.2684945894254
573.5398394599523
573.700774783571
573.7799106826072
574.0009865420568
574.1045687711307
574.6268724624869
574.662648521078
574.9375767533745
575.3060345326327
575.5309810070705
575.8659965226998
576.0795125233349
576.3862804771467
576.644385367679
576.9347481531845
577.2841258570583
577.4042236183896
577.5246003575165
577.5749407027282
578.2272205341717
578.2653995248559
578.474282195591
578.6082815616197
578.7277703917666
578.9389699802146
580.0173410466607
580.5756440165986
580.6252579019363
581.7281154874565
581.8245941759035
581.9107659771819
582.4916119988269
583.7354494550812
584.1610875198047
584.332639539563
584.5053905371205
584.7126346686313
585.1019236758319
586.0087251984559
586.1959821850742
587.4703097307952
587.5979222376919
587.6199908525639
588.1720495450122
588.3840149484096
588.5611674111528
588.9768326062909
591.0194847643259
591.3343542700496
591.618911908546
591.7790495888337
592.2554767244837
592.931755265256
594.0299388309147
594.0537722908165
594.2668768610926
594.5333272669418
595.5656843094167
595.8918325703621
596.141072716699
596.4022975827562
597.1506663193481
597.5300792261074
597.6691866812891
597.8343065909112
598.0999572423842
598.4660282200207
598.4812030304874
598.7152364133613
598.7572939268335
599.7084448078822
600.049009942877
600.2630001107439
600.3840332410199
600.6068783950834
601.5181544323734
601.6175491769739
601.751849306162
601.8181316658382
602.0501521146167
602.3620180130334
603.6336002594563
603.6802072581286
603.7131159530484
604.3355134791094
604.7548016049514
605.2181100029961
605.2411603928706
605.5522934298107
606.997059847223
607.0261163748717
607.4018350174396
608.0368098258439
609.16385539355
609.5409172913849
609.7682615128718
610.1536057497501
610.5178169929648
611.1401651603641
611.8070367022095
611.998470116039
612.2783916092964
612.4319120402288
614.4435871709818
615.4128545124446
615.4995923380193
615.8493054184036
615.9521172780891
616.2474751068871
617.0913827690624
617.2052979243415
617.3137578509055
617.5471185559416
617.6337733207212
617.7529697082016
618.0338869155497
619.2266279945713
619.3373775067471
619.5268963077547
619.6547784629098
619.7312997380648
619.9500790289725
620.2409555953741
620.4422542224594
620.732591683663
620.8024945313734
621.2428561642608
621.5240335722657
623.1866689135392
623.2916890471463
623.4469952477982
623.6803275726361
623.8040373761372
624.0139135787847
624.8757297808198
625.4035402065838
626.4706102280091
626.9872859966861
627.4487342653674
628.1379941552389
628.5022845522711
628.5960857880347
628.6177022695438
628.9802298964013
629.7577233346798
629.8176238200942
629.9371410736435
630.6652817319258
631.0364037278905
631.3212574725272
631.4829597634622
631.933638672229
633.0307551112828
634.1335640668555
634.4812354884654
635.0620766618011
635.2587870988291
636.0784231115898
637.3199470662289
637.3250732901145
637.6821089934176
637.9896225695178
638.3132699803831
638.6569807754273
639.0779757517438
639.4191952883265
639.5598968887971
639.712040894241
640.6021944634599
640.7063242908949
641.0094912377366
641.495151206513
642.1059304794701
642.1326878269697
643.3979303360364
643.555220314478
644.0346424434758
644.1153170633648
645.127658768082
645.3361398081361
645.6905332327926
645.9231605524594
645.9751428111433
646.5352239364744
647.1852661968505
647.3033443173493
648.0351659640776
648.8736927946355
649.1488353633522
649.352946888329
649.40939774343
649.7256329722958
650.0295121365596
651.0510509682116
651.4269063213139
653.0811717454623
653.2953081051936
653.6025015420586
654.1129617547649
655.6667743255567
656.164481674025
656.2226776284247
656.3564880951783
656.6361344818272
659.2720322173369
659.4417799956959
659.4823324999098
659.7375462278204
659.8470859388348
660.2484434891539
661.426332038221
661.7545336903917
661.7967123275681
661.8389259311797
662.009514521318
662.1646098263456
662.3974444229459
662.438984155363
662.6408148061629
663.0226814879828
663.093862882105
663.1870912062184
663.736560520824
663.9160359359291
664.0597398728561
664.2267210487405
665.7788710735572
665.8848873670001
666.1410956318424
667.1838589642888
667.6325565856481
668.1848641927322
668.3332915098979
668.5433462925905
669.4604900800662
669.487189663506
669.8446802549449
670.4081644248351
671.4940838833745
671.696428411068
671.7369223894624
671.9684008476244
673.20001489779
673.2922031396512
673.4873825502092
674.7066480905236
675.5951429827477
676.49697538537
678.0433912601394
678.0982422322797
678.3692747394133
678.3865929501693
678.7614612719317
679.7859635479342
681.8248967573559
681.8770372863393
682.02472032829
682.4314304062708
684.1545117146441
684.6130489394469
684.7855804797917
684.9250288057525
684.9389584305933
685.0506288007548
685.6196532589739
686.1964170252309
686.3316875451148
686.3523544925965
686.5616352870417
686.8835615286218
687.6114492297107
688.4050558164396
688.5594274664431
688.9896655558545
689.5706867958511
689.7202663844135
689.8258909230066
690.420125277956
690.4384308336171
691.0804292491815
691.1808071898947
692.6183838382112
693.1312441677135
694.0578952840273
694.2184426931778
694.4339877200858
694.8962110133314
695.3709752153586
695.6241464143474
696.0440984745575
696.4172707876006
698.1477359733344
698.3465567770421
698.3989654335348
698.490695961589
698.9726563551266
700.0286752867396
701.2266708422468
701.5530681309037
704.1524780463678
705.0721128613494
706.0091031629408
706.531416198095
706.535601945517
707.0736130285188
707.259503995502
707.6703069779833
707.7049423335998
707.8520125119956
708.002059248929
708.4025821244923
709.1043929190225
709.6928952683927
709.8052136891109
710.1464496373247
710.6804485207379
711.539702323084
711.8688541193447
712.421561715197
712.8958069031769
713.6368431883725
713.84789330681
714.1585850283366
715.452607644518
715.847141439953
716.0361880146281
716.2825602982174
716.8380254989784
717.4671591577537
719.3646607811914
721.4630171639889
721.7439572540763
721.842818369312
722.4135946615764
724.4010966279754
727.0828434513397
729.207777347466
729.5269193336525
731.230353380433
731.3603857021044
731.6338466192235
731.6700702479303
731.8022502361435
732.5222279352381
733.0329797107603
733.1608330037235
733.513399418588
735.1578116042216
735.5513403903519
735.78085703262
736.4165617934123
736.713530640236
737.2030627083344
737.2136820945038
737.5632539324462
738.0298101212729
738.7397446030252
739.1148689291609
739.5885409920901
739.7505894533285
740.2629852146509
741.02054994263
741.6074463755822
742.6945377341694
742.7251787083748
742.7400707914946
743.5301024886463
744.009762721841
745.0649802459006
745.2505884636488
747.9548451370913
750.2293089606932
751.1575930220463
751.9955661187648
752.0861903482651
754.8223648641554
754.921700594227
755.3813698661435
755.8482085940458
755.9112526840222
756.1270166567451
757.2815601438291
757.6551390591342
759.0447127399888
759.5451508005876
761.0715974458623
761.4223711755478
761.7833099915534
763.1787344435445
763.4360636401921
763.7281276277778
764.8674907104579
765.027234246218
766.6498576680378
766.7766751296782
768.3181046121213
769.0661828485102
769.295253747599
771.878390562617
773.7163285709648
774.7466301439301
775.0774900069857
775.317524591359
777.873744522159
778.6534944934252
778.8569808595514
779.279603091974
779.4086761161177
780.0940534117872
781.1989130656781
781.887314402236
782.9753780376755
783.4615367833081
783.4737703145091
783.7430418058048
785.4996447882301
785.8374872663337
785.8958406341236
787.3763445778247
787.492493344205
788.0771809004884
789.0505677720508
789.082756042601
790.8711511758355
791.8062326663043
792.3903810355246
793.2500335978237
796.1279735939387
798.0766953650949
798.7423194328464
799.4072818910267
799.4364747734897
802.2698205047894
802.2921736378354
803.1504287075867
803.338703976321
804.0375643715136
804.1585598600594
804.8761558145886
805.8711650254331
805.9131716044166
806.295125825617
807.0260288121348
807.2729600053926
807.7443146211319
809.1687416836904
809.381210196107
809.6075290652159
811.243492647299
811.4148724577033
811.770505114157
813.157214918311
813.502117621958
813.6106942765248
815.5060153274242
815.764399851292
816.7225264190599
818.0956089638289
818.5046698332276
821.7845956228473
821.8077576357477
821.8496517375955
822.7762168329401
825.5152625581427
827.6055636438524
829.6217637236086
829.8350552957987
830.9208684387793
833.4603472393667
834.1380113493763
837.3375998336118
839.0194381558157
839.9971967840042
844.3003131115687
845.4385619223176
846.8494643358245
849.9667774395759
853.9191557611748
854.0737542235865
854.1338700923276
856.022276678576
861.6707391295957
862.4571391075942
862.6276107799814
869.286766905716
869.6867899676075
876.5057414871927
878.1691020233399
884.1151671347066
892.0853509502394
900.4650302632931
909.2349989705167
918.4038881941483
937.9078499693396
1000.2031877287288
1020.2569022412686
1080.3065204433726
1101.1333042780468
1121.4890422388894
1142.7204185500354
1163.4681141127123
1185.0900950815592
1206.2265391743542
1228.2327020319747
1249.7599696298312
1253.54801563615
1272.1352959555668
1316.8914170299386
1339.1874857926882
1343.0565272040615
1362.3757122158975
1385.0674324406252
1388.9648414896242
1408.6561925862852
1431.7404352116941
1435.6761256599304
1455.7471327232058
1459.572158618525
1479.228340466088
1482.8959052564173
1503.7325807986253
1507.3287724955255
1527.63274855187
1531.0277545807082
1531.6482629817892
1553.772734012415
1555.0713638401605
1555.6028878044358
1578.025383696798
1600.2441932242125
