2.904024552641133
4.542520771306759
4.8821128020507905
6.476285869270274
6.853422252206432
6.865653792998293
8.39200254434212
8.42187289472813
8.836956487175865
8.851125152351692
10.344725810106986
10.375705962199037
10.814444990504358
10.822020031259772
10.823866637550083
12.281767754029728
12.293935100398222
12.33163950903487
12.758431083647991
12.795397097147031
12.803106112947352
14.234386802058259
14.245165206469842
14.28588583018206
14.731683929886392
14.774418079676684
14.78386840566415
14.948432919698316
16.185769920210276
16.199954649432097
16.237160231814045
16.601696727791005
16.715472017863654
16.76009550504158
16.932165571822907
17.568443690633032
18.15137306502681
18.190971635488694
18.55787386313662
18.69478460646109
18.73413366664638
18.91428723497611
19.474497881577143
19.566696813281492
20.117178515535194
20.156602529610705
20.52137626245146
20.600170414010208
20.66597009675198
20.892230090267756
21.434011105832965
21.55064259714459
22.122019849520257
22.489526144490913
22.555839544283614
22.600991884158514
22.814768552077215
22.84779921272136
23.403360354538357
23.532186103711158
24.025830437011972
24.21950124235108
24.47918363194277
24.552591496868942
24.701197170617153
24.793520555501086
25.373000766106564
25.495793186704113
25.996846830408067
26.476199272141255
26.499924057162367
26.554206413025213
26.69629441694782
26.771610826644128
27.26461077098461
27.43762485905124
27.838228598104592
27.973011999102958
28.457696893158953
28.528891100371236
28.75080046541184
28.995372501674993
29.113362468794655
29.524851501940248
29.807357289588793
29.9504563527839
30.311273115178416
30.502435492953225
30.663971380843766
30.75131657048592
31.37854027727434
31.776057430005487
31.834836140768022
31.94026538643418
32.03302666741218
32.17502728872042
32.48864647178173
32.642663640460235
32.84974164765617
33.74007688479973
33.760882758279344
33.997873844588405
34.3810541470875
34.504682314511015
34.6298981463714
34.681450924925464
35.1581861440921
35.187858953958866
35.61322488109664
35.72564315759834
35.97106667370846
36.57932092983434
36.588958879931816
36.644519284940785
37.15396802391062
37.21532925339171
37.55294947678999
37.75687623917282
37.944434443454696
38.10682751259927
38.55771359351871
38.6374015088713
38.901267105359956
39.148880677046826
39.44603752934926
39.90687128052447
40.07812385616416
40.536830271775436
40.62502510736395
40.75121615465025
41.131455166036204
41.17295015336773
41.48859184286425
41.57164242565263
41.75483007516739
41.93308502560894
42.066608265235025
42.51733091080352
43.01662223378002
43.157843226829705
43.53113644519779
43.648825499396075
43.90147599644802
44.0560940821761
44.41928049864206
44.48413514259728
45.24218690040199
45.353549706738505
45.509793426128
45.62689740238376
46.052742220877796
46.11333175215373
46.36759516501871
46.90760176948843
47.33372180518617
47.47363992633833
47.55046914898303
47.743435321723496
48.05133259695424
48.25036739884529
48.46241730944052
48.608375954151214
48.863228360875596
49.17325521475824
49.322985708054816
49.47070868263251
50.08717661455899
50.226942703755846
50.7058816407356
50.819057500642195
51.048802118409256
51.254903464247064
51.418271822373974
51.899409640544825
52.46183319148865
52.62606952407858
52.66148856487233
52.78376235263505
53.02249465161494
53.09950792783316
53.23916131549295
53.41697734226335
53.764461203022414
54.57708321295106
54.738506099906076
55.03067598294983
55.08179379661615
55.447630362474406
55.630008767844714
55.71363651307419
56.41577971284004
56.52970044721184
56.629315478286046
56.631086772639016
57.07011226109533
57.11241275050114
57.255799905193605
57.75130301844929
58.041494061440396
58.47851140022741
58.553520027400886
58.71499497291803
58.749964350941916
59.094991199271
59.124954232595044
59.67591946568699
60.160452844166535
60.36026913113418
60.467734343354955
60.67267655677847
60.950533217082395
61.13733717443849
61.17167931262852
61.216748010695014
61.455677238965656
62.34907013801089
62.63319939911196
63.298526550890756
63.4958188785616
63.556348373903575
64.05059878504723
64.24668279613955
64.33483092578142
64.60310082715523
65.0799261800585
65.16866270649612
65.22870399151113
65.51883960066927
65.57363200777887
66.04613637678035
66.12894385266063
66.5458927253756
66.63608300984146
66.8534542284385
67.14668993914317
67.29199354466847
67.5747483130979
67.59333064428884
68.44654330976425
68.73132565330671
69.010767919491
69.10496818582811
69.21112269071074
69.53809887212711
69.82502544563793
70.30218567179755
70.3902746953858
70.41713164222459
70.60040225480122
71.07589363386526
71.4911972629523
71.62232926998794
72.07380432964278
72.11912954144452
72.37348478748807
72.44012965593494
72.8681882979986
73.05679065720157
73.2951793609633
73.71826888216934
74.0231917458464
74.42035529714197
74.55071324291696
74.92714483283854
75.10955027304902
75.20655550057721
75.71794909427241
75.86844263354895
75.98455691055685
76.07843342779351
76.2425125266724
76.45228204990738
76.86702120523024
77.60511746966102
77.93716975812616
78.46494849789
78.55237272653068
78.65523345145498
79.04452832507812
79.31829059981206
79.35607205148993
79.46027301966106
79.6352001713518
79.91974020604623
80.58397465254406
81.26382689886687
81.50350536040894
81.59059271491799
81.66007158568473
81.8120570997288
82.17524699718838
82.49426816760526
82.88464319431273
83.21453497048334
83.33708202432578
83.63800933715568
83.7669281492618
83.9679147298929
84.75347137112911
84.93354259461763
85.15329292841334
85.23582091641128
85.43959429642696
85.71550844880083
85.90640535998554
86.15995556635795
86.28001835327495
86.53828638879452
86.95412648428254
87.13543307717607
87.27314785671993
87.66915786649207
87.81001801789887
88.70191324086761
88.88943633379354
89.02892334693344
89.15592021411085
89.27998308245823
89.61452938859323
89.91311244850844
90.82343945081627
90.84573780008954
90.98323983273194
91.30638716486477
91.8008774632861
92.34658744759972
92.58088051639335
92.8034742410118
92.83324332019613
93.01208958606786
93.2089480454881
93.50203258668607
94.16193829287967
94.94729317759199
94.96988130954504
95.2546049040827
95.40667793502264
95.5231400673808
95.67777179231275
95.8003503088463
96.5357230981431
96.67184282135746
96.727400611045
96.91113092969272
96.93318215106719
97.27104190224088
97.30952636799012
97.6748805677995
98.58483011811073
98.85159739245198
98.89152221193973
99.06110886866036
99.30357730667261
99.65867683894672
100.37192696374784
100.53590625668721
100.80520239575637
100.92139714029777
101.09101863498412
101.59060015841433
102.22626630830436
102.78116877799212
102.79369184554778
103.10929373077033
103.2646952379808
103.361326127932
103.48017550304547
103.64247338918071
103.83387837900982
104.07779621860094
104.17752674034605
104.43948793963489
104.6996412294264
105.30505828048015
105.66270868645658
105.73373653925779
105.77644294812302
106.58605796916186
106.67380920419751
106.94594273894774
107.25662648871442
107.46954640033182
107.69080948697948
107.76020579363069
108.40589542166809
108.94520626283858
109.05046395477466
109.13800260080099
109.25193819236429
109.67496936310194
109.72664054009275
110.35157572794964
110.42714015991159
110.88306088890582
111.17494352661524
111.47663025361739
111.7993590746722
111.84429083116413
112.15112454544791
112.21544186258704
112.4146608010146
112.67367667052646
112.9659220788872
113.09924134277617
113.30168716389981
114.0671320061471
114.13065072109585
114.36490477229832
114.4378436090304
114.72892007549181
115.03220020588509
115.72615720789256
115.91013278459278
116.04602927841576
116.45950941589666
116.68276151491686
116.77187056185294
117.50202887364095
118.0084100060704
118.44547158603712
119.06282536217076
119.22879754391407
119.5053768491007
119.62708318289745
119.84381294312581
119.98089192266038
120.03861356647562
120.55807223091759
120.65213549431544
120.7543076331668
121.32495469650337
121.56413814837732
121.61856813983609
121.88718957885897
122.45303788344353
122.58805216563044
122.87704109278762
123.25898168875408
123.57168946972914
123.60999564992429
123.80876135531352
123.9625788752593
124.11954330293563
124.33211117647143
125.20980124238336
125.51097293056363
125.57637685178048
125.63781745436646
125.78515225981417
126.17971717668597
126.29436409242707
126.85233771898099
127.11096724934787
127.17981528943993
127.28260899677902
127.6601250317699
128.54112821773577
128.6841346662399
128.77147725800566
129.04090914483118
129.1433600683876
129.2556635206776
129.41349440969955
129.77186058242683
129.82121585136656
130.87641268250323
130.97302793602552
131.0440853960565
131.13550408218302
131.34495847647366
131.81109090504077
131.9697250964885
132.15665787032856
132.49767931885808
132.80637815108122
133.00416820257516
133.15550687375395
133.94516895083842
134.6872931976055
134.76756257252893
134.9253322633688
135.16582882327552
135.43592275886976
135.7060617789693
136.71977847542047
136.84781921836392
136.98884124640375
137.1985340174709
137.6604914333589
137.73190961902063
138.7293924640377
138.97805787620615
139.80357300764098
139.85789820605765
140.6063509628467
140.82018593319455
140.93017279862423
141.0301792155005
141.0830504828137
141.3740558765969
141.62961222361892
142.09024494751745
142.29454237441314
142.5282308063124
142.76422372078255
143.0118809153574
143.0856196321928
143.7608767557624
144.22200739000007
144.32301313185718
144.69935388232994
144.78813609325448
145.05012706887882
145.11324603604635
145.7052862983166
146.6095035364053
146.6768482249524
147.11695373116646
147.37576110459543
148.07388319446756
148.6626876712316
149.00072192159803
149.27627823259974
149.29476705668716
150.38161742626437
150.56358544992733
150.69977370051046
150.98586012141848
151.14662391328284
151.3744320754842
151.43509409726488
151.53432000607356
151.67806331604604
152.4756239212964
153.08476503882667
153.39373453278543
153.4562478884307
153.65984080613507
154.1647305111639
154.26062221760355
154.3710729106993
154.56611594096
154.94609486847077
155.05396308491834
155.2633962711394
155.41867944730944
155.65437854400096
157.00316715114798
157.20549386732813
157.35712795237117
157.46402655540618
157.99865914263822
158.35661660924995
158.60667039630823
158.98956308859667
159.9906971028893
160.60455254343032
160.66150084583353
160.88828570838092
161.43435161681538
161.55760054373576
161.85543510488029
161.8943729696559
162.0834943985763
162.1781423991095
162.6714542166373
162.80794713935876
163.64842477139206
163.7992345797948
163.8645330443986
164.10298994654917
164.54281341146327
164.86832607005152
165.27818016339103
165.5286288939577
165.56283263036119
165.75092380169974
165.78301716405048
166.1266830102722
167.53819648297988
167.71448906120688
167.9444200837591
168.15606653857645
168.29534709028928
169.3096319333939
169.70503895325055
170.26337745648232
170.6758614821519
170.94833858036813
171.08167684943288
171.5971068496823
172.5780935036662
172.65815795568025
172.9583827057332
173.00368205037614
173.05723132026503
173.1762656551588
173.26254240252865
174.04034309092734
174.82959989581934
174.9034775273335
175.0996579556315
175.18340685215398
175.27055843632297
175.58983402650549
175.85747883461966
175.94854197477522
176.01004986240937
176.85544652667102
177.21896004005757
177.9121470089409
178.2621644806368
178.7496104098341
178.8058050427971
178.93734081590105
179.25937843245103
180.81215270366903
181.3465899951044
181.67895863962954
181.9602979232466
182.54826588480063
182.56155211520792
182.73172879599466
183.3805083742533
183.6872171593259
184.44079761365788
184.5746153198123
184.60845005016913
184.67049485522418
184.87198629380646
185.01217012162024
185.66910054005925
186.38663715114592
186.58188230002273
186.66984819999152
186.69352836341034
187.08837545540703
188.264138850775
188.34283249150215
188.63357474935003
188.7033698943411
188.89446991725555
189.5369253109953
190.14675249802056
190.33353722060662
190.35078256887536
190.73279040769754
190.9568185676617
192.302626525754
192.73766984204636
193.5116946212735
194.05247232418503
194.15565509126387
194.2070756863186
194.4235363630562
194.50723995734842
195.1679559337563
195.7448201707759
195.99422143674795
196.1143662910846
196.32146996810093
196.52371339852155
196.56419099698178
197.59605662055355
197.62668463906977
198.2567037486906
198.40952435981123
198.54180464785682
198.5848831536558
199.21124698250497
199.59555339080808
200.21579482261504
200.54922327349186
200.60405407007227
201.00781248380346
201.555694374003
201.62697264022734
202.2014065208336
202.59807628121084
204.17626136083754
204.21246434436907
204.25513908716943
204.44858398381987
204.70405332996387
205.05680310709099
205.17432778331425
205.35725063567105
206.0795075591708
206.6732256040149
207.02724266839363
207.97087997168646
208.05789830142527
208.41601577858202
208.57783283979995
208.78984932070875
209.12404804909175
209.18641969352495
209.71240853868656
210.1208765994839
210.42798205930143
210.53442277708842
210.80772549206853
211.4650928543505
211.8717527998929
212.2455271482646
212.47847991853374
212.74064430464355
212.84146029545965
213.48757337144173
213.56158271606526
214.4536695866673
214.84852779507028
215.35687285800645
216.1481525507538
216.44030315096563
216.6323938515887
216.96250525833074
218.33376426680456
218.39533837728877
219.2836220024411
219.3115665209155
219.92332110710404
220.24627014973566
220.9337865661406
220.95441527824894
221.09343191466488
221.22630361753355
221.4330134460638
221.61134534782977
221.85437829655373
221.97378724716077
222.4595379717704
222.69104760692306
223.1721321830682
223.44749801495192
223.54565756255172
223.69717624448265
224.09605747354956
225.123758611361
225.41977602390108
225.46658144767093
225.74007771033538
227.0990398005363
227.18089727510673
227.49046528020554
228.5500938276275
229.07155746761543
229.15497709317765
229.28846339283734
229.5991219933936
230.97723328929686
230.99979573943972
232.1924920915106
232.3375818951967
232.45014778295192
232.89148007903373
233.51664448530403
233.65973343062623
234.00267981590352
234.25769750987905
234.4644391019396
234.62231015318216
235.15546683727842
235.33058976389043
235.42385601351697
236.21000556708108
236.34555140570228
236.4822338773485
237.7434524849374
238.15675300244501
238.38203621847532
238.49396208141798
240.13894714962245
240.51396311582343
241.14860616803668
242.14479639113713
242.4741990051375
242.6221364452666
244.03837799747762
244.8193257047044
245.07252075752717
245.75508648648264
245.90898549779584
246.99139101809058
247.63052921890505
247.67518258378257
247.69094180484177
247.86499376572132
247.8901988083869
248.39274799842795
248.4516592274435
249.67343510293387
249.89704534360357
250.248567932843
251.40358033164654
251.59731021421976
251.82515797764628
251.91266645639595
253.60782212307043
253.92618693801847
254.88321391619394
254.9485454814889
255.5541687085517
255.58496343590286
256.0339986912278
256.96650909798444
257.46221881199597
257.8800775156463
258.4260990305343
259.3636635380069
259.5570125091128
260.4963517282788
261.0733833040984
261.48272935585453
261.693960452788
261.7854720488711
262.04778319541987
262.7932759864701
263.29770141443316
263.44035818144175
263.69340860070645
263.7175619305324
264.8188892838364
265.40155931994923
265.7133479189372
265.8888843904139
266.5802849860456
267.37741820264915
267.5445558021406
267.745955007728
268.1350506610532
268.35687900474716
269.37914867025495
269.4038225786834
269.83635558166003
271.27347474415666
271.4275096595692
273.16336399463074
273.74342216922446
274.8774190339517
275.02530514120065
275.6031308600815
275.6871009636344
275.891063066052
276.02459768552626
276.21064246221067
276.6125240683648
276.8843650269639
277.8840856912318
277.96069964461554
278.21753095418916
278.61983462866596
278.9436852127845
279.5994624975421
279.9017639746309
281.59323135826907
281.86934353555546
281.9313532326928
282.1513566474295
283.5800073785738
284.02198550039213
285.20456886546725
285.4771839034875
287.3680751767472
288.31879445100924
289.0691459538998
289.2936985552838
290.128819938912
290.26328416643037
290.47235572041046
290.5297809677266
290.5998219026165
291.0619032263241
291.3811577571237
292.4780714868733
292.80981956421084
294.18389061235405
294.4740293849549
294.4815247440976
295.59564784834726
295.9843368181504
296.15900153258775
296.3531672145262
296.5046290282895
298.16963206863056
298.5905085541848
299.3490108710481
300.0600055379663
300.32796573618737
301.9324437572607
301.9537985314741
303.28153213492294
303.48041078919937
303.6791553228606
303.9923792804851
304.62957526184863
304.7494048976257
305.23023696032215
305.2860550963677
305.44291919835507
306.14008883704173
307.38062628107366
307.4425701770281
309.15703130906553
309.4431441560587
309.4523060339003
310.9037318019638
311.1420145280533
311.4657949816757
312.91663280610845
313.1452694590633
313.55630406856375
315.0483664020001
316.9209878737561
318.0464038378123
318.63253521248487
318.6446924578191
320.2272516108384
320.3313141546132
320.5863198662435
320.7949613136383
320.814186339566
321.1546738339685
321.7182125001905
322.32569203637337
322.6300997322271
322.7976138816662
323.8144472074487
324.63688022081726
324.7972041061192
325.86251787961294
326.5032082206311
326.81641105025915
328.50676554104126
328.86639060814053
328.9204684589035
329.83061526081696
330.40594618024875
332.27750669602375
333.083050706078
334.3703008809218
334.68753931228406
336.2142561170567
336.2989890634967
336.32668840242195
336.3992268421996
336.54268533733864
337.0789673500381
337.5736139909152
337.70590360616967
338.4607027215975
338.537403275709
339.07889842111683
340.49569700362406
340.5544214475542
341.2050992847581
342.2463394045055
342.50975328515386
342.55835239839894
344.25553215093885
344.3343883071608
344.58525349559415
344.6517317420384
346.15043083186265
348.0325445729386
348.43784776091996
350.49852972522103
352.3488448725076
352.4552469148126
352.6710157774538
352.8188022915879
352.8556983016054
352.9742632191701
353.39422029940516
353.41642179682054
353.44832748401075
354.0787531436889
354.1995771686038
354.66389200252627
356.663763650956
356.9313356421819
358.3818464367636
358.6748745226784
360.3921312662965
360.7636741832686
362.2913481872951
364.1512442959953
366.5528693083992
367.0052516165859
368.600145895599
368.8527513580981
368.9584835980704
368.9690773525749
369.095997977948
369.19086808739826
369.5381879638363
369.58751207542497
370.12130513286735
371.1625153653356
371.1815444572587
373.04557314415933
373.17272706997045
374.9048224409623
375.1812442553525
376.9076844359499
377.02538886041214
377.26715735671263
378.8065194048896
380.6727521273758
383.06049073228087
383.9000831094334
384.83567698414794
385.48758981601645
385.8671522338295
386.03600391280196
386.0909385795898
386.2243054065674
386.8762804152446
388.0738610145654
389.5221246940557
390.06796260270994
391.8095740093137
392.07382385857863
393.8297180750588
394.15474901672997
395.71293352942655
396.9521297832114
397.5734981539113
399.9511920465113
401.17966307022186
401.3671103654526
402.3860532906895
402.699369518279
402.93572657461425
403.00472109135086
403.1550576358565
403.3774967436296
403.5294158321836
403.95119700758084
405.3552698968814
406.2462689767808
406.4201662119345
407.3469862668607
409.350268211543
411.120539726479
411.4230065297309
413.00309559809097
413.7425440672099
414.86768106040057
417.20286622794515
417.2320364555376
418.8431411067343
419.68734494785065
420.82032760627897
420.9866785804032
421.04690277521684
421.5417603654552
421.66231136194125
423.01928421379205
423.28978374660886
423.6580260728892
425.0048481648136
425.0459683010322
427.0080396552788
428.80023890905755
429.0742867323127
430.6781354439547
432.5345537968073
434.88778823484677
436.88770644072827
437.782023627441
438.86759534085394
438.8757156594394
439.0974704985064
439.2420136956141
439.81117888407186
440.14945532482767
440.42895324257813
441.0640218805059
441.08804242539213
441.2840490143208
443.0397438518887
443.0625869787589
443.5141180627053
445.03696764098595
446.8543705775914
447.0981133888879
448.7342769066262
450.5734499458523
452.9192565402329
455.3100767325205
455.8147322226748
457.293127733572
457.41382960470304
457.52695592778434
457.8669725247405
457.9956117827706
459.2194495325423
459.4852326873489
460.1615348297722
461.4582596715922
463.4084618480457
463.44259094044264
465.30423036778006
465.4859552001277
466.7231249560273
467.15993339253146
468.4474323591143
468.98733800755866
471.3039625348605
473.268438622724
474.1063142528212
474.1230859037369
475.08659867101426
475.30859600528777
476.08367839281044
476.09454551084116
476.29081045001664
476.32721463948485
476.4672604869728
476.8082232066295
477.065551364309
477.2697647508315
477.46153065034343
478.27081966590197
478.28564764046723
479.158759609401
480.2356850101508
481.28351246428474
482.2027788703167
484.10015841318915
484.42438548976133
485.0015511695253
485.8828152401573
487.517572188994
487.7832189954
489.99478139483426
492.76855495822423
493.26235629613075
494.7981104858011
495.3231032171999
495.39030457120145
495.49050534440096
495.792014903269
496.2565508424126
496.66007161567074
497.42932074563566
499.3606751317675
499.73426457858886
499.75717239060674
501.1567479491994
501.3819470490962
502.45784535102683
503.1942475053655
503.3170520721542
504.8604940441899
505.12687969283496
506.92738184954027
509.31162172566235
510.9889031517604
512.3283362449505
512.4454047692303
512.7721460814961
513.0117157663585
513.8256776039664
514.6870686095288
514.8182172379893
514.957904190994
515.0697974323261
515.2660488438212
515.393983086685
515.6341013445832
515.8450334774413
516.4832308211876
516.7251464425863
516.8821784901836
517.0859169655076
518.785144619013
518.9311948660812
519.4290465812867
520.6054760301631
520.7116576076897
520.7205070047145
522.8131844441814
523.3227284480985
524.5787905320359
524.942426122339
526.5289246318601
527.874782112313
528.4447494936041
528.5662594429631
528.6739626369804
528.8359462470313
531.7417715840766
531.9131387606502
532.3607381284495
532.3883651919688
532.6561470025445
533.1026893557585
533.1871580924754
533.575610573585
533.9081444971072
534.215716149116
534.3741676289021
534.6350248713691
534.8471440452761
534.9020257555659
535.3875971029235
535.4784183510956
535.8866828872326
535.9486167404676
536.4270956399191
536.796517242785
537.16259096839
537.3863943682021
537.8259601357257
538.3713409071032
538.4404097821583
538.7896132441919
539.353435284052
539.4720242884479
539.8337904731992
540.0658526179681
540.2651084006341
540.5703914570744
540.7165463229242
541.1781217479222
542.0950796772669
542.715942551587
542.7653957621469
543.5032218418374
543.6940660183052
543.914284176094
544.818220178184
544.9376656356652
545.179747395888
545.4862472694721
545.7222503117682
546.1890419858807
546.3028341475728
546.8316899770277
547.4616773477999
547.7906759282617
547.8233777212625
548.4472674982683
548.745529252128
548.9438696171295
549.0851958386951
549.6858635528826
549.7339308349353
550.0125338480613
550.5412802582747
551.2962202600803
551.6318796750528
551.8055469150278
552.1281376343713
552.4216725754181
552.8460339079894
552.9373294641571
553.1781115945774
553.4551043521268
553.5024606768053
553.7263371078756
553.9845494674996
554.8375529420052
554.9436146574216
554.999316876736
555.0816639602152
555.6689237360205
555.7854533323847
556.1428406566283
556.2641159830619
556.4584900929192
556.5622838341052
556.6154405986879
556.873260738434
556.9397719680936
557.3108702975774
557.4002625135607
557.506689504622
558.842282108113
558.8764141479676
559.135528608908
559.3898523340857
559.9939233847672
560.743327786848
560.9671508953123
561.0556907768462
561.3809792600723
561.4216902493243
562.4183947060202
562.7278051399403
563.1689333848794
563.3852316059615
563.4830430462168
563.6289427174654
563.7500602633464
564.171291879151
565.0691329581339
565.2224823466044
565.530125919324
565.6443417906063
565.9947050666858
566.3258891407179
566.7538708089709
567.3292219454546
567.7266893494744
568.1206156097281
568.2469447186563
568.3623485706879
568.5064585867722
568.8976131069669
569.2750570064408
569.413206046857
570.332758050615
570.4096498916472
570.5872719757093
571.2362627290028
571.3358334855131
571.4135821462742
571.7841291190596
572.148126730731
572.4526211630722
572.5617176571832
572.5989213044951
573.4438892295465
573.4775737946972
574.0090692135853
574.288436813529
574.8599014028243
575.1437290221481
575.3114117013898
575.4248470490609
575.5109779557642
575.622333129745
575.8872266554445
576.1369720139297
576.8604259407281
576.9756730870424
577.0567113586542
577.2906990739333
577.4189165705513
577.5086229980326
577.9569161717953
578.0561169480854
578.1068823958391
578.5916440426944
578.8444478581849
578.9839634830693
579.2169670867255
579.4409788993714
579.7095218477174
579.7875352821761
580.2817746737743
580.6113818215558
580.844298881937
580.9440060966841
581.1024083958548
581.5209445975124
582.4461975310611
583.0423116248467
583.6126964736495
584.2857439626541
584.3680342033956
584.5422944982446
584.9596210524927
585.4175906102822
585.5615164535238
585.8046817745517
585.9931297013702
586.2512816657852
586.3160296317737
586.9200750406907
587.7294033944524
588.5091047180758
588.7716314551908
589.1461112537386
589.4209399040769
589.6045665323282
589.7482640074703
589.940144753619
590.2773979638008
590.4329828318702
590.6615420211488
590.8171017465525
591.0097221260341
591.2808922478904
592.2132519722328
593.0624849562521
593.4818141908996
593.7774237118879
594.051305686912
594.1835617233329
594.4801897538268
594.7615934706331
594.8599820979462
595.8069525394419
595.913441953606
596.0190468744914
596.2789683395465
596.6430885331316
596.898718864849
597.0528692946122
597.31589073235
597.7474690271299
598.2208043385659
598.3313802026954
598.6186313792682
598.6728952485182
598.948081635738
599.1975025735189
600.3705062710573
600.4847884933528
600.5984420199266
600.6892321354286
600.822264259103
601.0630487659763
601.2801852504381
601.5757328583728
601.6398992705712
602.0148835234494
602.085722154105
602.6865686641102
602.8972833968525
603.3940882037833
603.6937746316358
603.7930772972286
604.1344896909609
604.1651808776144
604.4509373122132
605.4282380798716
605.4534259029206
605.6927111279432
605.9943969067655
606.2602658291501
606.5931271640038
606.8177076148032
606.8364235360708
607.0117358224011
607.3812521584017
607.7621307456791
608.5331043377815
608.7829706996599
609.0573935914537
609.2156467514832
609.3458877290664
610.2335049100659
610.3085617022402
610.5406272598807
610.9979154358494
611.3062036776665
611.8504495823714
612.225813055575
612.5345625781281
612.5968157308838
612.8147148690846
613.0239988662081
613.5992990994143
613.9860099202608
614.16440893093
614.2492412330372
614.8179309926685
615.0726881195517
615.2433854061923
615.6737395214097
616.1623549319986
616.2415993752328
616.6891943957219
617.1442593680401
617.4234576897919
617.6696480371373
617.9697426573631
618.3335679300724
618.5120598170568
618.6401220660981
618.7770237282789
618.795570899763
619.1536912530906
619.484773554083
619.5211419511243
619.739283701886
620.3442833701581
620.5491692780423
620.7327260387515
620.8892227606593
621.0338906363194
621.1519055762036
621.2356404287187
621.4426765078222
621.8348413071005
622.2828817794152
622.322011119205
623.1396664883756
623.1707456126335
623.3085996466338
623.559048208341
623.8193749229807
624.090405061998
624.5300423149564
624.7892631955134
625.3193319418102
625.9238322472557
626.0036716718184
626.3647111711952
627.13274730465
627.3983740643686
627.7986236915078
627.967882254797
628.0146110538521
628.5537690166933
629.4124099276064
630.2381498004501
630.7291872205725
630.8380826966505
631.0213050947983
631.2434931491159
631.3453829670887
631.5245004583288
632.0085000435528
632.1812864330366
632.4411408979996
632.7606243727453
632.8052585225498
633.3626342099853
633.8702245731877
634.2307078484076
634.4244025670669
634.5133434866508
634.9899803432362
635.3587414567612
635.6307173047795
636.3709996379552
636.7166639232601
637.177332669892
637.287855081191
637.4550166413273
637.5934000589784
637.777995773755
638.1566021003257
638.3355270268647
638.6948171058289
638.9034435358759
639.0913900397659
639.3152864359778
639.3255189559234
639.7227984740194
640.2513528978143
640.7498416112754
641.2131661052698
641.444031789703
641.7601891394684
642.0093537041402
642.1308773919134
642.4085480975708
642.4904706766902
642.6245718070995
642.719930638791
642.8545452552715
643.0214976334055
643.3713457006817
643.853311751998
644.2706620742584
644.5566421703899
644.8733491444589
645.2156049406323
645.3455504946975
645.4902325433325
646.1654604336753
646.4673937486182
646.6623545134717
646.8096504816353
646.9715719915009
647.4622388441902
647.9109794036573
648.0738288134364
648.4117564011406
648.560675797757
649.7049830419754
650.0886757811916
650.6553628338381
650.8411852066406
651.5281494637017
652.0573746273108
652.1036575601388
652.2620874871086
652.4185343512664
652.5818330968539
652.9222710701985
652.9841575057842
653.1180415566499
653.695558275692
653.7391789498392
654.5357126834459
655.0538866974098
655.3057616934566
655.5549118446819
655.9498489048365
656.4811389689149
656.641043025015
656.7295129542605
657.2574586519781
657.4947199555985
658.2957625723061
658.4225484765872
658.6195209485109
658.7425871947745
659.1571102056043
659.6016377322873
659.8729727085209
660.3784975032472
660.6264647345973
661.0962037208919
661.1317855301951
661.5635866767866
661.9034284906929
662.4248115203907
663.1357208882389
663.3275602944024
663.4141200211561
663.5582049445547
663.6488278356976
663.9848460286033
664.3874348150521
664.7363112297522
664.8670249103903
664.9407739723357
665.177856846337
665.4371233079326
665.715240273384
666.3697589864635
666.6143162486487
666.8829485228882
667.1849254566436
667.5108717078607
667.6801011781052
668.2118612180415
668.332729552051
668.4089103805541
668.4935592580808
668.6684457695001
668.9183568566344
669.4020003048299
669.7349418074128
669.9605646366648
670.4035774272566
670.8289346311628
671.7951337042573
671.9531707924704
672.409086687648
672.5566776131957
672.9393657831929
673.4861036749194
673.7300222792857
674.0431305643233
674.4202628709717
674.7458523512421
675.2833770595566
675.4041066074545
675.9057934644107
676.061387729748
676.4066314019047
676.4871410257113
676.8004319698672
677.0089710090522
677.5936016409249
678.1463815904037
678.7002722065104
678.9459070545465
679.0944181476918
679.2548540899877
680.0557034616223
680.1109500158907
680.2106080740757
680.4196567007987
680.7132533500285
680.809289793536
680.9842807373485
682.2299191514946
682.6188750318038
682.6431252628039
682.928165360661
683.0635520467121
683.1477530461573
683.5636107118639
683.751417418158
684.0977885029057
684.1906149563307
684.2651143858262
684.3837221143672
684.6916374793335
684.9158622104078
685.0976132451175
685.6845377677288
686.2423774667714
686.3153810145363
686.7104616962351
686.8706352006485
687.0660191997109
687.3669057668696
687.4503750339164
687.7983944900204
688.0192093004694
688.2336083230551
688.363633925563
688.5070376431487
688.7554792243192
689.105153819935
689.3680748104476
689.548903415786
690.1605850510565
690.6796024822364
690.888782012277
691.4799693245603
691.5757824108563
691.6788874782479
691.944066377471
692.2313595124765
692.505282308735
692.7890789657931
692.9863849330329
693.1458936131314
693.250645555617
693.4133739738114
693.7256090626183
693.9075729135913
695.0585063773781
695.0951528039894
695.5540169683278
695.8843845787487
696.0601488733005
696.1923497486807
696.2890509284076
696.3480486788718
696.6797566386678
696.8594847657571
697.4145136183178
697.6647393061114
698.4733219440222
698.5745303711584
699.18343310873
699.4093923128995
699.8723883837138
699.8865757389723
700.380187420007
700.4974429710576
700.9451313281227
701.4173980693774
701.4977579597626
702.2915109685181
702.33828018129
702.5661586617985
702.6103909656529
702.9032751804871
703.0781556352914
703.3365030526222
703.7760154025995
703.8410716578827
704.2319886588756
705.3678055571072
705.788812348534
706.0308893181083
706.1571906114682
706.5969440419547
706.6388820595068
707.7761812764087
708.0334186928997
708.1779157812457
708.4816837319903
708.8040531618288
709.1899998479118
709.9735814655018
710.1557151971155
710.3840470783788
710.550573618752
710.7326238043885
710.8368882521813
711.1825276531142
711.2186448541994
711.6893527156819
711.7477968666431
712.1177411641196
712.276389476288
712.3027150449152
712.7784361782707
712.8549099880745
712.9934433604874
713.4846003299341
713.6422673841685
713.8121665642119
713.9903804481032
714.4638231762508
714.7450717525373
714.9558475038599
715.0735756839742
715.1972167587068
715.5159519484996
715.6045761331828
715.9739986971008
716.1164271890252
716.7502567684033
716.8760769979958
717.5839718159688
717.8374332705638
718.3587640776448
718.7579192863034
719.1975605232738
719.2271331605102
719.665606168155
719.8296236077715
720.0643395687375
720.3565756150616
721.0160847403632
721.6450059866057
722.3608223212477
723.2519106094921
723.5722973234439
723.7582013819098
724.2154487270572
725.4160380385188
726.0577489217578
726.8029657554031
727.2069954970009
727.2170227242642
728.218545190899
728.2670236150686
728.7570010366542
728.9269792585021
729.6676227670579
729.760826294297
730.0549558194333
730.4435650146454
731.1202913042918
731.3473278721249
731.4555360851942
731.8647186733763
732.5723533229226
732.9491534027771
733.0124956489617
733.0295192446135
733.51656639556
733.6153547056674
733.8501993203521
734.0100249520868
734.1026209099962
734.2749956103867
734.4211046463507
734.4681187610199
735.10004502566
735.347601334563
736.2959108813885
736.3519219940814
736.9279471292863
737.8310925654322
738.3172105744047
738.4074918972043
738.7859943160541
738.8648443735141
738.9615770782673
739.3219932747169
739.3682911383229
739.5080674259925
739.7543607146491
740.0329947558599
740.3359803485657
740.6010452287317
740.7393131889008
741.570834623132
742.2926607476847
742.3406354623992
742.4269560207474
742.5796363070857
742.6577664806535
743.7260665948359
744.0165406299185
744.0560066041392
744.8318197254945
744.8733316273491
745.1032589897238
745.2411428980682
745.4490314020715
746.1294612459765
747.4613165788603
747.9482333431117
748.2531317889772
748.369928860784
749.2128399004077
749.8767545380477
751.0427395274068
751.1613817284633
753.7483895539598
753.8466251131429
754.1204927989772
754.8411778154389
755.065857477316
755.139492372685
755.4146079531027
755.9570470052043
756.0573754166697
756.2125479243483
756.6990570774071
756.7947895850042
757.7110679952843
758.126678828626
758.3628507754705
758.5791893381081
758.7133005042591
758.8114426428372
759.3547781993468
760.0664760075864
760.7011377800246
760.7758406716158
761.2067430009719
761.4564679622403
762.2214605280923
762.3301746668826
762.7973901394299
762.8596831153452
762.9196497818355
763.075026450204
763.6336943173584
763.6746942619602
763.9843413937
764.4752206060359
764.7283119421667
765.0185512274412
765.3494321697993
765.4233205295368
765.5140521016567
765.9538470172048
766.1695952106759
766.383316734203
766.4406293058203
766.5226003725079
767.3778310430721
768.0952751730659
768.4923407419064
768.6283502386267
769.798011904534
770.5978990578806
770.7290630118256
771.3858269947276
772.4071731899776
773.1267894200138
773.8052435445269
777.8031953655869
778.5115513734145
778.6115161535197
779.1187501573656
780.4052714358311
780.8952686447215
780.9183832892616
781.3072152426473
782.0304794972084
782.109949978903
782.1857764736728
782.3204161868491
783.9566077423439
783.9675422606082
785.273143467872
785.4547292036141
785.4916913459418
785.6966514421027
785.7485805672792
785.9586394972912
786.0699140574759
786.1581492095382
786.8407525468284
787.2083508302139
787.8399301105932
788.0523240589094
788.1825387592006
788.9330430784971
789.1640913590446
789.5705802215696
790.5283760362191
791.3604358269293
791.8210191661434
793.3459237238558
795.4037195189438
796.9743883806385
797.9658842721749
800.1352742809088
801.7621105134165
804.4610337770732
806.0028411623454
807.6623959666231
807.6918493572964
809.4017845781951
811.1294275333729
811.6009420446198
811.7916223764721
812.1976963663114
812.2811666641004
812.627568690483
812.6903225796434
812.7990534053671
812.8457973811942
814.7611013416158
815.1324963527028
815.1548661263396
815.3547372761435
816.9917143721462
817.2553088978865
817.6848796360568
817.9499784922922
818.0231048968849
819.0571818017041
820.0561034976411
820.1831558319001
820.3781492172999
820.408763333167
822.7224579072
822.7412140026589
822.9210065163776
823.1521981660096
823.7664581792262
825.350382593134
827.3163800364052
827.3928268264057
827.9908619103273
828.0908740534178
828.4052488803626
830.6381434239671
830.7557564951609
833.809508210542
833.9198107780759
834.0249040548113
834.9461157583652
837.3674576116452
837.7095389539119
840.9303746185445
841.9808842609235
842.3428666476368
845.6357485769059
845.8989990757956
847.1046383898645
850.5335051810189
850.6961434587065
850.8185963289944
854.9459283856834
855.8809047115506
861.6067930698462
867.734387517407
868.7780779665886
873.6398476029333
874.728057823657
881.2466086298595
887.730244103768
888.64146521417
891.407869696986
896.7522552509034
905.4366943883502
910.5435354172199
928.6783105703788
929.7412167048581
943.1397627295394
948.2394109766848
966.7551182014035
981.7682550503782
986.7853792964272
1005.6975046145283
1021.1003478315799
1026.069520647281
1045.2446314900071
1061.0984601769333
1066.1079448188696
1085.9077436126797
1101.9733469512632
1106.9579474496063
1123.2864263069964
1127.136841073555
1143.5281853946808
1144.941348131354
1148.6051172423847
1165.2694068510848
1169.0295952705474
1185.9560102076077
1190.9583960416312
1206.9589016633493
1208.0306002046736
1211.3862144038128
1212.2950656574767
1229.0495106670328
1234.1786063567613
1251.5616800291589
1255.5343039702093
1272.987556659021
1276.6181196287291
1278.1546146570101
1296.0132367080519
1297.7478576919498
1299.6462669351336
1317.7796460153595
1319.2103755964094
1321.037725060817
1322.4021637407477
1339.957014571014
1341.0275739832327
1342.3885023679368
1345.3061132905557
1346.4323711267984
1363.0408830541714
1367.0902102816021
1368.5417750249712
1387.0348987151026
1388.959049079497
1391.0482977432534
1409.59722338297
1411.1836547808875
1413.560114421173
1415.0567035370134
1432.5489294494514
1433.7734490237324
1436.0463958952573
1437.9983279924356
1438.7253259524987
1456.7348898908515
1458.7662488174117
1461.397887823275
1461.7297191271841
1480.0750483305394
1481.7888305556876
1485.044864402502
1505.1390844383134
1508.7396793453258
1528.829487877705
1532.640129432418
1536.7661781557956
1556.7608489856518
1559.7390165163806
1581.293293148116
1582.1728416340195
1603.619179232632
