2.1638843785626736
3.829408174045121
4.100896428009541
5.748128553989307
5.955202490189125
6.04942996820579
7.6852986867930815
7.695719944634775
7.945534182942688
8.004921972514516
9.635696766314364
9.654113635008393
9.836320649144637
9.925959915649525
9.951284783421528
11.59424852919965
11.612908356017055
11.654594727747867
11.76217661268263
11.833058517277992
11.920811421706967
13.541383555272208
13.565113009186094
13.619219278051716
13.623450823467374
13.766407165725964
13.877258334869378
13.938303731244996
15.43112219802506
15.531466964028231
15.551281197016332
15.83013608552842
15.856039638302684
15.94987474957755
16.40761417930081
17.381956267120586
17.504963553657475
17.535952038038683
17.73602097553391
17.765420404436632
17.93967782002018
18.687716726037664
19.296740937170867
19.35208022777065
19.469361316013682
19.60231006135527
19.691932140876943
19.91906821033543
20.398401433626386
20.56909191152657
21.288946285719916
21.400564302820108
21.66565482873306
21.88089103248117
21.960809703823266
22.393805494085797
22.518367199925095
22.59846367580481
23.27945985296465
23.300598772410986
23.643787329657666
23.829063812326943
23.845588789485387
24.39009928069317
24.59576442242538
25.160978879921565
25.591686389726846
25.64675758043517
26.281770654475125
26.406097240683586
26.594831427633764
27.28573478725323
27.502062533749378
27.533640332498457
27.778514672909928
28.27773289497355
28.596366158898363
29.337010508152098
29.491893530085385
29.67846400303764
29.728589080994333
29.757696364488663
30.267281990255718
30.28605633151499
30.36453330896031
30.596731626290314
31.468867628705176
31.566805005208046
31.6171089361525
31.68213307306491
32.27594887177973
32.360766800667996
32.50700909472343
32.67437385322279
33.4463526805807
33.521963629300245
33.58061800968189
34.18563277810359
34.20332228798612
34.29136025033411
34.36382402371333
34.83755531418747
34.930208698206634
35.24143755989336
35.55820857197816
35.73176185268899
36.09478041100314
36.391099960224444
36.834552544060514
37.53717759140239
38.057400245340936
38.50138269373582
38.8322022571203
39.078186429361025
39.38050383947478
39.70087913789226
40.03932031516314
40.484466377382475
40.83263002779646
40.96817150604022
41.36161655319187
41.69740201420329
42.017674739791744
42.14432253240833
42.86321858077137
42.93486166201447
43.92870851619193
44.333915700069355
44.448228334032095
44.90238461568639
44.95578218353931
44.97798170287779
45.36939238043375
45.69182159722808
45.740376921524984
46.19239549341113
46.22586898215058
46.954388348542864
47.72232546130759
48.18722332721648
48.952626752195584
49.84462402002936
49.97982416621449
50.06575493254824
50.58911118184352
50.59765543040591
50.95587766822747
51.868893022986505
52.143757714857664
52.59320595161403
52.981653480598084
53.0600406476827
53.83133886129082
54.59381069086537
55.814715897075516
55.844801337776715
56.01319621275724
56.01692546450361
56.59747912653778
56.6245630680381
56.711983944951484
57.49160990165723
57.7947994999261
57.902941758611206
58.62193556597744
58.62470128290796
59.86691410346661
60.62384378661004
61.84935089128991
62.35255368097314
62.43548773192412
62.62875277054652
63.04234751151944
63.160154175873245
63.43915942031367
63.82894742259914
64.32491604016174
65.04122862329733
66.28826805493122
67.04227302758544
68.27115167356769
69.0446596695735
69.21212181424156
69.25090267309392
69.84867375893177
70.25071842879898
70.83811414963003
71.07103883766388
71.13833007626597
71.84752625469702
73.09743329108443
73.84800734668605
75.08018153486942
76.44476331363698
77.04100165194907
77.06235833423436
77.88069307117024
78.33283140861077
79.0432639100643
80.29743943680074
81.04417749469107
82.27801818386115
84.03052694721703
84.62627932561082
85.07596177130776
85.27255996528699
85.91932283245211
86.62572162782695
87.88282917217927
89.86514655336296
92.00402282803618
92.07558157673257
92.59750343942872
92.65966287801493
93.89291661117916
94.59694098558998
95.85634948094965
97.83860499274553
100.36636899698306
100.40460509200916
100.47178353158122
100.63195893218995
100.94453175864712
100.95716953249261
102.25465068332689
102.95654811376129
104.21975278361435
106.19945294092135
108.99014948830101
109.11833257608777
109.7049296391885
111.00249586232754
111.01234127873533
111.70457358891174
112.9654622538345
112.97375485781949
114.94956830460657
118.19919812413768
118.25640326827973
118.84213802682007
120.11976818444356
120.14441105620324
120.84119394627903
122.10539365599827
124.08702993083445
127.78274038977247
128.366050405547
129.6698003072629
130.36591383137105
131.63237451302618
137.6981029690544
138.27930111115492
139.58453002289437
140.27911433322143
141.54687402901024
148.00110033843401
148.58092143001198
149.8873936697193
151.84974652675524
158.69194577856936
158.77005226418544
159.27096874308177
160.57777137031252
162.54081480605677
169.77305944511693
170.34961455153766
171.65857635506651
173.62009696093446
181.2410871137628
181.81656913931351
183.12702123730676
185.08814503793914
193.09790732982552
193.67207756401513
194.98309010418075
196.94417813780626
205.3427797385595
205.9160151765828
207.2278013872186
209.1896973092426
217.9761322647413
218.5486368853748
219.86088630891442
221.8219835220795
230.99767283229994
231.56916092267406
232.88250263316527
244.40811958717202
244.97858127781
246.29234994688005
258.2063738983913
258.7762713153569
260.0904640344593
272.3928032764119
272.96232634263725
274.27780590257436
282.89308749581505
286.967945680183
287.53671996585757
288.85180738181117
301.9310545760634
302.4993977915273
303.81515547617823
303.8779289134863
317.2822877847031
317.85029825358345
319.16586405888836
325.6412816154356
333.0214226941806
333.58923994466744
334.90506249357736
348.18142318706975
349.14939488112935
349.7163373628293
351.03214737356063
359.6795916552673
360.06702400109026
365.66416810261114
366.2311850772064
367.5469435931275
371.49758021306724
382.5666378810304
383.13364478662254
383.3878620769318
383.77526764555313
384.4493496077636
395.58745003234674
399.8565698688916
400.4233907144586
401.7385439635925
407.874052706115
408.26096855180384
417.53309168390854
418.09994389509956
419.41504332629637
420.5107484885525
433.1379344463255
433.5251208342918
435.5956109445007
436.1625690361485
437.4770251146317
446.1426406030495
454.04334787780283
454.61005534454114
455.9234131391862
459.1791752690558
459.5658337302686
472.5636243820072
472.8735412878694
473.44023109146866
474.7525565557935
485.99756470271507
486.38438181106284
492.0825408988446
492.64856695761785
493.9562428236384
499.8019377470004
511.66179123222156
512.2223161392004
513.5213229793876
513.5936597829806
513.9802604961777
527.74797011448
531.572700062339
531.8104939150403
542.3536716128609
551.0954148183104
551.6802921612768
551.9632301973262
556.5049319724047
571.1181880021387
571.5050209363077
571.8231791524971
572.1215553820608
572.7706309070198
573.9932949560445
574.31095813873
574.8139298935137
586.0592553134048
594.2315895796125
601.046948443536
601.4332408589236
615.840113430777
616.0764092752227
616.3725667817791
617.6730653636416
631.7536786345397
632.1395118937183
637.6933637414797
637.7121226426727
639.9329907593578
647.4665945710252
657.4817678027905
660.1656384032403
660.2552661924718
660.4611865497562
663.2366047263088
663.6228074863576
679.3405638353499
682.3151722106729
682.3271782637656
683.4564557313336
695.4906680358483
695.8828615477023
705.3003298008449
706.4890267045354
707.188666671318
707.8508866537046
711.9929003760293
728.5361169178889
728.9225593632997
729.5549362289868
730.4996982645982
745.4256675577482
753.1574639255709
762.352209493269
762.7386576412483
777.2233399718979
779.6176473171487
780.2336786260048
796.9455040005254
797.3321266598864
801.9289868781137
814.607441219655
832.3165096720203
832.7029124602825
850.3487278624372
850.4371169513284
868.4649677755752
868.8512098854519
886.904742830131
905.3906943162274
905.7770257276135
924.2121420104239
943.0954156497702
943.4803519439979
962.3161013033771
981.5748979864084
981.9614141668047
1001.1800130898557
1020.8329272320673
1021.2195554472033
1040.822453959888
1040.9197164834713
1060.860967747826
1061.2553937158152
1081.2575191414678
1082.054564229799
1101.6824413486534
1102.0686497893537
1122.4560194895373
1123.256380130342
1143.2731209815227
1143.6593537390288
1164.448317103339
1165.2358025136436
1185.641610175267
1186.0277918031502
1207.1936498785817
1207.992528232821
1228.78700681122
1229.1733129099152
1250.7186140454787
1250.7926933625156
1251.525353755088
1272.711383607494
1273.0970694065368
1295.0673183630065
1295.8387363406125
1317.411958765696
1317.7982631071052
1340.1408118634597
1340.927183763331
1362.8903731816192
1363.276482884349
1386.0104011622493
1386.7921765804374
1409.146256602756
1409.531916695524
1432.6577678258088
1433.432181582752
1456.179726664832
1456.5650944294232
1480.0855218128752
1480.847077566599
1503.994532501866
1504.3701707361731
1528.2526180100663
1550.3056367048187
1552.1057313331426
1552.7241155947686
1574.8250988343327
1596.8669541388927
