0.7331795856432656
0.33269476778175505
0.2978254756140118
-0.18533086497680737
-0.028695234945693707
-0.2004954023166499
-0.08223600485927715
-0.10056956684371912
0.01604000964201776
-0.15692355944669878
0.08042547321683359
-0.055318317100389036
-0.019489171692751918
-0.11991075100494326
-0.052170984846780274
-0.01685319232384776
0.05905777305941658
0.029924665656968438
0.11681942468779777
0.01736963990220713
-0.01592615222806428
-0.0005607107843735784
-0.006506384224748226
-0.027918314855750474
0.11723193701973522
-0.018561080572200246
0.0036835262582834683
0.005873049623466098
-0.00025601315692862757
0.0021725393419103575
-0.0032869481532577503
-0.0073287514094089986
0.016420239009408
-0.015438667506793879
0.013676738865607297
0.11173729336137588
0.0012655024981262516
0.003966061807296777
-0.00296633054464268
-0.009800317940885867
0.010176928548888584
0.006933538455574524
0.012273781986107095
-0.013074792331419826
0.00016750703168787165
-0.007059281937521362
-0.1025710349132448
-0.013010127005068022
-0.005417862863570867
-0.0070457687019791606
-0.010330096819979932
-0.005128942611591284
-0.002282761913832057
0.01728739344474874
-0.0017578753534206084
-0.0028361261823169302
0.0006073943125733082
-0.007198533554432999
-0.004035266291854531
0.015770127680359906
0.09296968843662656
0.00630955211987421
-0.009309226417064005
0.0028661143363497336
0.0020395414206287417
-0.003275020908910933
-0.005060587190943607
-0.0062127793823315266
0.015647497218800675
0.007401583147007792
0.003688591208019245
-0.0019174319850744689
-0.003561502066472217
-0.0029924969546187394
-0.004857303337278677
-0.08346069681787688
-0.015265343175905279
-0.0119790121177247
0.006642323661033671
0.0018803232820161543
0.0039366477628417895
-0.0006354951406993001
0.015353695076247108
-0.005914424346778232
0.0038537269867515407
-0.004605138128588869
-0.001699577061353221
0.002018494898036305
0.002068580090782032
-0.002979120112668068
0.00870190683205896
-0.029702614828322798
0.07149381238309306
0.002574472585001265
-0.002659287398083103
-0.0007712260135100989
-0.003529765764800471
0.0014955525396570149
-0.005375485866266473
-0.005451469496829555
-0.014310015189738777
-0.0034085063439360714
0.00045034387160439697
-0.0004106330094215453
-0.0011234924284734724
0.0008879045585478661
0.005662032482720397
-0.0033801953132079356
0.0013232323656519915
-0.008825322065645298
-0.06984265337335736
0.003651944638493732
0.001841870840662047
-0.004784325196918516
0.000657712697212468
0.003660761408809048
0.00697184503790993
-0.0021206362827426366
0.012829673257381567
0.001330761810925557
-0.001297975634622141
-0.003216642780457567
-0.00028185063278610617
0.0013754100195460925
0.005068705556450814
0.0005155188669692361
0.008185158817761842
0.0029771157937404855
-0.0022462800277731803
-0.018768128394881716
0.06085425402684967
-0.0014849231428897328
-0.002065664675655604
0.0023208146359048137
-0.004597412181962694
-0.00526651577689854
-0.002419254953298714
-0.0113763114002354
0.0032051890518805643
0.0030112606710031705
-0.0015100903358167158
-0.00214306616612343
0.004412507490335109
-0.0029296904233732115
0.006936852213807315
0.0022726710984492114
-0.0013747208940126524
-0.0011863145916921633
-0.0034518916692262047
0.001940775424526961
-0.003558280480975411
-0.0007521189461824287
-0.05789733688394651
0.006242525008334097
0.0024771569768705635
0.0019436091415296016
0.0024091302046235054
0.002651141031626904
0.0007649276988653831
0.005960459784925947
-0.009582397635635361
0.00024511245424964785
-0.004298671564362359
0.00048325043489580097
-0.0026826645712704975
-0.002521639623249165
-0.006249534323678455
0.0007417242798729744
-0.000509018502754987
0.0038672754376438984
-0.001044370822978317
0.0009810208775496466
-0.0029145851771315828
0.05293785085450386
0.004968696513256636
0.0006508189234889956
0.004366543881309122
0.0026707100722426214
-0.00037220090667863413
0.0018741556088332234
-0.00019741241857728717
-0.009984870635714665
-0.004124599315944433
-0.0015616250763107707
0.0023058485685324972
0.0021546491699122676
-0.0010390066883188942
0.0002745750404385361
-0.006070862612966424
0.004116476885220703
0.0008191073836062699
-0.0009395299493647705
-0.00039897189019744936
0.0011563165328143646
-0.0004154120779144646
-0.004519291590512433
0.0035485005744262978
-0.0007835711403581806
0.04849044791089631
-0.0022297392161151207
-0.0032458601611956676
0.0009145993533433631
-0.0009168268698272405
-0.002165735918249323
0.0035501101707778775
0.009333740434783024
0.0019722472095262166
-0.0019072937165340868
0.0008109931203703085
-0.0011375688883483387
-0.001570191375443855
-0.0005416224716123305
-0.002803105789036997
0.0056645592827237416
-0.0006662048760004563
0.0006186099346839281
0.002258173815818703
-0.0007030436990676704
0.0019648665289548144
0.0017935039238280214
-0.0015159357363913133
-0.002401539191820928
-0.003718964806585527
0.04452965938099111
0.0020212348276256865
-0.002231697370925474
-0.003216544041896998
0.0008324129109778375
0.002205160963585491
0.0029221834068339694
0.0017819212798259683
-0.0009729099123066173
-0.0017176307211461206
-0.008502129055540836
-0.00041065833817007386
0.000971299440844026
0.00044251984343944594
-0.0027066766904958015
0.0008230613404662258
0.0052476045295231115
-0.0021921009620340277
-0.0019120749948411749
-0.0004932046068794742
0.0009814007353294136
-0.0005619281831838536
0.0024186442325017095
0.0009229527633753848
-0.0016706537835441152
0.0038964122619341963
-0.00017906308581229228
-0.003877008946932846
-0.04076761683283102
-0.002699712408360799
-0.001202132997254504
0.003831095295911058
-0.0018207152026246504
0.0008052917476947733
0.002866981188384851
-0.0010273233597214851
-0.00247186279201029
0.007342151459672749
0.0018570868878141887
-0.0015209726274244392
-0.0015139711597772288
0.0023202308370489973
0.0020639531356707167
-0.0047364027649586735
-0.0007477869271217833
0.0014558229519986683
0.0011077455531120258
-0.0009429045972288629
0.0011267862421309959
-0.0006772565467665305
0.0018418319055339672
0.00038503183759884633
0.0003766657774149351
0.0036003591708613455
0.001634927929278011
-0.0007040277985408139
0.0007028225831433875
-0.002860998914262815
0.0003746749308036401
0.037798132640853147
0.002478068105168956
-0.0005032608315868589
-0.004115015023042519
-0.0008309044732154652
0.0014100201402865715
-0.007267824790285487
-0.00020067007851321252
0.0025878874091716277
-0.0016617263980610755
-0.00012068092874755185
-0.0005367501031172884
0.0018052706396662998
0.0002981395992996953
0.0044639912523840915
0.002151553283743635
0.0009782469774565793
-0.00013885715569434282
-0.000818460686654258
0.0014776593727509842
0.0018967933489740527
-0.003214388640408612
-0.0006915088823567669
-0.0019005304421965035
-0.000594362833895269
-0.0009007153759115261
-0.0005192767106282693
-0.0015632852213985846
0.0008814033587047683
0.03501457506645613
-0.001946347685619657
-0.0024957874447056323
0.002522774675920588
0.0005243068874999999
0.0016346756704652171
-0.006537936282589501
-0.002379094295849409
0.002269549728667071
-0.0006630994375971607
-0.0006776197757099225
0.0006141584981706286
0.001178427252380416
-0.00022572519841393922
-0.0007097448423038908
0.002353262398309423
0.003986479368218626
0.0010770994972573093
0.000403282009037502
0.0016174805830023774
0.0030137102642944645
0.001236245834195433
-0.0015812452791852758
0.0009631426190013889
0.000922966601677812
0.0002598787615766446
0.0007139217925664341
0.0001800034556455933
-0.0018359625863231394
0.0015500638152964315
0.03254479280596535
0.0005542749628401007
0.0026041052426827005
-0.001465484800190271
-0.0007089346847198112
0.0005934012465158158
-0.0019012099101705835
-0.0017933815983977336
-0.0004836591656984377
0.006282804776861961
0.0010572253990497073
-0.0009732733155236781
-0.0007526711707968288
-0.00018415766163966643
-0.0003836952645203881
0.0004089952267305123
0.0017094969683161274
0.003883315653745099
-0.0014699892252362232
-0.00039983325342948117
-0.00146253847106453
-0.00021888343554193058
-0.0017372615541816645
-0.0005279036112389791
-0.0027009430837584797
-0.0010888486273023567
-0.0009010911468400881
0.0001177397323686841
-0.00040752136094675875
-0.0012207604029893923
-0.002274357650624545
0.0014093337428494003
-0.030226006188762106
0.0017825045379343814
0.0005296731973998399
-0.002340692774463951
0.0012673229720103736
-0.0005930531918588154
0.0017371630007302888
0.0005244670619177098
-0.005853989563904102
0.0008136991176294588
-0.0002516020796511608
-0.001739285717997179
-0.0014016119575643922
0.00044510046111219983
-0.0013926437665112655
-0.003606545080478817
-0.0010069627600845141
0.00037627999471251367
0.0013754262076411453
0.0007791874228450427
-0.00048289321593390224
-0.0028162311372621185
-0.000564223726935688
0.00020260078287427609
-0.00032511148781535923
-0.001096690753327044
0.000684056302315439
0.0021242296232252926
-0.0008947947772503555
0.001429466151693059
0.0006799076247601899
0.0020870363043038504
-0.01107656669061737
-0.025785663647605622
0.0016664336039375282
0.0022774392992760653
-0.0003425944997933146
0.0016594193718595547
-0.0008384305517735051
-0.005450236156096523
-0.0005821220807919648
-0.0009884978895956726
-0.0009681784093894871
-0.0009086537382805261
-0.0018708338030136026
0.0007981595426738405
-0.0001311873604935998
-0.0033469809540322506
0.0008155722898560917
-0.00018142439499707966
0.0006826741702055723
-0.0003478619564962015
-0.001327554073486215
0.00034646663115724157
0.0006818683604679859
-0.002490789049850697
-0.00117776252407525
0.0002341171114029615
-0.0012216723910297425
-0.00037303396586474814
-0.00012573298954049548
0.0017638756739677248
-0.0011800008588208949
-0.0012815904985341827
0.0007702850073982711
-0.0005352889133286539
0.0034049436518555297
-0.02608957091412457
0.0026857648900379723
0.00022815938266479972
-0.0006518802889428134
0.001039715713427744
-0.00021466025092322624
0.003858590626354879
-0.003448224713982671
-0.0003352282751896234
0.0008067930083914845
0.0015052956602465653
0.0005216979608269074
-0.0009623390645075909
-0.00019460095132411076
-0.00022669442438508339
-0.000444348854074268
0.003132552472879411
-0.0003417753521757709
-0.0007509710223791362
-0.0010486944807963892
0.0009903816212529285
0.0003259029060287154
0.00015801048639845416
-0.0010660864093739988
0.0022866939256296864
0.0012245720869190591
-0.0006878736218813341
-0.00020381442430672015
-0.001296791374019227
-0.0016660833593935818
-0.0009248487220837643
-0.00038797715145657457
-0.0005284522133681196
-0.00040456102061821103
-0.00021902022866461505
-0.00016047958617642084
-0.00030665241689503426
0.024595912941892926
-0.0018067136982313375
0.001067252393439651
-0.0019011720678977471
0.0005418535899977477
-0.0008941924570994596
0.0011115367137928447
0.0004685019905194249
0.00040328722714083365
-0.004414902679277694
-0.0017576610256750972
0.0013784969310109332
0.0005771703265069291
-0.0006057326553219589
0.000621102641334447
0.00011468265983431459
0.002938159346409372
-0.0011006596413902635
0.0008333560006855713
-0.0009076003371952739
0.0007859467277639369
-0.0010726750173963096
-0.0021511632550434124
0.00031384321287245194
0.0007805257902674619
-0.00013829589076196492
-0.00028784299132077694
-0.001167096068106162
-0.0003515817023766081
0.001741559794291015
-0.00026808492925929996
-0.00025724933501232537
0.0011171219405449167
0.00032211282832423456
0.0012471458945057605
0.0009207986723475219
-0.023080133034766234
0.000668954029457939
-0.001435900236329622
0.0015306810482583497
-0.00031459654451133104
-0.00012343992864701213
0.001277430013434018
0.004438248673565762
0.0009070957199989668
0.0004890096978076597
-0.000566835094228974
-0.00010206740539397682
-0.0008034996310914293
0.00016985515043013927
-0.0011896075646850419
-0.0026246399374721995
0.0012492288322247505
-0.0005989282357225222
-0.0003031047374434094
0.0006898154659239356
0.0005092369223304851
-0.0020466644046192926
0.0002873548448675684
-0.00040482763798379727
0.001068224372762454
0.0006138204921196547
0.00028306664279144085
-0.0016231750456101946
0.0009392428749450051
0.00064846454521672
-0.0007485469635008996
0.00026074740610868425
-0.0013218916411253982
-0.0006041612232237768
0.0008113584764794909
-0.0002904724960207901
0.021651371989271924
0.0009390663757431652
0.0017144231605732048
0.00019289246492615425
0.0003010413470460699
0.001211244221343833
-0.0002497105966954343
-0.004218508124259118
-0.000940157051434083
-0.00032178887637943716
-0.00021755804918024675
0.000247085046676825
-0.0009119451141576079
0.0002053201644212508
-0.0011742611783982675
-0.000797470360450413
-0.00023686741176301136
0.0026004694986336437
0.0005186515755758384
-0.0003479935469987965
0.00021802739524966446
-0.0001218768992314759
0.0018993258723005706
-0.00030798290055630243
-0.0011176805801782937
0.0004968449497349193
-0.0003620432050327702
-0.0006044156280377627
0.0002342092483862813
0.000889960474379581
0.0015064055906100309
-0.00013036512520871714
-0.0005170353658521799
0.00028150096301164147
-0.00030017747379013917
0.0010536058047802127
0.0009965880044858352
-0.0005804789291116797
0.00033177220791832306
0.0003049157193432896
0.0007132228414425979
-0.020362210041768195
-0.00026878064816290967
-0.0017037776373436653
-0.0004005563586878261
-0.0011426484075907314
-0.0006831739604973287
-0.0002700373388965667
-0.0005776819786906549
0.004005472838769033
0.00041231140233401534
0.0005860722711646751
-0.0008382964960849624
0.0009480923057490495
-0.0005441288097189215
-0.0010094350287908182
-0.0022271932611992074
-0.0005183341268410226
-0.0003125114884838125
0.00026942413831552075
-0.0010701843792306812
0.0014294190246654246
-0.0009657682125213655
0.0007620830022802355
0.00047117487213655616
0.0007268409554748662
-0.0001752198076975447
-0.0004552360294778437
0.0005702005589623043
-0.0014359353421506836
-0.00015659292985398596
0.00011585318953256967
-0.0004864400163470681
-0.0009226945638137193
-0.00012924919959311616
-0.001157036311494261
0.00013431788448866523
-0.0008187801788275798
0.008944570113215864
0.016977275544266732
0.0005742014635616875
-0.0008676354043398346
0.0013555722364691114
0.0012353191687517963
0.0008318965674834058
-0.0030376608696382882
0.0021224034722034865
-0.0004982573728565969
-0.0006129998908605403
0.00045485228443921464
-0.000862538289160799
-0.0005377496395011122
0.00022841371437211817
-0.0002252820024440298
-0.002300359421770455
0.00024255898513622875
0.0003332803441513047
0.0006095372935189105
-0.0004600621475382711
-0.0009326211281647224
0.0004488750749011951
-0.0015725164826330142
0.0008067577498801088
-0.0007710433335468349
-0.00010009122483513208
-0.00018151911697852812
0.00041079540720851136
0.0013430181962996188
-0.00020529980402906236
0.000953275409171438
-0.00025720063768191315
0.0010311669808657348
-0.00036934020186366035
0.00019910747297789471
0.0005507814593294345
0.0006944955798947099
0.0001364018965547496
0.000451734970755508
-0.014614066108824212
-0.010748064508203118
0.0014566911899576917
-0.0004551894611525254
-0.0001934163180360334
0.00012360840722457718
-0.0008795550568562023
0.0035319485470636956
0.0006359353823485942
0.0006457327141598016
-0.00032522001825493004
0.00044522223828061605
0.0005325654435434608
-0.0005069046159522824
0.0013286276238305065
0.0017548928940860126
0.0005455624530271869
0.0003275842065783919
0.0004031088050422561
0.0007307519148838716
0.0008691280748865641
-0.00159571272919393
-0.00010420015371736994
0.00017773462040940978
-0.00019961571408356625
-0.00018446452380840256
0.0004394366888410361
-0.00011519264885376754
-0.00126271213033624
-0.0008336571722297657
0.0006164134691484288
-0.00011738827990441054
-0.0011105976308542942
-0.00047546720908244855
0.0003560375752553603
0.00016388311208408008
0.0004552553174255422
-0.0002478425355362186
-0.0002366594307837842
0.0009173638202435967
0.0003604981939857738
0.0003135550860333541
0.0010078079119881212
0.017092341370259855
-0.0008352272517489881
0.0013191915324582202
0.00011990227017984356
0.00016095600157339205
-0.0009681550152978677
0.0032711837939151957
0.0007886010560488674
0.00042942594620369573
-0.0005249478950046736
0.0001562828030021369
-0.0005046781044167458
0.0020425607452606276
0.0001316696855369751
-0.0007061779167289645
0.0001956531452361424
0.0007888919944833559
-0.0003968386617413831
-0.0003607232637515955
0.00017138848526753378
-0.0001401787844383716
-0.0010343082232940172
-0.0011256161057073685
0.0002595951383197971
-0.00019595715974711066
-0.00034891746566304986
0.0011966545076960993
0.0005204991281108841
0.0007748841211815572
-0.00010586509639241683
-0.0005990063965372644
-0.00017132933532686552
0.0005720352260195236
-0.00025062942894102337
0.0009698234044780553
-0.00014181278370419936
-0.00013638107287317425
-0.0008921653297559121
-0.0007076905340257933
0.0003633714240835287
-0.016200481113447074
-0.00046362350503586505
-0.0012931129973742309
-0.000257647279162824
0.00017690972247341708
0.00035176946715906223
0.0006491629374909325
0.0007550241787699372
0.0003540348108361423
0.0031776654073451035
-0.00015698652229689756
0.0004061261063984284
-0.0002750710460642055
-0.00043277991664697664
0.0005872250773216619
0.00023265020474405932
-0.001948890195763769
-0.0003352618140614879
0.0007753215879245971
-0.0002874592988149796
-0.00020629461007598475
-0.00012120375835757126
0.0014338886538353337
-0.0002114658632547124
0.00013998497929102455
0.0005702694364395001
0.00023090080373828527
0.0004115666208121982
-0.0007349020840553532
0.0011250470482253507
-0.0004383009255614705
0.00040605390185648795
0.0009196735480979999
0.00039359818683197025
-0.00011403073727087877
0.00010851766379385927
-0.00017390417270996683
-0.0007312982405693963
-0.00010264950478877146
-0.0008121557464043376
0.00041362390112087465
-0.00021817200481167817
0.0015108930795565256
0.015293504381293921
0.0006218405916257195
-0.001164028494484407
0.0006454222853858592
0.0003176494273590143
-0.0004866973000653272
0.00037368128656350145
-0.0003200096760972896
0.0030020625129365047
-0.0003939012200233761
0.00016369007280258975
0.0005760472625144313
-0.0018483042008000487
0.0007031580173964768
0.0002813329695152953
0.00024234091505146745
-0.0003048991093311959
-0.00018133396499289087
-0.00010490787021253948
0.00044998930458106797
-0.00010658371730179277
0.0014196443598720884
0.00018798596727525162
0.0001292704982466859
-0.0006684736995801131
0.0005681716665393838
-0.00014543049609256272
0.0010609250712519298
-0.00040753167211039857
-0.0001641552037404132
0.0002451299304146801
0.0001109789867122668
-0.000879461405471005
-0.00027995890408248663
0.0005713696244214106
0.0002825889656772384
0.0004428526628988184
-0.0008073441724155639
0.00014696568745705373
0.00043152058814080186
0.00029800122485105845
0.000411052035039982
-0.0002366418436939483
-0.014581349515193211
0.0011727025117923488
0.0004133069488558869
0.00039382275379499967
0.000518265827291436
0.00018379695600604962
-0.002843501371651011
0.0005784093759202141
0.0003879818098535934
-0.0003535033524434819
-0.0005150623544393381
-0.0004904561473959517
0.00015142408081005997
-0.0017415376511058997
0.00011716860120148217
-0.0003241084180153185
0.00037272304521432435
-0.0002510026417437697
-0.00043683752230646097
0.00025536377144332826
-0.0012884954416996905
0.0003370089214573225
0.00022266760903026178
0.00034939645346324306
0.00040516585538406585
-0.0006497266586328309
0.000206399529537366
-0.000200270181976319
0.001022677563448309
0.0008325321846487491
0.0002604792656994184
0.00042744382792738193
0.00057632113059158
0.0003747564155209989
0.0004786443061893004
0.000760973559728142
-0.00013436539157335982
-0.00012079265655880916
0.00031034284006834693
-0.013856824112325469
0.0001669589243953058
-0.0006157726080872775
0.0010858957114589084
0.0002070793679921634
0.0005384538275608181
-0.0005448229664789267
0.002715131964931539
0.00024031411182647336
-0.0003567104390646356
0.000386030021539013
-0.000675986998546637
0.0004252115360378807
0.00010034526566828335
0.001668299844343339
-0.00044090237000135785
0.00020868753768475766
0.00047699981369315255
0.0011482067577409751
-0.0004303424597175544
-0.00011210112393686338
-0.0002693560424909877
-0.0005848974042196534
0.00015068056723006713
-0.00019589822040823893
-0.00018174844211968553
0.0009793870496063977
-0.00010012688505508542
0.00036996855304372446
-0.00033316493737505436
-0.0001948088587814635
-0.0007949582281259603
0.0005671307429890646
-0.000448043760588687
0.0002281175162828766
-0.0002983200801031695
0.00016475737609293947
-0.0007163201103285076
0.00013837517898331037
0.00020548639761374486
0.00010487823687958383
-0.00010369139786131051
0.0010935879325870066
-0.013108865378054665
0.001217506521471941
-0.001044140419021581
0.00045891007508130655
0.0003504076517642653
-0.0002574330261402901
-0.0025340045321937343
0.00039960527991269744
0.000420539308293613
0.0002750338382503726
0.00035342724357189504
0.00032497091036798575
-0.0006056675482106528
0.00020034864617844575
-0.000165244513953365
-0.0015836098384821359
-0.00021302833935686664
-0.0004738812333991054
-0.00028071840759221785
0.0011663722871255
0.0001081086030390042
0.0006188398847441518
-0.0001261544875399017
0.0001130540607898716
0.00012168899035252802
0.0003364041220542853
-0.00019907703337946334
-0.0003930210788539405
0.0009185787444914181
0.00027080552619948665
-0.0007492381398539273
-0.0005585436865837512
-0.00047344705017691947
-0.0001164774383354061
-0.0006993631746866513
0.00023734886892258047
0.0005952580358634383
-0.00038394240849970755
-0.00010303179106050074
-0.00036173299406709597
-0.0004225547667547776
0.012566503936984455
0.00036464871839875435
0.0009674687436090107
-0.00039133518708962215
-0.00016999125271995903
0.002462986930871742
-0.00043338502950014007
0.0005201678301572068
0.00021652201967855785
-0.00028339599806213563
0.00017003449388192866
0.0015053922989520213
0.00015283823595395012
0.00043604513608473157
0.0001723000804142079
0.00018429303933471268
-0.0001921737672732169
-0.000562450922599754
0.0011017025326843816
0.0003449054375685161
-0.00012716851418242053
-0.0001418396503121184
-0.00017805508566958827
-0.00031563160578134666
0.00019836292668980323
-0.00030953731188929453
-0.0008828243922001125
0.0003998579940658905
-0.0005008866949548526
-0.0007099741951605062
0.00012629072423651075
-0.00025008382028369536
-0.0006706892598165736
0.0001575186029404751
-0.00031301567322347044
-0.00028746840451874194
0.00011488816928666837
0.00045858912352763785
0.0005535523357702421
0.0002878062643207191
-0.0002852050376468482
0.00037010674537127787
-0.011987394739973503
0.0009376081698524427
-0.00027124735267534364
0.00019943334948648378
-0.00015373547804349222
-0.002353696475609
0.0005572917011185532
0.0002818179461744228
-0.00020100146685055894
0.00042344563292191003
0.0014409266101883056
-0.00020487681249887956
0.00013028571574733751
0.00033550556901042194
0.00014165988796814406
0.0005168502048141326
-0.0001406569261114182
-0.0002565656335751605
-0.0003097020232901933
0.0010608738052788778
-0.00013046247980792887
-0.00013056874894656407
0.000840649975649108
-0.0002730740428790481
0.00032874570908467853
-0.0001750831742430538
0.00016414665764887245
-0.000492155794261911
-0.0006797811650872648
-0.00018514982911183448
-0.000265791880277395
-0.0006454069369383784
0.0002989654119735833
-0.00021170537955856464
-0.00042681514727912643
0.0002683901433213685
0.0003494990209070121
0.0005435855336682793
0.0003133680713089382
-0.00011406850206946315
-0.00016985216376222097
0.011445784045938852
0.0001182169964824057
0.0008895615217105706
-0.000117408896940374
0.000559629931150908
-0.00011412844630646703
-0.002242568060092076
0.00027480550978295796
0.00028034746146334135
0.0003960186672871867
-0.00010416978711143149
-0.0002585177568696171
-0.00010516688605560583
0.00026881780267626825
-0.0013763092896798969
-0.00034799850528600864
-0.0001651619273916771
-0.0005144121116998644
0.00017360802308917321
0.0010198857885985863
0.00023106831080145252
0.00012730565723755605
0.000128138533360484
0.0003895074485286913
0.00010192135933607616
0.0008037122146065019
0.0001320017432236005
0.0004562014331510886
0.000635539195714006
0.00021274449249801433
-0.0002215835030496176
0.0002906666652806931
0.00014060239911014362
-0.00013128268109237313
0.00021352215378584358
-0.0006112791036774191
0.0004274193420082788
-0.0003320444336658733
-0.0004855807012087889
0.0003458571771101746
0.0002076125372518687
-0.00012478898544621465
-0.009862426244290273
-0.00475002424452304
-0.0008505496551577617
-0.000523748261772056
0.00027951105951190856
-0.0002897336611393327
-0.0001243659486380315
0.000412135537619724
-0.00214596333403576
-0.0002567107256147065
-0.00030772409003643913
-0.00021357907782667635
0.001315550786842129
-0.00020930378373284117
-0.00018648176017437324
-0.00048705943298723117
-0.00021746635413947613
0.0009459493171812166
-0.0001299678860341934
0.00034785737415419013
-0.0007680617914061482
0.0001832524787985088
-0.00018191313389001514
-0.0002525043103432309
0.00041686872314638943
-0.00024491436645958896
0.00024025091563994197
-0.0006260439424728366
-0.0001219339689610803
-0.000585770464863345
0.00015869579755848636
0.0002967214879688468
0.00021986697251302536
0.0003823982076119267
-0.0001435468140267933
-0.0004529839633014256
-0.0003472325486684405
0.00013066505525723818
0.0002289045316748016
-0.0002840464882175288
0.010476596285792767
-0.0008127318442938755
-0.000491474186772667
0.00010727341602748755
-0.0003716766468506754
0.00017695146233197236
0.00010978889107453423
0.00020152967604887838
0.0015401208481992277
-0.0013480791736495941
0.0003640352741716157
0.00024481770365010865
0.0012599746527562294
0.0004775401617441977
0.00014123627326529712
0.00010674702406864581
0.00017792844929465882
-0.0009315384569376813
-0.0003374708736463032
-0.00013495842099173048
-0.00011676322724915209
0.00022259447740557314
0.0002010855237487014
-0.0007406258177780696
0.0004114135748344839
-0.0003075620017805663
-0.00012722923454948611
0.0005985029915296513
-0.00019309888622650296
0.00015690058700989866
-0.0001751883332543401
-0.000246624190762337
0.0005610419602264084
-0.0003625058820085575
-0.00014455227045934502
0.0004027106626519599
-0.0001108480914131993
0.0003780575567470936
0.00016640549988576283
0.00016301012571978685
0.00023897427285379634
0.00017123695292224107
-0.010038458327804884
-0.0008530285595885888
-0.00013688646260868215
-0.0004425934168407343
-0.00011430903263684046
-0.0002886844124484402
-0.00012522482495160597
-0.00019125403727860235
-0.0019598581095032035
0.00012339585690642347
-0.00010463799383664405
-0.00013941277486140342
-0.00023638434965975598
0.0001673254102560893
-0.0004534918498890105
-0.0012065879381651652
-0.00010181779232207064
0.00015013518693585902
0.00011414753552101625
0.0001375275544570609
-0.00021885481132301993
0.0003200177982659659
-0.00020929823016678682
-0.0008922773513495096
0.00011455636702504696
0.00025903345380180715
0.00044289897366270667
-0.00018227523777638045
-0.0007053220138575006
0.0005724525285577138
-0.0002966012883972767
0.00018722843695990628
0.0005092908986676283
-0.00033700910595599174
0.0002295688902715889
0.0002161996524624165
0.00013572432896076658
0.00021002804322079092
-0.0002032428096936675
-0.0003946708997207209
0.00034242781574721654
0.0001419719503694796
-0.0003573139496278973
0.00027375205260192015
-0.00016186903195581078
0.00962835630128714
0.00032753618178176023
0.00026812295983524506
0.0007239715941904945
0.00012325697774688687
-0.00018477774504838728
0.00015984854304768687
0.00011109843448071571
-0.0018893130087459485
0.00022795084967347365
-0.00010776367353156009
-0.0004245078034485227
-0.00019698214674226524
-0.00021879105225083292
0.0011565882576463932
-0.00013520807757664313
0.00015541872514949231
0.0002924930050299481
0.00015574297372506849
-0.00017223445424120897
0.00016405835674121455
-0.00018591598330286872
-0.0008579348960327741
-0.00010832352310049512
0.0003934823579292048
0.0006757060673479206
0.00016770569097953586
-0.00011589649695745119
-0.0005518122628129141
0.0002817098143675561
0.0001945128528751616
0.0003687699777974427
-0.00021672307636427083
0.0005146093755111974
0.00022792694997887647
-0.00036503630195739676
0.00034807055161884643
0.00016123407950290505
-0.00015559246557721025
-0.0002601808404887301
0.00020697008367939163
-0.0002524865127416708
-0.00048667164187726975
0.00012080103978552904
-0.009230754390423822
0.0004394377517208677
0.0006937801035954353
0.00010046858479410283
-0.00021078001420218114
0.0018196095853332782
-0.00020806990438609291
-0.00021642990523372654
-0.00011436749196217056
0.00010937650517697168
0.000420895677355613
-0.00030266237735066784
-0.0011149200919931676
0.0001391686843504018
-0.00016291309930007943
-0.00018017342691167468
0.0001279612330984893
0.0008156099436740271
0.0001255898343317689
0.00010877876017717881
-0.00037699201451359804
-0.0005460310599956554
0.00037363553006572925
0.0002721736156990529
0.000197415502455346
0.00017692650140769284
-0.0005288554024906463
0.0003435316305329587
0.00018110814816909483
-0.00013715952837118692
0.00012343075587920642
-0.0004842189850058984
0.00015548899713535563
-0.0003402264158164676
0.00034235676671750924
0.00024406575104322432
0.0003129702661482958
-0.00015721943714225474
0.00011283621104977348
-0.0004524123530891126
0.00018366701209736154
-0.0001334079191743619
0.00887592993750699
0.00022768637638398816
0.0002657944907231392
-0.0006653495825456
0.00018127491077666758
-0.00016847235084040514
-0.00011101238354009084
0.0017478858102801178
0.00021282349676654585
0.00039239108531009603
-0.00028759463168609147
-0.00024089359702152995
-0.0001417467167037762
-0.0010706970139413852
0.00012870666557169698
-0.00014071387988538975
0.0007898350826595537
0.00037340907786274864
0.00017915630820221657
-0.00018612063052668876
-0.0006269356830959362
0.0002645469515996389
0.00012590202642432286
-0.00014572028193125529
0.0003343098292948257
-0.00038319277041722977
-0.00021962568053216002
0.00033191863333536056
0.00047346280453706773
0.00011448310834269757
0.00012082191579060665
0.00030824227292144865
-0.00034621895591791543
-0.00024461768797955677
-0.0002994033878787759
-0.00012586810540785677
0.0001871103425729017
-0.00014721780305638544
-0.00011542819583046452
0.00045742241603982203
0.008546663857457051
0.0006317167477025795
-0.00016690984148304036
-0.0016829294420652185
0.0002757255125053964
0.00016939620484755427
-0.0002225978069585179
0.0003393136050990816
-0.00015611378801268615
-0.0010317914387448807
0.00012393536408016167
-0.00014649691861831992
0.00016007603212038729
0.0007654266097487146
-0.0003490327894506262
-0.00019039632828006384
-0.0001269024903175981
0.00025262047702637007
-0.0006027060752684115
-0.00016525794029611607
0.00015329073858752403
0.0004898569191541259
-0.00032039571693669085
-0.00012729278795793207
0.0003507885262403647
0.0002970765492694164
0.00013128827465032141
0.00020815291550717451
0.0001307074880860799
-0.00032507580746646584
0.00033644636469114676
-0.00011519418195359983
0.0002964599317708885
0.00021084221976875404
0.00013104077181416685
0.00041266806269879357
-0.008230775162947913
-0.0006008749180865352
0.00018873422243058442
-0.00027490392059263447
0.0003927151130705684
0.00161717720745667
0.00017553198591906068
0.00016248802201411006
0.000993426896992238
-0.00011705012048002452
-0.00019766488591797194
-0.00011927383027330616
-0.0003387354955748065
0.0007328416076542454
-0.00024807365598830395
-0.00022397737721364098
-0.0005844490348997967
0.0005090837185056506
0.00024002878377745883
-0.0004450409525309773
-0.0002062248148074459
-0.0001813225174585442
0.00016017171882825332
-0.0003188842987325477
-0.0003377818334402367
-0.000292754726975749
-0.0001048956877511168
-0.00010443075531847267
0.0003935068442760789
0.0001407641643008118
0.00019631270527594526
-0.00014887840636437509
0.0079326529024073
0.0005628545168164143
-0.0002748189439525693
-0.00021291593444492497
0.00028928524630535693
0.0001209979033208623
-0.001560724739861607
-0.0001337704452987241
0.00017818104122714536
0.0001343581080789906
-0.000960261478624847
0.00010848388560959306
0.0001681219024177029
0.0003113418468402063
0.00017211551818821727
0.0006773163685246916
0.0002559767736260486
0.0001233521078386201
-0.00010117131232941446
-0.0005618256530505309
0.00032909973585726376
0.00044373418927184233
0.0001228923656617343
-0.00021446489372566169
0.0002144484062149967
0.00041234092351062146
-0.00011011400914845585
0.00019264330802580863
-0.00012149104139709252
-0.0003430335519195856
-0.0003284072741217078
0.00011357574842233558
-0.0003626545406116293
-0.00010722778515759158
0.00015047458079755016
-0.0001452208442268395
0.0002023020638988046
-0.0002302351888983183
0.007654332328813506
0.00017242995058434942
-0.0005157714676577396
-0.0003651299247690678
-0.0001298941064324238
0.0002652295951927902
-0.001487875846287272
-0.00016518717391181192
-0.0009268017547960007
0.00010044777500169
0.00033037678899373055
-0.00020053692867780693
0.0001398537966585575
-0.0006561536528306544
0.00022169973507737558
0.0005476266211058461
0.00021155649584071216
0.00020245483151399836
-0.00010062421783153047
0.00014742514502512816
0.00044006338130583384
-0.00023030380278004319
0.00041547095812070303
0.00011052942054889422
0.00012212754754525727
-0.00011054710711095303
-0.00022243909724995874
-0.00015865679217350097
0.00014280978310789568
0.00011635580797713547
0.00019300244813299193
0.00022776675733546698
-0.00013841252202707925
-0.000411195239860862
0.00020193255884438455
-0.00020138960619379512
-0.0002563658589284331
-0.00012830459598668078
-0.00014082557001995715
0.007393561225030143
-0.0004469688913178768
0.0003196959503602172
-0.0001296971326936292
-0.0014580339142293958
-0.0001236576465537891
-0.0009053512439457386
-0.00024713761905327525
-0.0001169109623447368
0.00024355569074685797
-0.00020031118240664014
0.00011918655426059203
-0.00044932842362968453
-0.00045926630864460613
-0.00012008243748641655
0.00010947816770478338
-0.00010252013175107527
0.00010419194298668131
-0.00015130418411360902
-0.000519281279150025
-0.0002548521856265684
0.00022578421569526284
0.0003786741489254844
-0.00018269913799290628
-0.00017510026407300806
0.0003759154532100952
0.00010500754892591097
-0.00010336558585018233
0.00018114274324201933
0.00038124246122613216
0.00016575474973713107
0.00011774331612786137
-0.00019252159753380677
0.00022073101031655878
-0.00027863360512857596
0.0001340937397956438
-0.00013839890467295783
-0.00012733683278698217
0.0002453675367974706
-0.00011693538889454355
-0.00048069193481358054
0.005786384838284628
-0.004172524825831592
0.00040864845687810675
-0.00014997372609160003
0.00012649757647689773
-0.0001621842399714304
0.000704603469288482
-0.001210157195155483
-0.00013808351149528845
0.00015149229315222966
0.00025123393524800075
-0.000865932602932593
0.00017000604113597158
-0.0001534286401358465
0.00012812917125686177
0.0001622151994561859
0.00019247545777542028
-0.00029174115012594443
0.0005858202334129931
-0.0001568503675840725
-0.00010143746833517325
-0.00014406504081349519
0.000499538626982063
0.00026952173850507133
-0.0002246987273366667
-0.00016152973427576776
-0.00035532512325478494
-0.00038868980926498635
-0.0001183741607709674
0.00023612715962725872
-0.0001442013708542602
0.00028794782304537067
0.00013077691492442478
-0.00019884562958967424
-0.00017162209579107211
-0.0003081928342322336
-0.0003217218432254464
0.00015326023337147406
0.00020599091016140344
0.00018912901098184058
0.00011615051115817649
0.0001097989561628794
0.00022216735302914634
-0.00014012089381562149
0.00012040772303492684
-0.000908854714913094
-0.0002607027568250177
0.00016803495836567958
-0.00680057619276732
-0.0004239606319254688
0.0003513288499144166
0.00013605531394674157
0.0006503387705531778
-0.0013111032807225208
0.00016747906125746018
-0.00028771959317617016
-0.0002165145898558875
-0.00022248764617841687
0.00030385752765655304
0.0005273952804723516
0.0006778649308304232
0.00015799015205857485
0.00016095460695462026
0.0001646295687953585
-0.0005605679549160853
0.00011406454773728222
0.0004655482242731342
-0.0003202420170521941
0.00010730535659819096
0.00015159069747449925
0.00018784350822938895
0.0001150100826565385
0.0003911905866777748
-0.00016234117746338194
-0.0003806836700316784
0.0001488738664304813
-0.00025012067368929434
-0.00027236001221697534
0.00029019732716113934
-0.00022743066538516004
-0.00017461142703258963
0.000145188662939302
-0.00010921262448370216
-0.00030287194336061805
-0.00015924739146371678
-0.0001085307745991815
-0.0001911511558896735
0.00020366823857354582
-0.00025880349380412606
0.0002588011211662797
0.0003915301519600874
0.0004930046475310591
0.0026023368184205
-0.005993259861288636
-0.0002690539259925768
-0.0004434015101214269
0.0007312459829129195
0.00019943682263475173
-0.0008800901933963766
0.0002742829194555253
0.0005413252144948257
0.0002200733363931944
0.0011809046793202931
0.0004906789231860679
-0.00020616089059477899
0.00029763226623109586
-0.0006425873197848084
0.0002964147747426571
0.0002821189534529789
-0.0001609026720692321
0.00023345800924949115
-0.00046309549694473483
0.0004023798760493943
-0.0001082347511899645
0.00010699079581738281
-0.0003434116978716257
0.00011096899689351809
0.00023167275477499705
0.00021721529947170515
-0.0003488046567823479
0.00015818218503870247
-0.0001260352453986934
0.00025558215533943665
-0.00022070222701458256
-0.00010077761190874561
-0.00016612621392549098
-0.00010246438817248814
0.0001147076496047749
0.00015315407506903307
-0.00032550820450876074
0.00020167456801004527
-0.00014756110125595703
-0.00019505273859504136
0.00016709929726380603
0.00030607476004415954
-0.00020180693841485522
-0.0001521133809177975
0.00016339243153300624
-0.0002427417425177117
0.00010870598605575038
-0.0003689600808094279
-0.00023902855336006853
-0.00011562229108094794
0.000574822400531517
-0.00027542265254146053
-0.000694018412034951
0.0001564480697703171
0.00028525806317323226
-0.000497497373036667
0.0001807418571946144
0.00022756935454157435
-0.0002938971410536816
-0.0004866606923043527
0.0004031655967568015
-0.0015237292888406102
0.0030469690115120965
0.004432940875310485
-0.002384568710004668
-0.0004641678172455006
0.001438419351636332
-0.00018091269020522525
-0.0005675991679541065
0.0003101805769610271
0.001068772163868323
0.0002034000996413384
-0.0004863729631305005
-0.00013813409818512785
0.0001730376640818693
-0.0006026444005238082
-0.00027312956114634293
-0.00014527911954734279
0.000269146720332631
0.0006683469231478536
0.00023561025496385485
-0.00015306497183329527
-0.00012734327429110635
0.0005749228710183941
0.00033801957723507853
0.00014311811103015498
-0.0003095255829322159
0.00010334254195608503
-0.00038328262509325936
-0.00023820928524000896
0.00018964446806081118
0.00016125068601941593
0.0002799946634114193
-0.00017028303729281415
-0.00010068167000859341
0.0003606288257316973
-0.00020526561737151618
0.00012028560259116324
-0.0002507572598303094
0.00014766883982335875
0.00017830929730815133
-0.0001460569116135838
-0.0003374970740706876
0.00016746345629805077
0.0002250875667425574
-0.00033353367571784464
0.00024276316919759965
-0.00011985371848981011
-0.0001035482551536724
0.00011936947367209389
-0.0003659678986044389
-0.0004884884969257637
-0.00025173190875441297
0.0002269772977125074
-0.002260196785987329
-0.005400999349585259
-0.0015773520891029034
-0.0003087748982064891
-0.0012176494897666007
0.0004829683608399393
-0.0010746336496906756
-0.0003977148498880823
-0.00014703852281703917
0.0003197364598797839
0.0002819523094132151
0.0007446306306863427
-0.00010845391419720629
-0.0005766526296228267
-0.0002697420903570829
-0.000250641458362502
-0.00019422354604609477
0.0003464235726570743
0.0002866236508427653
-0.00010411247739821731
-0.00034816752102720725
0.00011503174031838723
-0.00038639268485608194
-0.00024191019789849294
0.00015134730427290567
0.00024872448205005935
-0.0003260633690991463
0.0001435971023394359
0.0001100690920917667
-0.00018283183409534184
0.00021005435302095773
-0.0003028400107025359
-0.0002021496820938143
0.00019312715476194986
0.00031015458389176365
0.0001303418962046547
-0.00011853816032750557
-0.00024404161794891623
0.00021833546299587762
0.00011239875701395252
0.00013007566165934329
0.00016495360586201227
0.0002853022443086887
-0.0001221166324715029
0.0003878549627746947
0.00015289525255951652
-0.00029372299276123455
-0.0001081330554692933
0.0003317954874623506
0.00021626596998411749
-0.0003205500574932828
-0.00016327222486601806
0.0013629610522463051
-0.0018581103088275584
0.0014580578616869093
-0.005205406830507569
-0.00016806252110684075
-0.0008978259320616336
0.0010760059005308854
-0.0002882117347090001
0.000965338370574017
0.00039989791919448547
0.00048784018488679605
0.00014012224614158155
0.0005621882984279286
0.00037067313833413063
-0.0001156123959507314
-0.0001875014629244697
0.0005754404802473399
-0.0001829008807516002
-0.0006626419816121996
-0.00013221978028006852
0.0004635220734008009
0.00018928539983199702
0.00018275715429626242
-0.00028477327435697073
0.00010225340883838911
0.00025681685799634063
0.00034525468611774316
-0.00017840530504027494
0.000240831228325029
-0.00019907553772855415
-0.0002666196549121737
-0.00013391984846564085
0.00020322685557627975
-0.0001600698096436864
-0.0002345827797092466
0.0001251262352496097
0.0001252357483751436
0.00013333153952060572
0.00011351338763655203
-0.00012434911042044584
0.0001949122862350132
0.00011254090950367146
-0.00023457250290150522
0.0002736810369148163
-0.00028264447346717646
0.00012862440201774465
0.00011222465348241224
-0.0001660002483478053
-0.00018646093572596156
-0.00013701475201084292
0.00035752115800112284
-0.0001782706327310269
-0.00014298977326764498
0.0006546908600962386
-0.0015593166211911608
-0.00018071176115516874
0.00032596654537680656
-0.005654134443418702
0.00019840470980903932
0.0001738756202555955
0.00037750004495477646
-0.00033633619053011167
0.0011535580919181084
-0.00045186013529869364
0.0001627692564547021
-0.0007205937007645803
0.00011038586669666529
-0.0001818918414860381
-0.0002881654091812183
0.00018214003308888064
0.0003693451142531892
0.0001875866996662142
0.00014703483576858015
0.00025588577367757835
0.00015508599447396285
-0.0002640648101641478
-0.0003627125941906239
-0.00011878854530301357
-0.0001588130756754979
0.00017456263044865757
0.00025428420892331324
-0.0001797764948404083
-0.00011919344828084736
0.00010056913835696414
0.000285358265587433
0.00022107071230068498
0.00012710445203660485
-0.00017602595110923568
0.00020360261901707026
-0.00016991489748929427
0.00015315334897409054
0.0002074886016456163
0.00015598007799760144
-0.00018256853405866313
0.0002781126232835848
0.00035364384962783315
0.0003241631329367575
-0.00013081534461547616
-0.0001956592036699967
0.00018466692383067808
0.0001916612064502422
0.0006136337475202259
-0.004890787081327645
-0.000526941399327576
0.0007586724799791428
0.002013235161019179
-0.0004626381425145494
-0.001911019298921679
0.00011104620470988039
0.00040001648787675435
-0.00030319239481665813
0.0003297483457562536
-0.0001705708135907445
0.0010214991285884129
-0.00016441202083454143
0.0005423918128151078
0.0003473963396010986
0.0007562283134844391
-0.00020042758061570768
-0.00017969896545489601
0.0001256899222342079
-0.00048808263385790836
0.00017464380546925053
0.00023181910206364874
-0.00010692350572895858
0.00013370791467590148
-0.00028292589392711376
-0.00020583462887606365
-0.0001454878406989058
0.0001238683857193363
-0.0001611731955894544
0.00032842833674131644
-0.00010176267360622269
-0.0003074533836040567
0.00013239475185232558
-0.00018172132250512688
-0.00012266816369882648
-0.0003058412475542246
-0.00011022946054787496
0.00011195673433995211
-0.00010691089281911817
0.00031630356600490775
-0.00013639474331665069
-0.00017415025927158308
0.00014267526357493175
-0.0002703112727332115
-0.0003755623016320939
-0.00010328509747798403
-0.000505008788948504
-0.00045054936090713817
0.005508412061453738
-0.00061735361336134
-0.00020814150847919103
-0.0006039416377858047
-0.00026753365167353764
0.00013083326832019027
0.00012443713388754024
-0.00016520849135498637
0.0010922393001248577
0.0005665928020300263
-0.00048568108190887526
-0.00047374923591556636
-0.000628431764223749
-0.00034783518170708314
0.00017712821922632443
0.0002431190604000516
0.00011867484435443454
0.00010115184622760957
0.00014968430170597842
0.0003938105070871096
-0.00013863906998251574
0.0001422553826940443
0.000423079761342692
-0.0001355198486485296
-0.0003411141957930033
-0.00019713848324931743
0.00015733704200808965
-0.00010459542190934242
-0.00011258329880141284
-0.00013158385334373582
-0.00017768654342825713
0.0001681022378758972
-0.00023676450321634098
0.00013753477520740353
0.0001092168747044648
0.00013633562122987433
-0.0001275490852982215
-0.00014007285086078313
-0.00012467115972290312
0.00024287483454371234
0.00011167178933787185
-0.00028271496871724606
-0.0002090194893639184
-0.00012271374495683885
0.00010780992070926994
0.0006214556715505218
-0.00018343815432833222
0.0015331230650975477
0.004451608791533376
0.0002690072409210059
0.0025630075231274536
0.0015403139392570493
-0.00011302565908105992
0.0009268313859880684
0.0004627809877776654
0.0004318575727270574
0.00017906118634052897
0.0005674906223349553
0.00010818977073687752
0.0002840795672718167
0.00011843572918781572
0.0003309800094017966
-0.0002574251047950559
0.0002061890619237825
0.00013759144573278735
0.00021282484626797927
-0.00013401418264079591
0.00010426498617658693
-0.00028615293998057376
0.0001598359058293418
0.00012885379385296888
-0.00012699940349830376
-0.00011323254351573223
-0.0002051959117737151
-0.00013681251098324353
-0.00011887149901744737
0.00014911736999210457
0.00010890285759981054
0.00025553947824698113
0.005014278556547113
0.002291458524638524
-0.00013570135417117818
-0.001128076118800585
0.00019039868656420812
-0.00018788197128612112
-0.0006161717889464043
0.00015938849364144784
-0.00034960811620869447
0.0001349715907458628
-0.00027780927854719254
0.00038041595656584487
-0.00013612029709250952
-0.0001522038733808617
-0.00019039594532428038
0.00011994358823796868
-0.0001417188346234531
0.00010941295890721496
0.00013118311776887334
-0.00026355064812230483
-0.00014957228360317222
0.0001869433062293591
0.00019027892736070754
0.00020507643859801893
0.00011988625452127805
-0.00013608517198717844
-0.0001254643894547941
0.00023280501820605002
-0.00010586070491910978
-0.0001049046395827213
-0.00032351340699480303
-0.00016362290467438156
-0.00027683302315936634
-0.00013269433256430169
0.00016800724522898986
-0.00011709060872747915
0.00015666288348219003
0.002016857248608504
-0.004602483093175361
-0.0021990742346378283
0.00015689253295188537
-0.00017882093650540233
0.00010515215896581647
0.0007696302570581546
-0.00022758563397383308
0.0005857106098762631
-0.0003278296321309196
-0.0004977445660298819
-0.00031066346906013473
0.0001586826589148842
-0.00044503983182184404
-0.00017872090170348602
0.0001203499476402658
-0.0002818294909743194
0.0002374730588981024
-0.0003478259621743474
-0.00013607059905035526
-0.00011625812678809613
-0.00026514937901925956
0.00028697881632224024
-0.0002487859063570762
0.00020345952356653623
-0.00010643050543352637
-0.00021729297083110312
-0.00013181542753899062
0.00140117915684385
-0.00010742005831491239
-0.0001660095113884468
0.0047968146246715965
-0.0003755687316349053
-0.0013352575587065158
-0.0014113306774975881
-0.0006548133962658422
0.00018115457295878658
0.0009243325749215897
-0.0001679988005107882
-0.00021355189553345238
0.0006092894059251835
-0.00013655455453631058
0.00018091507704306943
0.00042246524571029555
0.00025638431977254353
0.00011206048501562777
0.0003293777882483747
-0.000165269746340469
0.0003521735924897395
0.0001257153819016051
0.00019321517639932554
-0.00034495711049298803
-0.00030028038401377606
-0.00017612511775614046
-0.00012604645704856812
0.00011487640439659973
-0.0002350821702123305
0.005417680068811554
-0.000379423821152888
0.00027057114878824116
-0.00017281194568569917
-0.0016990042059461766
0.00012209269058682253
-0.00046232754370763643
-0.0008891717275542506
0.0002565246086923131
0.00012579606235410198
-0.00010347786255403048
0.00023613805541169115
0.0006780281045681446
-0.0001521954305349089
-0.00010619786702642888
-0.0005117793709217788
0.00034422796380736775
-0.0002442461301704847
-0.0002478262998475774
-0.0004075108970808106
-0.00010379245199812609
-0.00012013480501169246
0.00035848467884013434
0.0001494596756899294
-0.00022956024833440896
-0.00016847044169993028
0.0003140252934213471
-0.00017877834989057096
0.00014314678867390795
0.00024765146001859927
-0.00020364836980982085
-0.000289969165392562
0.0001388802721135139
0.00023604085571892117
-0.0001873031415724909
-0.0001240213803040707
0.00011946992819472433
0.00025775530273867845
0.0001067473393696114
0.00021132405161032987
0.0001430189133487394
-0.00019742881580839274
-0.0001264759642751323
-0.00014258806103499956
0.0001870271133779841
-0.00010261557520286867
-0.0001080237950782123
0.00010401020178239768
-0.00017550983757082448
0.00010508844918682938
0.00014357053979158769
-0.0001166572885534621
0.0001348506692188998
-0.00012720257727557183
0.00013680033476313647
0.00012547313206356486
-0.00012777152806043476
-0.00012465398666339607
0.00010858611756664497
-0.00010179035668325066
-0.00011542241858269721
0.00010255007303438728
-0.00010330987776639228
-0.00010157262791298968
-0.00010276153042463668
0.00010045880737917197
-0.0001030146026994419
-0.00010148464612751772
-0.00010595948282457898
0.00010419913931427647
0.00010743259985240678
-0.00010702904971799569
-0.00011013609845529268
-0.00010880255259797769
0.00010327468507599551
-0.00011347995727472256
-0.00011320509347407753
0.0001020156358240949
0.00011629946740779654
0.0001161682818583651
-0.0001039021200524501
-0.00011931029391993903
-0.0001185944848604542
0.00010166856673137235
0.00012205647989350202
-0.00010092244878762771
0.00011899248380300677
-0.00010527607367269834
-0.00011798336935245578
0.00010307577027718794
0.00011129268982087404
-0.0001244297063040382
-0.000129136346427543
0.00014176524973684874
0.00010041276061925518
0.00015437913863835382
-0.0002713349438564808
0.00024509320770968825
