-0.9410654913847918
-0.1083112425726439
0.2674020550623868
-0.024535736695272946
-0.044415718024565155
0.11454898823354664
0.014749648110596182
0.027628900265346888
-0.04909076800119522
-0.049646477925100616
0.01052522442834379
0.01948499442944873
-0.002746819181310954
-0.04738075704215139
0.01402785884298774
-0.006371418144728352
0.013997527647177394
0.002169480697701052
-0.0007373819735043267
0.03593694867284815
0.015237956156260142
-0.0017247886167653216
-0.010678734996742975
0.0023099234309860855
-0.0007067902142346042
-0.00019600353981594803
-0.0028804179563793075
-0.03237077599746504
-0.003199296738876078
-0.009783394688935469
-0.0016887281735303082
-0.001148736269637123
0.0004054628354185398
-0.0010407423829078659
0.027239135151206944
-0.0006226596072601072
0.00324241063132858
-0.003501740427944971
0.009915389770312344
-0.00017242506979341023
0.0002522410521383734
0.0009427633031322751
-0.002028328558246023
-0.003424567045293469
0.019276040799472958
0.01160448628202061
-0.0001345926732517455
-0.00033310054694091874
0.007236057753979033
0.006106127562205326
-0.004930772861528274
-0.0010024996289265363
-0.0008035944405471314
0.001117232195976299
-0.0006598179130071078
-0.0003826976238228791
-0.002629341152317921
-0.0005255818779578661
-0.01892329753159023
0.00047066943906555274
-0.0016803877194449068
-0.003275319021000325
0.006298248636885124
0.0003290859188272632
-0.006486706375253175
-0.0026316693088765533
-0.00043761057573295795
-0.0003025513293710203
0.000559242727176554
-0.0001704419492121906
0.0012633486896472324
-0.001721063690213326
0.0016493026876919954
0.0009182246031204358
0.01584097705492219
0.0066393900545080224
0.0009049734657006446
0.00019342820679520194
0.00038172366653593554
-0.005281232218069188
-0.003691395582143837
0.0011754571523754332
-0.0005423193995303652
-0.0017099445769706775
-0.00031483472552804937
0.0007810658334694183
0.0004204256588280053
-0.00100384039451266
-0.00020181735460039077
-0.013441915721650505
0.00023409939748403284
-0.00470136507674712
0.0038500874849568584
0.0007098759771488374
0.0014285940596058591
-0.0030861432039031673
0.00021476188169663652
-0.0011638741052598434
-0.004864575904844249
-0.0008988376866415048
0.0015830918569164298
-0.000508582387492126
-0.00014956549442943524
0.01146709964475581
-0.00026499963993312085
0.0002926934815299333
-0.005541063044258798
0.0004875807781974812
-0.00036060149844678135
-0.0006754541579292132
0.001917828832270193
0.00038993955412858905
0.00016023781148161368
-0.005049971594487325
-0.001985265795527415
-0.00019257306965842858
0.0006310916804254669
-0.00016456830897101465
0.0005999469561852505
-0.0005835052020587302
-0.002393348067875407
-0.009472546821354049
0.0007017693395608053
-0.005039221986165459
-0.00026245972483258316
-0.0007033645732823304
-0.0005377528698758753
-0.0014383526977195102
0.0003215637585501316
-0.0005795946996131316
0.0049912106285317165
0.0008175620853103467
0.0005503873383164548
-0.00034470586331024534
0.00011884978681252667
0.0009768306648956367
0.0002637060811208056
-0.0017503875641967323
0.008191544947406778
-0.00048756149391732036
-0.000298924807933955
0.004298856844867416
-0.0018427923323015097
-0.0002599158021328818
0.00041283954901920626
0.001225974850978947
0.00030494129551935555
-0.0007273260597960119
-0.0007166376528895222
0.004524436095086918
-0.0008790047052407316
-0.0003377971794361339
0.000221616072213857
-0.0005255931108686425
0.0004825663801760486
-0.0005805143636583977
0.0004956315847716863
-0.0015108812261525365
-0.007078455336933346
-0.0002795149839328331
-0.004317984321662125
0.00015113179071674546
0.0002902699006893071
0.00016330174465890767
0.0010506549512245514
0.0003784696004968355
0.0002814932097961704
0.00013777203889333246
-0.0008483498229791205
-0.00018050087024936294
0.0042611282366259344
-0.0002484482317502585
0.0005101644369273614
0.0007427597593770578
-0.00011652580150797479
-0.00019464955410712157
-0.00012753670269789497
-0.000429210476520853
0.00630112988829359
-0.00030158732726057256
0.00021361989147901996
-0.003975411447410609
0.00014915098998376962
0.0002500761045943342
0.00034298181361848103
-0.0004472738342523461
-0.000852225177917641
0.00021139085556059505
-0.0007750960289013718
-0.00021573026635508658
-0.0027061011311231946
0.0007608868922228498
-0.0002794150136205198
-0.002744147514707804
-0.000178159765596894
-0.00044160268655173525
-0.0006409466982438533
-0.00036394245535822955
0.0003079437550603775
0.00015848184984001127
-0.005522030826996815
-0.00024804658716037954
-0.003662813627036366
-0.00026522859020140744
0.000269095978896131
0.0008924046415253829
0.00015314935935030363
-0.0007572208694406536
0.00016264036798423502
0.000354247455467926
-0.0008602943894726367
0.00035643578739831994
-0.002508002465648895
0.002485691965411383
0.000667208727720796
-0.0001370030483571145
0.0003698739583257456
-0.0009670710279547654
0.004747505457754497
-0.0034143694343272166
-0.0002936338643724034
0.00015373388303860534
-0.00022464279996660803
-0.0007700601031073014
-0.0007058857555984539
-0.00011365464605903921
-0.0002448563374770243
0.0005786302606411972
0.00011993712516186666
-0.0005468711387713165
0.003336164275237766
-0.00014284373566937056
0.0001480651350933955
0.00022430032838227418
-0.00012236121409056998
-0.0002267413115894474
-0.00018714066354069402
-0.0004238386810986565
0.004263010346989791
0.00011760202024189681
-0.0031342994306742104
0.0004972741590743733
-0.0001342402953502545
0.00015419018712602278
0.0007034690773626684
0.0006512860844208095
-0.00026854610849749955
0.0001031164907627713
-0.0003743104172858786
0.00026867009018458613
-0.00026352322326998534
-0.00031881852378967684
0.00018951791191096495
-0.001022503265224258
0.0029490557361607998
0.0003107066173472573
0.00017497656863395129
0.0003421070130383405
0.00017024827821141044
0.0037844814251227375
-0.0005444957009024631
0.0028953670150486657
-0.00022530994834848327
0.000107063017791169
-0.00013651142237371906
-0.0006430999935603451
-0.0006540498030741464
-0.00011898522408844469
0.0001055056050017048
-0.0003524431179365905
-0.00011263902206189054
-0.0002467510551815683
0.0002839186903130303
0.00017731568437619766
0.0002844052971503478
0.0028981769603035014
-0.00021618917850003998
-0.0003140358273148005
0.0001039850831612411
0.00019139263475222675
-0.00013555808639600372
0.0001334666902373717
0.0002464200877765278
-0.003212095617997849
0.0009901314088882885
0.00011070869550493188
-0.002752588479430673
-0.0005921011413705747
0.00012121039993774286
0.0005951897819329405
-0.00011614802110918046
0.0003245043186151728
-0.00014866141356359238
0.00026624160581522016
0.00016678432414220356
-0.00012441961072351976
-0.0025249925834767233
-0.0009651794878345995
-0.00018793785703957033
-0.00032838112459113774
0.0002990406820660948
0.00012542386790449542
0.00011616270175632715
0.0001866144776598533
-0.003008889570619054
-0.0025677670099395968
0.00011575774768673514
-0.00019450299940238988
-0.0005319973837651573
0.00010465175074666438
-0.000554164852665538
0.00021648851644702114
-0.0002288055239583037
0.00022474371934693476
-0.00021137958875469266
0.00010736149148672468
-0.0003137143824801498
0.0005457373544307301
-0.00032091170306597914
-0.0024378952980368867
-0.00020478554412043406
-0.0002588574288411326
0.0001064319449380378
-0.00012602891278192343
0.00012501114490967222
0.00038024968477315966
-0.0006170625082307512
0.002607288456265081
-0.002341074155503969
0.0005390986785187544
-0.00011223049235885287
0.00012360007096127822
0.00010642113431214354
0.0004709824738111504
0.0005323654484467506
-0.00014660352608773648
0.00024124799859373634
0.00029641485150129645
-0.0003219231689671819
0.00016726173432333246
0.0007627005064984361
-0.0020260101922102134
-0.0006539183446151665
0.0007130182396601535
-0.00020635847757822913
-0.00242775871897487
-0.0006586124930398173
0.0021509962960193987
0.00018610741402651516
0.0004393054418380905
0.0005016451820699387
0.00012341259491792592
0.00021507901893184797
0.00024395814609916321
-0.00013016057292325516
-0.00015148634107998437
0.000204926998181742
0.00010935889826002184
-0.00014950954962552265
-0.00018356880814989724
0.002216196363336635
0.00018791648651450215
-0.00030576731380561564
0.002172524358194249
-0.0015953097031984817
0.001323678023708742
-0.00044565093264035694
-0.0004050412517751883
-0.00046603985349127306
-0.00011454027658632151
0.00020068500646240603
-0.00025986811555711326
-0.00011621341537311025
-0.00017350078795656153
0.000160419228131641
0.00014515461572646784
0.0009763243203329831
0.0018146589454650305
-0.00021934363102012866
-0.00018252592081711378
0.00015133386390425341
0.001985121304445434
0.0012914525229074313
0.001516734574064827
0.0003728225482467584
0.0004570337733951146
-0.00018179709607853438
0.00024067399878967068
-0.00010337721969176694
0.00015124360048958193
-0.00015689464976286865
-0.001935329868510549
0.00031523630995350263
0.00016444535991282918
0.0018058671836333078
0.0018760000950006567
0.0003462739304989861
-0.00042894858987702506
0.00016615952876779282
-0.00022713389128403455
-0.00010166911862421847
-0.00012951113388350098
-0.00015324221765646693
-0.00019045156662296451
-0.0005276089411687892
-0.0017372918336275255
-0.0002972670888525905
0.00013249526643110875
0.00015574570805863515
-0.00029316011443222703
0.00161130271855051
0.001585509288717942
0.000781387146563309
-0.00010427701590238442
-0.00022783723861560497
0.000208444875234364
-0.00040656053551440987
0.00015616746876416572
0.00020655606840826657
-0.00011446458723786027
-0.000146704078685334
0.00010354970949018753
0.00020577858057699687
-0.00023842043569310075
0.0017144255209255697
-0.00011043505395286676
-0.0014968150454021587
-0.001665720053109349
-0.0001569136660197834
-0.0002833101147286485
-0.0003839965812266234
0.0001288628104679099
0.0002031171753678129
-0.00010294880798827014
-0.00013854260029395985
0.00013667443137432131
0.0003552901258025072
0.0015680606916266774
0.00033459235218200625
0.00010067220735732481
-0.0013679322186994198
-0.001581383111569161
0.00010258154332771343
0.00026423589406182325
0.00036370899730955105
0.00011998574956071178
0.00020214346214350733
-0.00012900805026530522
-0.00010196108111483221
0.001547966744778957
0.0012578039833597613
0.00023841829040195455
0.0014623012295097875
-0.00022054475539816653
0.0002444844182189836
-0.0003353882082418512
-0.00011500927613141413
-0.00019350917506923279
-0.00012762953411206215
0.0014673411587609378
-0.00010658736668181635
-0.0011554662416554502
0.0007200210072451243
0.0012223469927958525
-0.00010084819142397553
0.00022518572009096492
-0.00033030429855306954
0.00010757979017041485
0.00018072162965279053
-0.00012203645496712837
0.0011507179460156906
-0.0004801736740639038
-0.0005991314964127288
0.0001560933991649691
0.0010635501562133623
-0.0013492388583101816
0.00020933265791309727
0.0003182669743517816
-0.0001728109331692191
0.0001914067895950294
-0.0010373045740299945
0.000779562867256615
-0.00010502337636325236
-0.00010523822792424576
-0.0009806972025931213
0.0012820460490297059
-0.00020008342574493748
0.0002951658300306657
-0.00016135929118639918
0.00011062480700930902
0.00010989474256278574
0.0012536799172525898
0.00036972544296631765
-0.0008291765561010605
0.00011051693896759664
-0.0012150430380953267
-0.00017737318085731
0.00028443044256111076
0.0001566427418251958
-0.00010454174559449981
-0.0011909010724640602
-0.0008379420529521808
0.001161894280575707
-0.00016574009541323392
-0.0002742314657645791
0.00015328549416179156
0.00010095415269084382
0.0008231151810325126
0.0007813490504314831
-0.0007804704183308786
-0.0011091275511074313
0.0001544763163342911
0.0002631353009859171
-0.00012621494276364524
0.0008115211786415097
0.0007016160792787506
0.0001483578193053978
-0.0007250826336452465
-0.0010538123805023665
0.00010350781822282384
0.00014299519634810906
-0.0002514491867259957
0.0001378427971204059
0.0003116360188118871
-0.0009760853636492754
-0.0001312077686020471
-0.000676195889335972
0.0010008975064229586
0.00013310518051194394
-0.00013298057596734117
0.00024132093337487443
0.00013186792080960793
-0.00019223486442815636
0.0008983354639746482
-0.00035823760183973584
-0.00029443880856277273
0.0005564665809122056
-0.0009620726212834355
-0.00012389923775595296
-0.00023026855917777968
0.0001258876404251157
0.00010583982656331957
-0.0009380417029919089
0.00058670438612696
-0.0009189112108034798
-0.00011524611449131538
0.0001810753431833075
0.0001291362682035332
0.00012089117540835035
0.0008890131069521021
-0.000175992425604234
-0.0005497819070717446
0.0008841596232658992
0.00010808097382371897
-0.0002103025946214573
0.0001156906928878135
0.0008607590231474397
-0.000515486575708287
0.0008465798246623457
0.00020432980203828204
-0.00011060872524571495
0.00011357113181428246
0.0005437670177340689
0.0006299882574031695
0.0004861019182231203
0.000758872349915716
-0.0002907385499536498
0.00019616451179816095
-0.00010480151672723224
0.00011949311085861411
-0.0007967078401542305
-0.0004557862243508801
-0.0007767185821998776
0.00018784389743152383
-0.00010531942726861586
-0.00010679283194456119
-0.00013842558283451583
-0.0007476840468234645
0.00043044992441937786
-0.0007425364825315484
0.0001253249920777435
0.0001804875848747992
0.00010391202855556466
-0.0001089374485458933
0.0004585947208564862
0.0005766051984986368
-0.00040442700751245085
0.0007132991081590746
-0.00017273141669098513
-0.00013120548452926403
0.00017063559877957308
0.0006902256406667034
0.00038979849371671243
0.0006807721755295698
0.00016540501315626924
-0.0006832822557617424
0.00013820089483192248
-0.00037423090471039885
0.0006491913180355644
0.00015573400895676893
0.00010731948762423028
-0.00010479375325761471
0.00010812402595603055
0.0006351350448844616
0.0001223114949916779
-0.00037493086827767094
0.0006141989901421857
0.00014757327912757621
0.00011961484078733137
0.000599348569204484
-0.0001588465133617643
0.0003973167518882653
0.00011380191879576262
0.0005500404589666426
-0.00010820691048786196
-0.00010093884164746373
-0.00010716587072679136
-0.00012971223411650036
-0.00011466624242356152
0.0005135913769043677
0.0002740500614296645
0.00024067182604546537
-0.0002510855622376052
-0.00010122616013923217
0.0002909358993547298
0.0001760364704677258
-0.00036716970256314235
0.00011512150572629766
0.00016508632985529184
-0.00013075519913553584
0.00010115750976943404
0.00010477660539111868
-0.00012074566218601092
0.00010974374782574661
0.0001808606765682107
0.0002913509176783121
-0.0003035943989661469
0.00029205548059509534
0.00022878966730600634
-0.00019075472207760716
0.00026997962467528567
0.0001996493588549011
-0.00011070367992842263
0.00026201994634415625
0.0001420476681615505
-0.0002763185211039968
-0.00011018073724264946
0.00019745328217337667
-0.00011192429073849396
-0.00015723805328883849
-0.00010268618936348381
-0.00011127562809357488
-0.00010368637576535184
0.0002508563991544446
0.00013565009943808975
-0.00021941540044676376
0.00010699174350854738
0.0002540347724995472
-0.00010859648037395358
-0.00016185193686913437
0.00019951472316346997
-0.00018999196247795536
0.00010716651918389401
0.0004250460285904113
0.0001319733108472122
-0.00014722633074520258
0.00011288198009101187
-0.00010558560763487009
-0.00015862940738260066
0.00021787353497011437
-0.00011089329390971887
-0.00013307351826464126
-0.00010742158104814262
0.0001829422263920287
0.00020770393108315342
0.000127004986248676
0.0003048351213200307
0.0003508483571631099
0.00016466489043031249
0.00018764847246461512
0.00014789596037751305
0.00017645518553577444
-0.00016525021030349403
0.0001241538811513564
-0.0001388958808619227
0.00010345924352170946
0.0001497526036770641
0.00028473501142376454
0.0001315777302730295
-0.00018691482562032796
0.00034605882013283854
0.0002137808521704787
-0.00015422271213321788
0.0001766756613322531
0.00017256205997963925
0.00013922237841981647
-0.00018684933596847724
-0.00012010681802778743
-0.00010011904190779767
-0.00010026475554870043
-0.000116911493926183
0.0001373617845147197
-0.00010459828624829184
-0.00013546483891402816
-0.00012096795835244959
0.00021352190683687373
-0.00014007521176904694
0.00020317660546015763
-0.0001142318061260788
-0.0002436881324746033
-0.00011551338466388517
0.0002140340528312701
0.00011635178215218401
0.00013840957625015448
0.0001692598882098677
0.00011570002388247417
0.0002590778738426474
-0.00024410278493373357
-0.00010174004327694134
-0.00010481561127749098
0.00014814060976566467
-0.0001706759351630733
-0.00010890177407884092
0.0001703041635777209
-0.00014941856396238887
-0.00011930665284235148
0.00020062886383887693
0.00015264099350283908
-0.0001225680063768631
-0.00033561900756795115
0.00014381959443034365
-0.00012404224946486369
0.0001829414491878031
-0.00014439454819480053
0.00010890856829108145
0.00014172012200502494
-0.00025163521480188716
-0.00010281571306963281
0.00011579299667146184
0.00017735985794853964
0.00018792025114122983
-0.00017933093987340283
0.00040408214375035423
-0.0003173860980521664
0.00010523156894978012
0.00015988163683944515
-0.00012171576771885697
0.00012207449118309578
0.00010689146772731321
0.00012479154575568055
0.00010559157642352678
0.0001321052789202234
-0.00013269029322545363
-0.00010489093120319781
-0.0001367836336134574
-0.00011483624000551462
0.000154711035600123
-0.00013298433905427345
-0.00018781153065014372
0.00011251236788347437
-0.00011075657895241861
0.0004089002790622834
-0.00011357415214774157
-0.00012300649884527183
0.00017483474282351923
0.00025019366676011615
0.00013674665470544026
0.00021607065828937032
-0.00041417701065055927
0.00018367916439131256
-0.00025619968374528097
0.00013575438951794378
-0.00016974943244168258
-0.00011441924047907004
-0.00019966654326102702
-0.00010415981172099182
0.00018289259638144549
0.0005572186437202486
0.00013506970308804837
-0.00020412240037766475
0.0001420278372853453
-0.00013795865506186316
0.0003852851943445761
-0.00027911522314183094
-0.00018718101886838425
0.00010559600024704386
-0.00011323766357835146
-0.0001531982496758208
0.00013963837065786636
0.0002498196109049016
0.00011755941033205884
0.00011518780040878453
0.0003194034953265147
-0.00014937697488872173
-0.00012294736575866084
0.00024649868896514714
-0.00018677351900094728
0.00014597832007822128
-0.00014504828013603424
0.00019659275771929076
-0.00015922242796911494
-0.0001470206249095773
-0.00019406619233223074
-0.0001561205602432197
0.0001528894510075054
0.0001986241242251153
-0.0001687544608675314
-0.0001408896561501356
-0.0002094348166929611
0.00016896861466040975
0.00015920664200675907
-0.00021556726042595457
-0.00016652870984110515
-0.00015834575498559612
0.0002226461812973748
0.00018121082788036618
-0.0001488897261104397
0.00022823241248372145
0.00010061280409904175
-0.00018262380752295478
-0.00017115663931369058
-0.00023463922785491083
0.00010356111915330111
-0.0001850130608408186
-0.0001765972530046521
-0.00024032583940994997
0.00010477873998574026
-0.00018604198418986878
0.00018150820946356017
-0.00024718296591752395
0.00010326331750087298
-0.00012361831737670896
0.0001525619320189545
-0.00018644387675349687
0.00025428321109666907
0.00020729297004545348
0.00011963762359959566
-0.00014545418196896086
-0.00026055106840646423
-0.0001142479604010776
0.0002138858567357678
-0.00019294815243625575
0.0002631786944295088
-0.0001196255852955997
0.00021881414621298582
0.00019950064772579655
-0.00027676818200966
-0.00011885237922021417
-0.0002167163444956789
0.00020690444546536858
0.00028272014419610116
-0.0001306535365501988
0.0002334714465817076
0.00021556803546667438
0.00030787363150186806
0.00012143029331227565
0.0002812986273923875
-0.00019288795867476697
-0.0003580839367839524
-0.00010612899085398518
0.00037264328814172356
-0.000398974963249358
-0.00031505491387363383
