0.8968423212557021
0.23711540269987647
-0.2470576228830065
0.10639231797017062
-0.04876796100333209
0.13976628556758777
-0.04093095431361684
0.049372864982290134
0.03219940455308117
-0.09893011290398687
-0.03587946369580477
-0.02423065521218129
0.005449350846355573
0.024306113528707547
0.07493364805361814
0.003980269620304726
0.024321412866427663
0.015222558816708589
0.06049854855423677
-0.018171715918027888
0.0009104223595372567
-0.00045780975433392415
0.00019585969820196475
0.008645655440144642
-0.059088772357293366
0.004251921871609792
0.0021045306545831935
-0.003970345055078836
-0.0011564902488628347
-0.0005460398179280286
-0.0017940039337191681
0.00186912165149941
-0.01531301832223241
0.017090467358621055
-0.04980192009849413
0.0011913732401789348
-0.0015217141993401518
-0.0031884555003318196
0.0004274408704378278
0.0007080181729390638
-0.0019477946645838364
-0.0018446912654810248
-0.023073452141276752
-0.042291497720294974
-0.0010265918143337607
0.0018170481257949434
-0.0030013463066143587
-0.00016815531588797143
0.001056170267889907
-0.002682122348726338
0.0007100269666456372
-0.0030231724806846984
-0.0007695680957300966
0.0003315234202750811
-0.0008187874560751612
-0.020749016329422745
0.003958201630907443
0.03617841279986859
0.0009423666965863947
-0.003430394763704506
-0.0008209425392706855
-0.0003105762697751185
0.0009899172896894737
0.0003928290615519675
-0.0007393447215320943
-0.0030883946117852795
0.0006870592315823697
0.0008230681880152072
0.00024821098400952687
-0.01000025112892563
-0.014924047441242686
-0.024467581155350686
0.019665312699369296
-0.0032618832825823474
-0.003396963785866318
-0.00012247625653072515
-0.0015087671166360563
-0.0006250833975454666
-0.0003274208414008023
-0.0026213938059696986
-0.0010946839049679406
-0.0012681858708978345
0.0002532570902238012
-0.00040115291343901594
-0.00027872115385838047
-0.0012495267677141797
-0.0001683817647774457
0.01219519614071833
0.010931872635971354
-0.004728675928425687
-0.02666359596174158
0.0025911840231132555
0.0006108934954060649
0.00030395693970366815
0.0007173960739005436
-0.0005690035850378604
-0.0011222614887785025
-0.0025153283770466143
-0.0009178409833884528
0.0001628200430219972
-0.00010896829207831591
0.0006373241033668637
-0.0011855630148638995
-0.00010842712285667738
-0.0005752112622880673
0.0011143461426607723
0.01364519821221649
-0.02411960570307371
-0.0014789912133824166
0.000309414131176325
-0.0005066333253302159
0.00015675386730987066
-0.001069433925192006
0.000745292981242382
0.00059929765691258
0.0005671018212302857
0.0022386154197357295
-0.0004236841917216002
0.000557290374931137
-0.0002701850259446186
0.0008240703078677288
0.0006249230682876317
-0.0002518450498582745
0.00015031951888885272
0.011737553240193512
0.02144042173165994
0.0006301195115439598
-0.0001402868690127108
0.0003326448106956902
-0.000699622474825093
-0.0011068735356760308
-0.00021002800581494555
0.0003382026537699121
0.0008277972952552978
0.0018938865541889744
-0.00024174084067768556
-0.0002138135423361023
-0.00011567602714379468
-0.0006586400969917215
0.0003707954769848871
0.0003198120810540744
0.000692809144216882
-0.0006673434343623054
0.000322562989354133
0.00038659149407160013
0.010200541301817242
-0.015878451542012766
-0.010555259921253734
-0.001359267369603838
-0.00036230399382869573
-0.00017976591722019666
0.000316337359947121
0.00043147525560200745
-0.00039879591383047724
0.0017383932001273144
-0.00013395041327560317
-0.00041702975630173697
-0.0005508491910193587
-0.00028056496241006556
0.00013292127995087055
0.0005622991101548991
-0.0006581356697702264
0.0002699726542584546
0.0003074387155840933
0.00015784778374300292
0.00022518846980036983
-0.00012312958473938742
0.00054007046792844
0.008705979090764577
0.016735735425956966
-0.0036306473908904262
0.0016188916936941012
-0.00011361136871361161
0.00025709346600524406
-0.0002572283771349839
-0.00033496089339951006
0.0014983065381411454
0.0005688232889115067
0.0005636294271645183
-0.00012654622176418013
0.0004143385019901722
0.0005578887698176527
0.0005454673147023566
-0.00043521443946953304
-0.00013536995429819362
0.0002404167620356623
-0.00021445883953393372
-0.000505094170813664
-0.007790468652196214
-0.0001790327874731263
0.00010488156554611954
-0.015371715679336472
-0.0005208421109202087
-0.00035976110085188153
0.0003414546963251283
-0.0002995756385326604
0.0003255972196261174
0.00020659413784621886
0.0005952107560905614
0.0008680569813073356
-0.0010794787439135467
-0.0002391867305001485
-0.00024438041616396385
-0.00018379582617198475
-0.00044771962808362766
-0.0005617668975990194
-0.0003211114019646024
-0.00020690431265002156
0.0002883654546219072
0.00044568661088166073
-0.00015000771102665437
0.00028720420061719137
-0.006734975715169818
-0.013881756822749402
-0.0014991023407827958
0.00042376397135169495
-0.00025785057551814514
-0.00027541891023651164
-0.0002756603249007437
-0.000331782490996267
0.0003640682215384382
-0.0012185395974472994
0.00014601080611938594
-0.00018169370533115757
-0.000277003179406493
0.00015287789902892766
-0.00044270059962363853
-0.00022141724382459686
0.00026439524290285533
-0.0004977709210351388
0.0001272873262936629
0.00021127323733466637
0.00018834694276548597
-0.0003682488428214487
0.00012442004138578838
-0.005898074843571476
0.012706644937075507
-0.0001441852478388556
0.00023823215800882847
0.00020623041630156512
0.0004031030859853724
-0.0002520888627638847
0.00032909325390547014
0.0010858925897502445
0.00029371933137820554
-0.00020458821762389776
0.0002693074414780665
0.00018702573325922255
0.00037503859196036566
0.00023249005279012708
-0.00045784046505373694
-0.00018322854786281955
-0.00024621352328318155
-0.0002303223037988647
-0.00020515830704290972
-0.0001444615543699717
-0.00017854099542253475
-0.005237639621045717
-0.00018573488327347227
0.011579304566888594
0.000133240573767032
-0.0002726471890462658
-0.0003798932064562891
-0.00021093263992500683
0.00030138205820392627
-0.00011934687903900663
-0.0009965022043017956
-0.00016529539577756963
-0.00018314317078887765
-0.00015490925741200846
-0.0001976877183986743
0.00033847844897126736
-0.0004448972721621983
0.00011272758327840789
0.00015998356706978072
0.00014171779484438454
0.00011198344659059349
0.00014479623920709005
-0.00011736221359508338
-0.0002912486745906128
-0.00021807578666644637
-0.0001696455138243843
0.00011215428516962326
0.0046222511375276975
0.010586001736095321
0.0006046845004371056
0.0005587971385178034
0.0002779722888322132
-0.000287241562281451
0.00012069063011404915
-0.00018202864306987785
-0.00030513989409127547
-0.0008545930633438839
-0.00025934363118229663
0.00013697930765039124
-0.00019990336465250361
-0.00011153583666470079
0.0001425805551889766
0.000313604686790722
-0.0001723476227745495
0.00038470332417749644
0.0001627072937816249
-0.00010774325393008664
0.00010914408765974289
0.00026314871163384245
-0.0002557457404429835
0.00021889241359855248
0.0009078305602311154
0.0040459176159018395
-0.002106896529824653
0.009518090433798166
0.00013539288902697196
-0.00013177386814342457
0.00012943610675608487
0.0001722756718279753
-0.0002971734187161425
-0.0007804928459607096
-0.00012752443768299578
-0.00020622588192304136
0.00011106864675497302
0.00015206438771783216
-0.00029671344678813415
0.0003767213681678901
-0.00010638685985194325
-0.00011574268017004205
0.0001377817587985672
-0.0002461152154148618
0.00018585958951086989
0.00010732004093569507
0.00020496820873618153
-0.00010832319090840601
0.0001243691712585483
0.0036552564131683714
0.0006041655387483952
0.008987615244874838
-0.00014257487289130722
0.00010707513280853591
0.0003047852987083098
-0.0007157554821481896
0.00012991055623666736
0.00012534374328920694
0.00013842548706738818
0.00011258450429419427
-0.0002792652789806679
-0.0003150374674043508
-0.00012670263578500913
-0.00012581590461078357
0.0002158925324822489
-0.00017132731769480152
0.0001838959974486052
-0.0001221635011818648
0.0001419321015229074
-0.003299977593200674
0.008317709443821179
0.00011853189678653493
-0.00011772724447009339
-0.00016610465667908555
0.00012674793320817908
0.0002646170259828662
-0.00012373465655848877
-0.0006540416259606909
0.00011714378433152884
0.00020752373318888188
0.0001998550784255023
0.0002923905565592125
-0.00011021851599088632
-0.00020738952205071062
-0.00017220007450505201
0.00010876624548887865
0.0001688252742295264
0.0029391464775200883
0.0004347682777815512
-0.007680000712385346
-0.0007139365218597003
0.00017316376493975422
-0.0001398153464101336
-0.00011670644059617779
0.00010323304739830023
0.00027122588482971475
-0.0005931365105855712
-0.00010051797817423261
0.00024270927185031613
-0.0002655356957658107
0.00012146652938138471
0.00018802741002666085
-0.0001513414331320555
0.00015348560497637954
0.0004908128369136419
0.002632893397522496
-0.0008833142506984821
-0.0060775105431771365
-0.0037049402615956096
-0.0002119472551595466
0.0002716861243941451
0.0005331300516562134
-0.00023135600443817913
-0.0002519420693237133
0.00016803951444818247
0.00015004905119079634
0.00014689092974326165
0.00010980964541302506
-0.0024301545611301978
0.006672083160947334
-0.00039495464160735154
-0.00024889395802833714
-0.0004900748381249459
-0.0001004961254863283
-0.00022147892004583224
-0.0002141484890605893
0.00016564676458855738
-0.00013185624095575068
-0.00013188044438301069
-0.00010688031226364554
-0.00023345378885858563
0.002191326718589629
-0.0062439451269442935
0.0001157366549169591
-0.00023299785098800752
-0.0004394390747560635
-0.00011395892856746632
0.00020505328678412812
-0.00019752421540777346
0.00015871468000563924
0.00012941024314956897
0.00012337378126704745
-0.00010701135068980659
0.0001471755803746043
-0.00023960707280798726
-0.0019840687381710315
-0.005844072997151651
-0.00010215171085696245
0.00019906467106230137
-0.00012684020903624198
0.00042285041606344363
0.00018771181983134584
-0.00018076272426053694
0.0001459292943472177
0.00010787500249204732
0.00011178780947543219
-0.001828275018865853
0.005482656557362415
-0.0001099587578204049
0.0002199771979835176
-0.00038447169145980375
-0.00018070935769207649
0.00016674937606522762
-0.0001366516198595042
0.00010947296360639853
0.0016694953874109605
-0.00013225364478243942
0.005150756852833655
-0.00021200179161818777
-0.0003573271382218575
0.0001671490706526028
0.00016430191553568985
0.00012878119497961997
0.00010176250813697429
0.0015368235929233242
-0.004849345077070021
0.00020647525797880676
0.0003285438466248602
-0.0001666118192108855
-0.00013626321713913075
0.00012084564123500482
0.0014098611082608843
-0.004428171505038146
-0.0011396886824594074
-0.00014549028082114376
-0.00019717442540217805
0.00030473486699702406
0.0001563405338125699
-0.00013211672427732856
-0.00011322793855021726
0.0013086749490480718
0.00431724984323236
0.00010472313536908788
-0.0001900168986731009
-0.00028422337701902213
-0.0001307186287947346
0.00011851373871387892
0.00010598974025900568
0.0011979826504124572
0.004088342595209091
0.00018281869135067775
0.0002641301594142458
0.00014093076304642367
-0.00010994844014390458
0.00010523560235215292
-0.0002253838532563957
-0.0010871689563159194
0.0038728953309351724
-0.00017510363204589305
0.0002427315499903228
0.00013467264621348505
0.0001026296363259299
0.0010285070976343738
-0.00015903769513073358
0.0001484130266589076
0.003668039929465119
-0.0001702537898259359
0.00023149916327144197
-0.00012903333064278563
0.0009544212628652389
-0.003490850810922633
0.00016299242374675157
0.0002171371738275624
-0.00012286082145548583
0.0008876483587784949
0.003320327103435461
-0.0001574469005160745
0.0002009708541951978
0.00011668693879050366
-0.0008280473356392896
-0.0031610014931094206
-0.00014987569653146523
-0.00019060388986102882
-0.00011323318281875146
-0.0007741172448600335
-0.00015545916062592623
0.002526743747734426
0.0016342001252030102
-0.00014686349748167964
-0.00017865230329457878
0.00010787832947446668
0.0007209541114069612
-0.002877980323399991
0.00014193587041617137
-0.00016820523134928396
0.00010393059650135129
-0.0006760269553868371
0.002749712147805073
0.0001367744968912973
0.00015836237493172765
-0.0006358898719591747
-0.0026298022006167477
0.00013169763004898543
0.000149772082463948
-0.0005971898264410237
0.0025179353743657457
0.00012827549297461454
-0.00014134661835685382
-0.0005629104463387937
0.0024126482754611395
0.00012439596518974892
0.0001339046350666302
-0.0005318089711981806
0.002313850253694692
0.00012428180167869374
-0.00012415163837294963
0.000503403073611716
0.002219056867553347
0.00011584037386270272
-0.00010963142740152293
-0.0003471420868828975
0.0003357330550034783
-0.002130465264905784
0.00011282392897566653
-0.00011280933886626233
0.00010270002674204464
-0.00045678706866229943
0.0020494485322369743
-0.00010881823951358986
-0.00010623253691487066
-0.00044081916686717785
0.00194131238192345
-0.0003474478422210361
-0.00010585015342823813
0.00010042495948458941
-0.00013417818173418335
-0.00042440809035075474
-0.00010650400611270707
0.0018896902669830724
0.00010239201025328095
-0.00012690857465194418
0.0007671017615846313
0.00046086579016146477
-0.001014503375360564
-0.0012768947382963208
-0.00014167964852361412
0.00010678052956581326
-0.00020519148934392445
-0.0003502745709151143
-0.00032860985797971803
0.0015297200617695001
-0.0007398273751722118
0.0002301795227424053
-0.00012693035824469707
-0.00011837191805778697
-0.00013316298768241387
-0.00011295452594556285
0.0002045674395427734
0.00034340383984084546
0.0007025191499341582
0.00019762092493391713
-0.00020380437379835997
-0.0005709331228283328
0.0004076876439853602
-0.0010811154202941113
-0.0006156757004518631
-0.00037458940470509104
0.00011764817123390527
-0.00012060004243658192
-0.00010509252065018189
-0.00011431971525028127
0.00015794800515644888
-0.00040650857928693914
0.001592341383716248
-0.00013993158791748215
0.00010344736802510871
0.00012257976156419817
0.00010176953892877537
-0.00011446428881927394
-0.00014350745120004257
-0.0015911573620097182
0.00011226399743417858
-0.00010870065734478722
-0.00014381085296792364
0.00011601602657108776
-0.0004300102967177463
0.0014296702088227517
-0.00020295173061057284
-0.0003242093604614517
-0.00017633033601682012
0.00012708067683434075
-0.0001086360303543559
0.00010345700188556098
0.00013696753846825408
0.0003535921959730281
-0.0014502701901686153
-0.00016653926819467987
0.00010947605855474763
-0.00010830381439111262
0.00034819494530519357
0.00014801903004714695
-0.0005544369844336798
-0.0006599762022540468
0.001090989858879674
-0.0002718123678437939
-0.00010012102580828872
0.00020804102772721428
-0.0006717085248014423
-0.0007989380118025222
-0.0009521767265092414
-0.00010998886135350639
0.0010090064946482718
0.000694045299733002
-0.0006672912613497649
0.00011557047227753668
-0.0013303270061548991
0.00011598940595875879
0.0001057168020943307
-0.0011018180135948733
-0.0005705330692621494
0.00034587343475564735
-0.0001052065676483939
0.00015704606856702585
-0.001241863564039877
-0.00019201222841930415
0.00011574101592672
0.000114253978767556
-0.00011422185860046428
-0.00012041957717909014
-0.00012577033488854093
-0.00010181645264342665
-0.00010234234438072411
0.00012646712659908284
0.00010422551031449053
0.0001044653645389902
-0.00012720495016515663
-0.00010168409605634565
0.00010115464176185529
-0.0001344286205455062
-0.00010918348362632714
0.00010798923990716392
-0.00013497658976681796
0.0001110499762494238
0.00011020152306914546
-0.00013788019404758573
-0.00011310094613685961
0.00011272361484759743
-0.00014071828942957527
-0.00011427358456714263
0.00011512258239258316
0.00013590329619109348
0.00011843483947119247
-0.00011743998331733604
0.0001568437099127904
0.00012362781072407914
0.00012005986516774365
0.00010278696189481177
0.00015745680160994858
0.00012618576357906577
-0.00012302607907060814
0.00010476985271080917
0.0001640810680445633
0.00013035658434705163
0.00012637428759374912
0.0001062276907390593
0.00017208821251037755
0.00013333032061046745
0.00013064423158496864
0.00010317742885422681
-0.00018035130508339372
0.00016743809519602154
0.00012630654344163392
-0.0001078395143311004
-0.00019667872767618934
-0.0001640399687096648
-0.0001918465894956496
0.00026602180718808457
0.00021361653542792945
