-0.9827468000677062
0.09671069643150748
0.11867367949953983
0.03295718821964005
-0.04052555470605842
-0.05007108153136018
0.012915171195933953
0.012711571099379556
-0.03046692010674366
-0.028316250246092866
0.010112275749025994
0.005860200654886103
0.0054026437515435274
0.027728396785525154
0.009728908169144639
0.0006239980103584453
0.0009183235828059245
0.007740217708689561
-0.022058494678031806
0.003937030357689461
0.0031754852773078846
0.005009862395641485
-0.010170873276605274
-0.01455189418476438
0.004589506580394902
0.002483040523560128
0.005569123858079057
-0.003226981276132845
-0.0016020049607719038
0.0004944736008964551
0.0004886257816356083
-0.00738159376427388
-0.015629834567670902
-0.0025760744906609435
0.00576763828552359
-0.00020803495659245426
-0.000567181492238619
0.001399409410403141
-0.0001128438676850528
0.00044314437871658687
-0.0004840782935431243
-0.015467277757504535
0.004466220162902177
-0.0003897568255475284
0.0003420660820781503
0.00043452595531927947
-0.0007730721925563205
-0.0011817289937397434
-0.0007802679237227884
0.00026104946034424803
-0.013291578872532623
0.0014287714085952
0.0006475324480080703
-0.003400308624052458
-0.0009971281520970768
-0.0006737188513905611
-0.0010208530725577304
0.00010053853987148521
-0.00023700375700655115
0.0006347342680981805
-0.0004119872989664732
0.011556134120961943
0.00022181723303740827
-0.00011262337142272637
-0.0028104935557341157
-0.0004862858981426197
0.0002627862281724852
0.0003762086399190801
0.00033466652863735455
0.0008375684488097965
-0.0001118911126965828
0.0006552044137771746
0.0002499551574866586
-0.0002817893054764295
-0.0001336136767446979
-0.010012991601841393
-0.0005242022165648306
-0.002265220438725211
-0.00025053019457022284
0.0003098613578014939
-0.00011240633808122702
0.0007234617831460758
-0.00011994972376881848
0.00019480882139404844
0.0005808197773299144
-0.00015530005616164595
0.00022361289230236824
-0.008656179835604806
-0.0001566001989080966
0.0012580779754735154
0.00010482825698939082
-0.0018323608761774612
0.00011718021403686957
-0.00014109920011780213
-0.0001193048110472723
0.0006177636226477629
0.00019712212210186818
-0.00016962801922045317
-0.0004721058772374526
0.00018925816247870495
-0.00014371168072633937
0.0076758030314017026
-0.0014998598665996604
-0.0001206527856999421
0.00015743985306242985
-0.0002524409222650991
-0.0005020863360059541
-0.00039435349790004553
-0.0001325056378037814
-0.0001665130071377532
0.00013212554626617192
-0.006771757125618137
0.0012043352187562826
0.00033207893596050016
0.00016725839814709913
-0.00019592733597628128
0.00011807538184359052
0.00044272946212917347
0.0002511180013937734
0.0002322893312135125
-0.00012376265047861569
0.00014599942417568973
0.00013727238955140057
0.0002038815357267351
-0.006009494608987399
-0.00016663429316859257
0.001036858159433129
0.0001863477551956683
-0.00038830978299458224
-0.0002871085394866388
-0.00010953049442964384
-0.00012556594302916583
-0.00013683463711086766
-0.005368441230390644
0.00012512348314968268
-0.0008850147024524528
-0.00033931294653746416
-0.00024375207393466782
-0.00010006654360337008
-0.00011612708574160974
0.00012270465887853036
-0.004811857578257788
0.00029042222466397257
0.0007427734324402718
0.00030095945544201267
0.00021092077931731843
-0.0001017413457510827
0.00010960208493832199
0.00187060616044732
0.003901901467978621
-0.0004367805488683148
0.0006358759357216603
-0.00026092008681827386
0.00018221607631059873
0.003940004606295853
0.0005466437795896757
0.00023885963432153894
0.0001593792604277986
0.00358454317797088
0.0004753931553532388
-0.00021340437059732593
-0.00013922535033645324
0.003272730447147419
-0.00041132930504770454
-0.00017603002472545297
-0.00012151494204332199
0.003000825011340759
-0.0003637489278317033
-0.00017619053458084886
-0.00010705858939246088
0.0027619691676855356
-0.00032066831278920884
-0.00016201596690690385
-0.0025479845241138605
0.0002786583447565589
0.00014657870299198246
-0.0023587274246845906
0.0002529570628440009
0.00013502137172060754
-0.0021887184234379007
-0.00022617366847656369
0.00012458847184322966
-0.0020366697214296045
-0.00020286730272014815
-0.00011503648735444809
-0.0018956739251793568
0.00011351877645521137
0.00018270069599896557
0.00010767294471092981
0.0017758573197351653
-0.00016507991375629567
-0.0016645394528392314
0.00014977849679975312
0.0015614345101253905
-0.00013601370016259756
0.0014682995793615455
-0.00012403610831115773
0.0013832671770997057
-0.00011286973482094958
0.0013051685982777743
0.00010387614734624184
-0.001233833334775287
0.0011679878391006283
0.0011073986702336781
0.0010511200826358556
0.000999244115634336
-0.0009508197684268515
0.0009060307771916304
-0.0008641708365696597
0.0008162080844832222
-0.00012322438752695642
-0.0007890858166991334
-0.0007550559551540471
-0.000723152628225124
0.00010283572239472362
-0.0006930716059778414
-0.00010266710867913786
0.0006649496321830517
-0.00010181306730993414
-0.0006385959369189639
0.0006135393418361246
0.00010286220948764867
0.0005889146694308973
0.0001070146988373485
0.0005684288078924056
-0.00010266865433873076
0.0005266171320424975
-0.00010401837146429135
-0.0002070138204039736
0.0002344582265213924
0.0002872061378552489
0.00021272751641224818
-0.00012995869825202687
0.00010771273513983844
-0.000503685005470957
-0.0004869405691197781
0.0001097431959317097
-0.0004661903536839676
0.00011177695431025739
0.00045382366950184964
-0.00011387787402796997
0.00038592025969742827
-0.0002060690916319401
0.00010054846911130236
0.00017120028000977447
0.000237911129579373
-0.00030834192981368764
0.00011513008577752079
-0.00010191248921978131
0.0004153481799316397
-0.00011642936511883415
-0.0003897417000082871
0.0001032408621471036
-0.0003750021039580952
-0.0001183992532844354
-0.00010473118862222282
0.00036551608121957574
0.00012023477883821412
-0.0001061670533134215
0.00012263340000096063
0.00010778225001807236
-0.00012392137009847846
-0.00010960497239374334
0.00012580547834476825
0.00010826980792154652
-0.00012796482867454093
0.00011251397593858247
-0.00013024136171150001
0.00011480124689594917
-0.00013258877026207407
0.0001167293241184011
-0.00010074518991376856
-0.00013453288566226678
-0.00011835867358092996
0.00013730553350718483
0.00012046433919520875
-0.00010011703558082799
0.00013977954119590434
0.0001225152412325366
-0.00010212908979439953
-0.00014278671770901716
-0.00012441450045608474
0.00010456375367401222
-0.0001470169212996975
0.00012651181599068057
0.00010643712437050016
0.00014634914982024862
-0.0001286299532304254
0.00010723498516720343
0.00015243801186201757
-0.00013052654164760438
0.00011057046526127351
-0.00015746879797082618
-0.00013246959626703574
0.00011496328059230353
-0.00016432973393503366
0.00013488888001733637
-0.00012777280812109373
0.00016408913465221675
-0.00014000476973338415
0.00013648597611123906
0.00018357956846502452
-0.00014365266626808468
-0.0001570563228869431
0.00022266960218099172
-0.00017487904982207338
