-0.9819458677579248
0.07484630474793892
0.13661445410348852
-0.025855362175933528
-0.03272185226884633
-0.06195373439061646
-0.008767958015537473
-0.010404421063448924
-0.022492031538217556
-0.03891032822555972
-0.007010354522434584
0.004897587262894741
0.0028628067571806297
-0.019206579058834095
0.025568053774265572
0.0003103246128415933
-0.0018772181928586632
-0.005394629584913603
0.022559433726596193
0.008289783716652139
-0.0006825255624488709
0.0010167847324686699
-0.010827585953375293
-0.01694109061240968
-0.0036760178441377417
-0.0028049447353406605
0.0024046099272072266
-0.0015268012226514875
-0.0005089640872843926
0.00018864181609849087
-0.004452402570439593
-0.01821222190725229
-0.0020325140884345544
-0.003679346478558508
-0.0005023685680479255
-0.00015549859796728128
-0.00021888643318297346
-0.0002584021730363218
0.00032833900277123504
-0.0004315904671634665
-0.01659672212499533
-0.0028706845557522074
-0.00034839762298161515
0.00034979107755492365
-0.0005629401674056554
0.00015623905768177227
0.0006196491902005014
-0.014260435393883246
0.001079253880376891
0.0005259902752144012
-0.0022498242295178723
0.00023175971458955024
0.0005169192431263485
0.0001159382974552674
-0.00010336380352370949
-0.000212962108454085
-0.0005600748817268789
-0.0001015970091096182
-0.01231358115880637
0.00013037768619212142
0.00010904357921133859
0.0017893821337019386
0.00044717409122012883
0.0002287784755188008
0.00024646726715486924
0.00048554001685942766
-0.00011229175079539954
0.00018537835816877707
0.010642070220500016
-0.0004184489315221646
0.0014481011545886676
-0.000236414769590614
-0.0001065996972753997
-0.00017558999390652414
-0.0004244855706558564
0.00012501827645412065
0.00921242909766462
0.00019451200461924662
-0.0009467122083041925
-0.0011654633695456303
0.00011540751544814891
0.00017265359326798274
-0.00013766724132831034
-0.00034583078857561387
0.00011144519516426985
0.0081084623780067
-0.000952666560527537
0.00011978773473518798
-0.0001661673855165262
0.0002815152726793298
0.00010751528275141098
0.007141208549763746
0.0007850248529840219
-0.00014466023448045273
0.00014689189083535626
0.00023068599054174466
-0.00011122149053901686
0.0001234783578747712
0.0063295848837371495
0.0001237582814716169
-0.0006574284551009318
-0.00013289492578470028
0.00020669852130435535
-0.00010353829676772492
0.0056443160587683824
0.00011940796050304123
-0.0005562928115806331
-0.00017555896359725562
0.005057246323593978
-0.00020606251387317258
0.00046985652918815136
0.00015111697352685377
0.001135512226931539
-0.0044078737309608245
0.00028526634575034833
0.0004017830123724432
-0.00013047096433193824
-0.004128319823898438
-0.0002807077869919517
-0.00020584955969219472
0.000112594422323416
0.0037529842961893756
-0.00030002420951472103
-0.003425157413101921
-0.00026140257013937846
0.003138289144165731
-0.00022955907911414468
-0.00013168389320001588
0.0028832336073942094
0.00020230400611747124
0.0026616233911219765
-0.00017676762183247756
0.0024625179606329478
0.00015944460907432823
0.0022842328363342963
0.00014250923028319236
-0.002124729943660566
-0.00012781457095929533
0.0019792161772615876
-0.00011512270207215601
-0.0018514025359047514
-0.00010393305165608113
0.0017340637555167903
0.0016270838273838302
0.0015297174060578756
-0.0014408953118372017
-0.0013593784019476343
-0.0012847931692584866
0.0012160017505662443
-0.0011526147571942259
-0.0010940134140895884
0.0010398522529157042
0.000989421244431041
-0.0009427120589778102
-0.0008991317362732979
0.0008577111625313798
0.0008207273862470115
0.0007852978370338269
0.0007520717556855093
0.0007209082779622495
-0.0006915739343142961
-0.0006637311845075278
0.00037288705567109666
0.0005179826894066127
-0.0006139485939885086
-0.0005911129742290825
-0.0005567988962437064
-0.00014176431725243822
0.00024859310014810115
-0.0003913355867836594
0.00018004215600040419
0.0005272022714099798
0.0005094909105369997
0.0004895513991536627
-0.0004756080845211029
0.0004279613776304651
0.00015896114679639242
0.0001392956341195238
0.0003281075480874039
0.0002679021096378093
0.0004324438268956818
0.00041705335598444447
-0.0003983278754824669
0.0003752453094549954
0.0001021560918770736
-0.000105565008847949
0.00011112638054181664
0.00012773166959022375
0.0001024443755815336
0.0001294206930052347
-0.00010939345182809813
-0.0001129577388459295
0.0001634833956720377
0.00012816636959052505
