-0.802246090314254
-0.2911670661002927
-0.23569619493088484
-0.18504406148319044
0.020770155059845415
0.1501266484965752
-0.08890177667172837
-0.10720312223345488
0.013404582221492371
0.11381912276672887
0.09199180065801704
0.05885740655449475
-0.002350225227167476
0.017692111871208564
-0.09692237444378288
0.032756343825823445
-0.0587711805370847
0.0077706419187901134
-0.10537892786643696
0.01637505703339733
-0.01738428595113005
-0.019256466241170986
-0.0031702341708652053
-0.0031495921008074896
0.014512509103992542
-0.007311130872629813
-0.009398730185579884
0.11206517807827636
0.0023983984932600417
-0.0022574372068461393
0.00028938448932620554
-0.004331503358195476
0.00643199505732053
-0.0029996218747262143
0.0033151008918378077
-0.10565276973981423
0.0008032885938889353
-0.0010825463426704287
0.0004150445471476521
0.00373162262058959
0.0009858883073198077
-0.0032721112228943066
-0.00021512017983785803
0.003989038195653227
-0.0015026203938171847
0.0021772621992826417
-0.023695578972256524
-0.09207879393709893
0.019148481508425387
0.0006140335654241262
-0.00284199387914377
0.0020069635080203554
-0.0005050780499798481
-0.0011181330299339788
0.0034200203826696036
0.00022393976671235827
0.0017133968959495746
-0.0033876084523949113
-0.0029740697692285057
-0.005661407021681485
0.08828857055354673
-0.0011251556341744006
-0.0005462227689873813
0.0038726190809454
-0.0008061720711414532
0.003065708051913875
0.0006190355839060625
-0.0018297350267130325
0.002960850736406979
-0.0002584311202956049
0.0006987395062669102
-0.003310840437114165
0.0009399771264219319
0.0035179639333108165
-0.0011499557256393247
0.004319967688315656
0.08042716993293526
0.004442916901754526
-0.004017193273733117
0.004296690774531506
-0.0006396372199116165
-0.0005158697668118787
-0.0008795902564878767
-0.0010969722384506612
-0.0027827261199785706
-0.0017625031228280948
0.001064141876992893
-0.0019335559877174421
0.00253807083679511
0.0014358661053871416
-0.0011386568488153303
0.003164320831373799
-0.004199194836659584
0.0036248471609526527
0.07320316345172737
-0.0029009972974927455
0.0025473779330159566
0.007324097700208574
0.00072463434948223
0.0002266679851502984
0.0020071821280969867
-0.0027877434787903534
-0.0009597664537379856
-0.0005751278188564476
0.0010323883076620267
0.0002193814995239889
-0.00011083508324874865
0.0027185186522142375
-0.0005818179618952387
-0.0016837576736165735
-0.0024640924370697335
-0.03549898469588742
-0.04105214452091212
0.03937431370184412
0.008917646036150972
-0.001568424482227829
0.0006623023209662556
0.0006722177226373023
0.0011759957643121329
-0.0005343761995985914
-0.0023065214920469724
0.0011338012684213856
0.0005016871802451151
0.00023751753913174112
0.0009164452495667269
-0.0012088182371307967
0.002040421288532607
0.002380303311990942
0.001132936709293269
0.0012031481353001658
0.0029873835512000554
-0.00249480959922345
-0.010335472562704902
0.060180636640028325
-0.0013081291113674104
0.0027425117174911017
-0.010074471382696973
-0.0005524212656256663
-0.00020057757335809463
0.0003593939025719815
-0.0023413445764128194
0.001021974644194073
-0.00047627703561141165
0.0003122720402597329
-0.0012172134480486054
-0.0010561908917484913
-0.0005725060153939634
0.0011464010390033752
0.002454390737604919
-0.0012216857509023975
-0.001568348525301483
-0.00031743203425628355
0.0014546641051535814
-0.055870060313663795
0.010757172803053607
-0.0041561974521471855
0.00040708509192887717
-0.00022287689349747026
-0.001113609234270253
-0.00045627691364305475
0.00012605568399733972
0.0006237755432230567
0.0020912045684904398
0.00023969443229325736
-0.001041344864832593
0.0006597021680675715
-0.0005301813777451261
-0.0006153603736362035
0.0003241760901568188
-0.0013879840312250333
-0.0018429261723562492
0.0008107196794671583
-0.00010490792155751959
-0.0013506175935237555
-0.0013052233268829128
-0.005012303748573873
0.050464718006646925
-0.004220086946898446
0.0058516394536787635
0.00945022520273336
0.0071925428779428925
0.0006361463997017611
-0.0013581685112605143
-0.0005954463354985757
-0.0018362132785158807
0.0012200561537807804
0.0006047733359709005
0.00033678658231599056
-0.0005869554303268019
0.0007486612433158763
-0.00024274293157138985
0.0009429954871103598
0.001234180870950346
0.0009138932075827715
-0.0002704566391717339
0.0008940798306279443
0.0014581048653647783
-0.00011925588144616269
-0.0007529441705843214
0.0016432791325026324
-0.0014682453044239587
-0.0014433827013022823
0.03967280004988813
-0.02477141589234436
-0.006520637562797735
0.011195154139491733
0.00013281162102576525
-0.0005105867075938565
0.0005874480407184971
-0.0005352790082652367
-0.0016489722310158933
-0.0010586523777662354
-0.0006854429881436573
0.00028319624379377194
-0.00020306353513311468
-0.0004238881546902217
-0.0006449097672052137
0.0014122164625948142
-0.00046055512560086177
0.0005676376074945133
-0.00144496335498602
0.00041487365002392033
0.0006517985944871804
-0.0005545450401877603
-0.0012937350503306577
-0.002061519958768359
-0.025661467780113547
0.034423389446971285
-0.0007603319019516158
0.013168291497016427
-0.0006917801366749582
0.0002673944111356277
0.00020511427573432172
-0.0009064115625197713
0.0002701317133034513
-0.0013986645461266745
0.0007528957523189428
-0.0009071157044790733
-0.0006940761741112355
0.0006792963510434357
0.0002655900854893989
0.00043348658522445404
-0.001145478361693605
-0.0008502542500390576
0.0002987095835869379
0.0003797544644160226
0.00047126581305128397
0.0011684488842915019
0.0006238078860110742
0.00043268739464561985
0.0012765982412718728
0.00045115065065620447
-0.002146443385877933
0.038256887633136574
-0.008753497037519604
0.008704745910698442
0.010901825284872158
0.0007748491032423282
0.0003299667392870102
-0.0007500066615902359
-0.00047754892459407844
-0.0014070230026812076
-0.0012811859818986225
0.00015137009841711106
0.0005745596212752777
0.00026283918805814047
0.00012255300727549896
-0.0002383143089169716
-0.00023393592595363118
-0.0011408298645014597
-0.00017649519259534683
0.0004796421524874937
-0.00021505940158990405
-0.0004791957484474235
0.0009745348709274468
-0.0011858267916229931
-0.00010742785474616828
-0.0004130440293401425
0.0015986394296891055
-0.0008258467894208651
-0.034048930395894975
0.010890713080118186
0.004953146953332265
0.014063710945363551
-0.0009950773679648856
-0.00010554027453920633
-0.0007880128519016857
0.0011739164199905602
-0.000335865327807922
0.0006252620818350667
0.0011902389879386637
0.00014327813477686796
-0.0005799241462719468
0.00013717650194456672
-0.00016798480896589623
0.0008746388374639751
0.00041767982864231347
0.000728512653569916
-0.0002834158105445223
0.0002852567479879294
0.00038856601276233635
0.0004530164688431071
-0.00044787627568691773
-0.0013337200412186481
-0.0005948339975351345
-0.00039187611074247865
-0.00045432625457073983
-0.00045712285394775156
0.0005129183871391592
0.0005840715083339927
0.03285152402691941
-0.00753200170127172
-0.012900438859138103
-0.0005729768761335456
-0.00112228580594972
-0.00042984619107881857
-0.0009310229619191173
-0.0007421102244848109
0.00048622354385759805
0.0012490670193812347
0.00035971328702572703
0.0001511181078854291
0.0008627912124304006
-0.0007206205867596465
-0.00036177993732104766
-0.00035489157962257533
-0.00011535218441566362
0.00020914834705487741
0.0005195024102630579
-0.000740230490667146
-0.0001993776451251018
-0.0009784573456198826
-0.00031172626807814694
0.0001916587349220872
0.0030217455559957604
0.030259328489078755
-0.014517284108829276
0.000749804616541536
-0.00028975948290916914
-0.0006658578377719479
0.00047353685345698845
-0.00029444153205056
-0.0003778036026999183
-0.0004960930311004406
0.0009936051198598983
0.00038250416732495
0.0009179661775481252
-0.0007525052034102329
0.00026929993021607314
0.00010275981483369173
0.0004459317511814826
-0.0007189078421298793
0.00043379571249169927
-0.00028618781595189554
0.0004904957773525706
0.00041087103991916654
0.00033262612120280716
-0.00021265903855929933
0.0005448161110912788
-0.0005194213370382324
-0.000398590732502105
-0.0008284803496510063
-0.00044108904080270885
0.00015494533219721166
0.0008963520803454216
0.0004698152885165264
-0.0009346970496934897
-0.02707969307256106
-0.006812265221916511
0.01451396361976588
0.0008868207477298075
0.0004394785058928632
-0.0007646105315629806
-0.00011402511898584922
0.00046499733376097175
-0.000796690355263268
-0.0011454554303998179
-0.0006320870862481995
-0.00013094774837301158
-0.0004873688125504551
0.0002543840385551255
-0.00035319039836260205
-0.0006921805857453763
0.00048171100881577017
0.0004520868878296505
-0.0001602580440917449
0.00028736181130728945
0.00014734909187606705
0.0002529727068066597
0.0002615022517719821
-0.0006764471090344867
0.00011512307577646822
0.0006069926689504122
-0.0005476992116975583
-0.00017279930250625313
0.0008009750764891154
0.00010421027433098595
0.00036855691607503216
-0.0005776666972334399
-0.002506514449138943
-0.024190930963865216
-0.008436895042539626
-0.01442648542280082
-0.00012826679746263278
0.00036147636000831494
0.00028099868305612774
-0.0001254852412465541
0.00038464474893228946
-0.0006647782499637577
-0.0005132533269341594
0.001210218362958648
0.00013369234210509486
-0.000341654011144119
-0.0002651987460944814
0.0001519946460504792
-0.0006794367809608845
0.0005689427395921457
0.00014025774445845958
0.00014773033656630434
0.00033442518650072357
0.0006043228912708807
-0.0003388637296417452
-0.000318990895952655
0.00013188025475127917
-0.0005950489209774716
0.0004433042439105686
-0.00028656880777741496
-0.0006116832226531661
0.00041740896108636297
0.0005840659788708914
-0.0005120859163616355
-0.0002728248268018452
0.02353908245100294
-0.013181910990113786
-0.006177377734772445
0.00041537190394709203
-0.00012712102635156747
0.0002675589577033145
0.00036328982503284796
0.0005780544098135058
0.0007649024923070524
0.001029237260688964
-0.00016648293432500272
-0.00044520061075622926
-0.00025422267568761113
-0.00011708820716461305
0.0005516706593657191
0.00016630079277639017
0.0003211639785306699
-0.0005025771926477987
-0.00014530837471094898
-0.00025282215943708987
0.00033662857517589764
0.00014427789336502188
-0.0002540917082986183
0.0005783950119571928
-0.00028256619935859814
0.00021419898300587806
-0.000289136772515862
-0.00013684369656526615
0.00043349577780911534
-0.0006214115056711316
-0.00039709193680310034
0.0003090022693115477
-0.000136103825789957
0.021184649323353483
0.004094491374381158
0.006967345850418291
-0.012752209372538768
-0.0005051435645089535
0.0002493462881580893
0.0006790822415347888
-0.00020502357388456469
0.0002079389384814223
-0.0003937253836153371
-0.0009144750159673536
0.0010209685523779257
0.00013039507827959036
0.00015176557894668903
-0.0004367325454276255
0.00028185849417324617
0.0006187073253415843
0.0003733625173240465
0.00011501077329692659
0.0003952821293614206
0.00033824229387836554
-0.0002857973435810987
0.00011508743037125464
-0.0002792669234210522
0.0004495864474629748
0.0005993276751795337
0.0003507562180902514
0.0002237320856346293
-0.00023802045213321444
-0.01997134302470656
-0.002309892019690329
-0.009254125690567924
-0.010451432379354647
-0.0006142909368953572
0.0008828486422579695
0.0003834161463307691
-0.00020137793598048616
0.00043506879750037004
-0.0005781992413263809
-0.00021697800561453184
-0.0010886787014569705
0.00010570258266212638
0.00011276714074182737
0.00017152041809170458
0.0003199577450342537
-0.0004400501331769248
0.00042958634718846903
-0.0004275761789296097
0.0003247518770680919
-0.00010484307151314652
-0.00043594895794105024
0.0003661247874449263
-0.00020965748907569563
0.0001937930400183417
0.0004395510721626397
0.0002710191618157989
0.00020309906257031431
0.0005495966509359338
0.0005558371655022011
-0.000170650500899613
0.00020430801619537197
0.0010543525520892265
0.01841299160519702
-0.013552724945643798
-0.0016732967811739382
-0.0025813551796741345
-0.00011106981740851458
-0.0004164094904313601
0.00042676012731196174
0.0010561331284445244
0.0003235076751109935
0.00016388667922773368
-0.00015764657856303903
-0.00010517274443085877
-0.00010398196364221587
-0.00031536817200729654
-0.00011991674064451673
0.00048811188990832097
0.0002502322540669411
0.0005013367769893174
0.00013089896375998797
-0.00017920868490447296
0.0003829096291209689
0.00022727193980097906
0.00017074484495926726
-0.00027884466321545926
-0.00026085693282731356
-0.00010393697935860435
0.00022315826395797854
0.00039772672508718186
-0.0004622027761463905
0.0003869690041820714
0.00032844833940113465
-0.0011336612229668093
-0.01616806566181231
-0.00465658991734898
-0.01378758321329425
0.0010254358774883627
0.00022289121001708284
0.0003760045723171354
-0.0002456395487442315
0.00038487519978988756
-0.00010753042732811659
-0.0010441146484897847
0.0001259066304439171
0.0001576401333678881
0.00029588885213412244
-0.0001398668925343538
-0.00014445312909377485
-0.0002995218045990611
0.00034461301535023
0.0005231923590737925
-0.00014409982635719726
0.0003026098733344568
0.00027066566068874824
0.0003594942752184796
0.00021579737420062277
0.0002331887286696667
0.00037536007849257527
-0.0001314717391416964
-0.00023382750360667587
-0.00044247526024126816
-0.000340863509311384
0.0007614556055489503
-0.000782839450223969
0.015256635120756618
-0.002446242304128624
0.0008647165537029644
0.013353861092359132
0.0024920960530597207
-0.00016468705370137538
0.00019868603649217295
0.0003761641339894741
-0.00020889255926784676
0.0008564590475164958
0.0005346439218601295
-0.0001472267708810421
-0.00019816897836743614
0.0001650606931656262
-0.00032859715991130726
0.00034352536266255625
-0.0005262603789446262
0.0001677332106025372
-0.00010060410440491391
-0.0001163836131198019
-0.00019024853669524002
-0.00045351016929128207
-0.00010038437795856419
0.0002674393731319849
0.00033434711077024
0.00015205536539677166
-0.00020026941186003129
0.0001273642506857084
-0.0001990290789128116
0.0002594557082765603
0.00038502097460123237
0.0002380787260915875
-0.0005125918649987508
-0.013884829639325654
0.0022887564497692525
-0.006373404066139245
-0.011901268589330164
-0.0006160822668918054
0.0005173581583266295
0.0001923370406415399
0.0002524551097882856
0.00040374416859542927
-0.00031358406619498737
-0.0009087851669119724
-0.0003098905225769754
0.0001157226004567976
0.0003085669772578283
0.0002616552860235194
0.00046646579695099245
-0.00010288471886643811
-0.00019544897525556335
0.00011950206598430773
-0.00012164539070966963
0.00027235921068765874
0.00019230773252487568
-0.00030547105551123274
0.0001674456421664884
0.00030658710058365917
0.00022630068830995187
-0.0001894922817707991
0.0001097387165655507
-0.00018837797104879692
-0.00022564852133176132
0.0003773159867533219
0.00015401336422436835
0.000286649142062796
0.00024219365482032674
0.00010332816110776715
0.0004892857007918731
0.0008759301837019211
-0.013200496986733156
-0.010959548262492805
-0.006857959329858746
0.0002270364213189849
-0.0003642354110093538
0.00019590063288348915
0.00017957554552756858
0.0009742541232638832
0.00024839904645891756
-0.00010909420793261872
0.0002624308527097826
0.00045810783999872663
0.00020938954597409507
-0.00018005421125002251
-0.00018318501664582075
0.00017570952531214707
-0.00031313406017898307
0.0003077220855254335
-0.0002590551796502399
-0.00013057380675298393
0.00018251147347507583
0.00014808013880331146
-0.00018546513926417772
-0.00014631604021521854
0.00014388966845476516
-0.00026563186373840996
-0.00033778508444063374
0.00014991199390580265
-0.00018552994396283276
0.00024972156543070736
0.0005803059968427881
0.01214961284043614
-0.012656200242672626
0.0007259080785823849
-0.00015069084148856764
-0.00023984918906547976
-0.00011405633747255426
0.0002691864807591627
0.0003179179056608262
-0.0008839442034457214
0.00013803571026194383
0.00010737416500405219
0.00014183953462813768
0.00024525614344601967
0.00028961231482888087
-0.0003973923565602492
0.00017515522754153
0.00019580486871945875
-0.0002521389606461537
-0.0003158586846575986
-0.00013075387227550305
0.0001610651578425856
-0.00023845049990091872
0.00022159634695619181
0.0001254907635365727
-0.00024681891503063193
0.000100494922370796
-0.00030179587905861555
0.0002503361951230132
0.00015804371551985492
0.0003711277011564424
-0.0003312439459331321
-0.0006264736905784396
0.011156931549159569
0.012363617856586316
0.0008384369863251935
-0.00023156097680869286
-0.0004968891180248951
-0.00019470349469584194
-0.0003219190898556918
-0.00020708535302202722
0.0008359989060399458
-0.00020169993915710832
-0.00013839124260638352
0.00013636051909706717
0.000183755883380783
-0.0001035337059535722
0.00023711152156522528
0.00044369344022933817
-0.00022815700479888803
-0.0001848195624041111
0.00020345026119843437
-0.0002949398105055099
-0.00013628763084189792
0.0001283657355681
0.0002472639722373899
0.0001487780481180953
-0.0001309094244912433
-0.00010540651932675894
-0.00023278549315120767
0.00016833122784331295
-0.0002760651704490833
0.00013589577557675646
0.00019943204207197498
0.00023014728689446507
0.00010177918144444294
0.0001956145206061654
0.010276348190961642
0.011998510700597445
-0.0016983546076028034
0.00020155092592024043
0.00027393015181231454
-0.00033931550207511274
-0.00017547480650314336
0.00024068588090779365
0.0008031485051158481
0.00014695138659249758
0.0001332474256541289
-0.0003325780740039595
-0.00041733747212275305
-0.00020137249321095893
-0.00031243490405517685
-0.00014883429564602503
-0.0002470255698831305
0.00010796687897556874
0.0001487365534277334
-0.00022249538037163874
-0.00013168982397377936
-0.0001253184233891908
-0.00025279040965239124
-0.00024388528024162507
0.00014249459436335414
0.003094412061931506
0.007778696415748396
0.004210561759637411
0.003164516198926459
-0.011465336516430417
0.00043286399341660545
-0.00012948053200362742
-0.00010880196471334535
0.00012187022414485114
-0.000792807994454624
0.0002154511635521323
-0.00018524217479554922
0.0002287858288580835
0.00019684596603083737
-0.00039998819755060656
-0.00021876980864676403
0.0002985547335558544
0.00010964364888492986
-0.00011403895654600737
0.00018923852448441656
0.00013119490533292005
0.0001592509747980951
0.00010830848732522157
0.00022044592147718375
-0.0001309248148585145
0.00010963199552982838
0.00016149142126236236
0.00026798905150501575
-0.00013329764192905575
0.0004839994029416931
0.008487862044610115
-0.011666462664498452
0.0005896787979532478
-0.0002567216700580117
-0.00013947951469411008
-0.000176709642115989
-0.00014441713292873118
0.00046676130154584347
-0.0006136748130824328
0.0002084093595743409
-0.00018121348556356782
-0.00041972809000143194
-0.00011616350517625423
-0.00017304368243304687
-0.00011259846515568466
-0.00011258923710831518
0.0002499140949263795
-0.00011650512021175693
-0.00015494644072073987
0.00016355137584463065
-0.00017593615521988408
0.00015137169596231493
-0.0002301031762130912
-0.00016057096829773305
-0.00018275196345964874
0.00023324601667304713
-0.00025157058198733105
-0.00018218085827225114
0.0015339055492421135
-0.007847483503896583
0.011238415000737002
-0.00018890032607766296
-0.00020367920416936445
0.00024401268696822929
-0.00013459042620272266
0.0006717964385740308
-0.00030062622046788984
0.0001098693194494103
0.00020566161564080675
0.00010463178795578265
-0.00016507491861582235
0.000419387087706841
0.0002214554937953993
-0.00011764142650157576
0.00024930545519937533
0.00015349692813629946
0.0001975794645383424
0.00015724021243192386
-0.000138154390679618
-0.0001946391264801282
0.0001852227344244747
0.00020682950512259215
0.00015137045513579365
0.00021362258324965114
0.00014642980915988935
0.007320812494349513
0.010914152626209556
-0.0002818679534165901
0.0010724560586214459
-0.0002436822293362625
-0.00010627248445155476
0.0007128062995330464
-0.0002281025825501839
0.00014855736549649283
0.0003825955051425922
-0.00010862011829165891
-0.00011168740706124726
-0.0001444184373916958
0.0001595799097705541
-0.00025273059053313097
-0.00018102478795880078
0.00018285224130052704
-0.00011457683202652277
-0.00017350906856939652
-0.0001064234858873048
0.0001545436510377417
0.00013797630827139235
0.00018450988149402544
0.0001429221166450621
-0.00015599896017117918
-0.00012330909064437224
-0.00010898157113350725
-0.000238801871094582
0.00010576675087903678
-0.006624441706857379
0.00044872821266005506
0.010731289761381544
-0.00023996521147265045
-0.0003039242628247509
0.0006505946059403524
-0.00013963427953576847
0.0003086950386263616
0.00025161474550270557
0.00011872830366793877
0.0001567596525142226
0.0002450836269507604
-0.00010065860721786427
-0.0001797988282989422
0.00015779974093022649
-0.00020315508543050962
0.00017879190413401885
-0.00013156604674071366
-0.00020581156059404547
-0.00017109623992937598
-0.00028440143703604444
-0.00604342898484068
-0.009873158697659527
0.0034865973988935667
-0.00012264725241563723
0.0001027110421803518
-0.00024506134479362185
-0.00010962644317837645
0.0006357388090810216
-0.00010389054906702992
-0.0001096805725385872
-0.00013143975707077417
0.00036601009801648507
0.00013426260747683675
-0.0001496648785456548
-0.00024918992474714705
0.00016245778653244168
-0.00014036463351393714
0.00013643117258320801
0.0001003916112154171
-0.0001825456096783253
-0.00017451238556665384
0.00012548310306986893
0.000170840132648032
-0.0001426919918156245
0.00017522750338881075
-0.005352723488813319
0.0014364910748223432
0.010184559535872263
-0.00024023788597106756
-0.00013883306864777143
-0.00020685827699307553
0.00016026857736840952
0.00060430086337793
-0.00010362753555058768
-0.00023719283414428945
0.0002680124845493351
0.00014776904107601996
0.00012714494705604002
-0.00015883793746516672
-0.0002064358066803801
-0.00012116192027030456
0.00017571559460308057
-0.00011135018681001403
-0.00017029325180907553
-0.0001095974929931553
0.00012176126272430863
-0.0001061134431809507
0.00010131879449968239
-0.00018914789741453916
-0.0002715352739910989
0.004964808178097724
0.009911400548588113
-0.0009337669717094198
0.0002840177930625521
-0.00014952421209741296
-0.00014635959996662015
0.00010635967875152889
-0.0001737601197983756
0.00010639151054912829
-0.0005999803004853953
0.00010924039880634812
-0.0003365124197229648
0.0001529935465627686
0.00012768657704197896
-0.00023077945792383768
0.00015401463729668586
-0.00013481698755270913
-0.00015955289445405635
0.00018698266937142838
0.0001339774160209285
0.0001616297821369685
-0.00020588092998177285
0.000159946488404774
-0.00018113019042535563
-0.004547036748955623
-0.0007695969159575638
0.009642361788188482
-0.0002970356937541745
-0.00024287413876382597
-0.00016999720830107495
0.0004432460102537
0.00037327973107432425
0.00014706352487700008
0.0003299730723737538
-0.00013080303242796174
-0.00022059344126131923
-0.00012090053167011109
0.00012536321735268674
-0.00013084979680468803
0.00015683310270144565
-0.00015015598330287818
0.00013590696373610363
0.0001496665169422191
-0.0001287132832526736
0.00027013986770371175
-0.003998118200981464
0.00045005915967918225
0.009442052314349126
0.0006760873022851331
0.00016052883970036754
-0.00054791532935835
0.0001387475739033716
0.00031676917245512207
-0.00011191420651969174
-0.00022398487461402247
0.0001518757211088327
0.0001301071487678797
0.00015320331622996455
0.0001432875708422266
0.0001194662369325982
0.00013726243406942643
-0.00010788402950752133
-0.00018422959227533005
-0.00011431522545071381
0.0002373689980142622
0.00025140651082327205
0.003509876850101722
0.0092517089708579
0.00022691600144857178
-0.00017213478618630204
0.0005256187469405855
0.00010334827356284856
-0.00010669592772285239
-0.00032069960714342497
-0.00010000781165586011
-0.00021252956242366177
-0.00014504079919346285
-0.00013228110910319072
-0.00014315149532932592
0.0001043383229613084
-0.0001520401051391066
-0.00012538820191057462
-0.000136627569394872
-0.00012070195838117956
0.0030587413066260625
-0.0009466473558461116
0.008990135365893721
0.00011315193768910461
0.0001781605942403025
-0.0004994900010721955
-0.00011067474133931087
-0.00011268006644065562
0.0002904599213731194
-0.00019349146986878432
0.00014434799319974935
0.00011836397151083684
-0.00014482926434461414
0.00015510444461392124
0.00013287644889614428
-0.00012847255177740255
-0.00010410605482338454
-0.00010262289926866251
0.0007142701941925411
-0.002451438799864711
0.008842079055550471
0.0001046388287939915
-0.0001423872717665202
-0.00011001093651201794
0.00042508758205266143
0.00019996906986291855
-0.00015736989796609073
-0.0002509898612022671
-0.00015748116305060894
-0.0001261551962610051
0.00020157976086417114
0.0001316870105792562
0.0001154328515289149
0.00014699339448089095
0.00013101874576501926
0.00014121754184335907
0.00012828644498895993
-0.00010406848619513747
-0.001988523700172099
-0.0006977139971648838
0.008629236836554388
0.0001761336059584813
0.00018841818927617921
-0.00045121898281051936
0.00015530267642902627
-0.0002903762060249997
-0.00019220614014037892
0.00014781904520514756
0.00010270296934813897
-0.0001437108681672829
-0.00011106993848478776
0.00013824543758535535
0.00015369162358257164
0.00010748846825093518
0.00011287973502623543
0.00013715696740149305
0.00011001850339207012
0.00011774684198492909
0.0004068118801378922
0.0011344170608597124
0.00024084896310501297
0.008480349274747381
0.00041776989811442985
-0.0001694395068007063
-0.00014034926897228843
-0.00010001152141272367
-0.00010613371092185804
0.00012537881318837261
-0.0003117853678185425
0.00031074182430963695
0.00013172163376074788
-0.00028499542120637595
0.00013197469539998475
0.00021710273588443276
0.00014766368734708374
-0.00010142341199752233
0.00014599432359713478
0.00011279700138594871
0.0001012052676928296
-0.00011421181147882528
0.00010549642825591778
0.00013191547016898412
0.00019037448609302726
-0.0002571947887762721
0.0007335748617044414
0.008223904059870262
0.0007572720185625922
-0.00015447908510342508
-0.00016276873263996883
0.0003897096173957978
-0.00026504960348929044
-0.00016249007151775724
0.00014215631381831262
0.00015277816255663916
-0.00011086112576764828
-0.0001463777705735003
-0.00011018325566668751
-0.0001421772628265106
-0.00010692558671533927
-0.00010673093349724436
-0.000155630329890187
0.000135794740401261
-0.00015055101663929946
0.0001562120057193343
0.00010936402228646792
-0.00028509708547279475
0.00034804929684748514
-0.0017947892465263475
0.000651152080674032
0.006415527879464539
0.004213629735201121
0.0010143734962263526
0.0004930143082769919
0.00012718191773321546
0.00017978511662369753
0.00013032759903470952
-0.00019556168627750316
0.0004434854675533366
0.00020620127159062872
0.0002905515980935107
0.0002928095626886637
-0.0001710170773336515
-0.00010984235600837238
-0.00018415666086863127
-0.00015051597115996892
-0.00011824081686621874
0.00012616111965004312
0.0001425408171931556
0.00011199543657521992
-0.00017653556620431877
0.0001674427488649471
0.00010281936753067078
0.0002058942922247824
0.00014880547099264588
-0.00020402575386626259
0.00042885346950442973
0.00017459780270986586
-0.00021787670221831698
-0.0009562664597000853
-0.0007588180038905093
0.0008064681787553293
-0.00011750932698259153
0.001098167038029252
0.0029034734004425326
-0.00027395166640918124
0.002794409716725586
-0.006033903535561159
0.0004856704357105413
-0.0004236750334990842
0.0006238919795458482
-0.0009430626955751783
-0.00017156896632726894
-0.00031743871413865725
0.00033217570324176645
0.0006793470668503209
-0.000224306505517172
0.00015232565836024078
0.00016034781720365338
-0.00048302687351646793
0.0004552694663567005
-0.0001213158146934476
0.00017185531612334663
-0.00019045368727444627
-0.00014613417831772562
-0.0003061676909144196
-0.00021344296715284346
0.00025654644814136095
0.00023852339130961143
0.00020880246536343782
-0.0002540079650765985
0.0001229245120674129
0.0002584477134774784
0.0001541633349366992
0.0001827865553762655
0.0004019979495947894
-0.00014477183951435758
0.00014370350012210488
0.00015077928084842018
-0.00011604983219366801
0.0001382484611751677
0.0002935020758256047
-0.00014813533454716013
-0.00016359526788651903
0.00012125883123243283
-0.0005041566685077504
0.00024229126044449524
-0.0001474066140263487
0.0004452554591799614
-0.00013119395464136101
-0.00010610583334474014
-0.00019374444700311565
-0.00016901425038449904
-0.00019856275808984036
0.0007404461315390951
-0.000917442404223667
-0.0002301502523483707
-0.00030510777428695263
-0.0003724219715155
-0.00036171971247946766
-0.000611238385453405
-0.0008296479371733199
0.000880035400352221
0.0016952320433985199
-0.0042023864686631714
-0.004355844602665662
-0.0003850523639654257
-0.0022589698950877864
0.00020109236381699044
-0.00021551967077461308
0.00017854132327335136
0.0002723483082308565
0.0008965585491414084
0.0011475567157226974
-0.0004040029417193552
0.0016158447023555617
-0.00031455470693381605
-0.0004826260093872651
0.0013468552666982686
0.00019044985496309018
0.00024382303632453266
-0.0003125631098261078
-0.0002476212124192759
-0.0001881701763599718
0.00013605242698632353
0.00010133682862237671
0.00011241635602084776
-0.00018046796441154367
-0.00042220188621553057
-0.0005635201313574472
-0.0002641783041275779
0.00047490379700362774
-0.000828535731917774
0.0002236003443786817
0.0002784286005985862
0.0003629701371998026
0.0003011308526040263
0.000625290285595336
0.00031680310663540314
0.00046236200685135034
0.00012948821605961774
0.00011656310395358432
-0.0004732356232752964
-0.00023880309682603837
-0.00032193476529984337
0.000264510711417758
0.0001550829259937511
-0.0008153948118716807
-0.0003656632844977148
-0.0006666787597311462
-0.0003601929415335479
0.00016318204707513076
-0.0002651147782838398
0.00015784556711411667
0.0005634698878967593
-0.0006029237012130143
0.0002832239222507042
0.0002491404512312502
-0.00016307406590739763
-0.0007965111914132911
0.00027636860181956156
0.00030242830999684805
0.00021943982376652343
-0.00012910752690345478
-0.00015079890470684173
0.0006845246327908426
-0.00044300460864798893
-0.002809238448496025
-0.00013103794484080678
-0.0018617743408508968
0.0008777275270666206
0.0007192492493890202
0.0009035098913955049
-0.0026475002714323385
0.0006478954700546873
0.0011437046993758374
0.001836195923146829
0.0002589965584611434
-0.0016505857593617278
0.0026251889848307067
0.0004245327859645132
-0.0026718994051534235
-0.000351449063689016
-0.000507185399685511
0.00017547585089171415
-0.0009497963916392696
0.0005522992931880037
0.0003954038469526487
0.00020567907389253064
0.00021998953973807693
-0.0005397366838604828
0.00016464818776054047
0.0005422448662386234
-0.001154026440183455
-0.0005605141664939121
0.00034102295221445335
-0.00012347466124613116
-0.001338039087000061
-0.00023449863136482303
-0.0006345818971582248
-0.00011709173248592506
-0.0006169931632094893
0.00014317370939608722
-0.0003225969446669495
-0.0004131354017581508
0.0008865024296324185
0.00024117589940957773
0.0002526697372932543
-0.00031162997872806074
-0.00019047762127654677
0.00024126362750236715
0.0002537831606319788
0.00024383377637747874
-0.000462844188722574
0.0005348596016388395
0.00023812983499618242
0.0001752970531368753
0.00027202290760174324
0.00020960082426266547
-0.00031186983015497026
0.0008697109588767253
-0.000924686209150823
0.0005529316746696093
-0.0005210373694366396
0.0001479610504639565
-0.00039355592936953757
0.0009237736820556472
0.0004988640223267091
-0.00043672118683994553
-0.0002026282661254487
-0.0007200929028905328
-0.0007531533340942745
0.00014777360525163502
0.0008758133261044303
-0.0002591375864416997
-0.0005176724215650895
-0.0004885870167780092
0.0005655604294122464
-0.00019751185348484398
0.0007759453613695734
0.0015146672238026888
-0.001079511738994529
-0.0011597470180977122
-0.00102443956386494
0.004395686422164772
-0.0012120223932562426
0.00013289388668408613
0.0005408548517770628
-0.0009164718021913992
0.00011854291727424395
0.0010879233653523666
0.0008980754934879013
0.00021175840020072338
0.001091714070210859
-0.0022923045974568156
-0.0016133123895108585
-0.00019924079632097303
-0.00016611543333790364
-0.0006406311577633473
0.0010681674415617432
-0.00027021978224151216
0.000745171215486157
0.00020761416006107242
0.00033828289178486863
0.0005464930819993109
-0.0004499126306876786
0.00015409843823888648
-0.00017667099773475368
-0.0006491111075322066
0.0005709611454531539
-0.00043050099229737155
0.0001742452706523628
0.0002790253395923176
-0.000234319323219822
-0.00011824874558959019
-0.0007742928712284522
-0.0004333373842923693
0.0007247253331226427
0.0007136426287244085
-0.00010919598154144614
-0.00016365220396467108
-0.0004108251578148043
-0.0001882495173934145
0.0005252107121898721
-0.00014492072278477657
-0.00012544673988520581
0.00043334492217690683
-0.00010318854875364862
-0.00011359087346201504
-0.00035955950316988766
-0.0006534905300932165
0.00045808436231160193
-0.00019584150633979758
-0.00010006719986201819
-0.0001924164896895366
-0.0004123248002925219
0.0002594167261329286
0.0001010622094882707
-0.00046137513748140645
-0.00044792173937686816
0.0007356513140799
-0.0016522387580355357
0.0008453113382342371
-0.00015147552124162946
-0.0003204561089323257
-0.0003341336936342955
0.00020285468186695025
-0.000351505195303874
-0.0006609035168168244
0.0008257635750734496
-0.00012841093416318683
-0.00030129118726316914
0.0006186375771389092
0.001912112201264818
-0.001281067456483816
0.0018294158311544177
0.000691209899364734
0.001518268739969705
-0.00037131787358666413
-0.0008752049382540946
0.001747366685680426
-0.0018962985946645767
-0.0030188423652032217
0.00011964044432714402
0.00011840228020903
0.0001857960953044492
-0.0006076730463718809
-0.0012558557034395251
0.0005136861159660723
0.0005506685571470784
0.0008264613700179988
-0.0006611936638698579
-0.0015124640107215858
0.0008135685588516322
-0.0004216225185880442
-0.00016818370132186194
0.0002670782893919631
-0.00015988954371547978
0.0016083855215503103
0.0009643610311451647
0.00035062090553709426
-0.00025689371214507843
-0.0002922127210366021
0.0003768103092973034
0.0006045217831525182
0.0005571379144489461
-0.00016275832389720283
0.0005913655607683397
0.000319777812026631
-0.00021559441122974852
-0.0005638080524609362
-0.0004881870265188341
-0.00014242673985221594
0.0003840149927335984
0.0002562324518693946
-0.0006506665075601082
0.00018234652564066154
-0.0005595613978081662
0.00031394628275801026
-0.0005914877816463165
-0.0003451848070040567
-0.00014551230346395648
-0.00015004956256656945
0.0006129300220946351
-0.0001369654346983744
0.00011501524848539819
-0.0010439127359525178
-0.0002708010209011572
0.00021810387378990516
0.00015301179640719322
-0.00036205135203982167
0.00033793681318192197
0.00031184881491262386
0.0004194148636906962
0.0001919172904246292
0.0006596479832939961
0.0001858494299203893
0.0003970981256966647
-0.00020848608315100642
-0.0002705883391107652
-0.0016191195245858373
0.00019519156649048784
-0.00012144090338247414
0.0005007181077203993
0.0003642290529790558
-0.001693407847989508
-0.000875596845610797
-0.0007068745128887093
-0.0024897470740604666
-0.00016635930826062605
0.0016001970590373631
0.0003262065099710087
0.00011182099792207506
0.0008381706901586722
-0.000819929658878146
-0.0026193288274678405
-0.0023753037060211795
-0.001602530672690672
0.0007945079083179215
-0.0004184540862047237
-0.00013934691444510234
-0.001236504998215206
0.0009326546618617219
0.0014125913562832856
-0.00036270854407640486
0.00032779606090666046
-0.00022645370947718793
-0.000472101259948282
0.00041856343385295643
0.000123054691203482
0.0002739354926823446
-0.0010168998725893458
0.0005008926559546697
0.0005384746773356683
-0.00033384607700060647
0.0008170678946450183
0.00026985423022110567
-0.0002951079766627462
0.0009633751346674829
-0.0001846925575963621
-0.00022662161251730327
0.00020729157623377
-0.0003316142991843694
0.00016455904097422206
-0.0004364731736472223
-0.0005917094143260777
-0.0002365281026317377
0.0004256501673998373
0.0004015757106116686
0.0002905357498036554
0.0002648080490747854
-0.00034923555168820135
-0.0007400493844053166
0.00014028933577979648
0.00021690238589032262
0.00025901221084808745
-0.00048719625846265266
0.00014907371338896466
-0.000408522601486956
-0.00017305052936189436
-0.0007714836202777318
0.0003674903860125636
0.0009333952874908674
-0.0004813076808764434
-0.0009821312758195725
-0.0003204055205654784
0.0003741608011144192
-0.0003184350755025453
0.00030279119104974564
-0.00014400380884268122
-0.0006377270802845631
-0.00024892238014050935
0.0009452259289562144
-0.00022276061828044053
0.00015190008640758641
-0.0027127302959117274
0.0004602437982220975
-0.002171679062649075
-0.0005476196666518334
0.00018616030940871107
-0.001239733952633112
0.00024204190526696726
-0.002034287872444067
-0.000318271889858042
-0.001007681014254913
-0.00023745997257240497
-0.0011268355623058716
0.00048336252922942595
0.003433898619428196
0.00014307835074560675
-0.0005856279266329636
-0.00015080762922673442
-0.00041696367764350247
0.00023977616440421496
0.00014159138634247447
0.0003695994822642498
-0.00019844275183075196
0.00042139042369102004
-0.0004779241545764373
0.0004507548569409005
0.0011885257115352896
-0.0006860102303923614
0.0009277333694457599
0.0002459577289651231
0.00040386021604905216
-0.0004320660233464725
-0.0003260394225708968
-0.0003272234853117518
-0.0003238254487063699
0.00023098181443460686
0.00013171847783473387
-0.0006241714178005518
0.00010383265272685735
0.0006369768869022099
-0.00020613547063592813
-0.000424575601688477
-0.0003066305382287135
-0.0001633755641834756
0.00011475308201831874
-0.0001826226300267421
-0.0004086140157158442
0.00028838136837164156
-0.000318615105363164
-0.00035020444391832187
0.00016602446147037805
0.0007583684366088705
-0.00031361707033526737
-0.0001046005217310119
0.00046038580836950225
0.00021328671219919678
-0.0003495625500600638
0.00030793130645659643
0.0001749106360923202
0.0005964775331281955
0.0003489553006603038
0.0005438304187465108
0.00018816663601060134
-0.00029337472083444476
-0.0009173735659582496
-0.00018932470244209984
-0.00014331172882525557
-0.00040224854261989185
-0.0009005113498494097
-0.0005134633339042031
-0.0014539077831916788
-0.0011090755922313498
0.00020653886144747516
-0.000354755519973996
-0.00025169061102351233
0.0002970790138859864
-0.0005705801448126312
0.0007749294959260149
0.0013654132429831416
0.002902399506411385
-0.00044814939626065375
-0.0015630086925802187
-0.00012835503852220582
-0.000293120490327608
-0.0002634275969442376
-0.001331507867680756
-0.0025065847950046867
-0.00022635831936440332
0.0017040434527407174
-0.0010118027151762071
-0.0008601720892206222
-0.0006302256509981922
0.0004209791541035085
-0.00011096922518520752
0.0011660217157068331
-0.001192977729568057
0.00044829017242932045
0.00032648695293527807
0.0003883539640051546
-0.0008287830166929708
-0.0004843247009834593
-0.0005172930901884248
-0.00018954566391129763
0.0004571910847566404
-0.00015536692427418815
0.0002442021680647406
-0.00019544215823783434
0.0003594371668197344
-0.00020351260906013334
-0.0007322070388743103
-0.00011490421473368375
-0.00013431789480041652
-0.00010167952658122466
-0.0005247285863278929
0.0004039965916165609
-0.00011972199177486265
0.0001510298659133304
0.0001112117233377655
0.00016972914095268984
0.00044315899624762923
0.00010482303601031597
-0.000551821942206271
0.0008821413520281667
0.00027070652271960404
0.0001666096922769271
0.00014089148648807867
0.00013718577079994986
0.0005719777683252075
-0.00017116986615446018
0.0001474328947167642
-0.00015279489933699595
-0.00015918970799836787
0.00037991603463967107
0.00013990786175691096
0.0009474535342834831
0.0001920852445278467
-0.0002002812332849783
-0.000221292826965189
0.0002976562851437989
0.0008101892236149527
-0.00022820181295894274
-0.00027959115360605587
-0.0010857418737262078
0.0003382177739380526
-0.0005151844552696575
0.00013123337302963867
0.0008368731845777621
0.0007666930057115634
-0.0004663286954732143
0.0007863101691803438
-0.001014673371565942
-0.0015850746563730617
0.00016091702932236466
-0.0006480323720380103
-0.0006849529687262782
0.0007142949246712563
0.0010567070981963307
-0.0031895405551961085
-0.0004972160417603903
0.0005930532538481394
0.0016897794416898045
0.000559435937130659
-0.0006905209677548175
0.0021318741216565197
0.00015245177110400385
0.0005902379066482048
-0.00024951512201586623
0.00013502472560449264
0.0019327389534270036
-0.0001525006921245124
0.0016426328526827248
0.0007460670156769674
0.000325154906704365
0.00030504705027051385
-0.00015255163922046262
-0.00023873620916856257
0.00013706361561597786
0.0003538887962883085
0.0003182839734948579
0.00065523355112343
0.00020871990423862612
0.000140060641480314
-0.0009746121419069652
0.0001932553450225733
0.0003803254921017101
0.0004017406861002148
0.00021577360746246523
0.000249573838381097
0.0004076988456527292
0.0005180699605103754
-0.0006605744140545335
0.0006991392452628789
0.00032108529119354663
-0.0001318811060433083
0.000146463983538427
-0.0002945344495495279
0.0006511777125755925
-0.0007948289391509526
-0.00019823827777298785
0.00027192753372181304
0.00011243031015950526
0.0006058286716937252
0.0003237072392322067
-0.0004794939433266845
-0.0005453241003319661
0.00014356284403986574
-0.00023252066285710764
0.0001668376564191256
-0.00012235774201113913
-0.00021129959639176995
0.00016460975860069067
-0.0005701924199932472
0.00041696294113191263
-0.0012913290150866582
-0.000641080784374219
0.00010019611492917532
-0.00010657429587806588
0.0019253331730401473
-0.0004060344011554081
0.00042622480596816916
0.0010434509202173732
-0.0004915716583701626
-0.0010011129224414357
0.0031054757556866134
0.002021311203566741
-0.0007414799002392734
0.00249787894264252
-0.00043333879527329927
0.0014144689429810334
-0.00039883300856276754
0.0007129103273217091
-0.0013328832077289371
0.0005311862630810731
0.00014312975530286117
-0.0006221381867943241
-0.0011330207057657251
-0.00048294364357758196
-0.00030468442300509113
0.0008092487844594367
-0.0003175748320043736
0.0004113332950445249
0.00023745237446323538
-0.0004777305095079728
-0.0011809989123552972
0.000701810229591918
0.0001565681240940727
0.0002097994583351175
-0.00019635828510678884
-0.0004598924166602968
0.0001773045083433777
-0.0002185628079155306
0.0006861413117107601
-0.0006370969853922393
-0.0007524362514425315
0.00037123104145502737
0.0002012960232349339
0.0001489832978317474
0.00018986590409865098
-0.000191177882753127
-0.000506995209443248
0.00045891178318347966
-0.0001244993476265245
0.0002473591755833107
-0.0001320355868636321
0.0001120870675315853
-0.00011596422389436103
0.0003428610801612002
0.0001064549310339558
0.0001246414660133638
0.00010554162887602478
-0.00014944837205425106
-0.00011669632413333665
-0.0002700554597248379
-0.00012644120046717943
0.00048159521984468984
-0.0003608121849599448
0.0028861306708310047
0.0001218164814810033
0.0002785480960253439
-0.0022097520277826145
0.0008514235713461788
0.002160552404082617
0.0037695012474727196
-0.00040859767634001916
-0.0006711277986692389
-0.0003132917138096132
0.000119361915896303
0.0002739849161807878
0.00045468252126398833
0.00014287015505467507
-0.00026756419803242556
-0.0005873043338075456
-0.00014276148691449913
-0.0006581317851784603
0.0005274129102139402
0.00025573297049443937
-0.000363186218202993
-0.0005129397448192806
-0.0021022629451014473
0.00021736098137713504
-0.0019303312117080569
-0.0001395433453364938
-0.00011428007777418188
-0.00010195772081034932
0.0007829539469578407
-0.0007536820474116706
0.00011850048699723909
-0.00033950946239535664
-0.00039714917225195447
0.00016974156014168195
0.0002591856012961948
-0.0001757509683658827
-0.0005753615709054002
0.00032052496292380285
-0.00011443583077301452
-0.0001854618298294456
-0.00017687180298204096
-0.00039409354675883556
-0.00027569780745295046
-0.0001357531050567662
0.00012527245376046925
0.00011453310193616098
0.0001741376918668345
0.00010766393428990956
0.0001099361395752152
0.0001943236196175171
-0.00012479846462286863
0.0002088960199618812
-0.0004930925621855695
-0.0047625972848886885
0.00010632222074454697
-0.00035825034517261944
0.0017673732296059343
-0.00024022938637769165
0.00015572893281494714
0.00015455592310605938
-0.0008337983263852495
0.0014740957219185468
-0.000385924031616761
0.0010423826082879202
0.00016316334105021617
-0.00038302349976502436
-0.00011458942208092334
-0.000216825614141062
0.00044744307706382354
-0.000588599680322003
0.0002717684835408398
0.00010272897789547455
0.00024879225439872584
0.0006600079450617755
0.00012844579684208164
-0.00015357160012639592
0.0016534248688845814
-0.00012073680498373237
0.0001985182621599008
-0.00010058483834528838
-0.000333879019833487
0.00011633294881525444
0.0002062550455752226
0.00012439073550554424
-0.00011058817470652623
-0.00010593149230264558
0.00010499134824971614
-0.00010664808999398697
-0.0023120086265093448
-0.00037031179485833807
0.0004774466323347338
-0.00012147962561685599
-0.0003966510655746127
-0.0003611811549123813
0.00012500294309600852
0.00028190118971895293
0.00014242991982567086
0.00018677582534579247
-0.0013658063578872992
0.004945831621910925
-0.0009754923628332163
0.0003762478215560488
0.0005326926922526749
0.001759841868644622
-0.0006978321551472055
-0.00011241899960416068
0.00010349846930871166
0.0004709891738988375
0.0011099666598263567
-0.00021267352090916989
-0.0002138361180900484
0.00011888668078255098
-0.0006736379624169482
-0.00022093068070454735
0.00018553381512488882
0.00041602667692391216
0.0003699031080638156
0.0005153292647432842
-0.00010961607270470994
-0.00011186579536349359
-0.00010937046246737103
-0.0005170610833684751
-0.00011036975700772026
-0.00016323977196164372
0.00012346867112456367
-0.0003218597325180146
0.00023621806649756877
0.00028112058301135316
0.00027567055882575975
0.00014930036753405684
-0.00022927952488441174
-0.0002302459063077641
-0.00013987581071751905
0.00013829136781106608
0.0003104729905345471
-0.00016195317267256212
0.000207745990084425
-0.00010747835002723509
-0.00020666106976506568
0.0001205626907034155
-0.000125687756720325
-0.00015654466492659122
-0.00015489804118785865
-0.0001636902636651585
0.00011335345100402411
-0.00018674330977009145
-0.00019475004661991926
-0.00017762611580395942
0.0001182290879590502
0.00010099496027538872
0.00012266972028373538
-0.00015697256372238736
0.00010243770464273618
0.0001393210001382763
-0.00011751066155006892
-0.0001204351378674743
0.00012598262453623814
-0.00011195031443581468
0.0001281138564143926
0.00010330361020453023
0.00012543092391161822
0.00012518035288845776
0.00012907545300392642
0.00011361305553476678
-0.0001224652921142316
-0.00010092174482202971
0.00011410696908934077
0.00011587475750805305
-0.00010532117130298936
0.0001255764870434904
-0.00012180304488624919
-0.00010925318779579536
-0.0001275047883683402
-0.00010400797011334454
0.00014156060421558581
0.00010573839165860467
-0.00010586329096220771
-0.0001322814983891912
-0.00010461503156376495
0.0001480834425747454
0.00010432757588970212
0.00013584636629490948
-0.00010847423132623623
0.00010782893098741625
-0.0001224264287559849
0.00010422395483538447
0.00012991646071260017
-0.00014470476363883565
0.00010415937366896196
0.0001926824121363108
0.00010667866644459241
0.00013499490151575098
0.00013916689197277041
0.00011671463810830484
-0.00011430099834179447
-0.00016762937719854974
0.0001222622299973381
-0.00011858220161148526
0.00013623393382295465
-0.000104126583347261
-0.00010949575809878144
-0.00013340163173433214
-0.000123128431786623
-0.00015908054952564754
-0.00010052743947194155
0.00015653140101402
0.00010736244773521194
0.0001565341075336814
-0.00010844044980578792
-0.00010130580235186621
-0.0001978704332524872
0.0001175844593577874
-0.00010870622711815879
-0.0001705521579335793
0.00013333235763052207
0.00010386249960571619
-0.00011929044612991386
0.00015280166719641432
0.00016780968969297075
0.00011370562970809353
0.00012199685353289997
0.00015357679123747668
0.00016524631338407994
-0.00014937837117653705
-0.00010409124994801421
0.00016010018698827885
0.0002317868832574756
0.00016131648466914374
-0.0002268896205509565
0.0001434255077200038
0.00019544832131129802
0.00018590627785481344
0.00019968071639253182
0.0002870590782124869
-0.00029255350980026513
-0.0003256516016234126
-0.0004412697533727287
