0.9858189751490726
0.12737110702425852
-0.058057232500413405
-0.0478233978064677
0.037446468341817335
0.022680510227313416
-0.013810185598273414
-0.026824827166133356
0.023211206150582427
-0.01376483763884515
-0.003886471558757481
-0.02015912346183884
0.008403038341943786
-0.017389096201354017
0.00518727212621349
-0.0004317255570980258
-0.0008269527815880012
-0.012708686400034702
-0.014337258400371377
0.007218637852454227
0.007785206188414371
-0.007023272631035748
-0.003637228121756628
0.004111601554371955
-0.005145425892156207
0.0007279148384948717
-0.004599604091570857
-0.014378367208516077
-0.0024888845464510383
-0.0005691190779655522
-0.00022372967882113132
-0.0009263834264080415
-0.008903932440248253
-0.003307698246367666
-0.012458534961550997
0.00045250440273662167
-0.000586140942662262
-0.0006731779660530246
-0.002933508197349219
0.00020295248319394783
0.0002583728100594646
0.008706298603975041
-0.009502644898687011
-0.003649136635963063
-0.0003219974534564402
0.00020409126921007323
-0.0009406135803517569
-0.0004883533044364448
-0.0009886666189856536
-0.002847925272909815
0.0003485806742862912
0.00034409882476134026
-0.0002268203288101683
0.00021199288597313956
0.00024552745829889823
-0.0077961024866283
0.0006948739501748911
0.0013875655636281755
0.00827124589574304
-0.000545136917272639
0.0005166517564349484
-0.0001242334941478991
-0.0004673737161268593
-0.002698715140505912
-0.0003126005648549309
-0.0005820403378603009
0.00015017470773941776
-0.0003531464702964412
0.0069772050999573525
-0.006915892070130318
-0.00027167133388125605
-0.0006336442658790484
-0.0005234990827905463
-0.0008157697216055128
0.0023382520511066947
0.0002984540872751485
-0.0005638723678690722
0.00019266720582681256
-0.00018198510379011646
0.0005628643263065382
-0.0006123334186556968
-0.005097578572598319
0.0035020672656641584
0.0007585105517171345
-0.005730228420433936
-0.0003280148899502137
0.00028885370269741056
0.00021695148463601725
0.002220917044049171
0.00029678940282198605
0.0001523508072955592
0.0005389254257653424
0.0002826463298119997
-0.0001093889293814645
-0.00014917529321392008
-0.0001698751307834244
-0.0005093196775007254
-0.0054083184796462295
-0.0009356609997439035
-0.001106426193209112
-0.0047452316315776885
0.0007031917067378561
-0.00020838657375860141
-0.00033781826032919606
-0.0003048684603585716
0.0020054676698914816
-0.0001132341244754891
0.0004808791373439592
0.00011743453839936276
0.00015040573937867094
0.0005160322466070703
0.00017858360210576713
0.00022684020192202992
-0.005032867400635956
0.0003265865719795011
0.00401394558037839
-0.0003980744688543899
-0.0001871098962759309
-0.0005009997394390466
0.0017261517476128581
0.00010383362791878699
-0.00044411209192640034
0.00010462563599944576
0.00019745174054841934
-0.00016713922974222778
-0.0002487814206963611
-0.00042010115647283115
0.00011876258808471435
0.004467620338214406
0.0008308304829108434
-0.000220067237903379
-0.0007588876343703529
0.003332893719614815
0.00027219767336443974
0.00023211510415513156
0.00014278797216968418
0.0011144212552610937
0.0011297501026262835
0.00010066900425092721
-0.00041541560373542703
0.00012447779533326507
-0.0004404317212617495
-0.0001313466915266421
0.00016301527306337098
0.003714527919128863
0.0017876914517827164
0.0006088729490072073
0.002845732126180982
0.00024947772503269736
-0.0014249391190394869
-0.00016609493273991483
-0.0003588752327831359
0.00011624835198383508
0.00015336114594536858
0.0004142182242160735
0.00012725320246058519
0.00019441284209479175
0.00016463615547853105
0.0037370271332368803
0.0001244291065652327
-0.0025029071706384708
0.00011754747860872773
-0.00017003965680639755
0.0001391186007206969
-0.0001228014428318421
-0.0012708350783340416
-0.00010244402856867557
0.00033091586089502306
0.00038068485942215557
-0.0001237583574263018
0.00018807114054801734
-0.00042152497940780675
0.003371039468734642
-0.00039233626251678014
0.0021449485997044994
0.0001774741398211802
0.00011924912266165455
-0.00014032788727777722
-0.0011511833072489948
0.0002854333553240424
0.00010050641864657688
-0.0003496994149832836
0.00011841340256196653
-0.00017914165883252395
0.00012802581100931774
0.0004884656362845646
0.0030866656269627163
-0.0018633187336040543
0.00015098418228522216
-0.00010893611430105876
-0.000334225633748093
0.0009848964199842339
-0.0002506590164190745
-0.00032607309073260396
0.00010228296495910921
-0.00017368087131124554
-0.002870270468871845
0.00011128672705275569
-0.001165587794916602
-0.0011404552059191572
-0.00012744596024421992
0.0009386010923810438
0.00023598466876164741
0.00029244898175226824
0.00010119267390961701
-0.00016008402013786222
-0.0026417575828336028
-0.0014272335500320138
-0.00010973144228538634
0.00011309541442345001
-0.0008522388724736103
0.00020600955633755008
0.00026962628389464295
-0.0001422327176799547
-0.00010056210970053498
-0.0023004209510424103
-0.0008020339437916258
0.00010528528267829972
0.00011985338752641659
-0.0012496448979427276
0.00013925363625826948
-0.0007785372946664435
0.00018516552705267596
0.0002506628473609008
-0.00012875907918799255
0.002205240868491803
-0.00039061065841936943
0.0002450963167054389
-0.00015726258700032527
-0.0002150724939490673
-0.0010919267258879032
-0.0007139244745287737
0.00016663669275453387
0.00021436167124098366
0.0001266794900530506
-0.00015158539155930305
-0.0020891811403003307
-0.00098775216433732
0.0006425453515518094
0.00012998069568499166
0.00014986756968997952
-0.0002095578179757935
-0.00011593859004267534
0.00021939190464609478
-0.0019346439777062586
0.0008793281809881722
-0.00059721123066367
-0.00013766568224477855
0.0002012758576217636
-0.00011017430250145428
-0.001813596629707681
0.0007913859528031187
-0.0005542733366471867
0.00012406400205292243
-0.00018513969442325966
-0.00010275896383183122
-0.0016938737206387776
-0.0007099468028697492
-0.0005143838641444221
-0.00011227747252815659
0.0001733334847781871
-0.0015853855096251506
0.0006405106185443341
-0.00047602235358082363
0.00010108940714289602
-0.00016199242859560355
-0.0014711690603788356
-0.0001984980492607014
-0.0005788707476755007
-0.00042667373555397306
-0.00012744734510063005
0.0001507725025468196
-0.0013970557366917418
0.0005258937943263841
0.00041155977608450583
0.0001424216607268638
0.0013145938409233001
-0.00047831422956290284
0.00038517167761250334
-0.00013271035858956987
0.0012385405915531997
-0.00043624361262070113
-0.000354277281670935
0.00012449384359903407
-0.0011690690303164573
-0.0003988431823700507
0.0003402360335229248
0.00011455793530046905
0.001104037752462879
-0.0003668957599412633
0.0003199184600007428
0.00011052917132990926
-0.0010450137002788143
0.0003344205716955507
0.0003006406248391844
0.0009913789869917505
0.00031018542119761936
-0.0002838851300003708
0.0009412623990677505
0.00028611821283547963
0.0002683083504584676
0.0008922698495541674
-0.0002642223186949234
-0.0002493341075192063
-0.00010558282879749403
-0.0008511709089937177
0.0002451330578953358
0.00024044520903129102
0.0008115214047251612
0.00022728900393895524
0.00022551906749750453
0.00011223859430985718
-0.0007732789477032022
-0.00021154993014171994
0.00021685731081164946
0.00011577642729624629
0.000737620352841909
-0.00019630990007224832
-0.00020602492834333124
-0.0001225371601798293
0.0007044748976116374
0.00018408424365126715
-0.0001964789537916326
-0.00010083975654608114
0.0006754510271594917
-0.0001719744504929397
-0.000187208176553754
0.00012715066504838258
-0.0006467072031046344
-0.00016117610066152668
0.00010412197635285459
-0.0001017186996037387
0.00017872583759827204
-0.00013267598272115102
0.0006197316545465838
-0.000151185416851274
0.0001708282559604609
0.0001083805156614403
-0.00010615436122446347
-0.000594338598418541
0.00014235738317250335
-0.00016242756022845188
-0.00014188479833546216
-0.00011104651394610026
-0.0001090089602535967
-0.0005703760589738796
0.00013431940916890645
-0.00015562602022110833
0.00012656149599032276
-0.0001646514400028111
0.0005218553360707069
0.00012752685342320598
0.00014876991777803219
0.00011470771833095923
0.00011127155142010017
-0.0001243664949547348
0.0005271076353617074
-0.00012084539580639
-0.00014068566496806443
-0.00011811412655565861
0.00011540892966384542
0.0005054010745144421
0.00011886538880980004
-0.00012163566053689884
0.0001280218813079407
0.00011362880163592754
0.00046554880577798284
0.000121526872798288
-0.00012923146867281467
0.00011858740424861801
0.00011410817457121558
0.00012818682974538793
-0.0004433069042682017
-0.0001615172856408925
-0.00010389181742345463
-0.00012447136363171805
0.00011926563850557262
-0.0002062951172277346
0.00011972545710458508
0.00037858275569063455
-0.0001507597257930887
0.00013028235621407886
0.0001094913189803775
-0.00021970863990824167
0.00018818535971484553
0.00012980100768977075
-0.00013542478792772871
-0.00012888730608083814
0.00014565758719630887
-0.00014702906021505987
0.0003623093830952941
0.00011247296271389469
-0.00012982524587108835
0.00012604008700783036
-0.00011250533490050939
0.00020981251433416944
-0.0002658934686760822
-0.0001557220355187538
-0.00012894841901031658
0.00013303021469676185
0.00012947856725722983
0.0003235717049749356
0.0001446666406601236
-0.00011186547652003722
0.00016048222078458537
-0.00011214792757102193
-0.00013196439240014803
0.0002824358803327934
-0.00011080312588953368
0.0001356851441348068
0.00013111197468152828
0.00016253396003928225
-0.0002507453711728377
0.00021951791412816085
0.00012406952711607606
-0.00013902990871693423
0.00013261267421070554
0.00011615558170735025
0.00021628475056337514
0.00017952370658741568
0.00016274384697518126
-0.00014274423267605286
-0.00013870320738419437
-0.0003132100032081835
0.00012771932293826618
0.00010582753947386383
0.00015363688341464248
0.000322525797662147
0.00014452421090652514
0.00014057297604094684
-0.0002753108697583059
-0.00017649745812064433
0.000148247689160168
0.0001314897201264449
0.00029449471416273206
-0.0001085278311351028
-0.00017063657959697572
-0.0001511315509629011
0.00014617533727154613
-0.00018866750180618328
0.0001540929582911794
-0.00014942062663960253
0.00018056139076895166
-0.00015800659171418696
-0.00015262333584690495
-0.00019131986995971604
0.00016089398351083428
-0.00015592482489959806
-0.00010046325954840456
-0.0001767403010057879
0.0001644409855882852
0.00015870471626363146
0.00019437199572023604
-0.00016825574363954384
0.0001622666961491968
0.00020485579634859063
-0.00010156145404836383
0.0001713774622772771
-0.00016615949793475496
-0.0001214589226952564
0.0001890116554928706
-0.00010388419231739843
0.0001752525323895061
0.0001690208062281113
-0.00010200429334122305
0.00020565129490928463
0.00010608890494783104
0.00017951833720207048
0.0001730308991261472
-0.00021234266314081453
-0.00010833801124135719
0.00016629430689711733
0.00017699167427152236
0.0002190406697137347
-0.00011085368247986492
-0.0001870655238386898
0.00018009402198758637
0.00023501938289389627
0.000113503210135933
-0.00019207939387710005
0.00018529406179821438
0.00011508911719035239
0.00022337030678725288
-0.00011579710250301174
0.00019738298272489337
0.00019051717701979882
-0.00016132487208576015
0.0002009942871575969
0.00011900250483912964
-0.00020242654918542372
0.0001951641598383066
0.00016868322484736516
-0.00020424268502466166
-0.00012227663948067872
0.0002080159956989494
-0.0002004518422477723
-0.00012443374881629694
0.00024186104377544066
0.00012541358421057044
0.0002145266193643363
-0.00020688942120719424
0.00027984363358398134
0.0001287489976718253
0.0002228897288567406
-0.00021617948428778318
-0.00031771976640021954
0.0001522285405956455
-0.00031082254444873635
0.0001075248481735323
-0.00036944021080754824
-0.00029458770640688786
