-0.9852604635836806
0.1254447641875392
0.06802944330386018
0.04580125988081925
-0.03958064325900713
-0.026360829694853923
-0.011966711337371764
-0.02585666873565623
-0.025702735462146242
-0.015107238956866591
0.0032189415161329154
0.01896549555402102
0.00874024204287557
0.019962957808814217
-0.002579854177689986
-0.0002305772585033201
-0.0004696686018773671
0.012296073474712762
0.016021412489064368
-0.00577354445691444
-0.007198168703807821
-0.00728042528901621
0.005457755965803635
0.005095442632052197
0.006223997683284673
0.0011357663465820732
-0.008069989343548467
0.011449837111720122
0.0026624356764880356
0.00040012415465716757
-0.0007047149528560415
-0.00012158974298158049
0.0036566866236903226
0.010017169035299159
-0.003457403176567088
0.011507230560286786
0.0004644213119028529
-0.0006622511301996235
-0.0004821249462976642
0.0030519824129900315
0.0002367879227705639
0.00026790510543085266
-0.010186461271421286
-0.009252673933010666
-0.0007104734414793484
-0.00041991295479336697
0.00012449172845428714
-0.0009189513091837041
-0.00047255776737963566
0.001024757275104103
0.00288357376739171
0.0005846665092396739
0.0001445044097893708
0.0002929709843213619
0.0007333711004207672
-0.009015372972592077
0.0007099871644072099
-0.002366226484628899
0.00720099305116309
-0.0007755886157738355
0.0025947005777588886
0.0007883720856480368
-0.00028056162187811706
0.0007102366154995725
-0.001070693935533501
-0.007960920027966077
0.00010652186493227275
-0.0061893065394179585
0.00027988783021410106
-0.0006911484778687699
0.0005185044726158877
0.0007062961037546699
0.0022944083965622513
-0.00030203607926104027
0.0006632193115955196
-0.00019759278289311277
0.00010726573566695884
0.00013781840772128973
0.0005935580830952534
0.0004512377800340665
0.0070098631226092395
-0.0010104753095753806
0.0007437709177407045
-0.00019117395232318805
-0.005083923134838511
-0.0003439893920393038
-0.00027206110813508496
-0.0012251202518574068
-0.0017691501283285858
-0.00019701548252277194
0.00016754479024347658
-0.0006237045248624577
-0.00018530859514233523
0.00015189626132598093
-0.00015649438783879932
-0.0005453298207388931
0.0061651742795036275
0.0007830102145048953
-0.0012776310029099062
-0.004214393762663664
-0.0002655935249340419
0.00014568139833868877
-0.000336360481380347
-0.00021620605155629388
0.0019030352812312436
-0.00014599965520202375
-0.0005448527555747748
-0.0001821257937859496
0.0005236335344737533
-0.00010551886604749884
0.00020548968035573206
-0.005666490633494138
0.00028240539115467815
0.0035063185335705606
0.0003707189472848811
-0.0001972050678625598
-0.00048369372117115203
-0.001614147070216074
0.00011253073046298203
-0.00035075801661460954
-0.0003437755669410921
-0.0002000920262339397
-0.0003001434725421839
0.00039907810949776863
0.0001221290452154441
0.005079336729407825
0.00014328052508611833
-0.0005229800631260679
-0.0029297606888862766
-0.0001910194116895403
0.00010564048138899164
-0.00023941434237534977
0.00016049220945684782
0.000342400955839758
-0.001427956696671816
-0.00045763257377986674
0.0001358832203870546
0.00043469241997831404
-0.00015323372687875558
0.00024165573575380122
-0.0045622307532631814
-0.00037346294373796454
-0.002279622838208395
0.0010463129546734995
0.00025930720766413623
0.0013099210911084224
0.0001590093654963486
-0.0003844115974720904
0.00013076444675277302
0.00039230024710196676
0.00014567228528288936
0.000194422345336774
0.00014616479735351566
-0.004132236185202669
0.00011689932869319418
-0.0021490834351556853
-0.00015908174271037575
-0.00012332349127499613
0.0011616063490550068
0.0003126386358078698
-0.00016526595889077377
0.0003675420228403399
-0.00013747545359404562
-0.00018529417198023685
0.00024039124387682068
0.0037299173887663266
0.00041085818016926867
-0.0018317956919250177
-0.00014862307741371987
-0.00011470018323671532
0.0001336592822537417
-0.0010460417595019936
0.0002981414770258023
0.000333005470081519
0.0001218678340512016
0.00017461580419660144
0.00013073389350312978
0.001420136875437718
0.0031143122537971688
-0.0015825722805731406
0.00013862860547240113
-0.00029146916610534317
-0.0008964037072618163
0.0002608733552440579
-0.00030937165022090654
-0.00011288355100298377
-0.0001649593916592868
-0.0031298229924264257
0.0013134613628361228
-0.0004241008883948756
-0.0001241215634916458
0.0008465623656508457
0.00024092726816427789
-0.00027558291656653525
0.00010835307239665375
-0.0001530473229341531
-0.0028691536531596008
-0.001202808761933506
0.000109144904841433
0.00011079169719575685
-0.0007638265077661081
-0.00020924758448069716
0.0002542703319050264
0.00013524941769576314
-0.0026304803069676407
0.00018630116542963371
0.0010531303313829194
0.0001252522673521393
-0.0006963862238512846
-0.0001858179494844525
-0.0002328801924363808
0.000128998137187092
-0.0024271510498925417
-0.00010442373234874664
0.00010166590623172703
-0.00015523900181286558
-0.00010707408276594508
0.0009255733449222826
0.0006373746496103782
0.00016588962477929407
-0.00021381724869500517
-0.00011895192849756484
0.0001268371033850631
-0.00012940621134551413
0.0022463711217423038
-0.0008246752318168096
-0.0004097590440544276
0.0004124064423024629
0.00014857172579999165
-0.00012770188698034622
-0.00015336319963194707
0.00010565991622941905
-0.00012781896553527738
-0.0020851042657989097
0.00010979115380730788
-0.0007279337819290316
-0.0005272082634181732
0.00013505958259662495
0.00018495294407792093
-0.00010256269107973639
0.0019418300003768074
-0.000654764046523848
-0.0004926990629668712
-0.00012117106109747098
0.00017005029549357884
-0.0018091119317309586
-0.0005887988904817034
-0.0004566811658889492
0.00010919874136454313
0.0001584175448123403
0.0016898911886832338
0.000530065293884784
-0.0004221762708654642
-0.0001482485308148552
0.001568514264172622
-0.0001904998015089206
-0.0004783595776179499
0.0003934698300152914
0.00013776101030695033
0.001483582599515927
-0.00043385122807728857
0.0003663625744936835
0.00012960560755545143
0.0013947122638773993
-0.00039403898705408255
0.0003413594769046574
-0.00012093118097273589
-0.0013113289143108686
0.0003588928816728168
-0.00031935053106397837
-0.00011289817130402469
0.0012360171074981706
0.0003278215478502229
0.0003009042866904019
-0.00010427379823117892
0.0011665272317338872
0.00019638125806583886
-0.0002289730867123481
-0.0002828905808485799
-0.00010009787716541424
-0.001102480992084098
0.0002745712030445367
0.00026581583963582113
-0.00010746126323165135
-0.0010445548575414444
0.00025398778962913807
-0.0002508501439290216
-0.000990810357445146
-0.00023415882366061374
0.00023714714591688193
-0.00011047873663160044
0.0009401473878828873
-0.00021589244454312163
0.00022128655135681034
0.00011709521530773077
0.0008944703001278953
-0.00020027912538029486
0.00021250139500902197
0.0008516959164232244
-0.0001856494679701354
0.00019535275021001006
0.00012110268419546728
0.0008110952408024708
0.00017231821552476332
0.00019168106796334532
-0.00012481921725656113
0.0007733980598468102
0.00016010372364105705
0.00018214089081165002
0.00013026208686383022
-0.0007382159109926383
-0.00015000036728315085
-0.00017371072906857227
0.00010239200714031109
-0.00010210084284100486
0.000706852782497034
-0.00014003435015653005
0.00016555616800220283
0.00013334609937373164
-0.0006764118693506314
0.00013114927392087172
0.0001053313002150791
-0.00010453767996881393
-0.00015805675848201502
0.00013425499888534674
0.0006475740745652797
-0.0001229349478484692
-0.00015118259252323995
-0.00010807527768173551
-0.00010781988661772541
0.0006208600930326415
0.00011566023341387396
-0.00014378508488761325
-0.00013878434644399107
0.00010817672126210947
0.00011040526791189561
0.0005955980065375009
-0.00010901714817873217
-0.00013791793705814767
-0.00014669829061468071
-0.0005708646588649876
0.0001033265349975879
0.00013200431951250352
-0.00011265370428330536
0.00011282861582362207
-0.0001501099744898316
-0.0005496668483409108
-0.0001259253001470348
0.00011566676845425101
-0.0005276600250725609
0.00012016052475620758
-0.00012604817698961654
0.0004941434600641416
0.00010564551764366133
0.00012022535152014971
0.00011309185269631234
-0.00011718388844301938
0.00014219171398993378
0.0004796908294051759
0.00010813438294161388
-0.00012199614302371526
0.00011928440151145759
-0.00020787626181935598
0.0004118619912315219
0.00015932584381703362
-0.00012892219297695273
0.00012401910390294737
-0.0001857660252738174
-0.00020493687522129086
-0.0001386218893722653
-0.00010000456953701676
0.00017195060454180657
0.00012132191493274757
0.00012606460759851496
-0.00016389045516116243
0.00040420467110947536
0.0001261630306831064
0.00012062624229512853
0.0003368056984905147
-0.00016970227556896265
0.0001611322607194136
-0.00012692802593164176
-0.00012755386531926804
-0.00026528931614340186
-0.0002516929674692107
-0.00014493053382272594
-0.0001675809536994198
-0.00018568536974444426
0.0002020303615582262
0.00021601752089481317
0.00013141142989436298
0.00012651403516604576
-0.00016979350961358612
0.00025186139639098685
-0.0002360238162421304
-0.00013595749809647907
-0.0001316903705401648
0.00010721252677112668
0.0002580300852277224
0.00015058143104568103
-0.0001302718775784343
0.00017471889673492715
-0.0001373090929652674
-0.00013539446252787467
-0.00034252412526133806
0.00011150305519691265
-0.00018051167825986752
-0.0003467962917496156
0.00013869922937102404
-0.00013757445201071175
0.0002907808262510572
-0.0001801963602017889
0.00013587918312461247
0.000141634168030608
-0.00014037309932380662
-0.0003311056600439471
0.0001854848188829918
-0.00014470173479326994
0.00014256913483883364
0.0001847392761269551
0.0001473069695603228
0.00014534012668300324
0.00019309750458489563
0.00015072191945079798
-0.00014835404709850596
-0.00019488405598945758
0.00013863392567093212
0.0001508704152110143
0.00018969668677008407
-0.0001562970556358457
0.00015373881497602866
0.00020442491373122532
-0.00013130269019748667
-0.00015708472762558727
0.000206898049547968
-0.00016564130647452345
-0.000160023498306799
0.00021441924988956445
0.00016600840135406501
-0.000163129161245181
-0.00021781666557823035
0.00010201949518662638
-0.00016994081975228622
-0.00016673528959437904
-0.00022218383424718393
-0.0001039793724221964
0.00017370713820135728
0.00017035876950837652
0.00022715554360167465
-0.00010630168156447875
0.00017750745434366933
0.0001736563086522329
0.0002283587118969029
-0.00010849889379350835
0.00018078818112577934
-0.00017777099327515318
0.00023929982602390173
0.0001109394987210957
0.000186215841495443
-0.00018232287238224628
-0.0002454490210682066
0.00011367104861734849
0.0001911447399657154
0.00018658973393183577
0.00025213369292128234
0.00011671647656100714
-0.00019680098585886667
0.00019137386002693687
-0.00025853988098156646
0.00011970756609515336
-0.00020391297054738578
-0.00019496275657568082
-0.000266278895322886
0.00012319992511795105
0.00021210133208814265
0.00020670979264987113
-0.0003054929714023906
-0.00016725415089185856
0.0002796115380894196
0.00010553217055779563
-0.0003472780866529481
0.00027555567863430145
