0.9815806226012374
0.06357155597511097
-0.14361075532559575
0.022239981791983377
-0.027144093280175752
-0.06703448242730406
-0.006995298593206354
-0.009215049150102066
0.01671432673023386
-0.043062966329457504
-0.005637953864501357
0.004470552404125538
0.0018118681119600267
0.011509738815878046
0.030794449241577763
0.00015507512365184063
0.0017456069812367306
0.004473805954014443
0.022223886980542725
0.010492900350277681
-0.0005942801251179015
-0.0005959093379628094
0.00989572773930311
-0.01810495039243969
-0.003351465259797191
0.002527996670255961
-0.0010724235291852873
-0.0007541940232551354
0.0001603500857709887
-0.0033658449352508856
-0.018914602203016995
-0.0017252075335790235
-0.002872953707573008
-0.0002170303708551385
-0.00047773187297122586
0.00018620165387792185
0.0003024413397610784
-0.00031090036221847675
0.00021735751859590065
0.00037081942588542614
-0.01695660236599584
0.0022586414292829417
-0.00015749892534878455
-0.00033128194084522145
0.0002871038678220845
-0.0002849655097324704
0.00046116268167355423
0.0002875047832030382
-0.0005243320616007867
-0.00011182777899303735
-0.014570679923857103
-0.0009693666464524722
0.00045165424433473746
0.0017891460940090214
-0.00043478323629149847
0.00011745267083661826
0.0002683743940969275
0.00019315518388056984
-0.0004916652477127613
-0.012560749415053722
0.00013423656924648722
-0.00023184397871965512
0.0014041497601746365
-0.00040239123169279845
-0.00018205085587925807
0.00020855097427001436
-0.0002501912416045929
0.00013228840486711134
-0.00040152980823588786
-0.0001343041711457639
0.00014733774645591606
-0.0001312998486228621
0.010849260896392047
-0.00012739257648201942
0.0003561687888689209
0.0011373860303466854
0.00019681300989935456
-0.00010061810131259645
0.0002235855085064716
0.00015650005958334497
-0.00034919122568025665
-0.00010603237867614588
-0.0001391120706780823
-0.009398974153852614
0.00022588672449273993
0.0007799995835012824
0.0009155585220326828
0.00020032754987718408
0.00015150865846778598
-0.00011755348451523589
0.0002857198047442216
-0.000110411879626007
-0.008253681387886748
0.0007484263188639128
0.00010074770164858751
0.0001323430974686116
-0.00018946819643266097
-0.00024137661835688906
0.00010648485398710014
-0.007266258731020782
0.0006222982536415048
0.00012230908331663153
0.00012310266362880034
-0.00016884813489672729
0.00020677976711711997
0.006438457847593641
-0.00010336540261907101
0.0005166848607750672
-0.00010886868696506653
0.0001515842013490694
-0.00017008270735461792
0.005738989985074238
-0.00010274736642262144
-0.00043600776281854745
0.00013790825840315034
0.00014455121221069057
-0.005141781209990094
-0.0001685235851977495
0.00036903426654024817
-0.0001250949552815645
-0.00012422587727239259
-0.000822781121026837
-0.0045547450942301825
-0.00023084468311718176
-0.00031547197209178646
0.00011576652117288378
0.00010724292909309573
0.004194087442412091
0.0002713363951949096
-0.0001045283685269322
0.003812089189510992
-0.00023554228541281688
0.0034788215565804133
-0.0002053381983660646
0.0031868837991509587
0.00018027055281262576
-0.002928869631910979
-0.0001588649825612243
0.0027020483701089147
-0.00013859219916002047
-0.002499586791493856
-0.00012518155098389063
0.0023184314063724085
0.00011187381068632558
-0.0021563409534156946
0.00010034465021057759
-0.0020091473794134505
-0.0018786443783256174
-0.0017593120702413755
0.0016508417746430566
-0.0015519803687498797
-0.0014618097640061787
0.0013790742985044764
-0.0013033339953274217
0.0012334967933468161
-0.0011691005662843325
0.0011096775476864334
-0.0010546968995945687
-0.001003541448874336
-0.0009561391033875713
-0.0009119276308611379
-0.0008703140580591831
-0.0008323419729466305
-0.0007964030406927028
-0.0007626978631596797
0.0007311126668159582
0.0007013552983054055
-0.0006729990770131887
0.0006470865864150313
-0.0006226684279545274
0.0005994204552272824
0.0005678549683052103
-0.00011036843059766595
0.00023790321774961026
0.0004384379565724004
0.00017671170747038975
-0.0005355155481118177
0.0005173684567556986
-0.0004978257402741662
-0.0004830611510701309
0.00044423302866766724
-0.00013526310842794544
0.00011816640432231686
0.00036692516943425524
0.0002375462793263041
-0.0004386735060001715
0.00042358960067646813
-0.0004062514268474998
-0.0003788037505557991
0.00010629411782077866
0.00010630816770212532
-0.0001362263781227268
-0.0001067299439281671
