0.9788078171502288
0.1566895406961415
0.07460623864767664
-0.06071856996223955
-0.03298701649180733
-0.037027367570230306
0.036615906608980946
0.019554483089530388
0.011085500054699549
0.01923778442577821
-0.02570156641213143
0.012797467403252025
0.003980719169842723
0.01071083780616761
0.010881769618465303
0.018892383547884507
0.009300190434901214
0.002776472959903295
-0.0013575290986019108
0.009566038441241886
-0.007241817208433899
0.015623920712067713
0.0073758267015520546
-0.0021160252835525925
0.0012243718846442109
0.0006724956126057304
0.0010853363283179493
-0.00950023183657934
0.014514239378476098
-0.00669933484779244
-0.002227750174845819
-0.001246606390087082
0.00045947712329929804
-0.001642481418393571
-0.007033062392070423
-0.0008309714481964258
-0.006592712976580762
0.00029474030913077094
-0.013133586589444288
-0.000220913680224412
-0.000926515257244106
0.0009246654006728532
-0.005518533804831188
-0.0010409437274123384
-0.0001969115254752566
-0.0005617511320191433
-0.00572672398754139
-0.001504654262884063
0.011367722663283026
0.0005019283144239126
-0.00031207650500726463
0.00038850505457688824
0.001023936430671046
0.00011740897250091153
0.001665361234122874
-0.0003611202098349437
-0.004123986992559711
-0.0003268608982969767
0.003147361314753321
-0.003999135117493043
-0.0002674283798538864
-0.0007275172554470954
0.0011933418533785595
0.004858787522688775
0.008578979723425214
0.00021770783274913458
-0.0006610638165504221
-0.0005383285398409494
0.0012858112890285196
0.0009791242441079654
0.003140695277583152
-0.0001782118591281485
0.004358466858916172
0.00011852240872558539
-0.0008125657002667144
0.0003423029304589491
0.001454598307176557
-0.0016009138786561635
0.008362642217233708
0.00010283161369811042
-0.0012925006970797048
0.0002161711493604587
0.00041039996382713663
-0.0003056635735579009
-0.00029989101506421153
-0.00018063754386933383
0.0025853012782223617
0.0037093160883083444
0.0009169220926653244
0.0002723165916291496
0.00021317067546971377
-0.00011170712620757779
-0.0003124637298608281
-0.0010240272672911695
0.0002780968070389228
0.0006211494086774505
-0.0010679906051062212
0.007351241620302078
-0.0013635654369595989
-0.00023650122164098
0.0020900280691746238
-0.0001782785191762299
-0.0004632660024085621
-0.00038889444116864386
-0.00022274194789174257
0.0032603078194478065
0.00029068589233044196
-0.00020623832821263578
0.0007887705579917697
0.0003675030368220148
-0.0009943674263772405
0.000220655730448912
-0.006573747365280824
-0.00045277795203250466
-0.00016272340068743848
-0.00020235643928521744
0.00027029850841714474
-0.0007599889879966695
-0.0015949442047289576
0.0028438755017249537
0.00024061618310156286
0.00030681510171044106
0.00010314931528194106
0.00011686735616748924
0.00013952955942287236
-0.0004680390371236808
-0.0005316179354663227
0.0008730725248119307
-0.00031680325589517023
-0.00033466264027390204
0.00016207519028948273
-0.005817034451118467
0.00025721668030369413
0.0005023969954654016
-0.00010029616616665104
0.001377668200138508
0.00017083485249950862
0.0024540787928947435
-0.0003882131763897085
0.0004476218040582686
-0.0003238243640052615
0.0004910470626099061
0.0001801048878272755
-0.0007302745239194997
-0.00034018882703398855
0.0002255477506288857
0.00026718385566186986
-0.004389930205651893
0.0027331942712577103
0.00024567957546237323
0.00043505206068814847
-0.00023188234391979446
-0.0011435874016415908
-0.0022293088949163725
-0.0002835288876959069
0.00017367496686072217
-0.00010152546573112653
-0.0004052642330395791
-0.00012202464302545243
0.0006925634970083637
0.00015633976803534796
0.00020843152721195245
-0.00040007855002679836
-0.0046136881488720565
-0.00021626970474293347
-0.0003836715083364257
-0.00017343056575264715
-0.000962915425910955
0.00011469428946052443
0.0019784435407483795
0.0002474097150091884
0.00019136288628342213
0.0001245850482930012
0.00034208065169567234
-0.00011040799292658774
0.00017530770126648052
0.000625847643054306
-0.0001344495696836317
-0.0002549583168147343
-0.00015693329817586784
0.00013394636944459945
-0.0002307770780898083
-0.0007972967909444601
0.004084240733336743
-0.000816519339796163
-0.00010876728160014874
-0.00022192248402363884
-0.00011335598909031722
0.00022174152861226596
-0.0017635096551933643
0.0001002681109581339
0.00029187168458942825
-0.00015937449570493017
-0.0005574515403940056
-0.00012485427548440537
0.0001068042642674165
0.00020537725728055487
0.00011748938898243089
-0.0003144639212942179
-0.003751664503491413
0.00012542964282174173
0.0003241219016178719
-0.0006468221240681344
-0.0015898050238124326
-0.00016735029419899793
0.00010063374347590161
0.00015885775529300787
-0.00024258194083165817
-0.00010426938548298019
-0.0005054134443411074
-0.00012137586243818384
0.00015594707411521966
0.00028231042852458867
-0.000501987921477954
0.001398239135953383
0.0030615570844587485
0.00019510948138017786
0.0005933364421016391
-0.0014425755346098251
-0.00012192213692591015
0.00014302023947225574
-0.0002105695549552569
-0.0004573019141698558
-0.00010795422470283272
-0.00013238936329464852
0.00026112609088524614
0.00013335828854700398
0.003064535811421253
-0.0002370734607515151
-0.0003680245936854316
0.00017486917049960336
-0.0005142459871412714
0.0012933382763207415
0.0002246414651757325
0.00012460498586544424
-0.0001835198203651307
0.00041992458287250147
0.00010193914581446417
-0.00011185745660794928
0.00023116062516907612
0.0001088477033471403
0.00016190899070157904
0.002825487275396653
0.00015822228042588414
-0.0004469971406285176
-0.00119888840954339
-0.00011486923960565564
-0.00016027055170968218
0.0003820419384595243
-0.00021661021568945626
-0.002589056205821796
0.0001702092671454018
-0.00012018036286793084
0.00039202923082638845
-0.00010134989941854308
-0.0010975347030074281
0.00014226956188147726
-0.0003515864815364604
-0.00019751904160113495
0.00013031925889108663
0.0022791291519002163
-0.0007016383933218654
0.00011040691076372241
0.00034086064579012717
0.0010080496322716298
0.00012243350007355624
-0.00032220314993193895
0.0001808045188066267
-0.00012929219265994687
0.0022027586469503635
0.000303791475457817
-0.0009289578605903567
-0.00010886126297575227
0.0002970858864346253
0.00017045327679912725
0.00011393717262191058
-0.0020384527959718857
0.0002699791074590687
-0.0005277060207230993
0.0006794486984443321
0.0002744744910605511
0.00015469542500818237
-0.00010409102972733602
-0.00185169776453453
-0.0003806592593161847
0.0002416053326806717
-0.000797004507218435
0.0002165603012052187
0.00014006503535774777
-0.00014394087753675323
0.0017594081579094098
-0.00021688713943573984
0.0007406032130618359
0.00023811133796510582
0.00013342997253491616
0.00013453805154378155
0.0016394312072176148
0.0001942805757082066
-0.000690165268996845
-0.0002216739832132008
0.00012098802361175925
-0.0001313632364351812
-0.0015297846082753968
0.00017562411949768514
0.0006447716484364469
0.00022278148504568343
-0.00011716025776908708
0.001438708550269834
-0.00015895898959263896
0.0006034861835290361
-0.00019399059243859737
0.00010933005757584479
-0.0004668535804069603
-0.0012664789789310872
0.00014448602830249645
0.0005655731592261592
-0.00018206279840968616
0.00010293255628848454
0.0012674414971252893
-0.00013142490180904575
0.0005333440182645217
-0.00017137455200332176
0.0005116517364751285
-0.0010793108870435473
0.00011882085244658778
0.0005011732273063698
0.00016125218383723116
0.00010066932400739185
-0.0011285137261394693
0.00010986731066355289
-0.0004718329059506558
0.00015248932226733463
0.00010180432636378089
-0.0010638423813263405
-0.0001009192501528914
-0.0004465173674436979
-0.00014380983197718425
0.001009713329850278
0.00041959874145692437
-0.0001361075179427116
-0.00010629331026328629
-0.0009555238040068499
-0.000400162431511486
-0.00012904791584405465
-0.00010868709686384103
-0.0008667286150961437
0.0002708910956798089
-0.0003794652564455232
-0.0001223339973213354
0.0008632341486191063
0.00036049779972658713
0.00011043410544823762
-0.00011641065732422991
0.0008212558504651273
-0.00034307224526435135
-0.00011059607367677517
-0.00011282860352638657
-0.00077811048084389
0.00032660718192033933
0.0001049791978546122
0.00012071279047736617
-0.0007456529720458381
0.0003115104737073091
0.00010061182785344784
-0.0007122975955891779
0.00029709815673128776
-0.00011681539562013675
0.000681379455823501
0.00028398339411898004
-0.00011883693042869584
0.0006513370518887069
-0.0002713343886207043
0.00010063230980252975
0.0006240001193587629
-0.0002566085879296843
-0.00012136545980406785
0.00010057725340951325
-0.0005975595163973687
0.0002485206537647407
0.00012264314864636233
0.0005737202878110066
0.0002383815480998306
0.0005264974635470181
0.00013821327068816463
0.00012359833546817946
0.00022860725222865726
0.00010564771412267305
-0.0005281244880327756
-0.00021937848630237426
-0.00012686539940976255
-0.0003790060912896303
-0.00033745877993743165
-0.00021110042292322515
0.00010170149642084625
0.00012923902636125494
-0.00048768548988835895
0.0001481011185233782
0.00012440929720860318
0.00010540592825806037
0.0003113283212509301
0.00020301239405760843
0.00011366561668136634
-0.0001646923825730547
-0.00012561157946100484
0.0001471412530379288
0.00017996614563507045
0.00012822063988227918
0.0001021052419163173
-0.00011893081633489735
-0.00037644267016952924
0.00013413902703362035
0.00010388369604976592
-0.00017140359662655698
0.0001311883869232387
0.00012182841116891161
0.00038666348014086753
0.00010188929224961112
-0.00015444384546784714
0.00010213618942728836
-0.0003963970875833638
0.00013185066282111113
0.0001173314666199897
0.00010289194256505713
-0.0003919115792779113
-0.00011934060606969089
-0.00013500177252967488
0.0003796881133046733
0.00014489742228366973
0.00011565259531718223
-0.00013656403305426786
-0.00035530791959004524
0.000146143745125185
-0.00010152053569180964
-0.00034330273377819394
0.0001368071948003721
0.00013950022172865855
-0.00012036382828973895
0.00034755483018956713
-0.00012061770248232635
-0.00013073765215555663
0.0001414167702469417
0.00034630880127952237
-0.00012079156700198183
0.00010502047697085143
-0.0003334762360307675
-0.00014371247128476254
-0.00011903473033786093
-0.0001056444994305166
0.0003135607349098747
-0.00010948138745906133
0.00014583075537067235
0.00012454206226802236
0.00010839214825332136
-0.00014842429905375772
-0.00012686969817003225
0.00010943099269206737
0.00015054408505107644
0.00012865729910736503
-0.00011173790104980304
0.0001527639820590634
0.00012037789772430414
0.00015520780619378963
-0.00013288719560428962
-0.00011480132637954984
0.00015803928829827762
-0.00013530653556655093
0.0001171957659018907
-0.00016081059739133914
-0.00012123818207094707
-0.00011848970830997549
-0.00016323632018269989
-0.00014051998444321008
0.00012076437067418736
0.00016621760285538022
0.00014307795581338596
0.00012294780378225773
-0.00016915108556994236
0.0001458001632678869
-0.00012440833905314006
-0.00017218800404953435
-0.00014818233429724612
0.0001276517856699702
-0.0001759613289531873
-0.0001518016260925294
-0.0001293907426130392
0.00017628138222757495
0.00015615677369850914
-0.0001303097520976058
0.00018121253694681967
-0.00015941095721637156
0.00013267167879141807
-0.00018437155675004227
0.0001619927438915431
-0.0001345127819275988
0.00018777023064570688
-0.00014281693126683967
-0.0001362285937398502
-0.0001946969164194029
-0.00021356654716966553
0.00021675871667387503
-0.00015984379215045974
-0.00019353068812291065
0.00025693021486143544
-0.00019921911652069155
