0.9759449797238036
-0.16722649775864082
0.06403779075329638
0.07188718978356538
0.037845217835164535
0.0282725059298627
-0.014048193760901172
-0.04346636335153918
-0.023138209875598486
-0.018721991622925663
0.00397140977519517
0.0317746249365878
0.006247887411754937
-0.016353633057700132
-0.01375579174659972
-0.0011756823213600904
-0.000825904022604031
0.01967564950498281
-0.017895921831308646
-0.008058551185502041
-0.011832920442815828
-0.0033177448487701823
-0.004646779086760119
0.001995542138222404
0.007364197179088492
-0.0005497405332649547
-0.0029530543149193195
-0.023190265577026848
-0.002236624482941309
0.0006465695771498138
0.00012222589967925048
0.0001685409859171594
-0.0001393970060863056
0.006196751581482099
0.006486882486570805
0.01966933626138065
-0.0006225582009775079
-0.000313541097694954
-0.0010758574405528327
-0.00022549654553065087
-0.0029365406756717703
0.0001496657098630471
0.008293515104028627
0.001514058775581344
0.016334212042292507
0.0011251109671872673
-0.0004349161583636374
-0.0014464182942773396
0.0005736685783573616
-0.001106324258184364
-0.0030281495518935967
-0.00015405289533951104
-0.0005049443430203456
0.0001439256285295234
-0.0001509806508262197
0.00017135523243804853
-0.007554014743008151
0.000887772693854968
0.001788320994487855
-0.013723774557326934
-0.0005509879024310184
-0.0007195255685865621
0.000421074963916238
-0.0030377748068274595
0.00040683812038216054
0.00013733154329970083
-0.0004341002674771319
0.00027381675115457807
-0.000187298060406925
0.0068611389178613825
-0.0005868828726928138
-0.000498403880657704
-0.01159900264727293
-0.0011068200742059952
0.0007930999894553364
-0.0006403170573202233
-0.0010470011066636923
0.002690022599626748
0.00039894208447816335
0.00046383603242040536
-0.0001959961557726307
0.0002784936819719029
0.0005293382256126002
0.0004946156087779271
-0.0017075072566839307
-0.00595120366112466
-0.0007557557976778697
0.0008496911421593225
-0.009853757587698587
-0.00045279099209703626
0.0002716214872087204
0.0003053414125386829
-0.0014815525748407817
-0.0022557407439882412
-0.00014209083239206388
-0.00043663086642863405
-0.000335503859429855
-0.0003247050968886053
-0.00015820109061730377
-0.00041721645489160104
-0.0003751081032456468
-0.0016030748717940902
-0.005125579019099598
-0.0018762771809976333
-0.0003033513514576632
0.008418748605066709
-0.00010240968420934335
-0.00035767337556541094
0.0004449616704780541
0.0005533096253755683
-0.0024551338665665364
-0.00040001225592653587
0.0001188279175830664
-0.00018642948449795285
0.000558164936044159
-0.000155067734178901
0.00025126055483808607
-0.0002637591096294679
-0.00518894585047994
-0.0001127846787401912
0.0005750166014470393
-0.007185175826044049
0.0006674347561734236
0.00023730951071503783
-0.000581479286295595
0.0007400460136081921
-0.0020745149362728353
0.0003705701236518178
-0.0002590528539877502
0.0002225835346783655
0.00031327283581546097
0.0002056016340784016
-0.0004907707200408058
0.00012805953315953375
-0.004755851264922718
0.00011458713709327512
0.0006739672061326734
0.00619702657912719
-0.0002912555151265798
0.00039600397555396137
-0.0003337263482493418
-0.0020506134778505193
-0.0001222748232410445
0.0001511383311041361
0.00037637417322001284
0.0001314335899305146
0.000458028075542148
0.0002302756895321233
-0.00011558505238669681
-0.00018690673525574586
-0.00016858227828757679
-0.0043843740712527805
-0.002009577033203273
0.005014110923489158
0.00012505368759778516
-0.0003460042051186158
-0.0018741067140135748
-0.00012505986051226307
-0.0002017823772848754
-0.00033296149312851827
-0.0001168238892627112
-0.00011688500863721324
-0.00026760230217571466
0.0004875486080037149
0.0001594346967778024
0.0002046626535160662
-0.00023961710553906712
0.0040156662809640985
0.00016109628510554643
-0.00015693922288261447
0.0047170415982997005
0.00031259668993663907
0.0003512477617516692
0.00011704816469848846
-0.0016912418932225003
0.00014342241145311332
-0.00031011535048711553
-0.00010811764155031261
-0.0004668274838256718
-0.00020185832061758203
0.0001964838662183353
0.002961878526814416
-0.002126183888264452
0.0008092819457824648
0.0008905635155062243
0.004034153588917038
0.0001878016851371868
-0.00011966563120375983
-0.0002949966832099057
-0.0015341866551770143
0.00027674479394558207
-0.00012252477258990166
0.0001710944257503036
0.00043470141072530024
-0.00010425615525731829
0.00020807742465860977
0.00019223461491322272
0.0034443990211813764
-0.0001718713552712922
0.00017222342955726565
-0.00014834559687322798
-0.0036268130943807797
0.0002439284366249565
0.0003984269514935403
-0.00020226447320568483
-0.0013799645441441369
-0.00025178179854177477
-0.00010859695033792263
0.00035934941949994955
0.00020337029311455425
0.0002037495271552409
-0.0032136406996996466
-0.0019626934513379143
0.0025498338360798174
0.00018319088803779744
0.00016186388506852207
-0.0011313549317274808
-0.0006296450543175834
-0.00025126977943189504
-0.0003781897835081733
0.00010729169265915047
-0.00013699043670766962
0.00018398299886264805
0.002986293500214542
-0.002855294735684682
0.0002413090778274332
-0.0011931757985487535
0.00011488601713517304
-0.00022308380627418956
0.0001173252249158237
0.0003293960577453822
-0.0001777924757890929
0.00010701586051968774
0.0027756168285991084
-0.00020658923945693147
0.00020148031423148396
0.002422996910969242
0.0007970842418811568
0.0011000936683479138
-0.00019908065287544655
-0.00033004057063006244
-0.00017123651191048586
-0.00010885793751045545
-0.0025379089422948855
0.0004895767167708495
-0.0003256122030819644
-0.0022838207940686244
0.0010162902405285899
-0.0001847124090968035
-0.0003143186588010171
-0.00016550574251262138
-0.00013947870677108164
0.0024330593571283885
-0.00010491967217447847
-0.00204860087945008
-0.00010288856827814136
0.0005696855075338382
-0.0006483478673609739
-0.0003674175717454579
0.00016868256979209214
-0.0002918858696918379
-0.00015007315838792983
0.0014469634146106803
0.0017706631304194608
-0.0012340179255687918
0.0013783586417435323
0.00012519720705471743
-0.00085684770007304
0.00015944604888365108
0.0002801001723516817
0.00014679522668440876
-0.00016522969648682825
-0.002141225107170217
0.0016739344364232645
0.00010576977776713157
-0.0007933256216581363
0.0001008246915337107
-0.00014515739562717466
-0.0002528596200828942
0.00013985353720746406
0.00201902288112428
-0.00010645091430366636
0.0015146550260716493
-0.00011945438003713918
0.0007417070290753818
-0.00013354993435287895
-0.0002389642148103327
0.00013456597222125772
-0.00190330107417471
-0.0001023194758324896
0.0013809978588312142
-0.0006896192686638089
-0.00012436855931251037
-0.0001587225107828083
-0.00015975856916726044
0.00011743251751405582
-0.0001932516263012724
0.0004911975041175325
0.0017179513013563757
0.00010289377770464155
-0.0012449759968651479
-0.00018568280384097837
-0.0006413732057075679
-0.00011456157200262489
0.00015472120058366927
-0.00014501004233610196
0.0001146762942703322
-0.0017015747620421943
0.001150201367899553
-0.0005114923087239083
-0.0003178276029140413
-0.00019235247109542606
-0.00011022587291362274
-0.00012386499994020185
0.000200653256322398
0.001588351063369776
-0.00011356580514520993
0.0010540918112432937
0.0005588574279457877
0.00015502927781578554
0.0001075718502989579
0.00010434207723301538
-0.0015253532465440613
0.0009681501942976032
-0.0005255009694463979
-0.00017690807021885691
0.001433564377960293
-0.00020681739270291392
-0.0008916462281961643
0.0004944296995599989
0.00016435969611320963
-0.0013752193244772532
0.0008246470800037755
0.00036978541325314874
0.0002831616239676615
-0.00015734116542056025
-0.0012705267357669215
0.0003190633184746031
-0.0007582866773412008
-0.0004376350162671624
0.0001453658058966305
0.0012460098803682336
-0.0007045343744608986
0.00041356394688773774
0.00014193706731979985
-0.0011774982097143667
-0.00015526704256478167
-0.0006529238240380942
0.0003906592382135235
0.0001348109328479424
0.001135543402997068
-0.0006064482167571422
-0.00036682719413440144
-0.00012795362081451746
-0.0010837523166815396
-0.0005644258317938887
0.00034954554548472595
0.00011852192658625167
0.0010362300191333208
-0.0005258416745699721
0.0003277991664339109
-0.0001162076723314193
0.0009894099503043202
-0.0004897242882817378
-0.0003144735909734231
0.0001063970919861308
-0.0009432579074403169
-0.0004591440051651699
-0.00029852567582298227
0.00010988323626233312
0.000908304066506029
0.0004304339616093322
-0.0002844116978476258
0.0008737358676639839
0.0004035866665471535
-0.00027041109157598234
0.0001144021704353206
0.00011305065649506089
-0.0008314558736950862
0.00037932961659563336
-0.00025811279728909354
-0.00012014928119407907
-0.0008060059513135602
-0.00035705186761403264
-0.00024197904849135651
0.0007739528693146575
0.00033715411530121046
-0.00023196593465384184
-0.0001265437447640375
0.00010072427187003109
0.0007433044290176873
0.0003193356807267071
0.00022227687046862335
0.00013197073013042308
0.0007161122754860413
0.00030372535867653473
-0.0002112176221894457
-0.00013295370031829625
0.0006895865728136363
0.00029281275453965085
0.00016854671566964133
0.00010671653182356874
-0.00011035705031756079
0.00010565194163750749
-0.00013336130707607236
0.0006480002458906965
0.0002859663989813862
0.0001863147203748282
0.00013983401134896994
0.0006173776989490893
0.000294370515852955
0.000166433375184922
-0.00010141139789984253
0.0001072504069296796
-0.00013695284369158445
0.00012498908880325185
-0.0005967329567444922
-0.0002691134102312441
0.00011142715004237204
-0.00011150379786759486
0.0001138238832326071
-0.00031972694786588343
-0.00010237302033975113
0.0005113948062449896
-0.0001224151839225955
-0.00011316187995899617
0.00015838438749323842
0.00010575090843291489
-0.00016258197899017917
-0.0002203235100454503
-0.0001930545521458975
-0.0002676912189531426
0.00012575691859370482
0.000137024725323006
-0.00017841141222119905
-0.00018496146204416265
-0.0001382595299990873
-0.0001588869836487866
0.00014705449791991957
-0.000107882286079483
0.0003857265473218003
-0.00024030853560525652
0.00016551430384981726
-0.00014368122052199302
-0.00014881791657907946
0.00012121176019155435
0.00010669979947521666
-0.00022328347877465768
0.00012159510541944889
0.0003651651635168412
-0.00016102200393246945
-0.00010299013659484451
-0.00010361245542818928
0.00018822919718736877
0.0001084469911827982
0.00013214650953424667
0.0001225047313782202
-0.0001570624079038846
0.00011166276619032712
-0.00022353546706055746
-0.0002845655960003185
0.00015822355665400255
0.00016733755814225695
0.00020667539675968502
-0.0001034187728959069
-0.0001624684167380446
-0.00011516649024169548
-0.00010092672574971585
-0.00019781071517600395
-0.000315758775432502
-0.00015092448125797063
0.00015133203753730403
-0.00019473666241534725
-0.00012071870897951838
0.00014204241731961806
0.0001257345304234923
-0.00016831247220589558
-0.0003109548420351664
0.00032675435656787815
-0.00013474422087224094
-0.0001082851133965699
-0.00012289522765253805
-0.0001620731606202347
-0.0001285016970334422
0.00011083097088560662
-0.0003295106540425574
0.00014595155232516383
0.00017571617063250156
-0.00014144133332933716
0.00012738971669689595
0.0001414907395281677
-0.00013962150283024287
-0.00032820066987597794
-0.00032016941392542847
-0.00015413113710537616
0.00010169306271668244
-0.00018369237728945633
-0.0004144885445362217
-0.00010802067282354338
-0.00011381052732929511
-0.00013343562951325123
0.00011427209011079463
-0.00014600366767664918
-0.0001392073706033361
-0.0003674767888813205
-0.0001876539034315001
0.00013115518343032427
0.00015111170269625486
0.00014044561023483163
0.0001818980219236587
-0.0003970683779281108
0.00019035014331073453
-0.00015217243992191642
-0.00014627490773832556
-0.00019814013216104697
-0.00015864773788131384
-0.00014870007667566282
-0.00020183921197242292
0.00016106816131685264
0.00015425565345765212
0.00020660364167072575
-0.00016663091162411034
-0.00014447516995571162
0.00021271338860495524
0.00017027759803849935
-0.00016098335831467384
0.00020232364507926406
0.0001731220567435731
0.00016002257237146994
0.00022404946418389042
0.0001792266477725583
-0.00014549604396536103
0.00022962178140253594
0.00010450060599670313
0.00018387808051298626
-0.00017309263933370554
-0.0002361464510864539
-0.00010748895110224327
0.0001881321562968922
-0.00017835374141625656
0.0002419104536735756
0.00010960013549944574
-0.00019261753647129592
0.00018271369836228316
0.0002487911363236851
0.00011098037599269054
-0.00014991620161708714
0.00012727246128051316
0.00018940359732923332
-0.0002560202335720002
-0.00010515494906900957
0.0002046944889858828
0.00011713500080552418
-0.00015271995611266305
-0.00026258008702482343
-0.0001194211655265031
0.00021159186615421678
-0.00019595982356928915
0.000262777313198376
-0.00012499924148454166
-0.00021574549920084235
0.00020324179347542217
0.0002791465405087779
-0.0001279543535217272
-0.00022247219632143416
0.00021035374349991141
-0.000288168994166397
-0.0001334229495477418
-0.0002283229032798777
-0.00022044286760827402
0.000298695075323942
0.00013620810111766377
0.00023651957337416735
-0.00022969918558830813
-0.000325808952708611
-0.00013158456248074942
-0.00011339113529521012
-0.0003630506347343097
0.0004098642335801073
-0.0003332794856384993
