0.9854445665050335
0.12618263412112524
0.06473496675178214
-0.04647617953478776
-0.03892380284806155
-0.0251365820462634
-0.012651994441884425
-0.026161023565871945
-0.024887315335876112
-0.014693817896801572
0.0034584823505902744
0.01936394602800239
0.008671702698567046
0.01918255381165639
0.0033705144012767555
0.00029004274489180277
-0.0006000196531150707
-0.012464280119502515
-0.0154685518089787
0.006275322865594934
0.0073886374372755656
-0.0072177126702276445
0.00492787234690672
-0.0038605537723989734
0.006485245093453111
0.001001568552216369
-0.006994353936942752
0.012575454295469512
-0.0026202264121995148
-0.0004788138639911102
0.000567408919136543
-0.0025224487547849633
-0.009783930591623583
0.003442579799204043
-0.011834700537357598
-0.00046324286270892556
-0.0006400967741574025
0.0005477990770688541
0.003032396456971797
0.00023508163358029483
0.00026097673186124804
-0.00971333121327299
-0.009533354493716093
0.0009910723435048257
-0.00039944093299964145
0.00014879647783026375
-0.0009292430869760366
-0.0004770390562569156
0.0010175662167358104
0.002890823977124301
-0.0005481576718168837
0.00017097092533090388
0.0002682636885924927
0.0005368917160076805
-0.008632938759753558
-0.0007060217570687121
-0.0019825000643861703
0.007596009826310902
-0.000756763995502613
0.00013340873241406314
0.0012873724245410587
-0.0024166330492371053
-0.00028994977177115714
-0.0006716099596049957
0.0001081608880707386
-0.0007412885313643029
-0.0076664595490206116
-0.006430322450069237
-0.0002821314718118173
-0.0006760013698127845
0.0005219033655165828
-0.0007347686494315644
-0.0023267420996140493
-0.0003026334793000555
0.0006333057926944572
0.00015175639692642005
0.00015679053740379334
0.00015193539798284193
-0.0005870625019350447
0.000492280976849828
-0.0066610866605550855
-0.001375851921885505
0.0007527012505756449
0.00013083436279145947
-0.0052965839708934955
-0.0003394440300443551
0.0002742507242993387
0.0004435678141201946
0.002147068322614501
0.00022349905534387504
0.00016288565282475688
-0.0005991701363876943
0.0002134362299168782
0.00014404754422563985
-0.00015562123079750924
-0.0001108037442298267
0.0005386712081156956
0.000665212753686344
-0.005891687169727233
0.0008336073595287743
-0.0012268963228503013
-0.004401145053382326
-0.00027557535798090486
0.00016583706693524294
0.00033876978679163244
-0.00024358741572186695
0.00194735313844185
-0.00014084316223133482
0.0005271572275688235
-0.00018375429908057086
-0.0005245639196644554
-0.00012693598677841557
0.0002147182069310258
-0.005469143756742753
0.00029967013766265437
-0.003670294832509562
0.00038032417657122804
0.00019523827218480063
0.0004918496820043092
-0.0016588861733525175
-0.00010917518355592175
0.00047562136142114894
0.00020069224694096516
-0.00011956711975787792
-0.0002849112728529386
-0.00041161993106202566
0.00012185033272823614
0.004911876387968931
0.00016855854738589998
0.0004010630806415849
0.0030936419158721874
-0.00021574373479203886
0.00023744879647452478
0.00015652099445363367
0.00045512626072965356
0.0014439438141369014
0.0004469195998730342
-0.00013281936900018463
0.0004393930662686281
-0.00014696789119538362
-0.00021840898047179
0.004414107380187987
-0.00044659934646935895
-0.0017289478696829073
-0.0019904123575473502
0.00025739332523649596
-0.0013531236617488483
-0.00013656395044949992
-0.00037852372987186994
-0.00012685349574182464
-0.00011619003754134529
-0.00040592167119724617
-0.00014039130970980952
-0.00019532838053297843
0.0001534621827427788
0.003998495421689829
0.0003162786145057373
0.00012301178239848144
-0.0022602163411534737
-0.00010181691446716816
-0.0001948971356805662
-0.00012399610932815829
0.0012018294490382846
0.00024699542680621696
0.0002468358000363058
0.00037401570591846995
-0.0001306649178364148
-0.00018759491236576637
-0.0002742504498253645
-0.0036222147035856853
0.00040729727787726415
0.0019308571251471641
-0.00015371139438128442
0.0001159757952146138
0.0001365923017740408
-0.0010841845557215096
-0.0002957928231939049
-0.0003403307308851796
0.0001292171455347267
-0.00017715957097255513
0.00013822529050785677
0.001011294011737083
0.0031741156886387757
-0.0016704282548574358
0.0001430511865416254
0.0003058658095428273
0.000928596375485799
-0.00025928246630364435
0.00031650015570862297
0.00011007099686847718
-0.00016834166352415946
0.003050261597249996
-0.0013532588138276465
0.0005439730049617999
0.00012570514701041447
-0.0008795494927914171
-0.00024071228902676164
-0.0002824776703560758
-0.00010709506079753238
-0.0001561815127468317
0.002799339542236854
0.0012726438453334553
-0.00011019164434240959
-0.00011394636173979908
-0.0007949037725669774
0.00020939890535113243
0.00026064555216716415
0.00013822817022546516
0.00256589752238239
0.00022259727043156557
0.0011146562681761465
0.00012935810665877227
0.0007249787470425686
0.0001865474267862388
-0.00023966058109534154
-0.0001313727967583798
-0.0023705971511195946
0.00011516074189602858
0.0001249460199870778
0.00015664257501612355
-0.00011709119467888789
0.0009807682404252113
-0.0006638343439039914
-0.00016693054047222172
0.0002132564197121243
0.00012204537037035079
0.00013478720088536936
0.0022003234664261856
0.000874921975441418
0.0005329832427467324
-0.0002910334877203158
0.00014967502906025165
0.00016614109778738845
0.00012128625723957703
-0.0001096984742846974
0.00014548483719365718
0.0020402269289688567
0.00010019413667742693
-0.0007748999897620649
0.00016517024269449383
-0.0005311295187587789
-0.00013647875774117665
0.00019095003666496415
0.00010550107690400505
0.0019024656958794687
0.0006938664071044055
0.0005137346917079743
0.00012259514328046277
0.00017562279766725566
0.001773659980830303
0.0006258614927996784
-0.00047633042903356444
-0.00011061675946697763
-0.00016379418294167798
0.00165771710026961
0.0005637801528387926
0.00044051493442042713
0.0001532605166695009
-0.0015385090896849298
0.00019360152898972535
0.000508993346669375
0.0004093450361265283
-0.00014248833678594125
-0.0014568882054531627
0.00046185604374927755
0.00038209043224387407
-0.00013419343586192338
0.0013700832913745948
-0.0004196336896263471
0.00035618119559870895
0.0001251897043338426
0.0012888262714707906
-0.0003823581880781219
0.0003335235421717038
-0.00011706405265708022
0.0012152869948875015
0.00034936972210142123
-0.0003141454017057811
0.00010791335774646323
0.0011472604977835975
-0.00030864160492852596
0.0002953511077273527
-0.000103767931424728
0.001084637495460602
-0.0002926889646074673
0.00027752527423048406
-0.0010280189958416963
0.00027092760726156077
0.00026194383387215725
-0.0009754138820048861
0.00024983048933010767
0.00024761420453724847
-0.0009255653728230556
0.00023044894671322855
-0.00023073514629107556
0.00010728558552817739
0.0008810351632865696
-0.0002137842403703051
0.00022188033459817443
-0.0008391376812090433
-0.0001982043339504363
0.00020396925155088602
-0.00011076446715014261
-0.0007992644278337798
-0.0001843554280419493
-0.00020013120279648798
0.00011371543072293246
0.0007613735627625369
-0.00017097306660668118
-0.0001901588476590897
0.00011802064644426751
0.000727636175297549
0.0001602350698794632
0.0001813549539282767
-0.0001024647788514113
-0.00010158115479273629
0.0006969914286269173
-0.0001496181231487327
0.0001728280592402473
0.00011934285345362937
-0.0006670827447785791
-0.00014015497735021172
-0.00010549657347938242
0.00010413214398574765
0.00016500145256164963
-0.00011298309618892507
-0.0006388951250766039
0.00013140129530120223
-0.00015779258174362576
0.0001088506943715491
-0.00010771915801741213
0.0006124996614720934
0.00012365622919265906
-0.00014993303205515512
-0.00014164000676223805
-0.00011153920152820079
-0.00011049862118629477
-0.0005876747567337392
0.00011657746825369316
-0.00014389047895381767
-0.0001437266780638975
-0.0005632229673320717
0.00011056384652478464
0.00013767469226855271
0.00011410479929758225
-0.00011283104804606641
-0.00014603539650972494
0.0005425902059843727
0.00010501552049577832
0.0001311342682303746
-0.00011738862678535599
0.00011604981118631121
-0.0005206727903569844
0.00010254500059781146
-0.00012484096244205311
0.00011822346099666598
-0.0004872148476078358
0.00010414985777915277
0.0001226845219401225
-0.00011625968491163503
-0.00011735877176260904
-0.00012551744256622424
-0.0004698927462927348
0.00012210731546239743
-0.00011041584341345831
-0.00011976961793738996
0.0002144024133363911
0.00010009324736054892
0.00040257409989556794
-0.00014376188584064303
0.00012991325701294684
0.00012445931587629612
-0.00020933204967497874
0.000200147143614288
0.0001383938876246114
0.0001622830077901154
0.00012383571514035927
0.00013337249547970532
-0.0001594220771751569
-0.0003936720001751462
0.00012790165421721397
-0.0001245434818800679
0.00029797968813588234
-0.00021140345769723207
-0.0001524996088984784
-0.00011017242023453932
0.00012993661541400885
-0.00012855122674078727
-0.00014446196249172225
0.0003233333998378722
0.00014688574054332642
-0.00015858571095017055
0.00010031377234649596
-0.00012364058677127445
-0.00019447273443563246
-0.0002517547691381695
0.00013346809784797707
0.00013176910423175046
0.00016124624245151747
0.00024584227693894093
0.0002326838904088904
0.00013454284212695414
0.000132509740083314
-0.00013029837461719967
0.0002461381982152802
-0.00015017441803372722
-0.00014451679151635113
-0.00016972514362473528
0.00013956162550552386
0.00013706629672756313
-0.0003344884466588038
-0.00012348476883576584
-0.00017869712815183492
0.0003420020732121307
-0.00014160630514469734
-0.00013892311833555213
0.0002853360106595916
-0.0001685836403171263
0.00012136442460520313
0.00014339255538846043
0.00014187339505489083
-0.00032514076628913856
-0.0001808259547187171
-0.00014730821399115438
0.00014410712771971738
0.0001628235578945917
-0.0001059552395843084
0.00015019787209221986
0.00014700182762134907
0.00018851087145053556
-0.0001535981811695659
-0.00015009749561713926
0.00018460305500491822
-0.000153163954052726
0.00015282942766694228
-0.000178461392573603
0.00015944741658571537
-0.0001555156233524816
-0.00019897449007454863
0.00016286789281776343
-0.000159120445888699
0.00019650060220096252
0.00016341844258022095
0.00016237050246825527
0.0002130875474139952
-0.00010139961137972602
0.00016950621900467788
-0.00016538018181752313
-0.00021376134111521117
-0.00010352686943613097
-0.00017357049496865589
0.00016909587172430444
0.00021727477407376924
-0.00010556336041595936
0.00017741065005974033
0.00017283163564793452
0.0002227084112712518
-0.00010794599840780773
-0.0001806876884624573
-0.0001761649905574325
0.00020848978865988953
0.00011717164223693256
-0.00011031006708828331
0.00018497189388770753
-0.00018046891315528756
0.0002383412131121265
-0.00011284043937475716
0.00019041636732366915
0.00018521854776810175
-0.00024732074319092654
-0.00011555189812855417
-0.00019530141518819903
0.0001896021888864722
0.00025472858458189295
0.00011865562366800244
0.0002008531238076955
-0.00019452406162870015
-0.00026154019010755496
0.00012167180673369873
-0.000207573936930895
-0.00019956146786244929
0.00027086663393956976
-0.00012509217291982978
0.00021573716129771477
-0.00020991123752303376
0.0003099772058103475
-0.0001632771173767088
0.0002895009650267743
0.00010683210090585146
-0.000354516290956471
-0.00028169187434985167
