0.9719318380792779
-0.17875175148594138
0.0889310192634976
-0.06763437535367287
-0.04047192732372881
0.0432444019406457
0.040738398107002104
0.02382341327360655
-0.013410040398301234
-0.022142387096668475
0.02862541461107309
-0.01534555586427989
0.005664442385248374
-0.012666826718740696
0.01245115583652779
-0.021060107557551326
-0.011364347453879974
0.003617714946589793
-0.001534453018417154
-0.01117484906951799
-0.008303960122611097
0.017376480926251853
0.008966587798636395
0.0024605528878294007
0.001696378576723227
0.000781023652247388
-0.0016246490836165633
0.010999881438476758
-0.016150898636459653
-0.008131270525466918
-0.002598521178439631
-0.0014720011945553923
0.0005742671875614226
-0.001889579772122486
0.008186669119867318
0.0008914612728862371
-0.007822881916014556
0.00014402854446453743
0.0006823557624723568
0.014748602305165956
0.00017785530839895577
0.0011040459808623292
0.001039296136133054
-0.0065127605779908984
0.0007125592386888341
-0.00016579131259214036
0.0017928924494639803
0.006631802290771998
0.0019530557648391633
-0.012741669861735031
0.000560112323815223
0.0007228103658769359
0.0001381934405843574
0.0011643758525223759
0.00023914263831056358
0.001983312917059982
0.0004090798045018499
-0.004784178041682418
0.000418847198170476
-0.004892018766131812
-0.003618229223822197
-0.00019176357357382956
0.0008416685666144744
-0.008043883109861429
0.006635337880604349
-0.004015764006732833
-0.00024323790632382997
-0.0010795515883133512
-0.0007440221661884463
-0.0012888087072454382
0.0009962345024269535
0.0036882637564885487
0.0001206024683424383
0.005215748976040716
-0.0001383041072300381
-0.0002280884816881457
-0.0009433118176491243
-0.00038099795510960794
-0.001992327530866266
0.008036646202207235
0.005100073953108914
0.0015423727508686964
-0.00027621960052255043
-0.000502765524068076
-0.00032850741936839636
-0.00035875485256741844
-0.0001740550655774817
0.0029994394886804225
-0.004453643144370457
0.0010443769538143314
0.00031844754902209734
-0.0002609336477004447
-0.0001124171436193835
0.0003997539394349217
0.0012655662994008688
-0.0004436356382853582
0.008374198319257118
0.001002869299483021
0.0010486807956688578
0.0006617769040742538
-0.00025768344341064623
-0.0024307359344035474
0.00010814456290920766
-0.0002120290574450991
0.0005809605645194201
-0.0003995507258397223
-0.0003347643450099531
-0.003901767563036943
0.000348077566634968
0.00024658311122615576
0.0009489272931120443
0.00042997175366149565
-0.0011772963292389815
-0.0003335187695070098
0.007404981806555946
-0.00036628627729306574
-0.00019631767439343712
0.00025861459453015503
0.00030779614071822304
0.0008289056630152072
-0.0018795620148559168
0.003411857828556913
0.00027493776643510765
0.000376037850040556
-0.00012384476207619497
0.00015315992772212386
-0.0005270607573800112
0.0006578869980646923
0.0010363883132571772
0.0004741673623641949
-0.0004475584873803607
0.0005512642373860418
-0.006518471445289252
0.0003091942203296862
-0.00059991457182434
-0.00012226170935546957
0.0015978066338742923
-0.00010627983140550339
0.00020525187766106401
0.002970470936556496
0.0003622096556264856
0.0004661352441817302
-0.0003862104776047368
0.0005789067160924179
-0.00021899323745299605
-0.0008896743134970699
0.00036142107280033977
-0.0002675578459264209
0.0001803056348159147
0.004752325102262952
0.0033229182470081156
-0.0006308111611707497
0.00020606125459308176
-0.000519867326161581
0.00027781966450954586
-0.0013257122046009362
-0.0026769356239947396
-0.0003376324521899503
0.00020648636162252752
-0.00047581078289270397
-0.00013720517098486106
0.0008286673642747884
0.00016866677638567622
0.00025099638317138294
-0.0006047321654509386
0.005183949686678009
-0.00011940884412717513
0.0002030628912121152
-0.00045504380515056013
-0.00020622540825206647
-0.0011178123179876795
0.00029527681933364316
0.002362432566122896
0.0002954841538466774
0.00021736822777633047
-0.0001478499787897758
0.0004005805068054079
-0.00012742373660176826
0.00020676173306409057
-0.0007456571741359295
0.00015901313434368727
0.0003261672227777582
0.00021270846395676484
0.00014944997006258393
-0.0017501051209441142
0.004337621988725822
0.0003971324452405294
0.0009481131360857077
0.0001310046620337612
0.00026151470299281437
0.00013402223561111598
0.0019154684803676502
0.0009454889513965636
0.00011646135605284673
-0.00034194593864594804
-0.00018873287139550024
0.0006630830961932741
-0.00014811536846275983
-0.00013077627945319
0.00026261575387239166
0.0001283414328858521
-0.00037445359388313143
0.004226170194628324
0.00015516656948486805
0.0003141686364459192
0.0007800215091133043
0.0019179190900383402
-0.00012181479185210854
0.00010395885649323987
-0.0001873934970511263
0.0002856016778399942
-0.00011947066330298308
-0.000602056260137513
-0.00010149321615106117
-0.00010154608187108265
-0.00014439393873798962
-0.00018716197135931428
0.0003359884581854339
0.00010620318354842533
0.003808723722815406
0.0004036426900228963
-0.00018218161605790985
-0.00011825224215872048
-0.00023295752672304864
0.0006876307556131037
0.0017356622015281301
0.00013536825213218313
0.00011237764080320428
0.00010452194854760025
-0.0001354486248664643
-0.0002452122072910537
0.0005449056372567154
0.00012850294721316997
-0.0001576300505525747
0.00010480948379708981
-0.0001365970026225613
-0.0002807262615268806
0.0001498477488121371
-0.00012327539434055465
0.0034821128944990507
0.00010592676928013528
-0.00015109740559450172
0.0002088405684806482
-0.0005962863073969797
0.00012288944575339437
0.001573578045244304
0.00013686861828813654
0.00014919269006653026
0.00021358602596774422
-0.0005016569261205997
-0.00012322709710776503
-0.00013214614046586494
-0.0002760128588514907
0.00012407489170667273
0.0002725671726389612
-0.003177529143091037
0.0001893274665724455
-0.00010608546146286866
-0.0005181997938573392
0.0014426633585585453
0.00013678291059071585
0.0001865348533539347
0.00010669946966203031
-0.00045543347861813583
-0.00011230816796137317
0.0001087032994609891
0.000259776530020501
-0.00012623299594948214
-0.0029199975612839747
-0.00018233457114482738
-0.00045467723873443317
-0.0001203100270777187
-0.001320969902791089
0.00016674626865847698
-0.0003678996520882671
0.00020161600502239038
-0.00010031870785603236
-0.00023568640596737694
-0.00015440604832240575
0.00043233467745586304
-0.0026536460260892527
-0.00012320401885940397
0.00012748363699111422
0.00039635859529294393
0.0012134989671762808
0.00014216757768475543
-0.0003841957572445509
0.00021558750841541263
0.0001502057575694547
-0.002482242279505685
0.00010684831749040565
0.000352385100649911
-0.0011188842841011936
0.00012635006335770806
-0.0003543014025830745
-0.00019312206341790767
0.00013716365220926214
-0.0022982031245496726
-0.0003125330500233428
0.0010249355835935316
0.00015078462708806108
-0.00011274529122356639
0.00032757210017886703
-0.00018448545793806222
-0.00012423481617574125
-0.00019539541869284836
0.0021225733975060554
0.0002801088608297915
0.0009599089499702499
0.00010711221640803334
0.00030337615294041966
-0.0001716909117712722
-0.00011495102904547913
-0.001984066455680897
-0.0002516262571256381
0.0008920889816288352
0.00028414355082742116
-0.00015914375607071042
0.00010768082680085738
-0.0018189566382698997
-0.0003545787795575813
0.00022523066305858098
-0.0008099206484390883
0.00019004060799697497
-0.00026452757397581986
0.000146580477383525
0.00010062608211702925
0.0017286635209376947
-0.00020358171234768286
-0.0007746435992359821
0.0002419009099865941
-0.00010313855190609183
0.0001399891442561155
0.0016215361408261702
0.00018425819942963104
0.0007272215282716552
-0.00023163649135087987
0.00013044068611983914
0.0015188513236230427
0.00016749085451987558
0.0006817254044065583
-0.0002172572414863016
-0.00012282852372081282
-0.0014053166518438929
0.0002660464026836324
-0.0001523764705766423
0.0006432234375700735
0.00020453621101808152
0.00011505435675875031
0.0013441778713704211
-0.0001382394108933912
-0.0006039697586974946
-0.0001925633846265638
0.00010834637181535414
0.001271883288567433
0.00012734487266321978
0.0005646625674852523
-0.00018206294876633295
-0.00010234419372729731
-0.00010957126284397118
0.0012005193623863559
-0.00011695470366964486
-0.0005381603978064246
-0.00017180205559654276
0.0011380861696908726
0.000107583502019737
0.0005073973761052007
0.00016247049179444722
-0.00010516634262392416
0.0010777674730860461
0.00048232386368346
0.00015406317793861774
-0.00010781886659257758
0.0010227651854192775
-0.00045741937636987204
0.0001460549121220383
-0.0009729416989300218
-0.00043452072513241584
0.00010712138047851795
0.00013898445133808768
-0.0009254603980745253
-0.0004135165769926204
-0.00013211882050624885
-0.00011155560982853223
-0.0008813825274532276
0.00039370962117847845
0.00012538624187509746
0.00015050617684359563
0.0008357054939439837
0.0003755659971629127
0.0001201351162979857
0.0007987778537468346
-0.00035814931743121596
-0.00011449474595033093
-0.00011565784790710916
0.0007679021054990627
-0.0003423564534454078
0.00010920680618505724
-0.0001175164214128382
-0.0007326149993447416
0.00032709267285018417
-0.00010461387501557147
0.00010147041281119827
0.0007032621307181762
-0.0003126197159947652
0.00012034721167969643
0.00010051659410269873
0.0006620418944987617
-0.0001297901900818651
-0.00029418973644549284
0.00012157389498122159
-0.0006464064377682786
0.0002873332737611337
-0.0006182551251931932
-0.00012216683488579748
-0.00027553296794222745
0.00010648134207348419
0.0005929913134201311
-0.00026445540123599915
-0.00012653147591349076
-0.0005670186970323509
-0.0002540519795833892
0.00012848060303960145
-0.0005492730355851161
-0.00022509810102191156
0.00010355210526865096
0.0004241705491152313
0.00013058314322043321
0.00020242861150476563
-0.00012972544044494185
0.0002176203765403819
0.00012671892025471607
-0.00012825925411852124
-0.0004334779806551488
-0.00013657840868809912
-0.00010083262043672425
-0.00010458104331353897
0.0002113566005144471
0.0001298660177049681
-0.00010771409683018273
0.0001841233238778532
0.0004205010067237303
-0.00018646531770961502
0.00010150529567376997
0.00012241395338763458
-0.0004397057780864475
0.00013035315952916664
0.00011490202199439771
0.00011435085575887941
0.00013127621803526654
0.00030918900204499826
0.00032064207639243014
0.00014694828811596342
0.00013340544927852203
-0.00039392540392740145
-0.0001310596937783574
-0.00010907295541387917
0.0001744105523847266
0.000116458437959742
0.00013410817126803518
0.00041665094105125945
0.00017588955355421701
0.0003923464923467008
0.00014650283520029614
0.00013835921519322618
-0.00012154951861935048
0.0003987855969627744
0.00015812792599565465
0.00014024762109942452
-0.000398298474634946
-0.00011946577359916924
0.00012100412977658845
-0.00010398895586882102
0.00038523382982880204
0.0001422505443573657
-0.0001243356521577777
-0.00010473730989917061
-0.00035293275976793447
0.00013355661949603643
-0.00014457701579549003
0.00012441454311749306
0.00010721799806599053
0.00014727453631075256
0.00012743475180356577
-0.0001083235252442074
0.0001491327679925077
0.00012881474880998853
0.00011077002114925967
0.00015056269382535868
0.00012023043202545811
-0.00015393690740338932
-0.0001328685853761711
-0.00011359926368678226
0.0001566811305464455
-0.0001353855506855788
-0.00011618268209215875
-0.00015930951262345936
0.00011459668588164506
-0.00011587818351808024
-0.0001619477630852267
0.00014064625121991157
-0.00011953784770999717
0.0001649160537554472
-0.0001431403835378749
0.00012185978948508417
0.00016762472295599423
0.00014573441848529948
0.00010027835626172317
-0.00017080466994588334
-0.000147152711723375
0.00012644861148761763
0.0001747529544035844
0.00015104880783705063
-0.0001282675741148834
-0.00017496516269004984
0.00015634956220805194
0.00012941155520838395
-0.0001798561357197744
-0.0001581247694147118
0.00013170676273861987
-0.0001833585769388799
0.00015879396113934317
0.00013363683343205464
0.00018686820237683437
-0.00013809140384474076
0.0001347609913018832
-0.00019495773523314113
-0.00021501564133066993
0.00021666869301705812
-0.0001596319883946981
-0.00019350519218465077
0.000256709043280859
-0.00019873435052308557
