-0.9830896449667793
0.10383286073105957
0.11085284793273836
0.035430973375604434
-0.04201775546151074
-0.04553273819703516
-0.014443710212409368
-0.013709691725695295
-0.031514935110426266
-0.02467476936366731
0.01114613315790056
0.006620360958037318
0.006358278581708022
-0.027444542083838303
0.006114060171010294
0.0006670604969336252
-0.0006053563650987866
0.008607759712678655
-0.021507668363321977
-0.0022462261907875702
-0.004024662932288878
-0.006700688579404628
-0.009045500850249034
0.013442798101354524
-0.004989712240782805
-0.002338435019506261
0.006716160599172634
-0.003912807658345492
0.001961942202638584
0.000674501110099403
-0.0005411704583211505
-0.008337516917215562
-0.014259080883759165
-0.002741515629640541
0.0066848599337390865
0.0002858928809984127
-0.0005981569724058364
-0.0018393036154470493
-0.0004418786694925891
-0.00045992551399992257
0.014871453308762932
0.0051833330333694635
-0.00040677754769878155
-0.0004891205658329503
0.0004479383766498152
0.0008445514870736489
0.0015782707747517425
-0.0008121781668357028
0.00032588052070788275
0.012764997449066912
-0.001725589847031086
-0.0006775229829611635
0.003879200997990339
0.0014115516544910452
0.00072001693927962
-0.0013803863078132156
-0.00023927443606845097
0.0006202062211314885
0.00052790526785786
0.01116075056214257
0.00031763122412737933
-0.00016950651080563638
-0.003280084595166899
0.0004727495100420564
0.0002295145680062543
-0.0004901720590124867
0.00037111391746718
-0.0011445415901253828
0.00016464668618843296
-0.0007072074874695697
0.0002627228107506332
0.0003758390550554978
0.00017629358884979195
-0.009687409563702901
0.00011021510807295917
0.0005522609846943553
-0.0026092553925439977
-0.0005324537440487689
-0.000330343202860303
0.00015824495841097578
0.0009964322712141054
0.00012106117584489062
0.0001947764080966865
0.000630671356525664
-0.00016208349269128037
-0.0003138491566415709
0.008373475624336739
0.00019120335139932216
-0.001348149975175506
-0.00011296052460678515
0.002144093567987762
0.00014200505070240116
0.00013962397632165112
0.00017101978908869395
-0.0008553075766219141
-0.00019557561269034065
0.00017573916680114885
0.0005145913123525346
-0.0001030236472755436
-0.0002721497406807306
-0.00014071138931169355
0.007454611876643374
-0.0017567121032497969
-0.00017197467072703669
0.00016977987059399024
-0.0002906320114531361
0.0007023262439090819
0.00043095544543280697
-0.00014682490981983534
0.00023748096345071204
0.0001362917510603175
-0.006584089424157602
-0.0013398794195983695
0.0004041755092860268
-0.0004420599452463487
0.00017173179289662544
0.00021273406761197552
-0.00013542232640019846
0.0006212784749218352
0.0002365740544795287
0.00029735649540788196
-0.00013193156729944503
0.0002095209799283706
0.00013425383407490049
0.000238188730251911
-0.005847640148760964
-0.00010009133776885984
-0.0001822400286726345
0.0012168195438585323
-0.00020616588719115226
-0.0005465815323010582
-0.00031653686252548145
-0.00011799058091709974
-0.00015283766697028126
0.00010806270775597635
-0.0001471383804032932
-0.0052299044459488435
-0.00010791119590754763
-0.0010424310159206883
0.0001099546866771143
-0.0004792179108512321
0.0002688931533940425
0.00010793859385508029
-0.00016769933757610853
0.00013230546023682759
0.0001026898148847794
0.004689236793679536
-0.00032221549075015936
0.0008730821919102685
0.00010537545222354333
-0.000426080360311389
0.00023337572203058698
-0.00014757733677411947
-0.00011877091631241634
-0.0019830782331120007
-0.003715181693338192
-0.0005255869527119063
-0.0007479338244667392
0.00011944786651439597
0.00037041432165838424
0.00020173306284191185
0.0001358081599496421
-0.00010414931607922003
0.0038469622975091924
0.000641653501261572
-0.0003396001207827065
0.00017763782399871629
0.00011910253740859626
-0.0035016978744016164
-0.0005597315357085194
-0.00030419484310471536
-0.0001546808621847487
-0.0001090856066449873
-0.003198030322086803
0.00015079381441842542
0.0004652922553510092
-0.0002666461806717209
-0.00013513641617769084
-0.002933725383827815
-0.0001054447796183994
-0.0004284147981087705
0.00025172140132983785
0.00011911681506597701
-0.002701630211135594
-0.0003778211801517845
0.00022258445793491596
0.0001057727623475586
0.0024928920110660908
0.000326261193677323
0.00020993228893484062
-0.0023085886829044733
-0.0002982123531633074
0.00019342878398459067
0.0021427023388555766
-0.00026670136341537374
-0.0001787306040816459
-0.001994362866046926
-0.00023925624070301056
0.0001651100023161764
0.0018555160788598553
0.00012756111677801336
0.00021547920895076736
0.0001544984605056734
0.0017397410256839384
-0.00019477268653407065
0.00014293479695314117
-0.001631368190866798
-0.0001766927659185871
0.00013328287425487095
0.0015301750033835204
-0.00016049476685179307
0.00012419111639666689
0.0014391084301186826
-0.00014636872243849988
-0.00011685663847797234
0.001355916122396865
-0.00013309448670905261
-0.00011005470523266999
0.0012794730148847427
0.00012254122710684485
-0.00010337675584218563
0.0012097169414785364
-0.0001127685024978049
0.0011453039994895585
0.00010387447902191648
-0.001086057785646718
-0.00010175902575947403
-0.0010309067052027118
0.0009801300986334138
-0.00010315252987499237
-0.0009326649815041234
0.00010520095881882984
0.0008887927109553151
-0.00010767572420491655
0.0008477409704123563
0.0005705232340762583
0.0005748362675965044
-0.00010901988777857625
-0.0007742641767100619
-0.00011065990579672614
-0.0007408959847950126
-0.0007096222560561884
0.00011376977603421385
0.0006799553979473922
0.00011440676629314366
-0.0006524550761992184
0.00011416796324973436
0.0006268171212699909
-0.000601829761002716
0.00011570809646094763
0.0005739066248590735
0.00010144367691337916
0.00011967435016404745
0.0005577306752801135
-0.00010105207305398428
-0.00010878665110727178
0.00011163496711687104
0.0005117162393527331
0.00011788512559883456
-0.00010239084928308188
-0.00010899620907482955
0.0002227513407924832
0.00021794794924891804
0.00024964320879304527
-0.00019819397908949553
-0.00011360238674630584
0.00013572194156436976
-0.00012122860127830858
-0.0004921965947180004
0.0001059227593142934
-0.00047568096813000533
0.000122967000136525
-0.0001023514836827113
0.00045463335032237524
0.0001255193107841553
-0.0004424652906514926
0.00010904713353103737
0.00012779883377562554
0.0003676206887154575
0.0002214593847517144
0.00010823386950929713
-0.0001767274051263099
-0.00020468494106864904
-0.0003143210174498456
0.0001294405603234123
-0.00011247648233171238
-0.00040720637916681455
-0.0001310911547301755
-0.0003924771418164329
0.00011398874746927198
0.0003633352113840698
-0.00010250819049574102
0.0001330839812275502
-0.00011568156548106714
0.0003610962385466719
0.0001352896856110177
0.00011729617671000135
-0.000137871226306298
-0.00011914677353558136
-0.00010059434723209421
-0.000139531521102173
0.00012118654874490363
0.00010309536135839084
-0.00014181056610436851
-0.00014417124280383011
-0.00012429654213221052
-0.00010580652410474753
-0.00014673384482833621
-0.0001270562456121004
0.00010828186210483682
-0.0001493352708505917
-0.00012683401702189397
-0.00011281882834410392
-0.00015178916023635307
-0.00013109235408863498
0.00011149531517144244
0.00015481721800885854
0.00013346669608807862
0.00011389172150890667
0.00015761790298261067
0.00013577804845884788
0.0001162167318638181
-0.00016098074653135759
0.0001379128807159403
0.00011889361747779412
0.00016529971007692225
0.00014026590687432736
-0.00012113268007094534
0.00016623128161787973
-0.0001425538410481098
0.0001226770222672927
-0.00017187859412428133
0.00014458894306635295
0.00012644048773018715
0.00017714113612045135
0.00014649294924955878
-0.0001313231856063507
0.0001836521483713566
-0.00014855608778221923
-0.00014166439115770036
0.00019028804304547248
-0.00015379199368722467
0.0001514199836276634
-0.00020590310414185932
-0.00015480711565768641
-0.0001748864469229698
-0.000245055296317747
-0.00019263723088519853
