-0.9865247527584088
0.12862935360634598
-0.04529179539387257
-0.05039849996045445
-0.03400680007301853
-0.017944681851624435
-0.016012338343217056
0.027898294668854066
0.01995743136602376
0.011450379566048297
-0.004633877244112698
-0.021629784743270812
-0.007355516491852604
-0.013919860438763972
-0.006930056162569902
-0.0007672826847761097
0.0010417414681210466
-0.012554922985129056
0.01242825502977452
-0.008685571533923644
0.008716631975826956
-0.00604166905444993
0.000754815855282724
-0.0041034763442823015
0.0026090832579005814
0.00024794624939227514
0.00163211287775578
0.01607211555240148
-0.002072636067695439
-0.00043772605555341966
0.0004420849283487113
0.00013756339651151709
-0.00674058788604711
-0.002659971663255016
-0.013454821201354876
-0.00039378472385535895
-0.0004953425954054682
-0.0008618834839350356
-0.0007485669402892029
0.002410258322446755
0.000305457092709277
0.006630947975790004
0.0009281027665243316
-0.011127900152247575
0.00040168680787987655
-0.0003291708495447084
0.000920939302559757
-0.0005187463559882281
-0.0008740359525356722
0.0025350209607268507
0.000195990047848342
0.0005217072988676153
0.00012799531844996187
0.006013435585276513
0.0006606228680983664
-0.0007107116223486679
0.009292279498368267
0.0004731265724174781
0.0005347682990095039
0.00017275327655674706
-0.00035723991775459576
0.0024899530116461355
-0.00036986549830000427
0.0004046147125078165
0.00025741410360679445
-0.0001765283176407328
-0.005450411202995048
-0.0004108999032068139
-0.007765081645881225
-0.0005869159447531095
-0.0005161055106396004
0.0005064840831002233
-0.0010785345187827881
0.0020886379969789984
0.0002651347782388854
0.0004267020166834856
0.00010040374529126752
-0.00010276737885225449
-0.00017143084231449965
0.00024225323563264103
0.00047711817435439687
0.0006025323185460975
-0.004100237473331806
0.0026128793773299483
0.0007458707780760064
0.0001428397433826046
-0.006537380436401169
-0.0002967859508761621
-0.0002138534132281221
-0.00021825643926892219
-0.0020726248927823354
0.0006049198016461876
-0.00013197571248682022
-0.0003955078710018414
-0.0003342822856225809
-0.0002650665194708424
0.00012023199988311928
-0.0003813048120481002
0.00030705202317510456
0.004218698241531676
-0.001195540498436411
0.0008147409140366682
-0.00020910314906883676
-0.005536575872566636
0.0002963294242258263
0.0003104598674381546
0.00044246773386976584
-0.00195542334031302
0.0003602019798990202
-0.0001424338773912216
0.0004592833858845571
0.00015398171492892127
0.0002553676705491544
0.00021342490657830123
-0.00405177185232147
0.0003893431483113233
-0.0046915500682919555
0.00043103166583726614
0.00017314650906277422
0.00047811932176197947
0.0017306111024924615
-0.0003342244749528216
-0.00022546756486758476
-0.00017074045940494484
-0.0002804063390426053
0.0001945307741756159
0.0003881415615235396
-0.00010265866859209333
-0.0036958464890669432
-0.00021735357431253383
-0.004034984150625749
-0.00018635042482670935
0.00032571490687260696
-0.00021773300541007916
-0.0016185033820284688
-0.0001227460241506297
-0.00032134243617190845
0.00010253112584025376
0.000406455839957834
0.0001752230011849396
-0.00017523275885187174
-0.0033913833128153496
0.00029835187707091755
0.0034611765083047566
0.00021619027321441515
-0.0014688247759376632
0.00013726561871527484
0.00028983072845880715
-0.00023855283470145116
-0.00038646066744436457
-0.00013540380746926274
0.00018382930560510407
0.00017078713349811945
-0.0030955231900575914
-0.0001298939382380496
0.0030100197218698743
-0.00019527196976253176
-0.00012656364878913635
0.0002696441840119172
0.00010128640699983159
0.00132225357568036
0.0002673620072465773
-0.0003635091477586133
-0.00018261424186089557
-0.0001676416522416597
0.0027007110722486703
0.0008937028835040422
-0.0003280588967361424
0.002606168266321766
-0.0002497595820563051
-0.0001368442728995214
0.001215151830826995
0.00023998651178843664
-0.00011141415884665867
-0.00014147836066838543
-0.00033827260919493476
-0.00013972934814323492
0.0001686168001942808
-0.00014270578346283256
0.00013364951143335642
-0.0026301919664944713
-0.0022846951383030363
0.00016261736410248895
-0.00023651186320186764
0.0003584765957698155
-0.0010405106871128346
-0.00021758317256979519
0.000319837072051175
-0.00016072752524018172
0.002442965671481961
-0.00020840586921928636
0.002002619139394591
0.0001221860804946321
0.0001581058186542982
-0.00099895339511414
0.00020620558834632226
0.0002912160831998426
-0.0001298357538432293
0.00015639628229585414
0.0022609070042404014
0.0017757880379997734
-0.0001264553431476064
0.0009253834858457839
0.00017907236749310144
0.0002614808184732625
0.00013973212078499154
-0.0020992170058328234
0.00010069989683033385
-0.00156867133359955
0.00016185882529527314
-0.0008509493680079773
-0.00016733607003420093
-0.00025178278437673683
0.00014180788332340778
0.001945035882683562
0.00016660358980319958
0.00014612748716983113
-0.001402347643772995
-0.0007846912865446872
0.00015132597756229498
-0.0002394865761875613
-0.00012715514799378536
0.0001750653454127458
-0.0018169005880291017
-0.0012516989129218651
-0.0007241874190747772
-0.0001389022303851502
0.00022249077125420833
-0.00012010079761002405
0.001666661324471093
0.000366960533367476
-0.0011235720837709205
-0.0006634767362795629
-0.0001301137821277131
-0.00021051553645524493
0.00011217959909780438
-0.001573613663677488
-0.0002706602731137794
0.0010120590207700405
0.0006165224352049591
0.00011794653641366916
0.00019135507102998537
0.00010606319626030753
0.0014985915471948735
-0.0009122901977467986
-0.0005741692564796851
-0.00010903179133034291
-0.00018154714589483953
0.00010070814647435608
-0.0014083985197505425
-0.0008267188875688893
0.0005342849245639201
-0.00010117931040764353
0.00016262529384708773
-0.00020090775327831232
0.0012955567831867143
0.00020159170143615554
0.0007494485700272267
-0.0004937328002684784
-0.00015381195032948718
0.0012510408056902861
-0.0006834309365831222
-0.0004614954903061085
0.00015216205700868874
0.00014730297979643415
-0.001170392313099824
0.0006239697851679895
-0.00043342099835389197
0.00013836598684308532
-0.0011159526877645885
0.0005706601311877193
0.00040796708321936236
-0.0001335205491702183
-0.0010569550385952971
0.0005237412798916899
-0.0003840647167311764
0.00012349884538054399
0.0010013934689891294
0.00048238637798422173
0.0003620594451879515
0.00011885206270369206
-0.0009496862033664791
0.00043887101300601404
-0.00034061728632303937
-0.00011231961166962528
0.0009035761314587304
0.0004096205239211602
-0.00032197390904550464
-0.00010739510514440486
0.0008546104387632914
-0.00037863319770315644
-0.00030434418684065694
0.0001016192536474834
0.0001242235250756796
0.0008112953808535471
0.0003502740282405155
0.00028303267230998216
0.0007815534012388844
0.00032565852773221203
0.0002730013073049429
-0.0007463052297219451
-0.00030263609653666967
-0.0002558005116927532
0.00010092707202806761
0.0007122898204924399
-0.0002817155373016185
0.0002462526594758629
-0.00010534757921567013
-0.0006806094474202368
-0.00026240276071630436
0.00023389041440092688
0.00011483811771255813
0.0006497529047038066
0.0002460699710425129
-0.00022304015496172865
0.0006253687557992629
0.00023022689910170697
-0.000212444407082385
0.00011981180251504051
-0.0005993468820278514
-0.00021606144717581447
0.000202786720139465
-0.00012511671572170135
0.0005754656706866406
-0.00020297916406367112
-0.00019104465041563446
-0.00010014806830705012
-0.00013006204515852055
-0.000537136224043673
0.00019142105224871536
0.0001836378597441461
0.00013169420592254225
0.00010387720815471004
-0.00048463045774234864
-0.00021691739948134819
0.00018098293484162338
-0.00017571667140016124
-0.00013701805800734213
-0.0005102367978364867
0.0001721803017711164
0.00016746234382406243
-0.00010795248379742574
-0.00013667042381521548
0.0004919808253336487
-0.00016577312122747394
-0.00015735106686354892
0.00011280955712269062
-0.00010217401029331353
-0.00046636482829792475
0.00016214425046257787
0.00014971148812444198
0.00014687410996382338
0.0004419328439711419
0.00016743839251547905
-0.00013783655696620264
0.00011032875313258123
-0.00014052636616608446
-0.0002143194144495779
-0.00021183497801788068
0.00032045485801606024
-0.00014982016454822978
0.00010653416413594879
0.00011949420492320147
0.00023444421406134145
-0.0003559777887808705
0.0001332160009870814
-0.00011389843221212984
-0.0001932463719131936
0.00012986070684809108
-0.00018087606830205868
-0.00011641268612207079
0.00015102533538639975
0.00016138833496957334
-0.0003120967275555685
-0.0001080760709518957
0.00011239218959177592
-0.00012788289070342275
-0.00012116238695729073
-0.000155278091285705
-0.00010735686876567116
-0.00025731614595060317
0.00016440865057669256
-0.0001353284435662875
0.0001322862435197958
-0.00010057509390701921
0.00010197342630298215
0.00010469761511574618
0.00022780284203800306
0.00010237616769615793
-0.00012340472142384026
0.00014949735633426148
0.00016530779926576092
0.0001431663907482203
-0.00023756573677667737
-0.0001470679408146038
0.00013164978259375918
0.000175964021503236
0.00022699016225702172
-0.00010160357623129985
-0.00020641911788511018
-0.00013819092094566522
0.00012656194325604206
-0.00012820420876067382
-0.0002323579403670976
-0.00017963248767302345
0.00014368598015906654
-0.00013268040820979437
-0.0002506791128029879
0.00020742121375534153
0.000135090167041705
-0.00018539368041794308
-0.00030503268117959
-0.00014691513002351703
0.0001340256066280818
0.0001748622785854242
0.00018981286067286965
0.00018964083568757476
0.0001506928141892325
0.0001042102638219584
0.00014723410073424898
-0.00026418462518292457
-0.00019394465854127323
-0.00015001629197208924
-0.00014012812497018315
0.00019961659369275312
0.00015796814669090124
-0.00013261119057276035
-0.00020382954699134847
-0.00016218049065428873
0.00014962518887925457
0.00020599086830287684
0.00016558346991101525
0.00014918814515136998
-0.00021370716637235187
-0.00016965278754373298
0.00015167352824611526
-0.00021923123789973427
0.00010143816651522614
-0.0001742848302884317
0.00010553192013813924
0.00012151452250759192
-0.00022437631132880048
-0.00010346297328430228
0.00017793882482792787
-0.00016556374534863088
0.00023016033606648527
0.000106560174126398
-0.00018249897341590613
-0.00016119051070064873
-0.00023595927806269114
0.00010844394095325569
0.00018725358720124647
-0.00016911468646072634
0.0002415149914701882
0.00011163292323155398
-0.0001922390774270338
-0.00017250407526629098
0.00023914348731155966
0.00011451687798833686
-0.00019674209679354195
0.0001876174142185024
0.00025509562898015886
-0.00011739561674450814
0.0002020374556124899
-0.00018739757374902763
0.0002613020742824426
0.0001205751318231159
-0.0002084613035059612
-0.0001177175606289286
-0.00015914252264184116
0.00026869415865503257
0.00012449632777691665
0.00021319096286908287
0.0001442860765001148
-0.00014513683350209807
-0.00027744376161809427
0.0001281560238532405
-0.0002195488658088395
-0.00012986748496551545
-0.00016608693894059492
0.00028621116234141573
0.0001321163225069609
-0.0002265278102395314
0.00021844889726695815
0.0002961770153275869
-0.00013515394209260464
-0.00023619426350696027
-0.00022772496002528586
0.0003301050131885161
0.00011318397717612099
-0.00012056441152468677
-0.00035621688698634447
-0.0004008535365482067
-0.0003233433170592956
