0.9275927085123389
0.2563727455041502
-0.13249763120758748
-0.13238781587659745
-0.04235328985081777
-0.06812636411128094
-0.06539269117960395
-0.05895184802039022
0.028928143211373884
-0.04688503551851331
-0.051158375189477336
-0.038430054112530226
-0.003014770406648273
0.0223353108492424
-0.03646612788669222
0.002162907463363132
-0.0007630817205487967
-0.04270018222860843
-0.0402619018396851
0.0010281560991830987
-0.01742602578129794
-0.0006684507710225976
-0.0028338526517211002
-0.0013368151227005339
0.013745435047954009
-0.0034299206397467707
0.01388710279578022
-0.048020988679119934
-0.0016950586349283266
0.0003042055694745034
0.0004197106252752661
-0.00031026424841177225
-0.004474737239413321
0.010635559237627157
-0.04382609230306794
-0.0014225207847444023
0.0004682200691016529
0.0015188344949689453
0.00017571508440615628
0.0029948271162288436
0.0007705334616311238
-0.00045238943946676076
-0.01135249317240777
-0.006016034964332242
-0.03680959929785253
0.002766721536141288
-0.000268730063523214
0.0035455091026343538
0.00012046010677920521
0.0019202039413867156
-0.003707843659835653
0.00023605799059939103
-0.00047197044917615617
0.00014046255107310154
-0.00017911682089060533
0.010489987613599355
0.0014681121994249864
-0.011841974146237784
-0.02994161069847798
0.0015693513162959398
0.0006684246888179871
0.0005910337093040097
-0.0002597317149485668
-0.004101429074297295
-0.0004525183313306831
0.00018276898095335043
-0.0004698095822428135
0.0003373925800456023
0.00011340981919303805
-0.00011889956709210314
-0.009392589276041892
0.0028240623137553993
0.0008089372783383391
0.027505297484145562
-0.002003181669733989
0.0024270674002114514
0.0011662768637550407
-0.0015125827775662774
0.0037091101792647426
0.0008886666796176984
-0.00012305608497305075
0.0004675586466835241
0.00013929758346516353
-0.00026938934009498064
0.00036599154434112705
-0.000171365951774947
0.0006182581784628828
-0.0029963483960958083
-0.008179394758177172
-0.0007314538107440906
0.0032546986568150697
-0.023707601352484252
-0.002123393057916662
0.0005600580110928317
-0.0006340724243948468
0.0017644891404334246
0.003564013563178513
-0.0001313712197509063
-0.0004347503935270345
0.0004530415444024186
-0.00034061591910551674
-0.00020349717758324387
-0.0003495510215763389
0.0002719862059610378
-0.0007997730380140768
0.004654968167010544
0.006432517462402405
0.0006315203074735645
-0.020867859041659748
0.00036450780387183105
0.0005577469616193238
0.0010779566513590862
-0.0009758802808922844
-0.000777909197741691
-0.0033559613190693198
-0.0012030396042270858
0.0003903124476761559
0.00019081379676785893
-0.0001572111541297125
0.0002776235974129208
0.0006065587830365102
0.00019478568963313657
0.000505627354863632
-0.007254011396169498
0.00048753236072433196
0.0012668958372183598
0.01816786373083635
0.001851798416869919
0.0003672804663930815
-0.0010676534167350206
-0.0006242917639292678
-0.003274676676552303
-0.00016092065918294296
0.00033188567083769987
-0.00033865711120520674
0.00038461739669193616
-0.00036481378941013114
0.0002836849913358048
0.0005871216746777658
-0.006645219163359627
0.009887001322658889
0.012723889021509218
-0.0004819649795841164
0.0010276314863993398
0.00014946811400520438
0.0030206845311423485
0.0008003688026303487
0.00011261573628102299
0.0005078576843645697
0.0001136516555847384
-0.0002381345448354392
0.00027854341903768863
-0.0006245534366157083
0.00012115149619310613
-0.0001247431078461573
-0.0001725206583709918
-0.00010867448232791364
0.006069875526640431
-0.0009594410448137556
-0.014219860989014713
-0.0004338232488279035
-0.0011469819082666713
-0.000460017060882091
0.0002189862178029712
0.0007282510034896846
-0.0028057694105861823
0.00044367925642612853
0.0003050234053394705
-0.00021371305314333503
-0.00021764876945988085
0.0002924656696741471
0.0006810404261088991
0.00016437586988633088
0.0001307072202016323
-0.0005048748802470193
-0.005456436044325302
0.001135394001891793
-0.012720498727629058
0.000691236933823725
0.000328763767863062
-0.0005192849253847522
-0.0003998975677662948
-0.00015587686610215378
0.0025913893891789342
0.0003836570861007652
-0.00027574512306057663
-0.00020711509978512297
-0.0001659676544024043
-0.0006585240435051277
-0.00013721857625745244
-0.00011351267438333138
-0.0001690113627760365
0.00014234252675557495
0.002258688301646214
-0.002693056032573048
-0.003774496209852656
0.002299028898102428
0.011175276266332584
-0.00027555837693443757
-0.0003712159319936982
0.00029152542534988476
0.00015281758004554553
-0.0021722697814691157
-0.0010555491040138828
0.00020652831459350265
-0.00013590483011297695
-0.0002233596590784826
0.00016101373342943649
-0.00023967785671897735
-0.000655428641883156
-0.00021781157852979326
-0.0003135746410072048
-0.0001388656337124947
-0.004735132576951409
0.00022367265622518344
0.01018173478681557
-0.0012041971093952884
0.0006867893652160689
0.0005694214650723492
-0.0004714162756829306
-0.0021402065797042286
0.00011587566831166053
0.0001940406205567157
0.00011577414331832431
0.00013029719260982363
-0.0001520773257885591
0.00025155513737257245
0.000576030246377022
-0.00010734514247510452
-0.000254872763799845
0.000213945485618459
0.00014124844958444862
0.004401860246092565
-0.00914687805768789
0.0015729552299647291
0.00025948777749197437
0.00045059372013966454
0.0003398361633077468
0.0003169249991881473
0.0019741881415584147
-0.0001209029180585772
-0.00022081737563635042
-0.00018948348374492845
0.00029070971391418964
0.0005058364591846028
0.00012796729608210321
-0.00016345159731547042
0.00011264167668959289
0.00023014662325427743
0.004082278330248794
-0.0006306946991662623
-0.0001218597472854966
-0.008369845282181976
0.0003196737041899065
-0.0008671744042891383
0.0001692889191353466
0.00014417101849034035
0.00018043616055142433
-0.001823470787933538
-0.0002669756600278808
0.00016664924385738984
-0.00010236354282094829
0.00015191270437363584
-0.0002284910326574058
0.0004186341515500438
-0.0002842603861915713
-0.00010575659843406639
0.00012473059093427995
-0.00024106685150998116
-0.00043098465377836736
0.0019842217534159616
0.003194625610569393
-0.0006196440714993017
-0.0076703812953901555
0.0003093351806003502
-0.00029855389867217987
-0.00013476257293695246
-0.0001000416323780575
-0.001696869512651077
0.00010465001164359018
-0.000131764319227105
-0.00013662060553439308
-0.0001252081530134651
0.0005122806315708758
-0.0001225481751146227
-0.00010815166912353973
-0.00025770498208289573
-0.0013694569263096514
-0.0032284174976213013
-0.0003833607579922394
-0.007046639433926459
-0.00016288245676341373
-0.00017894023902562508
0.001564422480226331
0.00013287342888084768
0.000163745633922452
-0.00012395121372055774
0.00045871829435581635
0.00017676335582347347
0.00011024396747950842
-0.00024779213540909224
0.00010113350671861933
-0.0001537666218072503
0.003287299785401771
0.0006651450384792877
-0.00642453553963385
0.0003418146228691707
-0.00021736009250159234
0.00023199291278385727
-0.00014329664903724501
0.0004700666985013337
-0.0013379357270154409
0.0002879576182090386
0.0004552781132607378
0.00010178252930931325
-0.00023231355724878357
-0.00012262652275391495
0.0019117425172465936
0.002409879491550623
-0.005935908201487921
-0.0005560102534206619
0.000270420662143378
-0.00014782842055284566
-0.0002971648826619548
0.00010577099565843891
0.0012887115240059397
0.00010713957094727143
0.00017032170489256378
0.00041456104334588003
-0.00022309999379041505
0.0001251196876236022
-0.0005397706086202465
0.002823483696581833
-0.00010941460324781073
0.0003115657866917549
0.005500156768156025
-0.00023347418193781863
0.00014486411527183656
-0.000325778014660312
-0.00011367722260354198
0.0011699268544038339
0.00027750732775215747
-0.00011851099949849273
-0.00037735307924004983
0.00022056847704852853
-0.00011746149923745428
0.00013982752159041737
-0.00269379612087842
-0.00021347604757030643
-0.0050371130238164395
0.0009013442569973657
-0.00012647543035790364
-0.0011103430050250723
0.00010725802594394816
0.00013875470201580868
0.00034732898940149866
-0.00010439445051708667
0.00018823171096644568
-0.00011272960697636396
-0.00014075158761175832
-0.0024929105348660196
0.00041290260232763594
-0.004760176371454626
0.00015453482431428998
0.0001020124406170888
0.001027440073995003
-0.0001131626469545821
0.0003372002719547269
0.00018228614595680403
0.00011926230458538718
-0.00015532255601592444
-0.0002499330615656897
0.00018176277255060598
0.0023542327987093026
0.0012018957284096528
0.004271658702901767
-0.00012894999918632713
0.00014132316014470143
-0.0009535517172974292
-0.00011937169308622226
-0.00030861407830119997
0.00018177510229713714
0.000117807897596931
-0.00010306964803301635
-0.0022408080230715338
0.00410566445894226
0.0005349935806404476
-0.00022666804121440094
0.00010303083569224383
0.00021678947250327918
-0.0003405082711390606
0.0007949791921298899
0.0003102482247468991
-0.00017192222573953332
-0.00024503642686355835
0.002019149775580885
0.00037861532649148484
0.0004500170000024809
-0.00388178355147953
0.00017208798284880226
0.0008141439795173207
0.00018814156564497526
-0.00023014702194745863
0.00016343079412275564
-0.00010035686169729404
-0.00038594972123136913
-0.0019552351084178472
0.0001768006799069166
0.003639559783013941
-0.0001912356305339522
-0.0001045835016364363
0.0007604885485969934
-0.00010307951794420497
-0.0002559909813955725
0.00015632670786545238
0.0018885038285377557
-0.003412198541767632
0.00033720882789488413
0.0007129915601934253
0.00025139981550407743
0.00014326820299735956
-0.00013381319899998155
0.0017818863297781604
-0.0032309002076777796
0.00066199409335658
0.0002411508952761073
-0.00014220441019862588
0.00011590932089038763
0.0016891277553959974
-0.0030151428666059356
0.00044707716649828303
-0.00011018658865057181
0.0006226447674102791
-0.00022448663210619373
-0.00011007126892375764
0.001592149150497849
0.00018680404302348725
-0.0006837150025143293
-0.0028025701083946907
-0.00013792406284666482
0.0005708912854086359
-0.00021518955243196312
-0.00012119023199964318
0.00010504190302864021
-0.0015227378487564552
0.0027261857771845917
0.0001033846258720314
0.00013259788319617744
-0.0005334933902934454
-0.0001994847893067002
-0.0014549692896149119
0.002587684999774552
-0.0005099673482607657
0.0001923972558568634
-0.00010960618665448407
0.0013834001951991937
0.0024572363925410815
-0.0004843173676393218
0.0001778285525587712
0.00010455554363114728
0.00010583087983570715
0.0013138431126547986
-0.0023335809634226564
0.0001406143982069762
-0.00044072795494791076
-0.00010521070536217636
-0.00014820416510731593
-0.00010142316570446387
-0.00019160569322684774
-0.0012427071218783265
0.0004083772995118514
-0.0021863864857895538
0.00010625597092555226
-0.0004262659876932949
-0.0001610592317972567
-0.00010447365071815281
0.0011922113093660739
0.002123029551963913
-0.0001071567481678442
-0.00040247175701491327
-0.000149314462246873
0.00010986002695146438
-0.0011436240809565938
0.00017712425626124085
-0.002013198243028808
0.0001656054906559116
0.00038056729804477197
-0.00012913522023750911
-0.001096598714820431
0.0019354312657275709
-0.00033732156217192757
0.0001235689918562797
-0.0001340370260773579
0.00011183230368866483
-0.0010515080191247823
-0.0018502797152585993
-0.00011825093888546707
-0.00010867711825386829
0.0003223767863552755
0.00013130347109547875
0.00011560689625285126
-0.0010076814949155663
0.0017752058605859402
0.00031421140875913917
0.00012431194652192849
-0.0009657423811505119
-0.0017002616133085786
-0.0002955851851300051
0.00011002627232915598
-0.0001264953964870264
-0.0009268124340299128
0.0016333737448419022
0.00027851194238509596
-0.00012531741708644978
-0.0008906606030252385
0.00029990099116688975
-0.0015405789086076296
-0.00025887826062685016
0.00010241178874939013
0.00011965553403632889
0.0008566853989991632
-0.001428101770713192
0.0004833206491813522
-0.0002199294631595285
0.0008032950292986095
-0.001458270292216448
-0.00020622723196415493
-0.00013111466116866647
-0.00011649556023868577
0.00014151556203443317
0.0004754716432198574
-0.0005544996411392027
0.0005147828867490758
0.0013206176747116443
0.00012699055847442507
-0.00014774174810145452
-0.00010050448599916631
0.00012292775256894601
-0.0001826037543773416
0.0003743007653910228
0.0009555746440209496
0.000464757744409587
0.0009163130727435679
0.0004533142638413561
0.0001375275447110521
-0.00010022770059334998
-0.0001266043775825399
-0.00011265690479364348
0.00011640663300684458
0.00018120797826630286
-0.0005763235482984317
-0.0002061965592088192
-0.00010241092536323491
0.0004358262201034439
0.00019563299436715974
-0.0008044402321325177
-0.0006407486586170244
0.0006420399441393385
-0.00010753715054787599
-0.00022544139766588403
0.00016605911496888397
0.0002108919573936508
-0.00011018991371396827
0.00017667818758748116
-0.000160554168232431
-0.00010632701587420164
-0.00011448181788569511
-0.00011950990775349108
-0.00020025535299807078
0.00019868625495779563
0.00015978890078665242
0.000203252504439193
-0.000219788315828369
0.00014377264271625708
0.00023899285279364204
-0.00040759556054605225
0.00013950319894598165
0.00031227769177830843
0.0002898896574679325
0.0005864353572967292
0.00013038076856490858
0.00027386740042246375
-0.00038195652356715017
0.00014288748793503015
-0.00023994964098938667
0.00029676994847199555
0.0001551641786796831
0.0004390020147321337
0.0001963239359364476
-0.00018964271859009778
-0.00016406172639772307
0.00033798271467136356
-0.00011673507225668328
0.00013202747755828445
0.00011561289364901932
-0.0001616445550885879
0.0001604851453632635
0.0001666911727473631
0.0001013567876044539
-0.00016942714183283583
0.0001171852454226046
0.00010360818990143685
0.00015406004655766124
0.00019431638101624813
-0.00026937375916856585
0.00011855278671023323
0.00013086922386587496
-0.00023701944375135295
0.00017421084617389988
0.00012269220389581393
-0.00010772629803859125
0.0001503084697067216
-0.00011012123273979303
0.00010945010811216094
-0.00011849248824476962
0.001066453527128231
0.0002332194771620945
0.00011032133882105382
-0.0001623329453065125
0.0001282638427833237
0.00010659175111510731
0.00011650140577240651
0.0001234808623862794
-0.000293484333306945
-0.00019610657210716303
-0.0002496253975946509
0.00011367537997800869
0.00015907276226988636
-0.00010585869152713487
-0.00011197063559842827
0.00019121801128402737
0.00010817311495381507
0.00010775896783321695
0.00010544900885392161
-0.0001852047833447873
0.00011154000698135066
-0.00020771794787772065
0.00036988939770958476
-0.0003369979772149004
-0.00018112611338652127
0.0002051384291931436
0.000776617848357225
0.0002966684456280588
0.00015930180455289605
0.0001815347107309488
-0.00019715545219616438
0.00036934926349940507
0.00015216904907581306
-0.00011888249209933093
-0.0003120247495617353
-0.00011466516448254415
-0.00010876433591157178
0.0001985182223490569
-0.00022286275121491552
-0.0001025099491159548
-0.00013537397901884624
0.00020181325519485848
0.00017591023344536313
-0.00014655142305982816
-0.00010214542612514223
-0.00014061135885752552
-0.00012243513753274014
-0.0001050843314023568
-0.00010276727412900707
-0.00012537334859448902
-0.00010825612511766439
-0.00012899244592783608
-0.00014956928588228524
0.0003109559724735459
-0.00010530028571706295
-0.0001206360811796367
0.00011422040388039038
0.0001944601355446764
0.0007734946316030184
0.00010762602704572006
-0.00010094778730567583
-0.00027012841444332836
-0.0002963587426246564
-0.00029760765859858455
-0.00014264394994290778
-0.0003268282076740927
0.00036576406596965734
-0.00036202576391370197
-0.00013003722072432828
-0.00018426546869947485
-0.00011180028553825696
0.00019820163060569384
-0.00012722670041085345
0.00010043285089210851
-0.00012084389393598357
-0.00015561306672472416
0.00016675342830908122
0.00011429713908784173
0.00016850449044121193
-0.00022305066969316407
0.00013420851179456774
-0.00021608522169444492
-0.0003878662662135729
-0.0001991141892460514
0.0006539885404175576
0.00020637190025356135
0.0003872764757862629
-0.00012429220147410015
0.0002708848760895463
-0.00014890204177712773
0.0002650453606877509
0.00030996654615020894
-0.00017891170995079037
0.00017506008019126148
-0.00012391279892351974
-0.00012771146058297402
-0.00012133923243945935
0.00017186417878765217
0.0003156960729446381
-0.00013451999143124845
-0.00010047150508748038
0.00012348866819877154
-0.0001904418263365356
0.00012353406439312333
0.0002145107839179906
-0.0001671243517016791
-0.00010765629062076579
0.00023296600382579908
-0.0006030738126286356
0.000816523462928857
0.00021062659323522705
-0.00018042615593549016
0.0001218303409662225
0.00015017001440772006
0.00012394237292350822
-0.00021371124293008398
0.0001411759122173972
-0.0001420569905219237
0.00011697706296794664
0.00015051501818239156
-0.00018763955520678704
0.00011389750507813265
-0.00021088778631888968
-0.0002624616243742614
-0.00032550315356902603
0.0001953234063189983
0.00013108272314269853
0.00013654193803261836
-0.00016378078193083676
0.00027068171615414867
-0.0002486311855519301
0.00019492950446473465
-0.00011762736902670536
-0.0002617604551338184
-0.0006513544912168304
0.00031158883460014937
0.0001967152856045653
0.0003665766880720265
-0.00018115854013698275
-0.00016217939880427263
0.0002620407398144461
0.00028289630100013425
0.0001706107160599657
-0.0001023041968298743
-0.00010980973257933326
-0.00019540240203821
-0.0006452966765975988
0.00012648024265557092
-0.00018165275255648092
0.00020563173380230208
0.0007579050114691887
-0.0001009200664400257
0.00023540139606737886
-0.0003702336300826176
-0.00010103964600575116
-0.00017842842646290558
-0.0008311865615643521
0.0004691444147084473
0.00011028834201603332
-0.0003642963220549155
0.0002288415302730243
-0.0002961827107739735
0.00010571075076248327
0.00017260633482477363
0.00020112725067229838
0.00011052469714081577
-0.00013000294810141627
-0.00017226399501119678
0.000840850806974109
-0.00015120009306586146
-0.00012090183763894487
0.00010712655652397327
0.00018004589117441946
0.0001991513316788175
0.00017559226837546237
0.00010962723252586025
0.00013665690784624076
0.00041329692939905794
0.00010007439214828442
-0.00012890214491698934
0.0009015801955708588
0.00015180418346643
-0.00012336235197330932
-0.0001791537088736438
-0.00011576662250020465
-0.00014089088207911593
-0.00014660723852106018
0.00012202036314186415
0.00013985802973371912
0.00014236621055570403
-0.00018865876852075633
-0.00012438286396602495
0.0001002623638455634
-0.00014972056335669362
0.00019717670338761426
-0.00017116399045288513
0.00014419303857901857
0.00014727817822597918
0.00014543184625111975
0.0001398086258150704
0.00015622982630242207
-0.00010300134731762472
-0.0001854378850856798
-0.0001329599548347087
0.00011022670923605145
-0.00011991182622331711
0.00010740045883270171
-0.00021703533656327432
0.0001844748877996923
-0.00015447272524104336
0.00022069652804011688
0.00015480636472102162
0.00016668807225569604
-0.0002290575691598869
-0.0001520322164817184
-0.00010729497913791129
0.00016463906289218048
-0.00023452697756533346
-0.00015284768824901524
-0.00011629056198238767
-0.00017770873040798616
-0.0002424754870106976
0.00012347333318539602
-0.00014873125281433173
0.00018565734814164313
0.0002498729873866813
-0.0001050692820765249
-0.00021375266718690427
0.00017328340316255267
0.0002560815601794665
0.0001007017895930237
0.00020116052451620787
-0.00018899156275188901
-0.00024281244308787408
-0.00011408290967145235
-0.00020664314485276258
0.0001982268662663416
-0.0002720728472154282
0.00011380152552250642
0.00021868215694391773
0.00020329588953402168
-0.0002805464463483931
0.00013127789078148998
0.00022350572881422393
-0.00021642390314498383
-0.00029580386410067033
0.00012854881702291295
0.00023599984432265785
-0.00021413456739995633
-0.00028916343172140125
-0.0001863343341344139
-0.00011650305759315085
-0.0002622085521700947
0.00026522234260811166
0.0004154366833762705
-0.00034385056989482755
