-0.8029576345897288
0.4381233697267725
0.1854437829864908
0.2146589501508337
0.06266638701753016
-0.17153185440420515
0.09041898725045054
0.043501112138408356
0.10291592961724952
-0.02691723790247627
0.04568257828178932
0.03687861515848169
-0.05941934436838188
0.03644871022296368
0.0274721892864881
-0.025923710867476656
-0.0328589904586752
0.046568067315319
0.020197598459742075
-0.002665830778684722
-0.02264194949440636
0.01845599819756247
0.02822523492036661
-0.03887459214327322
0.009912018958405025
0.012440343065903817
0.00013158836806429988
0.0011705494802869622
0.02316619271626896
0.028718019360699745
-0.006855164310892003
-0.002749332561067452
-0.03283214318684492
0.0006489636875562671
-0.0021986632102289814
0.0029510174847141414
-0.020205543896821814
0.0007669931475107897
-0.027314893927625095
-0.002562356895891975
-0.00213229435483564
0.0011675810700624326
0.003784596182364365
0.009097934524018473
0.026404233131851914
-0.005448449556457646
0.011124034552770464
0.00628831129525378
-0.013136929990820683
0.0233028534553665
0.0009007580821268321
0.002230642494621608
-0.002912711621868332
0.0011163783126651654
-0.003298473121298209
0.0034858433941814928
0.0037677188828238633
0.006188022167633943
-0.0023351929893372777
0.02543174679655904
-0.009665644357859379
0.004845546674587164
0.020661278367766732
0.0030453099743392186
0.0021439018791996
0.0035855407668491748
0.0004153298125953873
0.00035786283086855714
0.0035549892814214865
0.00046858777519345616
-0.005606997953212809
0.0016155730107370971
0.0019829316162967344
-0.0024822732897945596
0.0192764262222258
0.0007614558763430761
0.022596815640879397
-0.0024479866358322663
0.0004983674144756511
-0.002325036385817475
0.0028631989573863308
0.0007444739693328775
0.001753697205639777
-0.002774920794266808
0.002854691636477877
-0.004390130723515421
0.0004823695433486238
-0.0019931287268830054
0.00017893405373463036
-0.0012083566745835568
0.0009299358907734748
-0.0010255645586158865
-0.014088378288362739
0.011640492322506366
0.007509098658271391
0.004409096455163899
-0.015930680555628463
-0.004148900279039044
0.0008806023814385069
0.000952438315905326
0.000610686437238193
0.0021699848404665174
-0.0029419162868272943
-0.0034437435376011654
0.0023272698961310312
-0.00046642308051588795
0.0009052304360929422
-0.0026371175374122055
0.007023185016331624
0.00882542424490625
0.0008044362264117041
-0.00014228546498134032
-0.012471774524610483
0.0017656873218668925
-0.015047139760236895
0.00021318759515833528
0.0015727284606613765
-0.0021599121139638175
0.00022673360517850094
0.00413284999643042
-0.0007250245916901337
-0.0004984618818589576
-0.00042047824842996503
-0.0005665181440629634
-0.0016366450606665067
0.0002712465854309977
0.0026109249076092214
0.009251418706320806
0.01108241390692473
0.001527604803462402
-0.0006437203687430029
0.00023668145876297518
-0.003735097763784456
0.012771239846781655
-0.002099273059607891
0.0019378856137360235
0.00025908007062039074
-0.0007649885081999691
0.0007777545317196445
0.0036561721192850034
0.0008666260608386914
0.00033975481011102763
-0.0004394529737231603
0.0011153183498284864
0.0006561189291054215
-0.002179438894798671
0.0005539181988868541
-0.007898067705674592
0.0007239464090805454
-0.0005611748696473778
-0.0021710066598005584
-0.009597137187079621
0.0008831099698693363
0.0014388654581699658
-0.0005746810527208965
0.001370735579901332
0.011973954626980414
0.0009930552485073825
-0.000687358685464973
-0.003480390880941042
0.00023973854142735708
0.0002202872032063014
0.0002415024139017087
-0.0010576728742944406
-0.0006354567224757015
0.0005920774438064245
0.00033929483702462086
0.0018668473537173844
-0.00044199682434017707
0.0009821222777394516
-0.00043302189483037756
-0.00014812347451500173
-0.006716889250271867
0.008747739609486705
0.00178595871548654
-0.0011596609166501708
-0.0007127797885456978
-0.00047445159945687506
0.001049847303066332
0.005055693371800837
0.0031525354010309334
-0.008535611346008382
0.004102998212225992
-0.00021983400148727284
0.000599082346767466
-0.0010221929111567355
0.0002570006736511999
-0.0006533322642973769
0.0004194920952446923
0.0016605047380289508
0.000757442299064325
0.0004258436111957509
0.00018793321190591227
-0.0007206857716099737
-0.005646482505890542
0.0013232314000781325
0.0014128336086262768
-0.007887130967576648
-0.0009538035373463208
0.00026939765916613107
0.0006395774386872434
0.0005210416480200419
-0.000525330130698167
0.00038772533056723245
0.0024205370937230093
0.0007443676070785466
-0.002327118502674463
0.0005680584762933279
-0.009541686975995787
0.0005956571451271027
0.0001556078794003402
0.0003810974072061904
0.00040332587962773735
-0.0004908336099686599
0.0004535847019731573
0.0015180110777805863
-0.00021969318011263173
-0.0003553403730658343
-0.00012785997677467598
0.00014875302740298833
0.0006410691997205683
0.0024340668484947596
-0.004514087369849114
-0.00025522345957334656
0.007060951809184437
-0.001703692519938911
0.0003769556781752729
0.000540676998907737
0.00011855946491342982
-0.0009074937082566062
-0.0015876321173162926
-0.0021693828551889436
0.00013393692123961042
0.0004251149459921681
0.000516688973948383
0.008465318557892652
-0.00025219916008239514
-0.0021174285863142135
0.0003893059897813181
0.0005027075740309154
0.00036883057397802283
-0.00016536859027435844
-0.0004127486313817316
0.0013231468287555322
-0.0004081258862474013
0.0006358399696201242
-0.00010816938733593283
-0.0002367349919542983
0.00016690737442943325
0.0009681308213069746
0.0004325641640992089
0.004356926832004232
-0.006593571284262065
-0.0003037854039351843
-0.0004490881795342579
-0.00029824536271250184
-0.0005698711603440848
0.0005272883393567065
0.0013165867900359202
-0.0011871156491631073
0.0016804290985154913
0.00033504730968344647
-0.0011350183495376683
-0.006659846549362413
-0.0037082123033844346
-0.002019515421374143
-0.001262424160237939
0.0004169836431932269
0.00025749512997448614
-0.0005030080439724999
0.00018031045636435756
0.00011368199274619443
-0.0001503494684764463
-0.0008735779902993283
-0.00031242896833555086
0.0006992596114841913
-0.0037961380814448414
-0.006005119148299138
-0.0005500186955281898
0.00023575704436914848
0.0005805653189164009
-0.00040529129847529467
-0.0001718920381642367
0.00012168466881916656
-0.0011036814782665408
0.0018614259101477017
-0.0001340187391187223
0.0005936636261804837
-0.00039984518789088435
0.0005701034070002165
-0.007152415100076883
0.0007955422033957731
-0.0004478989917308366
0.0004618451798393499
-0.0011914294740233517
0.00012690650256801765
0.0004684376317773331
0.00028893324681248316
0.00013648198915010997
0.0007869306712157842
-0.0034355117877709882
0.00011841547018181484
-0.005499924596041548
0.00045616470134819133
-0.0001468651732160267
-0.0004896146640194267
0.00034463167356553947
-0.0009434641656227534
0.00019087122775330445
-0.0016988585811306908
0.0005132361570350954
0.00025807370280234247
-0.00016561249204927533
-0.00035417327194741977
0.001486348524296157
0.0027745344089026166
-0.005773466120767906
0.0008178755168370398
0.0011504374585179905
-0.0004338960489734754
-0.00012750016816402544
-0.00010404600514727181
-0.0007159695686129224
-0.00015897637108162644
0.00025236320834889773
0.00017983127089492689
0.0003987592846973986
0.00036647877512666007
0.003018943814481795
-0.0006679360208630943
-0.0050145214955274
0.0005010539404347863
-0.00022084918418276028
0.0008293093936849012
-0.00034887909602117025
-0.0007904212114891411
0.0013873577100929262
-0.00029352690887327374
-0.00028066597144376753
-0.0001712183322387231
0.0002243466939600623
0.0008649562679529582
-0.00034636814642421363
-0.0007310569554286887
0.005606260757242163
-0.002227082287418292
-0.0006130084607740716
0.00025765947783980416
-0.0001666718534560238
0.00010664947330352378
-0.00021965483656625858
-0.00015789048960915744
-0.0006545698990461538
0.00010588430649630889
-0.0003396601930620212
0.00021731792830674952
0.0007402635292834411
0.002632713078852187
-0.004674187243466428
-0.0004271716829893049
-0.00025794429427121267
-0.0002700119414799753
0.0006771939088161706
0.001436213825407487
0.00024777821487392154
0.00018478997444323512
-0.00016988730728237616
0.0003872224230868102
-0.00020383693090951613
-0.0005247879181369824
-0.0001691167006643273
0.0008707406986459106
0.00044064127143662917
-0.00557263359480311
-0.0002488341004877403
0.00021304691185307896
0.0005974248212012198
0.00032374724301754835
0.0004583507748392163
-0.0001001342856000045
0.0024151146924239844
0.004316424119721275
-0.0001567330819952994
0.00021114416150776365
0.00026551975646177807
0.00019138225093419986
-0.0003302465907690582
-0.0001002158188132023
-0.0006088058854710392
0.0013511954392260125
0.00016505564179625402
0.0003402816477706952
-0.00015641873764413506
0.0004195214267376083
-0.0007734673467488519
-0.00021554479047252578
-0.00024347881284385103
-0.004428394391087733
0.002672834193673721
-0.00020452384878083324
-0.00028449328840122453
0.0005611652431555262
-0.00014071849307228593
-0.0001000877927413791
0.0003984011353218469
-0.00020128024315279352
-0.0021811382655905786
-0.002422541226100635
0.0031481935556679002
0.0005340865309651962
-0.00017281617164521964
-0.000347312836644909
0.0005386086998582679
0.0012509323941970961
-0.0003018563569851243
0.00014315824144458815
0.00019496229228184661
0.00019097033629980254
-0.0003504016704527492
-0.0007101408415083191
0.0001628036559733724
0.0001549027938209818
-0.00013897722685227197
0.004790485368414002
-0.00019773566013689815
-0.00010427640896413516
-0.0002336317025795292
0.0005020049592708528
0.00018128229264099494
0.0001849014085530082
-0.00037536382495139987
-0.00015713798095727974
0.00023625151609553682
-0.00012000674612185457
-0.0019639562292382905
-0.0002643852908185494
-0.0037082549556448486
0.00033143186674606916
0.00010046725119753834
0.0004833453405834881
0.0011611541426133152
0.00028053139320698015
-0.00012579075389804406
0.00010582379099721448
0.00021192327242438826
0.000290150394506814
0.0006709991764416635
-0.0001224328445166122
-0.0001058994830095835
0.00026464109189965865
0.0015941010371866404
-0.002587257404397741
0.0032570915499499846
-0.000491839890210297
-0.00016961930546856296
-0.00011408209047320291
-0.0003081722953407977
-0.00015911708613876736
-0.0002194727225167343
-0.0017825592264496995
-0.0007335564722154257
-0.0033588914173203455
0.0004958904635200465
0.00024511889108116817
-0.00014788092870045993
0.0004334039459644277
0.00024209580549415118
-0.001045651938961517
0.00018504614166175824
-0.0002875569754968811
0.00010055991526852228
-0.00012558521018253245
-0.0002508581277347318
-0.0006212381828637985
0.00023362218776997872
0.0001632724615289483
0.00042207204915800406
-0.00010493279922712962
0.0003241788512892207
0.004137562305766371
0.00019322428344109902
0.0003246848334897491
-0.00010468626959598976
0.0002708015631489653
0.00015719612461434197
-0.0016024310448654
0.003244334530665232
-0.00013248749043519295
0.00017389807113450532
0.00025376647191934783
-0.00037003432795104895
0.001004895327033925
-0.00015525731392134707
0.00022225282812140883
0.0005818279009411206
-0.00021522908420331725
0.00012527900272252338
0.00010375925961367299
0.00014181914121119563
0.0001162689408185373
0.0002449125975479774
0.0001319119753398684
-0.0004030589139652293
-0.0038622703723141727
0.00011591519381704853
0.00017790619461288546
-0.0003011116385586868
-0.00012823259070550877
0.0002451937519523324
-0.00010619145745601358
-0.00018107539607967494
-0.0014562805668212415
0.003036952791642577
-0.00017079975676385142
0.00023239793745336091
0.0003418736121808508
-0.0009478836767507466
-0.000207282594336833
-0.0001906136509728293
0.0005444425479434481
-0.0001237662242036135
-0.0001836478744887734
-0.0003759270676232083
-0.003612199430594509
-0.00018723729584237104
0.00016246816973891932
-0.0002809822478164741
-0.00011566360716093201
-0.00010039610983988581
0.00022647385105018224
-0.00016829008461391305
0.0013361128331030863
-0.002849752619411196
-0.0002147675842268463
0.00030927188536448275
-0.0008870254966087102
0.00010706265368848599
-0.00019484831565248529
-0.000136619895574828
-0.00016126781948928387
0.0005030072071657363
-0.00015018632850738223
0.0003490205481880396
0.000162849091127475
0.00037186509043571293
0.0032736034536898413
-0.0008034689932050098
-0.00026590954803312213
-0.00011492496128547445
0.00021234839055252278
0.0001009376075590761
0.0012247609082794272
-0.0026797187224885345
-0.00019711025665061955
0.000282990304381751
-0.0008301987715424385
-0.00010219036860728319
-0.0001245434798069012
-0.00017671027825913105
-0.00013640656130602566
0.000482508505294636
-0.0001277882655066779
0.00032749224208014643
-0.00015093266372850613
-0.00011725486478922744
0.00017949152079284856
0.00017184507964403578
0.0030936352388924236
0.0006962296718697498
0.00028120235742031045
0.00019837482849951882
0.00011404906499159863
0.0011254124061203317
-0.0025212463384875657
-0.0001875344580953199
0.00025579517886454195
0.0007828733537099718
0.00011487779095240059
0.00015946087887745852
-0.00013657961986718076
-0.0004512416635772086
-0.0001136682168990368
-0.00013680092032390735
0.00030788801170153734
-0.00011068150746657888
0.00026715747445209433
-0.00019343242877313798
0.0029844667148089658
0.00012098019359452115
0.0001862087995594359
0.0001782601073599611
-0.0010257743637565766
0.0019800079932510927
0.0013175424474313818
-0.00010179054581423567
0.00023257792985361683
0.0007359188063542918
0.00015621895744172355
-0.00012563689551070348
0.00042551521080647233
-0.00013473021096738801
-0.00012148547416655706
-0.00028955523581734204
0.00014026651929138837
0.0002057958436793543
-0.00012053703730442597
-0.0028189818106743175
0.00011243959579292317
0.0001726864841440511
0.00016621677197289835
0.0009545170586655075
0.0022454719069984388
-0.000214687240982652
0.0007054639320644994
0.00011346040429274396
-0.0004001487879022445
0.00012485346696554673
-0.0002765728529770105
0.00010206180242319561
-0.00020030712321892125
-0.00011780004144266473
0.0026608722113120016
-0.00016008586245445382
0.00015450228578662187
0.0008794112464238171
0.002128029340893379
-0.0001372402013435098
-0.00019326960012986332
0.0006530588743947698
0.00011613234882818986
0.00010414396191076265
0.0003788896622396936
0.00011733954210049665
-0.00026098293152652496
0.0001890409279746067
-0.00010050449005811689
-0.00014367356473356745
-0.0002176685059661243
-0.0025025425278537355
-0.00013673820923478067
-0.00014373038126670086
0.00010759484426787311
0.0008047654201044059
0.0020154333473147573
-0.00013035167258863018
0.00015943690123059704
0.0006241467297673084
0.0003577808191126663
-0.000113204722564968
0.0002463245928055273
0.0001815300416541668
0.00021417082048689188
-0.0023700911833006507
0.0001182445671444084
0.00012635279595897404
-0.00013648045898404301
0.0007500404621861395
0.0019118619878354995
-0.00012297108231335436
-0.0001638843661340742
-0.0005908418029376439
0.0003407616130891298
0.00019559766415228554
0.00013000825119254412
0.00016897261551592876
-0.00016108741710317838
0.00041192320319427073
0.002220283231404563
0.00013043658581089667
0.0006971247314434971
0.0018168764256853373
-0.00011627195778026955
0.00015228222565419122
0.0005612759859561612
-0.00010158620366807054
-0.00032175500460359464
0.00022159653229886935
0.00016337351484909426
0.00014069415262916348
-0.00011739095038410621
-0.0021378416200476427
0.00011670156391014782
-0.0006481462732141422
-0.0017272736840441723
-0.00011489876383683272
0.00013992020750590466
0.000520297701593055
0.00012188187904024521
0.0003073102612547078
0.00021093498063739564
0.0001543070854939262
0.00013298454021551766
-0.0020376799716062314
-0.00010176082524926191
-0.00010741719232111805
-0.0006015142554837152
0.0016444259135040622
-0.00012556831852648438
-0.000507271517795464
-0.00029166283608027835
-0.00020024525279349322
-0.00014745513812870216
0.0001235226503924062
0.00025826936816422067
0.00020032066682799823
-0.0009481752854379513
-0.0016626738090387773
-0.0005627006260536054
-0.0012189335360174877
-0.0009830615522875583
0.00011994935981317631
0.0004812992978153591
0.00027739079503593755
0.00019319145309927536
0.00013779283820389876
0.00011716095118090492
-0.0018471686537281005
0.0005238313572430944
-0.0014964865589408112
-0.00011213817295035056
0.0004584078872083156
0.0002637857885689222
0.00018108939032351193
0.00013302193269082937
-0.00011134688903352074
-0.00014005603271039825
-0.0017441601107187935
-0.000221936403425205
-0.0004903913214038299
0.0014295320404318769
0.00010226850064621585
0.000438902496539061
-0.00025229284910042733
-0.00017392804048295966
-0.0001252170252318552
0.0001090662332675755
0.00010498419904527653
0.0014237391518468938
-0.0008934994310327453
0.00045931647816085393
0.0013661905637172434
0.00041505879252271146
0.00024062090521724384
-0.000165378658398025
0.0001129161649777117
0.00010135296362084985
0.0016046723287734964
0.00043069505604316954
0.0013065261498625793
0.00038156335364249936
0.0001228449014048068
-0.00023006571992850123
0.00015784966422272405
0.00011535079728625369
-0.0015332704952060266
0.00040480169572188477
0.0012513770577893824
0.00038352395174092374
-0.00021894804204957417
0.00015102658935796552
-0.00010981344428980595
-0.00146654283910732
-0.00038105075574778544
-0.0011992091825937237
-0.0003675257717009328
0.0002105053600091622
-0.000146157388930504
-0.00010574960757052934
0.0013881201347490345
0.0002642591593368658
0.00035862719271001866
-0.001148469122469006
0.00034896425913233576
0.00016551637540189335
0.00011495418200892419
0.0001381470900822648
-0.00010041966192709865
-0.001351874998699272
-0.0003409037689137063
-0.001101401634120564
0.00022881669905905886
-0.00024653243539544
0.00019342489750710478
-0.0001320239195794763
-0.00010325411730232283
0.0012976801252155062
-0.00010953519615957975
-0.00032529801610209244
0.0007574950223940076
-0.0007371826087271752
0.0003218779800081291
0.00018485972938094887
-0.0001251315512282061
-0.0001239325165474034
-0.0001617297048418348
0.0009939543532446384
0.0006766443700461696
-0.0001849877046092563
-0.00016870937525484
0.0003160602201092891
-0.001013284468406874
-0.00030785227950417437
-0.00017359279308701222
-0.00011563061136681814
0.00010147828950019718
-0.0011385260077133935
-0.000352197731304814
-0.00027959555320136156
-0.00022510145289675508
-0.0009543534211127018
0.00027855518046304435
0.00015161316618559544
0.00010874727372008153
0.00013071469479106874
0.00011979701355482816
-0.00022333431376074034
0.001076836485754607
-0.0002728912086527935
-0.00015536660996743544
-0.0001312575088348469
-0.00032066498786979494
-0.00037545440565268516
-0.0003156167904549197
0.0007461610485510681
0.00019314649944646793
-0.0002173432309884016
-0.000165188001080751
-0.00010110770347418748
-0.00014676229097471707
-0.00016664326339745444
-0.0003759238640762272
0.0009884227014721947
0.00024561153817780214
0.00018527484110980702
-0.0001346985805666248
-0.0008792872556317908
0.0001840381763401356
0.00010950686411356086
-0.00020055133037235904
0.0001243065832338324
-0.00012362225081467696
0.00012744310053035938
-0.00015798948479605268
-0.0004624683442236161
0.00038644094456388495
0.0007044036939355032
-0.00034642507279343993
0.00029136457616576474
-0.00010767927836222542
0.0002669062284527109
0.0003081193738358334
0.0007871828894422924
0.0002540643095690348
-0.00012802468951297714
0.00010389363358448027
-0.0001038529224130677
-0.00011484231093235687
-0.00012059795556769486
-0.00013713863682908052
0.0002336591291688989
0.0001114795067375931
-0.0001231882285655197
0.0008657323430809057
0.0003696576978734261
-0.00010711907172930017
-0.00042037697631701365
0.0006369653671059264
-0.00035017192624940024
-0.00010468403009775808
0.00014367577070830193
0.0002198230588898883
-0.00012599932106214417
-0.00012671941033185564
-0.00011846744424564727
-0.0002037386341792344
0.0003309202188155545
0.0008248797061916264
0.00011722325495276135
-0.0003023063489322406
-0.00010270704696275461
-0.00011889187220081827
-0.00030324109434307837
0.00025330584561723937
-0.0007000310405310805
0.0001584986476312059
-0.0001048690480668792
0.00011372258863071163
-0.0002181751779010046
-0.00010293827913841305
0.00037117582902703117
0.0008131262009902575
0.0002712159034975061
0.00019334005588365785
-0.0002395340988529625
-0.0006356896796468589
0.00030519346712406576
0.0001667975578027302
0.00019505880570989934
-0.00014021407359741096
0.00011555221445423246
0.00019093734202013567
0.00029890593264296077
-0.00042913117574694344
-0.000367871944811481
-0.0005439762066508926
-0.0003070893390979519
0.00013310342740573735
0.00034037622725626224
0.00016452206067150093
0.0006481551263088733
-0.00021477537027035583
0.00013685971826155443
0.00020461826024314566
0.0001333930705528107
0.00016298491667637288
0.00026104293535486687
-0.0008124013525425029
0.00011928099879287338
-0.0003620658964424564
0.0005737306395179994
0.00019029680655995604
-0.00023533736115029672
-0.00014826002752454164
0.0001295085817725832
-0.00018298440569483845
0.0008339751259360379
0.00028262249715007133
0.0006390575733671034
0.00021870099109644027
-0.00014708687321568704
0.0001231675749628856
0.0007331415989415391
-0.00042074242442502306
0.00010701344046077469
-0.00030871153558257463
0.0005994353839896409
0.000132640332191106
-0.0001595783336726549
0.00012748794381092017
0.0008268367917095546
0.0006238519275171293
0.00018572223121112675
-0.00011097097698318117
0.00013592458155805515
0.0007803729198439968
-0.0005419687211194431
-0.00016973979741405102
0.00012457892420202462
-0.00021614228366747634
-0.00010302231074743429
0.00012238365190580904
-0.0007193911051274963
0.0005588951670590295
-0.00018959720790603221
-0.00010698879295163767
0.00012891385852355246
-0.0001292930080494516
0.00010070163333400385
0.00013053407472438995
0.00010265937734067522
-0.0001346756493984173
0.00010320415484976778
-0.0001374165659718298
-0.00010348816708901531
0.0001059448248926634
-0.00014019591993131065
-0.00010538016028034165
0.00010818967810797832
0.00014169000262192127
0.00014666109814539646
-0.00011047891700371475
-0.00011159917400891338
0.0001479360411105096
-0.00011226818402358769
-0.00011368879328834006
0.00015059503800481978
-0.00011335007308221354
0.00011600835918183166
0.0001528959481711172
0.00011496979317608054
0.00011806922265391161
0.00014427963257578012
0.00011907068999010857
-0.00012025609289759849
-0.00016757483278526754
-0.00012506638539862183
0.0001220262973133822
0.00010074066660579865
0.00016229505351871788
-0.0001261745828430236
-0.00012405747451433007
0.00010344997321687962
-0.00016319257008448327
-0.00012821343921212645
0.00010140689610225272
0.00012542683939439716
0.00010620079231014636
-0.0001583853245557868
0.00012143984715766784
0.0001206529636756076
0.00012626674196309251
-0.0001941402083476354
0.00020625992373524043
-0.00021506893452687272
-0.00015742617347391138
-0.00019378728511586837
0.0002525241274085087
-0.00019316129683339542
