0.1338815001825745
-0.4185607833027404
0.15745844249722718
0.10360294531858527
0.07879820227058572
-0.06305047056079223
-0.052401284429331126
0.05131928386812175
-0.04983984606708883
0.0464055236574556
-0.042680234210914665
0.039152918995492954
-0.03593815914361286
0.033044032003348364
-0.030449440311456476
0.028122975816445697
0.02603439200479199
-0.024154501497988888
-0.022458552563601072
-0.020924019583997165
-0.019532324198075574
0.018266756628736752
0.01711381523407006
-0.016061968130943998
0.015106469946219427
0.3425829702558462
-0.47622902158509317
0.16457844142821318
-0.2906427427264388
-0.01454553292818757
-0.05028718650414431
0.08827124778989001
-0.1336679505942942
-0.1748940938912309
0.04360418196874407
0.05530688028388671
-0.13921505448185897
0.11319089779955735
0.002521727079856843
-0.004909314403520813
-0.060646232110343076
0.12181519694650528
-0.0357219446512935
-0.07297931970057031
-0.09273463870395011
-0.04966531673757777
-0.05091519343471266
0.02115287737406683
0.040935775859789116
-0.04824348408511714
0.11054967717261759
0.0056135223752242416
0.0027996283892317763
-0.05665965644991828
0.0027462063472341557
0.0172755436338947
0.012333596391842725
0.03226286508799207
-0.006991256286704014
-0.03368432979129046
0.010616575626210942
-0.03493743636670346
0.0023982469632582606
-0.023942477187914254
-0.11304598472199955
0.000898796279056757
0.0019010935924023919
-0.015726600708810552
0.010264896205112372
0.02714955376637053
0.00015075567986417828
0.014309554411486352
0.041917108889705644
-0.0003243804293030642
0.00459476210431921
0.10475849134260334
-0.0030648773734134964
0.024806717377192603
0.004182980691520699
0.027410960877565296
-0.00030821964206802053
-0.002273198176181628
0.0004941287717234056
0.03879694527612238
-0.006374427494477088
0.01666570256815071
-0.00012398066322505936
0.020399708786083742
0.0025870164193308688
0.096369785845305
-0.0016349572905865193
0.02537034022413577
-0.012469053474533861
0.00037830750715340557
0.016159623107182688
0.012428918236074164
0.0015284806613971597
-0.0006504793027530113
-0.035813275403827845
0.0018737649806455138
-0.01895191494256144
0.008422222610323944
0.0007961463449127081
-0.01304578901806257
-0.0012468319468408229
0.08829768793791694
0.023547745235581945
-0.002523897117892669
0.015155751625395345
0.0021844756688173274
0.010205833432179604
-0.006191765274360172
0.0007349199264541972
0.00011225339826726607
-0.032769519242318974
-0.01789308699562671
0.012702204745575534
-0.0015348021316942853
0.0004480992912814633
-0.00016211789700346213
-0.007190593540204835
0.0021941843192075355
0.02100264663331643
0.01460806128325794
-0.0811385300888439
-0.012253400673298772
0.0008217017284238602
-0.0008664785079963103
-0.00048554532990885044
-0.00014662662535115946
-0.010909695963011008
0.016587824215495532
-0.00017924959029957181
-0.030420158736636206
0.010880240987242957
0.0006206253891607034
-0.0012826404842789284
-0.001143178959373163
-0.01052575520339648
-0.013422036576124084
0.01193251510982796
-0.019918739978295644
-0.07445574222070858
0.003496826858407626
-0.0017204974841671548
-0.0025281965991348332
0.009341629422683908
0.007761272084541191
-0.0017475345518201558
0.014410912576254424
-0.011781718158669026
0.02785902086143773
-0.001964219621354857
-0.008639113927181414
-0.005421117399801031
0.0020740609512603352
0.011890104196587628
-0.0002114317894801207
0.0015026498336191527
0.018314059661957784
-0.00928685632782651
0.0005439215541838471
-0.0003985435657344179
0.010672546059480356
-0.06853093576112407
-0.010293058772137225
-0.0009381602556573148
-0.013883103492902773
-0.00044644288886802966
-0.0020492492997736572
-0.0006204054081104087
-0.009478880090684915
0.02565190630606035
0.0009921112686840784
-0.002507655689019031
0.005239169064033442
0.011135576338380417
-0.009222085406243226
-0.00046628464903955606
0.016819377237833423
-0.0021773648854581155
-0.007719381476695997
0.0047712623507266926
-0.009330543646736104
0.011297752770108496
0.00019492512806538524
-0.06334883453397674
0.0027168489264087813
-0.0011889788761291792
0.012796370873440564
-0.005173711377445577
0.0030327037628090003
0.010310136153834118
0.0008021236734310059
0.0006033488657789921
0.008670658018769269
0.023669455078328044
-0.0017990697375713054
-0.010233516125121866
-0.002347064525059974
-0.008288783041437384
0.0003402399325802261
0.0004348449982863613
-0.015489526644761364
-0.002339905387738322
-0.008414594115153435
-0.0017063212096888136
-0.004610208085943407
-0.007775399784405887
-0.0008972661684550391
0.058705713810388756
-0.0116037160853844
0.007674432615519621
0.002736418901018085
-0.002652880612257159
0.007999522474636988
-0.0008734661182402961
0.02171294433503536
-0.003543216957616341
-0.009360531030391502
-0.000949168868242799
-0.00424250204222734
-0.00679690547861105
-0.006704538428479784
-0.0004083451686462542
-0.0010214993042532794
0.0013471695083643973
-0.00782229579432932
0.014412245131873917
-0.00729628690758147
-0.010683930692202831
-0.0005624756325868787
-0.0010195700629825374
-0.007379908203038328
0.006831986714720983
-0.004442467172472902
-0.010683590627587164
-0.054411456687720766
-0.001458409552947429
-0.0010577381178785252
-0.003967671002710845
-0.0005337648780861505
-0.008730351951699668
0.006633591218747477
-0.00035912325509226424
-0.019835700344503996
0.008191851000734949
0.003257029724215694
-0.0008239096846469605
-0.0068270145018339695
-0.0038546089044779255
0.0061962084435602935
0.0009068696990490834
-0.013369261568491837
-0.00030071967358092174
-0.0013804362178032308
0.00012934362957601223
-0.006745018400080109
-0.00708435216266644
-0.001228569222791155
-0.0005564786117714351
0.010093170806209976
-0.004443145869817587
-0.003740155883397728
-0.05061089808827143
-0.006184486605179805
0.0012399061710498941
-0.006068917484551594
-0.008587021506300772
0.00046404658493728196
0.0016065158417975548
-0.006402394878929414
0.0016169626076705354
-0.018864124826141387
0.0006814336285697057
0.006394302362303008
-0.0022292463677807644
-0.0009350298007547613
0.010136868277338014
-0.001253726279115998
-0.012361706808999612
0.003908224771555991
0.0002165990867936286
0.00607160666972281
0.0056689052572598975
-0.004707880654124978
-0.004640805354376242
-0.0007243111040044713
0.0058018859486245
-0.0007714164672847496
-0.009441182095827694
-0.047137207795835225
-0.00036023943245966177
-0.00023507677370022368
-0.006413784634140983
-0.005790728157487589
-0.001198030927602535
0.0013318816494400816
0.007500559965745252
0.00014258648335266537
-0.005140473592199318
0.016966249323684582
0.004563378272120051
-0.006238364317679298
-0.0008545250008071931
0.005269183931577579
-0.0026312752550520986
-0.0053689714175151225
0.0001273420825781814
-0.0024727301719954086
0.011363512134576976
0.0055602709950674485
-0.0059857392009161
0.0004990545304456401
-0.0004181641003610085
0.0016445070620928707
-0.008680498048967474
-0.0004311227929291726
0.0006499844606812461
-0.00541798442567147
-0.005933470275694274
-0.0028240449186539927
0.002346972124748744
0.0439483957409022
0.004802924813834365
0.002505624251683558
-0.0005834205549292974
-0.006604105411256187
0.009609483973778192
-0.004904177729074892
0.015852325718754195
-0.0045425797365461935
-0.005852736690142087
0.00038205365403912574
0.004272705482809198
-0.0033065593341214724
-0.001428317257480361
-0.00019158804781091874
-0.004977668899973468
0.0006580038119028034
0.007721243955687748
-0.007613329663199111
0.005754446841247402
0.00023504282523659334
-0.0007712009242989018
0.003983808043611129
0.00047905267054705716
-0.003969941918635826
0.007284294199284158
0.004151912617140196
0.005295421124382202
-0.005492606287931482
-0.0008809373325825323
0.000633087845548048
-0.004631893900380918
0.04111089212114933
0.00580148576773822
0.003405014872886275
0.0003392746276438591
0.0005325991629336422
-0.0025349847390912896
-0.006779558024394596
0.015455152566292815
0.0008774879576015737
-0.0017607820928263564
0.004673600526268525
-0.0024725972832048398
0.0029470435084972078
-0.0027800874130614298
-0.0053602223392306145
-0.009910702174796997
0.0022080462788041898
0.0042025741177179375
-0.0008498811375548006
0.0046733121430295715
-0.0006070734742000302
0.009842987346953503
-0.0058841223979036305
0.0033604043729580043
0.005225122523600703
0.0040670661334801465
-0.0010562675542812867
-0.0005922349057174712
0.0004696588295255323
0.005873800785879865
-0.002079266021715556
0.000935571075401383
0.038510154858960095
-0.0009345482559761547
0.00330917411585262
-0.004412607670617607
-0.004576836840974117
0.0014329323476059048
0.003909055140773831
-0.005071476971699031
-0.0006309665314021586
0.014412636587724032
-0.0010074009804360512
-0.003920437126642859
-0.005013518572719106
0.0007671695378541802
0.009413043689934043
-0.0010644304639956825
-0.00019288115680350597
0.001089070146036611
0.0011735953545669187
-0.004171146565280488
-0.00010562164629134371
0.00401926407140786
0.004870915679409868
-0.007093694916727592
0.0013838067539631246
-0.00015093615173910802
0.0021597596568324958
-0.000583283798782447
-0.0033950820326677385
-0.0057036200089755976
0.0007307546668267308
0.0018831636498978154
-0.003141848427953808
-0.0041756946870708115
-0.03613334926401803
0.003581960709054374
-0.002739903187570966
0.0007459725954486348
0.004808262359151773
0.0015570894950943843
0.0032771527282890746
0.0005021397936817521
0.013672819908874716
-0.008443352631167432
0.00048800475995802565
-0.0008583039149147434
0.004689188088576224
-0.0003359025749303967
-0.00010839838473535675
-0.00012206195535760568
-0.0012528847252329372
0.004008791494633244
0.008890713992090927
-0.0005619320793353296
-0.002447750310592049
-0.004077151837510144
0.0032827497238127066
0.00038173056068712227
0.004557554535369
-0.005866721696253517
-0.003328571150414003
-0.0007664807139997311
-0.0033687492719092454
0.00029883930998792575
-0.0037687292948766805
0.00043402393789957936
-0.0053859563896028724
0.00039638721472600764
-0.0006286233898304635
-0.004218155416576431
-0.0005039332374497891
-0.000709357772898407
-0.003404058027260015
-0.03395858840431726
-0.0045054368219300655
-0.00015285708418813653
0.0008380310328962364
0.0016502755758654461
-0.0029708603969660105
0.012732653547484013
-0.00047922543620727473
-0.00017452008969699604
0.004408161476811862
-0.0027618038014659285
-0.0014162724352743937
0.003479957693661603
0.003923982280859849
-0.0003484643749447427
0.00018592830666362288
0.008370632681634708
0.0004587061790049182
0.003145493176526225
0.004274790992756917
0.00035725560621937776
0.00019701949205696808
-0.000400408338753527
-0.006378475562892965
0.0002629672484870461
-0.008249851473075115
0.0002685592040424368
-0.0002687625887255128
0.000448058544038831
-0.003526447899193275
0.0032176841120269166
0.005076035117243518
0.0021902514404220363
-0.0013494000535798788
0.003968739443312369
0.0004786126573087855
-0.0011881697936568531
-0.0025895976673180553
-0.03195229532239586
-0.004238525221179159
-0.002907040977368129
-0.0032979198717183397
-0.011975794981553205
-0.00023733773425727478
-0.0013696657552937162
-0.0049945379353235324
0.0020066039535029316
0.0002551724295602434
-0.00010129193647194146
-0.002557619328937621
0.0015015221500131442
-0.007880255149238862
0.0003376596159948294
0.004021285747189702
0.0004636119057282475
-0.0015299725486917276
0.00019085749153879757
-0.0025790676007122412
-0.00015072716421975457
0.005999998234009476
0.00028646164720503653
-0.0033271599780586017
0.003010548456217
-0.002697652523473575
0.0037230109532887558
0.004806977474745092
0.00018611027766453166
0.0003525452402076241
-0.0027189342809116955
0.00015431322541840524
0.003644063312847901
-0.03013864789924862
-0.0009287007808303239
0.0006550379659979483
-0.00014904356042637264
0.00027127278989582586
0.003479431725663961
-0.007670552058552787
-0.0026404885539522667
0.0022303563171260634
0.0028381707956217543
-0.003833890166367908
-0.011294765859260997
0.00034903276374680933
0.0022099690875030777
0.0002896545879828763
-0.002436317170515945
0.007426486833507281
-0.00022771449479235694
0.0037808830284149046
-0.00031148270943602417
-0.002519056972645747
0.0004199330066390994
-0.002500326508063737
-0.003396648065438469
0.00018637470104598754
-0.00564384714976809
0.0003008083158636853
0.00010147442185985294
0.0025463234199435583
-0.003464249866050379
0.000670777362210003
0.00039957414442263523
0.004509947060152027
0.0002660236221890742
0.00020280045849096072
0.00019385639062580827
0.003045420607579792
0.0010118894355178394
-0.0037370404390011055
-0.002140341677199991
-0.028401768794460436
-0.0008299224490352741
-0.0026166262564269824
0.002951719129111609
-0.0013408906483935816
0.002275011297313781
-0.0005553594876619476
0.0036740219552685543
-0.010661050359211154
0.00011154705796717163
-0.00024975495032480776
-0.0023611539127247985
0.00013365261875950742
-0.007019903407437633
0.0035491869781943994
-0.00035645416118239683
0.002524175812158877
0.0002690807417159798
-0.0010286027832509344
0.0006101449219033038
-0.0013441339529747002
0.00722219295628689
0.0032028949900364534
0.0024043744479316344
-0.005324704364183719
-0.0002469338386699243
0.001864806397012293
0.003346341578832323
-0.0002494854300147818
0.002130127334099481
0.0042593625752928785
0.0002108214428539587
-0.00021569969663737262
-0.0027201635059337756
-0.0022775299561450823
-0.0023734653291471856
0.003538598962082594
0.0002488514074736727
-0.0021502663466362293
0.026917834552543173
0.0004819495543182887
-0.003486601792032646
-0.002170024971347115
-0.00037452565123997916
0.0001940602563023254
-0.010069742957497806
0.00018374498816347702
0.00020774629611501678
-0.00011168234534393686
0.0025120812355351524
-0.0030607158220160367
-0.0015166871171475508
0.0027535864911796817
0.0011778134267392845
-0.0066241336656635355
0.00017449553655939532
0.0021688678522914927
0.0002461785209622191
0.002025000237311276
-0.0004595252012155443
-0.0019750677640264784
0.005036454266675408
-0.00015604987023166647
-0.0031370837874629322
0.0001147429833170079
0.00019342289280195564
0.002054147151052301
-0.00024180036090648042
-0.004043226547977019
0.00029900493882697554
-0.0024869391034987934
-0.0022939043763733546
-0.00012780020973589422
-0.0010034567317788853
-0.0069942492605463025
-0.001218170351720761
-0.00013400294254194777
0.003340237322433601
0.00285052882733014
0.001984338667436326
0.0007423316312848389
0.00035653596663646575
-0.025379738171338106
0.0004461370765799663
0.0033026657470088196
-0.0015590963982718318
0.000147605263677688
0.0018600562540153373
0.0023588858974460227
-0.00952637865026319
0.00017856645807574442
-0.002132498816650482
0.00033043143762397754
-0.002605070837464145
-0.0019654152981540387
-0.0031673915695365983
0.00024899218978396905
0.006261643642329397
-0.00015380749199205823
0.0019288009420487429
-0.00017324626917602102
-0.00011515056927083972
0.004763744217310022
0.002920603821919181
-0.0005346234618650977
0.00028948632223529925
-0.0004471538174202307
0.002113778832955495
0.002320833444544208
-0.0007534455394455609
-0.003812600549436001
0.00012119872374865781
0.0019401984747923554
-0.001070360374159035
0.0016984898771036773
0.00044392854216376924
-0.002301839241145514
-0.0034458762937065015
0.00038746248987169224
-0.0017548792223233806
-0.0001386403297253182
-0.023970344263471274
0.0017505431779731811
0.003113119746487612
0.0022403457701042333
0.0017966639735394155
-0.0067752282534627945
-0.0006765025480542986
-0.0020409710668266526
0.009014703733498308
0.000254032756901488
-0.0004776386530692261
0.002457267942835066
-0.00024165027449763704
0.003007766159433661
-0.0018320080448175093
0.005933214839524129
-0.00013003162990028077
0.00019770632693332212
0.0014466599958396728
0.002027314457560371
-0.0028123014470748417
0.004514412664752022
-0.0002983522852309626
-0.00015736994306397284
-0.001609742062581812
0.002291950846840243
0.0018563847585938613
0.00073024765872793
-0.0015336009658036304
-0.0035985057135917717
0.00011814873626098391
0.002547015485027545
0.00042383824503759054
-0.002995138177899256
0.00014708385403312284
-0.0016846983271734909
0.00010530726782910167
0.00010524305597370754
-0.00014521652204088696
-0.001285768066163881
-0.001605946845008141
-0.0019493298347504947
0.00271370852854005
0.0228097577821675
0.00017846840609948294
-0.0005384321048153645
-0.0022929911867007133
-0.0017445444910326564
-0.008552746845697196
-0.0009002263796141441
0.0014775886466235305
0.0028639268204954955
0.00011079578063363492
-0.001549184148489495
-0.00012044437243241244
-0.005631398954964077
-0.006528379015478626
0.001911505904484202
-0.00296156756330505
0.00106098359458725
-0.001635393843297923
-0.0021465254375081628
-0.0005441740427295928
0.00425068066489741
-0.00014196189167420677
-0.00010216490198445469
0.003422045033341716
0.0015960606778360113
0.00015379856125775324
-0.002421030767464631
-0.0003174278855415523
0.0028290670236928153
0.0002096472401957124
0.0002607168379890093
0.0017870612286384547
-0.002002600161335091
-0.001260414260500524
-0.001421204816742905
0.0027822194767630547
0.0016281886838699234
0.02161771790671916
-0.0001929629637634056
0.0005913014017218115
0.0021695838051734844
-0.0014522224647429962
-0.008115541022047595
-0.0027052127551777418
0.00010372806065806743
-0.0001240360509580145
0.0001420019044344455
-0.00010116896638596994
-0.0014759026114707623
0.0018353653540537193
0.0015617017269946
0.005288183120335993
0.000955313428269803
0.00012410752324208145
0.0020945070781967423
-0.0024826837482275444
0.00017047481907998477
0.00011866218632006576
0.004060758470364755
-0.0014656326543644432
-0.000402535849575769
0.0007937070077198205
0.0013256486614925697
0.00014994362155274562
0.00016596690592790624
0.003327355080304572
0.006184320334090267
0.00027511905699940703
0.00014369197800061535
-0.0022905760868452774
-0.0013438249728128663
0.0003324510368773307
-0.0016760017428315104
0.00022463574657794329
0.002709632673997905
0.0018715433411539257
-0.001526179294209687
0.0013135667240647421
-0.0004644938172419656
-0.0026402558233278935
0.0002846255917733227
-0.020352681032340277
-0.003133378676197055
-0.0014142659192571047
-0.00013727617742570274
-0.00013629387786816608
0.0013971226115645828
-0.002566160766545203
0.0077113839921621385
0.0016845826844960042
-0.0002817564176442887
-0.00022061958534555018
-0.0015800934553721504
-0.0002305526294203941
0.001113521615983364
-0.005074257133429302
-0.0019397314778374418
-0.0014164094878292694
-0.0012848686119822817
-0.00238735958543619
0.00012251546155829548
-0.00385690752466963
0.0012878959324762683
0.0016061316422562937
-0.0030859805740243544
0.0021821128907898273
0.0003678019282015198
0.0012650353176813143
-0.00021238538909406978
0.0014405596662665488
0.00021633014480846409
-0.001716287608105911
-0.0005747762117542179
0.0025659522401371183
-0.00013295022836253345
0.0061071977853021766
-0.0004571403167116427
0.0024995540739212573
0.0006114213560592293
-0.0018816327427523137
-0.0003661578641030817
-0.00015634417319152847
-0.0006791457823342375
-0.01940432914536764
0.0021323728071437204
0.00031058168562629184
0.0010725003805702312
-0.0002306087197050222
-0.0014797949932254747
-0.0016546876081627777
0.002435724089148013
0.0011973317566470738
-0.007325482498009659
0.00028122348686380566
0.0013501499005250774
-0.00021377604291658884
0.00014421084591102724
0.0012055457939701484
-0.0018467768140254415
0.0048212758165750045
0.0022622554616517597
0.00015024522037526526
-0.00012876137638391324
0.00034580655995284363
0.0036534068324567356
-0.0012307007865941886
0.001525653822575364
0.00010120641885135263
0.001377078114170819
-0.0020717152585987973
0.00015173940907309372
0.0029453827319039874
-0.001699551111595962
0.0009817990760982531
0.001259927191705819
-0.0024381156818258196
-0.0011158748091668696
0.0005491937971063143
0.001013451649860577
0.0005092279088065588
-0.0025289082692128016
-0.001637632327090499
0.00014896064025485836
0.0014063833142708758
-0.01857853352738734
0.001567438424203414
0.0011656967192670562
-0.00030646146026678015
-0.0012505279328261683
-0.0023252701721672704
-0.00033842894278669295
-0.0018430346414734311
-0.005405137502247876
-0.006967932375580584
0.00010200045891629372
0.00175165272673953
0.0001996274220648817
0.0011541407669845673
0.0021466836784429792
0.004592189538662881
-0.00013382391605705327
-0.0005969004969688386
-0.0014151809543715408
-0.001347420581568034
-0.0009960536539192094
0.003489805707268187
-0.0010574052858318256
0.002060114898542447
-0.0015042240768424993
0.0011865082554903047
0.0002550711964387306
-0.002790350232447251
-0.00014308241469580737
0.0010761964696292148
0.002318968638675957
-0.00091669242302259
0.0015547649195113123
-0.0013668914664568949
-0.0004924673733445406
0.0009458427690727085
-0.00016840224463308018
0.0022750707850445278
-0.00025111590434195787
-0.001191103428879001
-0.000108225653368772
-0.0014888855820257535
0.017694187379117602
-0.002207573387049668
0.0011087434206458878
0.000881043356001145
0.00012421887858190376
-0.0017070310961649644
0.006633724092467564
0.00017525613959843282
-0.0009908105156670782
-0.002058392981849264
0.0010134104854414919
0.004372336195529147
-0.0012567301062850398
0.0013900101865169023
-0.005465721327745368
-0.001120039357379916
0.00011568037539139371
0.0033288241450450534
0.00014499510453569805
-0.0007035905771852041
-0.0006932053338009213
-0.0015362885488385547
0.001880372149088204
0.0001711118999276506
-0.0026584325279589596
0.0010379120785714497
-0.00220950198619914
0.0002965718941439731
0.0012338470681748693
-0.0011184389692291527
0.0002889828198496273
-0.00019501854982531165
-0.0009796948095239406
0.0014225453506457658
-0.0005286633332552521
0.000887981047737139
0.0021642859108807733
0.0014163945796027279
-0.0009376131143654953
0.001057922167754286
0.0168656326094596
0.002104314381725548
0.000956077824555105
0.0001491314021183129
-0.00037416606463721804
-0.0015396343251330364
-0.0012978660764277835
0.006200642367747226
-0.0011797308096100061
-0.0019592487744128106
0.00130318009556346
-0.0008121459247263832
-0.0005088459261064497
-0.0004554167929996073
0.0009990650311963948
-0.00416826187287194
-0.001464096263021307
-0.0031697753833772394
-0.001799857583128759
-0.0009840890585218996
-0.00017748349850088327
-0.0001057422332162992
0.0007918103156705403
0.00021313398624731456
0.00525317566902904
0.002500298354315616
0.000845179176535695
0.00024158294131436384
0.0011872269142603842
0.0011089578662661949
0.0008892101972553093
0.0021072143799001253
0.0011215730790736518
-0.0012096447479348154
-0.001345072178150366
0.0009955176403530826
0.0001280430197879773
-0.00206295042367865
-0.0008314577260260219
-0.00035701978612375434
0.001998650254751524
0.016085967420482114
-0.00025858869882113483
-0.00026114118661935804
-0.0015022975241801041
0.000927523391245903
0.00014325712413878314
0.0011170244786186873
-0.0010149290691297973
0.006042502576320618
-0.0012473554559495855
0.00013850610413477943
-0.001865875150777797
0.00047216303711628514
-0.0007933456831944113
0.003974986356726783
0.00012072900615206723
0.0009237386039533353
0.0008487836951331348
-0.0013925689846602959
-0.003022638063842934
-0.0017112080958148722
-0.00012097148063246437
-0.0008521632458600509
0.0010396890512159099
-0.001129426064407825
0.0024321686068747078
0.00047609267816489876
0.000987320205384
-0.0005834581655604101
0.00037828301766751105
0.0020128600044225925
-0.0012962942039240193
0.0008454066032763468
0.0013319330647068117
0.005025787650104195
0.00012180653357000555
0.0019621424430122224
0.0008717457860221351
-0.0006758026415950493
-0.00013250667535157017
0.000322784310673214
-0.0018872023501677964
0.0010471376139535406
-0.001382357598888491
-0.0008451583518528097
0.00021311276355824566
0.0009568115269470085
-0.015360707989983126
0.001185000828629618
-0.0007988974966648148
-0.005768443233399652
0.0008874228821986957
0.0017781586475240528
-0.00011388257817672742
0.0007790909398857269
0.00021574163098511513
0.0037950484085118143
0.0013224082466821952
-0.0001133012562513508
-0.0016295303307729517
0.00025742250395758355
-0.0028757933424085366
-0.0009949918471451845
0.0008156549286675055
-0.0011060308931247556
0.0009070921711264127
0.002309542138252046
-0.0004137751735189318
-0.001226892321606907
-0.0016550385006883935
0.001622193915190579
-0.0007265983853920197
-0.0007332872714979691
-0.0008356002420015956
-0.0007522664370615514
0.0018800513766369226
0.0007654977294938943
-0.0010125584273918834
-0.0009408727109962765
0.00012856556526493336
-0.0002712220469170379
0.004851219921281745
-0.0012998424035154874
-0.0017932698655708083
-0.00012573210970020862
0.00010303144685317796
-0.0011152947977051977
0.0002004359009373008
-0.0008863544733573488
0.014660870432212309
0.0004920430498680902
0.0007417004225582571
-0.00019280584759149232
0.005507085428577186
-0.0017089263724479498
0.0012629680066016584
0.000772930899571476
0.0036261662478228067
0.0009430255213973708
0.0005467191307015279
0.0002823121003830001
-0.0008530366432752262
0.0015611233081257417
0.0010475606409404846
0.00013415369340140157
-0.000685276950880651
-0.0027579621549389333
0.0007126696366545877
0.0022062006259425003
0.0007923497106455959
0.0011325094995301493
0.00029248523805375974
0.0012437745954794778
0.0007137628031428699
-0.0018325248454718734
0.0007030106559934187
0.0001755420733909001
-0.0008759903381805707
0.0017955710946551508
0.0009739428225650912
0.00038528617857828506
0.0006343035494805186
-0.0008015970604914303
0.00010924627815207698
-0.0013124382393588816
-0.0010708692211303951
0.001749138223372184
-0.014028988686798364
-0.0003807922244686328
0.00012527236751156432
-0.0006325335525471751
0.0007599787621616048
0.004649349336901653
0.0015628598289527834
-0.005263132491344549
-0.0005862181843190892
-0.00030507210925252086
-0.00012838685045336425
-0.0011979693361317061
0.00033310855954195746
0.0008403196339232418
0.0008210400862240454
-0.0034639215114373864
-0.0006837764470268155
-0.0008813536508938669
-0.0004681442152184417
0.0014890784524623038
0.0007202064043699759
0.002609542280994678
0.00042477768261637856
0.0006752891649257037
0.00014212733453133604
-0.0011105928095879927
0.002110327747329572
0.0012320361547462054
-0.0005968060640890626
-0.0017515025981234959
0.0008370541043152449
-0.0007006572021271737
0.0009228434797145531
0.0007656617578215642
-0.00011094271987585806
0.0017174941324930592
-0.0005342826835556226
0.0006160840172452937
0.00011877165508942747
0.0012488591813041073
-0.0010322468324716833
0.0016600531799736006
0.0006533746108742082
-0.0007111345121627949
0.013418155626612483
-0.00012752000510361807
-0.000635236075424141
-0.00013229002891328824
-0.0015492266970018893
-0.0008626428180257163
0.0007609010706936534
0.00023032199031988894
-0.005039899624871643
-0.0011680497648031743
-0.00048250621430277296
-0.0008264503189695161
0.0007560140295072114
0.000659199749939538
-0.003329183818236542
-0.004427677696718562
0.00010871822887156719
-0.001412393804213331
-0.00011529867218181816
-0.0025182597689711005
-0.0010607170489929226
0.0003336052292934354
0.000658294598239966
0.0005661706748219967
-0.0020169707365332956
-0.0004589515740996883
0.0006486001374672352
-0.0012055798023829969
0.0005161514933856149
0.0005944180818954127
-0.000731494567926152
0.0008845944522716893
-0.0016775045795943146
-0.0006099116160198258
-0.0016406024435932027
-0.0006571772319846887
0.00012162486953297321
0.0009889051267513097
-0.00119837921223294
0.0006097360654768897
0.0001127733068643567
0.0015936331330448563
-0.000739692164822767
0.0007928581923226976
0.012845131300181048
0.0005786691838118117
-0.0002518466874841177
-0.001485780377448104
0.0006536601153715653
0.0011254832673252386
0.0048241777803913494
0.0009192989508934471
0.00048378509812244884
-0.0005544724959108683
0.0031739560321180707
-0.0013669806493703915
0.0006256753587710267
0.0005901414521919969
0.0024082238555154377
-0.00020648345582267172
0.0010226776711985302
0.00022987164380943326
0.0042860214751869775
0.0005955361352704875
-0.00059409251693288
-0.0006844758685249701
0.0019272067885745007
-0.001165237180572637
-0.0004467831907457872
0.0008431575047902417
-0.00011363778084737077
-0.0016012491757579504
0.00028472087573719063
0.0005736301687447948
-0.0005901711195706403
0.001567980810586052
0.0009412002825338345
0.00114401902534792
-0.0015188821960325095
-0.0005997243302476485
0.000300045746812028
-0.0007187083843944687
0.0005056445872016982
-0.0007842593500854385
-0.0006567542791079571
-0.0005362174322954446
0.00032431377339157806
0.012294790470025884
0.0014112997136840018
-0.0010739575172635466
-0.0008689418846213053
-0.0005587889872943777
-0.00462032197085335
-0.0005987815842990385
-0.00012038071859215606
0.0005527540468772542
0.0012911430982305873
-0.00304387702264866
-0.00015749113834520308
0.0007160827628441066
0.0006841529139461398
-0.0009736497059825985
-0.002247649797595081
-0.0005488146786507294
-0.000486335507727473
0.0008592066056958565
-0.0006220789757242603
0.0011276195573563465
-0.000449735240857117
0.0018456390325600597
-0.00011740728179395245
0.004108170018157465
-0.00033264547065153826
-0.001511950573037187
-0.00014236560390565016
-0.00012359619266322808
-0.0004955421782906479
0.0008958781100039807
-0.0005668971818481594
0.0015023448274391932
-0.0005128935872696309
0.0010982244569508227
0.0006819597013076199
0.0006240198903639126
-0.0007515614822567674
-0.0014616447257010006
0.0005213084941029198
-0.00010147810655564261
0.0001494442508465986
-0.0005522071178118077
-0.0010058784569777638
0.0007667119386630105
0.000288895606072733
0.01178415701256007
-0.0013731511223506999
0.0005525559495647718
0.004426888320925932
0.0012316271333267593
0.0006674474078451657
-0.0006924373790427393
-0.00012663702491559316
0.0029108163698546114
-0.0005443736679781956
0.0002789446122666294
0.0009331267301463961
0.0004609779231298313
0.0004625735047570359
-0.00038872247288324096
-0.0022139046243691953
0.0007769124239336797
0.0005077681928586782
0.0010927587671370608
-0.000356963738565779
0.0017727767948841895
-0.0005086179418468724
0.0005449742876690512
0.0014736263202934333
-0.0008636007223610739
-0.0005069022740908527
-0.0006708930680056614
0.00010492756517469155
-0.001448300179194734
0.0010489686776473945
-0.0006387895731234955
-0.003927017977581871
-0.00011660785902237452
-0.0007121002157291277
0.0013909258584995571
0.0005567505083025314
0.0005520113680960503
-0.0007924914226455527
0.0009675946069396416
0.0004093712001001556
-0.001299638318357328
-0.011296729947798578
0.00047327621177245755
-0.000516030642208909
-0.00016022563517215807
-0.0005837543972989144
0.00015769410730484619
-0.00043245321589096777
-0.004244332348564273
-0.0006817493138575123
-0.0005768891398807683
0.00019856034647359653
-0.0011404806431074756
-0.0003187357762593174
-0.002787252444550575
0.0009076925322555171
-0.0004807853008647475
0.0007464403122924789
0.002131140842782548
0.0005096160650811626
-0.0010520214078242334
0.00032649739055928974
0.0004643242037563202
-0.0017000969551085165
-0.00021974117866362607
0.0007914430678254699
-0.0014047533969405886
-0.0006387204665883519
-0.000625347287523533
0.0004734627911980433
-0.0010081917682186786
-0.0006899090496258896
0.0013857995898286719
0.0005868109073890458
0.00020303900290958213
-0.00038324768640057106
0.0004276397155042661
0.00134678178242733
0.00010111069815641957
-0.00014386470315665124
-0.0004038824568495032
0.0037561076560686875
-0.0007496853164883415
0.0004194948428354215
-0.0005193946176920566
-0.0009325190286956891
0.0012447973868995716
-0.0005921720763402081
-0.0002463038604169758
-0.010830348456910088
-0.0005191295508711266
-0.00043913670107971134
0.0005865958232372821
-0.0003223078474133593
0.004057884598178032
-0.00030960455128257417
0.0011471260156302966
0.0008520555559693506
0.0004921479889074456
0.0007132475869598202
-0.00048632418596210715
0.0026809608153184226
-0.0020364763761743926
-0.0010121617376896391
-0.00030299903988023093
-0.000354325424275223
-0.00020152972497504556
-0.0006196961236716522
0.0016745444580096001
-0.0005457898006785145
-0.00039654430423247534
0.00016192353111247566
0.0008006479445630747
-0.0004927022442733252
-0.00044132871428227075
0.0013564988934453843
-0.0006676803629736048
0.0009709508616521625
0.0013253384841858235
0.000410663800768897
0.0001195419991569529
-0.00016305459381134408
0.0004217569368372393
-0.001288470072895847
0.000762251308006608
0.0004055590855294932
0.0008971610303055721
-0.0006073375580300992
-0.0004835682850404971
-0.0012063705687668654
0.000628343396577049
0.0035586360565169643
0.0007056746533056076
0.00024226996098246508
-0.01038823385265146
0.00043003731967618074
-0.0004709314170820642
-0.00021617932892775086
0.0039025776072624274
0.00041489884947811895
-0.00110602560931331
0.0008256239715880949
-0.0006806046011141898
-0.00036054525343568513
0.0025697363912577037
0.00043272972738875055
-0.00040929021731225107
0.00036141563438935563
0.0019925829416500853
0.0009807116986019408
-0.0002766379050013167
0.0005794123488465649
-0.00047716502008320565
0.0006048122418291163
0.0015652153063787898
0.0006136654596885577
-0.0006394824354083617
-0.0013008288201289586
-0.00041628609523511735
-0.0009527026196802154
0.00040722484317338065
0.0012755070647711884
0.0006606639628779709
-0.00020689407610405836
-0.001237095303398893
0.00045305507525091873
-0.0005859205648347061
0.00039812292083656064
0.0008732688881100168
-0.00014370958468495147
0.000380354611911664
0.0003088265612568368
-0.0005118985323944716
0.00015673362111945135
0.000488438638316501
-0.0011531604015443152
0.00038767497254919023
-0.009973769771339321
0.00017283671306790734
-0.00037278261492665793
-0.00028916562127519196
-0.0005883414061457838
0.0009142192407157746
0.0034141227083749792
-0.0007851863794715956
-0.003717642946838153
0.0003609935729988631
-0.0010192002816638178
0.0024572607885599376
-0.00040953636494051683
-0.0005079375550934505
0.0005235381016308908
-0.0005089028937267733
0.0009210185863030815
0.00033288833282442664
0.001119823427090469
0.0015105180301745794
0.0007238405113389822
-0.00044182015715016836
-0.0003752561376459008
0.0015109872076973596
-0.0005982552625851133
-0.0001891144283912
-0.001248405107981441
0.0003318617609140126
0.00015364045155847334
-0.0008781657733797032
-0.000338083758454014
-0.0012247264758438142
-0.00041730634011337333
0.0004732268042885194
0.00016534441998861506
-0.00018721111929626648
0.0006384665540501726
-0.00027984969064512256
0.0005248615430070505
0.0011901696795908606
-0.0003852613513264054
0.00032229019965987704
0.0007635409430429736
0.0001438959061852397
0.0005742809834825703
0.0004026930933810171
-0.0011115944560989217
0.00038218630490073326
0.009571988911318047
-0.00048768485695369106
-0.0005941107355555727
0.0007650695398383898
0.0009877119528351555
-0.00022535350501111135
0.0003231113401196482
-0.003585082330449907
-0.00047642767530441186
-0.0004384237546713091
-0.0005285203638750621
-0.0001969871326325497
0.002389487698924366
-0.0033026233597810047
-0.0004295866197455489
0.0003850019658107765
-0.0003172751603926536
0.0004960893242667168
-0.0008416637135917519
-0.00030247606947783487
-0.0018048125558346592
0.0007503409774786231
-0.0002843964444092024
0.00029264976185230067
-0.0004831890005695159
-0.0014480709783612597
-0.00037795005754930446
-0.00030452094936561414
-0.0001958749177089988
-0.0011773409939309699
0.000914012731737784
-0.00041898403384309435
-0.00011686273016760995
-0.00046455864816909897
0.001204943555272479
-0.0002249434430560534
-0.0003869403649945874
-0.0006706411558556182
-0.00010351197610192942
-0.0001616595545221447
-0.0005335328659959927
0.001142749230751307
-0.00017624814800661147
-0.0007561850162195052
-0.00035709340849593603
-0.0003333575445379058
0.0010426622796535728
0.00016115162863596926
-0.00010448023779705246
0.0003207968391858615
0.0005941062396013806
0.0001225147436244366
0.0002955179030870826
-0.009193926476892161
-0.0005240694473309361
-0.0007617456604553812
0.0003365317828550412
0.00011321294473504337
0.0002914779262132589
0.0009641449913295448
-0.00019176457136275656
0.0003931181302661216
-0.0034492205093487904
0.000509908308183758
0.0003919966953780845
-0.00228727659903784
-0.0002999663139192112
-0.00027097965341283547
0.000817466093897979
0.00027529198243458436
0.0002042816063762314
0.0007034550880863453
-0.0005015916413961095
0.000645674974864679
0.001625956153239687
-0.0003270287280129253
0.0021632294219561536
0.0023591328762520548
-0.0014138948439237934
0.0004201743785873396
0.0008746283848431343
0.00015033158512140564
0.0007718667052200508
0.0008930661081844298
-0.0004548076347743431
0.00011016826088923935
-0.0006281419916171923
0.0011146341809163142
-0.0003512974409921356
0.0002756864656334581
-0.0003066553374143539
0.00010948297346818918
0.0005092043590823256
-0.0003114983334936803
0.0007406502241409816
0.0011057167377641643
-0.0002796514300453397
-0.00027274196915739833
-0.0010789664186009388
-0.0002588780393373893
-0.0006274551636131403
-0.00031050360745339635
0.0003885476179265573
-0.000700556500798574
-0.00040903906931319276
0.008514821712036913
0.00236517645370795
-0.0002323072195791102
-0.0005443835502839415
-0.0008804148140497596
0.003319913359668272
-0.00012147960993523964
-0.00042151168169748753
-0.002174013393789865
-0.0008232172702790925
-0.0005877185759217648
0.00031566691833405684
-0.0005660950294207145
0.0016587561503460203
-0.00015532759224095433
0.0004285469566614002
0.0002559630211022662
0.00041088720045304693
-0.0013201355579499341
-0.00014916603318010032
0.00045390952461506033
-0.00014549997197079288
-0.0029427912834973854
0.0006408364655799716
-0.0006993448672587567
-0.0007683720805013627
0.0001542255465756955
-0.0010099772900379058
0.0005453147854040539
-0.00025023414500040833
0.0005864588680542241
-0.0010772681556378034
-0.00022554959357159787
-0.0003748486850365189
-0.0002700211893540735
-0.00031860730065576276
0.0007176199079363491
0.0008384880086890166
0.0007043747934727925
-0.00042447111133278543
-0.0003380901326811294
-0.00040464740669253995
-0.0006889462076274029
0.0009771971200405218
0.00014366402248857212
0.000672985852477663
0.00044244766448025316
-0.008446964863927119
0.00045380222616381034
0.0005117882061936116
0.0008938895036069828
0.00022149811813977605
-0.00011601242013044774
0.00011014166348538508
0.00010223464651376094
0.0007225158980835758
-0.003098747418785879
0.00027839450785175035
0.0005121915422524733
-0.002099880618239826
0.0007064433617098812
-0.0007276889612137846
-0.00021013168140021754
0.0003458255788044856
0.00026378090636029413
0.00022591776113645645
-0.00025192600145296565
-0.00012249612316398816
0.0015834374233677602
0.000405798179325615
-0.0003443695288483783
-0.0012548704399308094
-0.00013458060327782828
0.0002371618834174357
0.000737233493076282
-0.0010546994849969262
0.0002183963533006595
-0.0005707739795310875
-0.0004306034681759928
-0.0001141734748700575
-0.0029215132418517918
-0.0004339900475929965
-0.00013199453818054605
0.0010142442215327712
-0.00025193409277073016
-0.0006903436799364498
-0.0003020603381461528
0.0010494607752447374
0.0003413492531077517
-0.00038652802402263113
-0.0001604301424928398
-0.000508884379567307
0.00016930074224128007
-0.0002176389708600269
-0.0009705017694770326
-0.000334207108595778
0.00044118364812896423
0.0006274555028174155
0.00010243761328880473
-0.0003361598473763254
-0.008095690018001514
0.0008248466866698116
-0.0002751198587543229
-0.0005927407600641844
-0.00016477492240247327
0.0002523204500123672
0.0002789899286734441
-0.003032981499864674
-0.00021945507438269205
0.00019275412329088377
0.0004755557858369337
-0.0002133442190613033
-0.0002028199238861385
0.0001451017268778143
0.0005826704043161365
0.0007942486770692535
-0.0019952371689073
0.00023995823471591274
-0.0004193406367419153
-0.00013453715008136487
0.00031420455699473116
0.0006157534454464047
-0.0013973216858093583
-0.0003932447285157166
-0.0011781183905836864
-0.00025378110605791176
0.0006867514516394438
-0.0002986138242489795
0.0005763650267394689
0.00012305971931118637
-0.0003761113908632855
-0.00010674731155613625
-0.0010066809239645447
0.0002604304195953152
-0.0010164739954033237
-0.00015081254381353685
0.0002736902655243555
-0.00018698265095396833
0.00020701749325728697
-0.0006714752943182426
0.002772809259898397
0.0005013268646529291
0.0003870475419835873
0.0001358652423354549
-0.0001336770923219814
-0.00022039752635394936
-0.0009414295713798138
-0.0002360875259711277
0.0005357386592065069
0.0004941179877889559
-0.00010223595467684676
-0.00048690003558001107
0.0001339730987871762
-0.0007317443727420634
0.0006213288502934842
0.00010836814165672491
-0.0001130950649780729
0.0008387703809129584
-0.0076186858223202345
0.0006959759083114465
-0.001521158091823111
-0.00043785146181373337
-0.0005004656903258875
0.0007190233587129458
-0.002857630462356685
0.000551327977714979
-0.00011172210989522494
-0.0005771195132359164
0.0002224229596016787
0.0004389418671865175
0.00027236960934981497
0.0019343334144609702
0.00030276237595701014
-0.0003526841657891353
0.0002491594650795453
0.00011210933030626668
0.0014624094398882229
-0.00027842401475952166
0.000867935826473818
0.0010645824527930647
0.0003343915015688991
0.00018922748724901762
0.0002050550690040653
0.0004325356523241763
-0.00018881979862508006
0.0008826140780938174
-0.0004780562310228466
-0.00032175433624621137
0.0002408632873921807
0.00025157740964856573
0.000943616203461665
0.0003604039296646993
0.000266899795754918
0.00020439578806087815
-0.0005699932311609112
-0.00023161468902839719
0.0009147840681547856
0.0005201048693661205
0.00018912219532264611
-0.0026929289624352615
0.0002746295446522536
0.0004519657470097807
-0.0007939655110986352
0.00012276931819324403
0.0005722560794014246
0.00018462159631774656
0.00022930706879624544
0.00017647042004211987
-0.00035788795847575854
-0.0007955451948134182
0.0002136719799315018
-0.00022607320896826663
-0.004530794747892198
-0.005191167965242547
0.0029650781891884404
0.00016152326875861042
0.00021469689165978142
0.00024187198045565422
-0.0008882818832635225
-0.00012200222523163907
0.0027356584208490004
0.00023270205845201918
-0.00072397843154881
-0.00021042498429453283
-0.0014184887732582268
0.0003425470255040646
0.0011391535917644343
-0.00021438590675404881
-0.00021297463156939273
-0.001377761062822551
0.00036307612127394406
-0.00037454484429882035
0.0006601170350467418
-0.000554401834545326
0.00019014449449806568
-0.0011078408847398663
-0.00022973637937984077
-0.0003022990087008342
-0.00016705561894491468
-0.0009638881716275751
0.00017991885272872484
-0.0002527846397614617
0.00016818280365647528
-0.0008168262921696238
-0.00034432669663327136
0.00015393448514445507
-0.000611083776014037
0.00014606685959292622
0.0002341350982120468
0.00028528380434828925
0.00022808919098867315
-0.00013438928149551944
0.00025594965151336805
-0.00038523215832017983
-0.0008714827568592434
0.0003430340568005136
0.00021659559722732452
-0.0009145839317094711
-0.00042591884593763636
-0.000278924639638769
-0.00013795642696795996
-0.00246185920595746
0.0006031257224661274
-0.00011376510899869013
0.0001475157169842906
0.0002565232462766629
0.0002544452630862018
-0.0002555501332645365
-0.00013319150564177065
0.00027611572112453347
0.0003281488657390692
0.000780410027699152
-0.000547259783844211
-0.007145796473735659
0.0002254076300406659
-0.0006767960134978277
-0.00022751454400801496
0.0026528820347465195
-0.0006056596389135377
-0.0001668354179987673
-0.0006328176166068319
0.00023908740402615557
0.00011267552381056091
-0.001748193002143778
0.00022586641369202285
0.00020633437163631332
-0.0007305614360468247
-0.0012239326142426605
-0.0001451117454020923
-0.00032064607247302384
0.00027207263914177276
0.00017568325975416337
0.000447327213747691
0.0006238768393740613
-0.0010970186545661597
-0.0002030106709343506
0.00039578740271125246
-0.00020998481834105968
0.0008563517328930517
0.00032213605084296855
-0.000208039520789586
-0.0007926379250650849
-0.0006435772916093858
-0.00018841218235492437
-0.0003952357725343212
-0.00036293078130453043
0.00015940405154630125
-0.000851344072099501
0.00028611084777390046
0.000299640656165861
0.0002844651118536731
-0.0005280179062156102
0.0007656481198207656
0.0003155686011934209
0.0002893493044961376
-0.00026404899186761974
0.0002996595775530943
0.0021491356737539592
-0.0009290443477414533
-0.0001038348579370985
-0.0008148493236761766
-0.00032481199136775524
-0.00029114098623764695
-0.00013333121494228068
-0.0002621147037143311
0.00030665644193149345
-0.006802353046018512
-0.00017376763749933426
0.00020373737792886646
-0.001035539700167281
0.0002211373631368235
-0.0025864429815051406
-0.00015917974977933529
0.00046287177409254485
-0.00020876185576459104
0.00027586331095705714
0.001707602534941421
-0.00024784978533178
0.00028858483356864037
0.0004526821751977699
-0.00023354720723534723
0.000211174474778738
-0.0013419605590103488
0.00033193088494362514
-0.0005211249049623143
-0.0002437670466417336
-0.0003864286748879138
0.0010341442759520723
-0.00020898672950782061
-0.0008265288250789557
0.00046516138219500244
-0.0008827304769110434
0.0002217722348143064
-0.00035497631182420086
0.0004179950527150732
-0.000254778908307306
-0.00018763531481810522
0.0003412747851578856
0.0008080662278903863
-0.00024545827797053547
-0.00014194735893451746
0.00032159099269974626
-0.00017587651318538546
0.0004675404516249191
-0.0007733307752366409
0.00019014789769068776
0.00020095731521760853
-0.00022099906717080114
-0.0003890192078288358
-0.00033627020970783384
-0.00012126967897611349
-0.00015414768393945443
0.0006041394692640099
0.0004292661518445563
0.0019763202883651115
0.0001135796171721969
0.006578989297739571
-0.00019305047635218743
0.00027379562015511256
-0.00025388692305326104
0.00015164970742666232
-0.002221719160788066
0.00027209942268422615
-0.0012609854336978962
-0.00029719374758939654
0.00028218486139319006
0.00024622374072531827
-0.00023527035530110715
-0.00160841387923458
-0.00018803971215244705
-0.0005198235378357884
-0.00030435822880174547
-0.0011043447016838492
0.0004683568003169498
0.000454848164050169
0.0003506777478543038
0.0009641169473583157
0.0002261318104444992
-0.00021114687268820225
0.00014720711517638278
-0.0007015652840708579
-0.00041789395881231635
0.00013364456592771987
0.0005391537365378605
0.00037711493875372255
-0.0002589512984452227
0.0005581869271545411
0.00069590471961201
0.0002484089139231634
0.00025200227250476244
0.00018762341362368016
0.0006782460626091341
0.00046669435509703405
-0.00020786402091331024
0.00016588938947779467
0.00010904465823651336
-0.00021639180938777278
0.0004854199263026977
-0.0006870179967232335
0.0003900179344945884
-0.0001977628677608305
0.0003353547499720427
-0.00017387496486582542
-0.0005294302171157811
-0.00019476473162458301
0.0002951594130177812
0.0004458316869443707
-0.00024446871556312114
0.00040374945458125096
-0.006270364231586209
0.000284510292234774
-0.00020927150407258608
0.00020226058301466511
-0.0008062308446629607
0.002320228351254755
0.00012616409458756657
-0.0003505233581734893
-0.00015956248161171977
0.0014902321537778793
0.0002999197518650209
0.00042802180993418835
-0.00018820515588671005
0.00020964522790484485
0.0001903547281051812
-0.00014614538924285247
-0.0012856217311624353
-0.00011717444166907614
-0.00017702198535448474
0.0008992350247226659
-0.00024862626477347664
-0.00022031689877067496
-0.0007669763127379976
-0.00026114941188838935
0.00032334438042570877
0.0001745515352345087
-0.0005158323284021656
0.00016983528911550504
-0.0004442748791491165
0.0007303434137081538
-0.00022729430482189075
-0.00028483675440845607
-0.000185915241766835
-0.0007124415783695876
-0.00044706864959124604
-0.0001809255263372639
0.0006211899786693833
0.00021031943643782714
-0.00038522778412928
-0.0003699585636505399
0.0001787296368268028
0.00011085182451744548
0.0002334812783414036
-0.0002506901611762105
0.00016522152674764432
0.0005819799900875364
0.0002101127033699323
-0.0004531339927633495
-0.00026263048001217543
-0.00016693503753566094
0.005998210496013184
-0.00019434095760100838
-0.00022863289489981787
-0.0003323230390744893
-0.0004871073498398485
0.0001758831861054731
0.00016781106261076843
0.0021597086906759337
-0.000296018064638085
0.00041189044943085987
-0.001406453966837478
0.00016752394654815208
-0.00019297875428515756
-0.0005530901038543302
0.001091212814748531
0.00022513385979464293
0.00019214861312143899
0.00021559768291037846
-0.0002895805022905706
-0.0008727144072955763
-0.00031931761536435377
-0.00018252934704015265
0.0002073216316859093
-0.0007526411062982254
0.0003489756180062447
0.00038316205978197905
0.00027405822189114607
-0.000279831989443075
-0.0007371190935682831
0.0001206858495018519
0.000151125502954936
-0.0001943261003116416
-0.0007029856942877477
-0.00017805471216335926
0.00018889631267221302
-0.0004631784833869796
0.00030215276656380877
-0.00023202582098390577
0.00023210254208316471
0.00023906837105366844
0.0006921421533031348
-0.00023455807774393794
-0.00019900386892148636
-0.00017147580340437315
-0.00018440009348611063
-0.00026217808081640653
-0.0006034551785586961
-0.0003333363522098991
-0.0002907920864536235
0.00018652892111624392
-0.005612254895203663
-0.0001473811575630427
0.0003357736046615514
-0.0005487589237409535
0.00026230762620685035
0.002043716898877966
-0.0002069368580190045
0.00025821172573824424
-0.0003375864758745396
-0.0013964132961218827
0.00022429974603992774
-0.00021340852536394064
0.00015001764857506652
-0.0004898972679232395
-0.00012580414578638384
0.0002613779142973816
-0.0010848833042022459
0.0002005041829915594
0.00011935133336893108
0.0001471446444684298
-0.000310140407322276
0.0008649974593985297
0.00015998730287520235
0.00035782543382917716
0.00020741019501535008
0.0006183300624841312
0.0006015409644361921
0.0001588253872393776
0.0001957657924199313
-0.00011080284284767059
-0.00011793196433811483
0.0007130617798563253
-0.00010771530526877202
-0.000645201437998593
-0.00021821681836283033
-0.0001656683034931918
-0.0004694755108503297
0.00028998878056632005
0.00019631646606597507
0.0002193855516756684
0.0003030402182348512
-0.00023132972587963023
-0.0006253807479629873
-0.00018923886373882818
-0.00025064707677103744
-0.0001590953814091271
-0.00039992452437921585
-0.00011719656236096516
0.0005711717270435975
-0.00010843638207827111
-0.00010472789934477347
-0.00032538390343573345
-0.0001908973467593353
0.0002750310029655938
0.005149921946763957
-0.0001519728446607455
-0.00010662559839135807
0.0005152099236080329
-0.00013102432223305416
-0.0002052036190298352
-0.0001795728613186283
-0.0020527906400577547
0.0003925091641461797
0.00028094888314865555
-0.00014416880692206795
0.00018655222910007014
0.0013367528594444402
-0.0002292871770411405
-0.00018688017356633811
-0.00048681845394869084
0.00016042360759785268
0.00012184122666352165
-0.0010036818369671306
0.0001027073839737896
-0.00029070961674131925
-0.0001786770612312821
0.000798650186362794
0.00024953876193986363
-0.0003473018868595987
0.0004597461293388027
-0.0006575547206285609
0.00015841236668653858
-0.0006551904327066063
0.000217110204774822
0.0001535426709963806
-0.0001707774578794647
0.0002224860449846488
0.0006405382417524998
0.0002017772938919391
-0.00016505396299386523
0.0004315965590606827
0.00034635087156938707
-0.00014180815766030836
-0.00011774293674005079
-0.0001389445632452336
0.00034749459613962606
0.000533514477446441
0.00013320272300646006
0.00016415311461664454
0.00015869045009432738
-0.0003794458370025674
-0.0005405892426325461
-0.0001482058835880535
0.00030105719974271664
-0.0002650803750858397
0.004398442815690278
0.0001967895369029665
-0.00020988881235253562
0.00012059303235031458
-0.00045527043515605764
0.00022334120569245325
-0.0001757675481317796
0.001655619855478958
0.00012716140966155973
-0.0003485145306393571
0.00015060399959159677
0.00021419878439333083
0.0010921310933125691
-0.0001620041634900843
0.0008382612861318304
0.0004504853197508514
-0.00014984580318059821
-0.0002830828234997146
0.00066715117364351
-0.00023581671294129456
-0.00031689240868666685
-0.0005562942883282357
0.0001528336493355188
-0.00043251615155228453
0.00011594971747602718
0.00014518029952844088
-0.0005468687442736774
0.00019247756260980548
-0.00018283529211783614
0.00013442140224809314
0.00020190650432816708
-0.00017257161731900605
-0.0005309410333065925
0.00014786762101287558
-0.00025680583144433377
-0.0003332988903796472
-0.0003622337965581353
0.0004933912459953303
0.00013549462722938643
0.00023221512056893916
0.00014142283321411125
-0.00016402764727713436
-0.0004553760917196172
0.0003493814250493192
0.00014338979808818533
0.00019005951139344174
0.00023252820257048303
-0.0002710003484795026
-0.00017394319359670822
0.00022078878026123358
-0.00016392392212172594
0.0004159364505224523
-0.0001401345965010177
-0.0001633467809937102
0.00021508514332480865
-0.0003258662213824014
-0.00010089063012824278
0.00038073261078215077
-0.00012296272770287743
-0.00026830941771818003
-0.00013508010464554336
-0.0001481024434869863
-0.00013186848853695256
0.00022870492500030442
0.0003804593430487222
0.0002684837942410353
0.00013116168142610475
0.00016936383427426232
0.00018820963277082697
0.00016504997708853593
-0.00019974881486387427
0.0001338606714783616
-0.00014719022855568507
-0.0002556596179875518
-0.0003175489905595499
-0.0001535846805995442
-0.00029215975834071786
0.00020022383864864011
0.0001462576345012631
0.00029995855526443704
0.0001473822308530808
-0.00017538636399297552
-0.0001544433895048967
-0.00010510379457146068
0.00013731215450476746
0.0001816815225404162
0.00024506859739383864
0.00026980695401543966
0.00011803623110663031
-0.00015170202186803438
-0.00028092447623316434
-0.0001380893301326595
-0.00017430388106485573
0.00014024148854592823
-0.00014847253270633645
0.0001257583620116635
-0.0002331272217398578
0.00020597387502126739
0.0002557907506477708
0.00016879265783346743
0.00012918277475658125
0.00017895994389484636
0.00016033521367333497
0.00013944816131703012
0.00018070424934237748
0.00014574653233073373
-0.00013278017721261254
0.00024279827037240766
-0.0002292362319342805
0.00020840590990014527
-0.00010960696686454298
-0.00013459862622312648
-0.00010209855936806573
-0.0001291808539867419
0.00017000662874680942
0.0001594797800342124
0.00012173655580153971
-0.00023536903275938795
0.00015886926431589853
-0.00015174342968785328
-0.00021734220009019214
0.0001178187635161668
-0.00013853699108383558
0.0001781541196334351
0.000154833282037696
-0.0001280076371416088
0.0002099504632709059
0.00021248091296384629
-0.00013120573307841998
0.00013066920936257237
0.00014981512702569636
-0.00017359466480082624
-0.00012089332311822994
-0.00010675452904332289
0.0001354037542642957
-0.00018818341605856623
-0.00011226070974840076
0.0001960420198858842
0.00011457242872891207
0.000134249333927745
-0.00012912717136804927
-0.0001851301893724976
-0.00011926631882018682
-0.0001492806736279882
0.00016051610038085834
0.00014358022799285995
0.00012768283652684823
0.00018384990121576595
0.00015584119146916462
0.00013473550626412625
0.00013640111640601956
0.00017965875219014138
-0.00011140504474401784
-0.00013329696553152851
0.00016847700231351482
-0.00014228419284419944
-0.0001097427721540995
-0.00014290205006074763
0.00011291092019165485
0.00016703623374180807
-0.00013801333157421026
-0.00011329923311885525
-0.00016680730509448957
0.00012491025444144672
0.000110643307927153
-0.00012953028510322642
0.00016058543074869895
-0.00010969324637258438
-0.00014370078627094936
0.0001243805854780076
0.00013258005920595633
-0.00012473451210847565
0.00016289738576114122
0.00011283777814340989
0.00010910582353989801
-0.00012281366500999633
0.00010056602273311145
0.00010306317861994856
-0.00012170201701357879
-0.00011741735162639416
0.00017130644974532657
-0.000136460851317766
0.00013489941954816323
0.0001446097438833401
0.00011658953092566242
-0.00014023967364232645
0.00011559404631505385
-0.00012178015554281392
-0.00011041365726704239
-0.00013213643402225272
-0.00012238524397908702
-0.00010175842036455475
-0.00011312197845425096
-0.00014798062803685717
0.00011331496455602706
-0.00013699021234460433
-0.00010136165677218832
0.00012513595403324524
-0.00010609736441418889
-0.00011242188670372765
-0.000115817509237627
0.00012851010929557327
-0.00012599303757091174
0.00013645550735661663
0.00010579493964595796
-0.000124385392443168
0.00011064083369001103
-0.00010702020767798434
0.0001083009024758384
-0.00011635988462303807
-0.00013324295642476265
0.00011909871051125457
-0.00010254065624621251
-0.0001180578553006285
-0.00010122952309837992
0.00010580621191023411
0.00011257469195481126
0.00010274078428635291
-0.00011142972823214979
-0.0001224699938916343
-0.00010554035775102726
-0.00011019258513531144
-0.00010004957686852273
-0.00011232823728208307
0.00010053977372502481
0.00010856680134264035
-0.0001186603064691187
0.0001080858087864806
0.00010328685950646696
-0.00010728554167461536
0.00010477359259186273
0.00010080094065405184
0.00011090856053209917
-0.00011413591615028353
0.00010214801762670512
-0.0001086105152600678
-0.00010383647389221139
0.0001003204800539934
0.00010761070377981614
