-0.21010723133287212
0.5504010902948363
0.1579142160738107
0.09814617682897163
0.07212789459023813
0.056062881462144665
0.046274163288599145
-0.04490913382781922
0.04232380381511995
0.03842740727713386
-0.03463640498264608
0.03142980325399593
-0.03036358293800528
0.4876826333892618
-0.32515153087133164
-0.21362834126583283
0.20216498233044528
-0.02990364488315091
-0.08824210065984907
0.10243654491757079
0.11191234312589392
0.10716447219315524
-0.07726339174050216
0.060529057289063874
0.11042375686991975
0.05954407020272751
0.009034522206601057
-0.05355838283408376
-0.06116226406747167
-0.013581009057589494
-0.08915239631158896
-0.02832578582482889
0.032097220305318516
-0.002456810353235531
-0.0127412089875774
0.08891692581009983
-0.05519814263515041
0.020665558538222443
0.017137984348030676
-0.00018194463846627444
0.005433868502152043
-0.10304482262573016
0.0018259241038729244
0.015478144220415968
0.01837342401733932
0.020910179765762555
0.0031299657640551574
0.003911342142850516
-0.022030229503184232
-0.004221283343459372
0.004542209735603629
-0.058478055254697715
-0.0758664308892636
-0.009987386622327952
0.001272261011888626
0.006343287569455594
0.014590326407672164
0.0009301926146601399
0.0014646329332373275
0.01345458510020212
0.018211113015350056
0.009689670557681045
0.06594870883690944
0.05474638892330296
0.011752440437452515
-0.0005045718813106601
0.0010375369298935837
0.0051757626975470735
-0.01389604529828764
0.0003818576723239159
0.01813442250008964
-0.0005414311501758984
-0.020005745229979936
-0.006454142099612501
-0.0004590661918187279
0.0005744142152977107
0.005332032955345743
0.008770490262504314
-0.060390030505991114
-0.048237346062667906
0.012095455918712788
0.005674353206060324
0.004885477398784078
-0.002343448062609976
-0.001784229777866077
0.006183673563230667
0.009643750830878277
-0.01658599913413368
0.0011054328114203774
-0.00898796838543445
-0.002937417209619808
0.0022627216222717533
-0.005096381890439165
0.0008534613336379977
0.06905587679679795
-0.004489878476972171
0.012447180390720139
-0.0101829027746164
0.013223785197102428
-0.004597004763676485
0.00309544285072468
0.002653168807193346
0.017239285868694883
-0.00864509466212939
-0.004334760065378699
0.0030684532095118598
0.00024080224960250382
0.0017654963564591789
-0.00024905374233233097
0.0022444743161841234
0.008695418445992935
-0.007959685615621267
0.006148202387184048
0.06206087185342812
0.0011463050258555961
0.004006289256609658
-0.0007283676675048316
-0.0014215124370253029
-0.0009433145227902623
0.0036430218665395443
0.007938840572121962
-0.016007095333555404
0.005297083166223862
-0.0006462125395364709
0.0017799785475249852
-0.006157505457793098
0.01260419922729314
-0.004348388405776798
-0.005910953656223228
-0.009623926051179118
-0.0018134600369772377
0.0038101894623597614
-0.05484229262785518
-0.009708718884751284
0.003846860685844713
-0.00118270948484821
0.004307841717606239
0.0008738568758818013
-0.0027479146660953054
0.00761206988271894
-0.0011264598396054388
0.013729191369596652
0.00519249463088455
0.00012745935593232115
-0.0035814698202673518
0.00020494064391145722
0.0006177229617580851
-0.00549328075619914
-0.007407281029430951
-0.0050256363895249175
0.0027761307002906813
-0.0010927307064334858
0.006223487020649199
0.02472708726982916
0.04434513509687606
-0.00018752923006400103
0.01170252552314021
-0.005591033760325124
-0.0019801100483615858
0.0006282326640178757
0.0025614236696830657
-0.0005961063131534263
0.0033887435970898164
0.002814971770557742
0.013120308097384509
-0.0013834540944053623
0.004738963948940533
-0.0006492141824082746
0.0034926849882518794
-0.0012727379536101226
0.008177290947260545
0.003201353280822922
-0.0037709109661874804
-0.0029469335092528995
0.0006525330180760829
0.04551318437772032
0.001024963517456841
-0.005882913077927584
0.0027860701219976003
0.00028100378882749014
-0.0023059739031743303
-0.0034423206283743448
0.00013785364631322178
-0.0036736250321913063
-0.012272360950066731
-0.011735255800616394
-0.004536332484609072
-0.0009619639049712274
-0.0004439794129805289
-0.0002194394364384138
-0.00018184879805746806
0.0034167031457315606
-0.0011418620766997698
-0.007253321381287933
0.0037682756780841385
0.001027506693858566
0.001395550489746778
0.0016812802559416466
-0.0009323493965174417
-0.003837038591706816
-0.04124644295438879
0.005710194272215708
0.002965870441552925
-0.0026552819042722988
0.0003462460390190894
0.000269700896822179
-0.0007173422100515824
-0.0004233198162228289
-0.005585915908312587
-0.009259263139071447
-0.004881645609985907
0.00037949519553727895
-0.003475324673274732
-0.00022016142128102387
0.0004146909242839372
0.0015463949091930203
0.0033014165850430805
-0.007367938882452383
0.010805046194652985
0.0025890577840020548
0.000641632554488822
0.0010531356579375033
0.00021921916228377538
-0.0015493563769370488
-0.003261946042258571
-0.003938628267577425
-0.0045024032092144456
-0.037415343353282046
-0.0034783765782241834
0.0009029578835899186
0.0004809861566730681
-0.0008899355956429824
0.0009719979528034689
-0.00396172354190997
0.0031481896710853228
0.009748490677574473
-0.002901459840936649
-0.0006461678074245193
0.0008793404875178545
-0.00223458906117553
0.0030030904132841386
0.0006441716156659293
-0.0051378708196940315
0.002443747385881434
-0.002533488254548166
-0.001298219373968603
0.0005575203199129541
0.0014382860045264506
0.0013387993022732387
-0.0035013381209468225
0.010636002858018261
-0.004127855250416886
0.0016574297063968349
-0.03431130046773029
-0.002826323136718436
0.0006124454928430001
0.0003985198894777862
-0.00012208222529461402
-0.00406065217540473
0.0018661690687078684
0.0005471219089164752
0.0021732588990513897
0.009141203685186328
0.0008848184229855908
0.0008449767023981459
0.0014985284212297879
0.002179385011420547
0.001211478165182497
-0.005348774082164934
-0.00182742621011832
0.0006208127305542198
0.0024927973098810303
0.0012588944297569876
-0.0014235220204538467
0.0009703009117800864
-0.002593369395553347
0.002039382525473496
0.004165001694315778
0.00019454461678536388
-0.00014813483536793467
-0.0010981642865059073
0.0028897677117969913
0.01861859947822147
-0.025362994191813173
0.0021156508899615525
-0.0013667417867893668
0.009723134511161108
0.0025030267916057985
-0.0015180494905288324
-0.0002466810453879765
-0.0032518389786427393
-0.007839454684691308
0.0011581279803341397
-0.00035609481749992837
0.002621978125747933
0.0009382322438625573
-0.0002516673925328542
-0.0015354497829982382
-0.0022107704252210003
0.0045165058569482126
-0.002697530919563306
-0.0010239919992082824
-0.0021763206033349842
-0.0018586015854732693
-0.00022958778623945541
-0.00045114754162182795
-0.00012898292655228187
-0.00383070313576924
-0.0006317756937906436
-0.001118453324655668
-0.0008614299305745391
0.0005955485138791844
-0.0036321010321552836
-0.0004251733080883897
-0.028892948285756496
-0.0011612656135675432
-0.0028817107888878773
0.0002653817358883236
-0.0017430806007006402
-0.0002220474666725166
0.00023797072205996564
-0.00046351295406320286
0.008028316639627602
0.0012666893065802292
0.0031014298467479415
0.008336473877116344
0.0016186360687297592
0.0017797114053232908
0.0002369944813603391
0.0017035787312286027
-0.0005152971786925348
0.00039986490894648025
-0.004839724316802959
-0.0022547257512941063
-0.00035105339308123275
0.000934851333882009
-0.0004664292330009684
0.0029772150681621787
0.0021731996590241623
0.0016880510273067698
0.0013000889059348068
0.002190948579385134
-0.0008307276820903086
-0.007663091091076445
0.025555439301961903
-0.0008260749823530893
0.0027897059285241807
0.0004499725847911213
-0.0005909848930493516
0.0005776288004676151
-0.00017888616874017836
0.000484991044036376
0.002712917213159621
0.007160995989554723
-0.001442009717349635
-0.0019740945038086316
-0.0004183072001658555
-0.000710459311444325
0.0009542249534682144
-0.0008861207204858758
-0.001401217124905421
0.008499829824190073
-0.004241220414613505
0.00037544634471001583
-0.0005297926688530639
-0.0014254494870318516
0.00020816199576647183
0.0004425557570565913
-0.0015617967018268686
-0.0007113459955433206
-0.0008524477568949823
-0.003151623299452999
-0.0020268985299273143
-0.0013496386072528485
0.0003889002782103991
0.0004609687601750335
0.0009082358783718022
-0.002589472187434807
-0.024592113300818192
-0.0012220548668142274
-0.0005638835589638258
-0.0007600524793787951
-0.0004993548958195701
-0.0002995465519179476
0.0002590279421929428
0.0023864459770447386
0.002123041644378264
0.0008850081094897457
0.00665234759380968
0.0006707249225698414
-0.0009160870854714838
0.00041113477263490653
0.0006340755472472563
0.0009710828781723494
-0.0016074915728477204
0.000749552583238985
0.00405360957940835
-0.0009836057968653977
0.001695526293756356
-0.0009170248391727996
0.002529550916405925
-0.003494388632200143
0.00652948372675181
-0.0001735973662965661
0.0031423854937504573
0.0017337502141976417
-0.00039261159669572767
-0.00011016256482510198
0.0003373650865763514
0.0009160527200538108
-0.000906038634355962
0.002234573814591908
-0.0003034175881876125
0.001769370573324115
0.022774660987707366
0.0012522083259713394
0.0010804218135160007
0.0004933434831154767
0.0013672392875001087
-0.001020811999144542
-0.0016002110058738785
-0.0011482138132524902
-0.006137778515014918
0.000772939492538822
-0.00010480982520650758
0.0006027647481735976
0.0001818793643776024
-0.001151795549634197
-0.0014929599591661387
-0.002777175879099001
-0.002682303014520872
0.0013595133738072
-0.0008623052624395006
0.0012868658600439877
0.00044984852704898007
-0.00032020813564650384
-0.0008141260178204305
0.0016952961009877611
-0.0027478872542728624
-0.001009100931522328
0.0008127739004315274
0.002308868090756452
-0.0008307438076306422
0.005375364208419146
0.004268105786497667
0.0006126380740875026
-0.0006593735275807992
-0.0024085660866339444
-0.0006565273276605265
-0.0017322747351616226
0.021074543634325565
0.0010432870208437553
0.0017624835266286966
0.0009619433651717745
0.001755080139221012
0.0001485096900683594
-0.00031708092340264305
-0.002065518694014923
-0.00533470649903479
-0.0007354223182634741
0.0008252585554489635
0.0002152336913523656
-0.0016891981898064885
-0.00042170185252121537
-0.0013109126565787766
-0.0013564135956219661
-0.0006676906791422748
0.003530427675875933
0.00020763853044766375
-0.00043514982069550663
-0.00012426808681378123
0.00036720884138641984
-0.000670925975093407
0.0016511717190773087
0.00037718780418277616
-0.0003340134156695686
0.0026401059532337122
-0.0003903796542796432
-0.0012580024609606894
0.0001693069718298694
0.0020577018159690227
0.0013689300702290038
-0.001240267653914919
0.0007013048415267695
0.0068214230975236385
-0.0014346392190387842
-0.0010851917485194653
0.019642460936215803
-0.00023780529011736988
-0.001596796478329169
-0.00013537579536315533
-0.00026334666483489186
0.0008310169001113835
-0.0003458018548206327
0.00015169563727789254
-0.005386901930518948
-0.0009295721834094913
0.001125138091235889
0.001040267108652896
-0.001357865792946128
-0.00021503685901607758
0.0007684411029623684
0.0017478097196116783
0.002829824635235073
-0.000553801651397544
-0.0003569672073498872
-0.0014723977948680133
-0.00025508458058628764
-0.002397321059090519
-0.0007011839341891312
-0.0004249780679341994
0.0011115077017435978
-0.0010991295016773137
0.0006543991946058864
0.002189851127864765
0.0007617685918044454
-0.0001989010165889355
0.00010814806900471147
0.00036920118071986794
0.00011022718291346492
-0.0007395391786857333
0.0003380653630859746
-0.018438373095282724
0.0007603353340964295
-0.002036062838827359
0.005687142831730401
0.0021355068968988565
-0.0010186345365555374
0.00011584051297708535
-0.0001037761089542046
0.0013117315665215508
-0.0010019161418101982
0.003146328947440002
0.003999800805953771
-0.0009385772103441329
0.0004049292745004975
0.0001835270679501061
-0.0006336502881517115
-0.000234338549533031
-0.00294946195522276
0.0009456715923544381
-0.001383166022630419
-0.00019142240510252852
-0.00015673874172318007
0.0007448065991068903
-0.0008940126244380169
0.0010645684980061815
-0.0022621394164056637
-0.00025379697074733444
0.00021295894233380646
-0.0001412219458362731
0.001242523291738088
0.0006719293841205257
0.0014592794537529648
0.0011113849881202356
-0.00025619177057122826
-0.0014100578175386545
0.0005727565703085658
-0.0013945715328674024
0.017118377448388435
0.0011976638186699912
0.00031442386816116783
-0.0009327990146755523
0.0012754301747926109
-0.0006514409367667111
0.0006441031936455945
0.0019757536801026957
-0.005473342484746078
0.0018374239533637876
-0.004651192347484229
0.00012486306133753074
0.00020071018557839629
0.00014284677596431125
-0.0004955843618118233
-0.0005501258272691199
-0.002899443820747487
-0.00024792394095532043
-0.0012346473082203006
0.0008433903356674212
0.0010391182479163037
-0.00044308101886658094
-0.002063451408010203
0.000664526962346969
0.0004590810214545138
-0.0001358134122998751
-0.0002627117991816331
-0.0009490376413450463
-0.0007427776106170235
-0.00011807937074328027
0.001662332966516641
-0.0005139972008971829
-0.00012737515089874735
-0.0001714610249885093
-0.0008979511614417284
-0.000973117734199286
-0.00016490015429645267
0.0013380356135056402
0.00030142704900399455
0.016075321634239623
-0.0008548229219886436
-0.000670836366040918
0.0004951633954087447
-0.0001469820035903032
-0.0006289178134611989
0.001176004307195945
0.000520196423975442
0.0002665469155298114
-0.0004635206577542646
0.004434807919731661
0.0019327336576026172
0.005263855555248923
0.000266085946343521
-0.00013348697762314717
0.000821100336510831
0.0012608562425323476
-0.002706077725025882
-0.0009117492476258888
0.000791985701696086
0.00021444024391796226
0.000377192090361804
0.00017158981818072091
0.0005493486117327618
0.0019450473188810378
0.0009934598088892639
-0.0004940161106157778
0.0006131288348674548
0.001534743993332027
-0.000801963334945138
0.00018682376750258194
0.0007644020597980059
-0.0012829129561941373
0.0007003716673222325
0.0007914905170752673
-0.0003649601524722831
-0.01495869037286964
0.0018184552790114564
0.00044280138507680545
-0.0006423433018283968
0.001188428333231069
0.00028379825460790267
-0.00012354250107184223
-0.00020890464671773188
0.00047212336311809226
-0.004127429958716774
0.00025860828243989646
0.0006977431616465275
-0.0005287771383094857
0.00076787728617466
-0.00044841570294311325
-0.0008665825393964753
-0.0010535858249939942
0.00012457936958763636
-0.005065495111560468
-0.0017778707317377968
0.002454517329255146
-0.00015931887818419714
0.00019009902768850597
0.0006848269360253168
0.001820428643296974
0.00016390606437752313
-0.0010405874746883786
0.0006656108284128917
-0.0008094777829997901
-0.0014535212407067561
0.00019309543873462194
0.0005924993180354311
-0.0003101313560435597
-0.0012152234261773157
-0.0004177393960306092
0.0007855139722880436
0.0002679103276615536
0.00045438074963014767
0.0070742646086881565
-0.012273382170765977
0.0001342340844242192
0.001083847362226924
0.0004914115324083371
-0.0005994376132030914
0.00012564707959094706
-0.00045450510909787864
0.0005910653073145779
-0.0037919295060073873
-0.0007851918582792126
0.00048800257178842024
0.0008004456780176383
0.0010642190366619234
0.00023006523943629024
0.00033595651661636096
0.00013446903787883973
0.002316894861593796
0.0009752089889762767
-0.00011580344399702058
-0.0038348689595563445
-0.002795445376746957
0.00043601743924506965
-0.0015451838953867319
-0.0002528419525757664
-0.001770311638535209
-0.0009369698170406023
0.0006316056689818724
0.0004621053973645969
0.0007026221383229673
0.0005476956437640259
0.0013671210732577118
0.0003887312546024085
0.00015891411695782118
0.00022467200512366037
0.0008338952407372205
0.0011305591004179038
-0.0004640446479715117
-0.00011295907048622688
-0.013212554595745803
0.0019133554811341807
0.0004571798949025274
-0.001000517630933777
-0.00033984815646202147
0.00012909186968066756
0.00010356443804591484
-0.0007643350267951007
-0.0014579962070911487
-0.00333757559491574
0.0006280016822941569
0.0008796947867273899
-0.0005347537008534078
-0.0002290042363225999
0.0002143988258188499
-0.002244032913425724
0.0003692463207992755
0.00030110168536550324
-0.0003744710784074355
0.0005627937412175111
-0.0002733267095975427
0.0002579688338906386
0.00017326839398951397
0.0009424208443212203
-0.0007627344844478711
-0.0017835897908621548
-0.00017103225820256612
0.001239067181408722
-0.0045641077058038385
0.00015260842359337282
-0.00013216554764269048
-0.0008026725194541316
0.0010042130582693222
0.00018113364055949736
0.00020510588272192227
0.00018403141073455032
-0.0003319048901742442
0.00019946221622930873
-0.0007947503206322804
-0.0010562647970576954
-0.0005361899301608344
-0.0006381684410059321
0.00018934940221958655
0.00025234229616072145
-0.0010405026932062012
-0.0005206315250733865
-0.012546647340918315
-0.0005048990810948697
0.0006639710834909394
0.0003016510560995662
-0.0002915732474600527
0.0001892413418958206
0.00014036772752876653
0.0034466030904290934
-0.0009239880737004319
-0.00013255184290051868
0.00020117343082959996
0.0001950100052991156
0.00038482836249086467
-0.0005228766802747921
0.0021092429598157966
-0.00027499551488328325
-0.00036550086706386493
-0.00048325368998189443
0.0002666952996490738
-0.0008543995415122112
-0.0006453668621222962
0.0015588950345166
-0.00015191313308517647
0.00044984214766838245
0.0008057629837585135
0.0005647693045289827
-0.0008710724972770927
0.004256375010437538
-0.0007198782788058229
0.0004907956745584726
0.0011541291218691808
-0.00025616766572686487
0.0007734337375422613
-0.0002757757519653657
-0.0005443315628061231
0.0009902557282666458
-0.0005907485373854293
-0.0003822692225978822
0.00022357432718785015
0.0003551180899411964
-0.0009764505116973695
-0.00014878183797829966
0.011849166296971582
0.0007255136272266528
0.00011448248913197533
-0.00019889934695303433
-0.00020706710886688685
0.00027134145704474556
-0.0009234878505225393
-0.0032380853495113213
0.00039166157470363577
0.0003695913189823578
0.000497638959192248
-0.00016408721769775006
-0.0011000297899633855
-0.0016757224384416744
0.0002636981433387306
-0.0006043098809046684
-0.0007308864844492343
0.00062897161682048
0.000128095992168016
-0.0014791768997515107
0.00023181001995396455
-0.00023210679004955647
-0.00021648152605427734
0.0002054217659525581
-0.0002401642316791592
0.00018944606631459402
0.00023216919530986825
-0.0011949203171440763
0.0006307577199811569
0.0010768428433677473
0.004154826047976173
0.0004922140106748023
0.00010943611797683211
0.0003688428462722256
-0.00047227864650023813
-0.000274825629351248
0.0009420165967474083
-0.00018962814661363568
-0.0008958056194613024
0.00014728224026114138
-0.00035366519080719364
-0.0006438667215145283
-0.011202105830319027
-0.00019793196035772917
0.00019638326917644506
0.00011864508177462773
0.00041524458469869587
0.0008425254541006866
-0.0005008230690958971
0.0001821194741026785
0.0003591663455146291
0.001032732678242473
-0.00287473831595025
0.00020255911612648437
-0.000331856730090064
-0.0001528327184534349
-0.00013802553494117147
-0.0005453708348234264
-0.00035328513727221145
0.0005129086528491723
0.0018254039315650408
-0.000159444730722688
-0.0007691135847782263
-0.00017634735177663
0.00011394142862113091
-0.0013925051427210854
0.00019722227148649002
-0.00015519878953994544
0.00030309194151506574
-0.00013810190394168256
0.0004118120727259311
-0.00023243365967067856
-0.00041376921155146247
0.0010987778744723337
-0.0006957024359478866
-0.0005321158179353331
0.0004017854556843542
0.0004961652327026575
0.003730069366024998
-0.0004616120187202469
0.0016920941872796554
0.00010698165136991632
-0.00031836630630432895
0.00018661380888597073
-0.0002601848934943314
0.00014926280354419223
-0.000852705449575138
0.0006345470803664691
0.00023159859572055184
0.00023079073329581378
-0.0003332864613069386
-0.010594778502215218
-0.0003094730097111226
0.0004088817072635383
-0.0003567961453766866
-0.00072471080802235
0.0005325670965852365
0.0001565460449382056
0.00013452057674933563
-0.0029050223483694524
0.0003034972722270093
-0.00048614583972320807
-0.00011650566312595409
0.00013702214024623484
-0.0017975409964078805
-0.0007214994324975061
-0.00031950847016484784
-0.00010781558506485145
0.00011355079331969551
0.0004109286528520039
0.0013172524581092696
0.00040438480152390534
0.00015436246420475936
0.00013358360602432623
0.00012549155327104986
-0.0002252024614887041
-0.0006550994330894905
0.00048463677968385094
0.0010219517550264054
0.0003755646988772918
0.00010027726316585368
0.0001335268090778106
0.00011258179890072785
-0.00016673744347607672
0.0002715244999853371
0.0008266576816097561
-0.0003514535477709081
-0.00041184931132164234
0.00042712570027495113
-0.0031491015636226174
-0.002178210637430293
0.00018425223201293432
-0.0005554105746040811
0.0008178941401334078
-0.00041457644713395686
-0.00020421842748790056
0.0001080252832418327
-0.0003008957416226187
-0.00045039689495061344
0.010023308836610692
-0.000688616536470275
-0.0007515103438448963
-0.00014485656492117636
-0.0027528314918091054
-0.00024858403088655806
-0.0005359657282803975
-0.00019320799900810035
-0.00012950075318772728
-0.0006932951246941261
0.0017010038246283103
0.0002002033214080842
0.00033947839826065285
-0.0002644831782023848
0.0003506914306898298
0.0011761534449437438
0.00044587926778868374
0.00032327969194190963
0.00022441061989854783
0.0004617277217336663
0.00011481052697258895
0.00010922910287352114
0.0006193312509047011
0.0001589210179473167
0.0009783113936223471
-0.00012708201834354092
-0.0008152758054433247
-0.00028644779763508277
-0.00038071128401097814
0.0006189455029949412
-0.0004265331457573077
0.000760169259803801
0.003683017543708957
0.0003889770499829056
-0.00027370431008896074
0.00025527403449587994
-0.00022600021996942643
-0.0002437235157051197
-0.00022833884321513017
-0.009254267487147375
-0.002255345039217335
-0.000701526291814267
0.00021994613808696745
-0.0004939885678572763
0.002608860263361344
0.0001269701468750799
-0.00032437752409972964
0.00013288927683225647
-0.0006492060814006304
-0.00039132328754973143
0.00019672367733515007
-0.0015698742647393897
-0.0003584291912149539
0.0003537726907268487
-0.0011926113476226987
0.00031715892464111064
-0.00030881705376403047
-0.0005826117314680271
-0.00013974671644227126
-0.0002587539225689723
0.00010101358732151463
0.0009226667303596061
0.0001625514691986977
-0.00011072770396934015
-0.0003305671645827211
-0.0003121897173388316
0.0007598369884680564
0.00016053963247517368
0.0005534986850884017
-0.0001854630513073683
0.00038384256810851706
0.0007025355838501763
-0.00040653158960644593
0.00022554210958990035
0.00026134444443107137
0.00010803013388796213
-0.0031735439030387653
0.0011584528102156853
-0.0010108798475107657
0.0002454620607172858
0.00033431723332402996
0.000863739130877065
-0.009023826829229477
-0.00012275608933335868
0.0004680519721932939
0.00010566467791079496
0.0003404493639962227
-0.002466479240956567
-0.00027193211228572435
0.00026360940670319005
0.00036789864928840225
0.0006230996138482826
0.0015270114122240587
-0.00015967663766325882
0.00010104860346314806
-0.00022207555731684097
0.00015230943150251205
0.00012084467057344874
-0.00040769338408764796
-0.0011304240657096134
0.0005612505042849225
0.00020336926825419033
-0.0002856831056497453
0.0008130807268479467
-0.00019963569721507193
0.0002715812859167003
-0.00034425425322983185
-0.0007218194240177216
-0.00023563406153396122
0.000141008303368686
0.00018117302888717422
-0.0005143319210081616
0.00037827845278788
-0.00010579724484660583
0.00012826109471511036
0.0006934353729551397
-0.00011020827974661082
-0.00013927167254657258
-0.000168837619783742
0.000274179035771374
-0.0002650180316696623
-0.003058125570723873
-0.0017524053926807948
-0.008562349856045407
0.000371573314104171
0.00045384438400454096
-0.0001135696874358993
0.00023965699819945567
-0.0003283950532565083
0.00017659751512579715
0.002355190490001242
-0.00010686934457058155
0.0005342397009880316
-0.00021983354290157085
-0.00021111828030933834
0.0005250149971729271
-0.0013620385329428403
0.00017782800237402808
-0.0003095001050897497
0.0002733951533414493
0.001073273590158089
-0.0005281708864424123
0.0002768241780376018
0.0002457812376344117
0.00016180286418517457
-0.00021581335264473227
-0.000143886081388728
0.0008606853393060648
-0.0006883590073785467
-0.0002993652006279678
-0.0001377988572639041
0.00023598521031342818
0.00044111236006126185
-0.0002187999086798131
0.00010811520248841977
0.00012265614904794452
-0.0006569294943836033
0.0002525326286573981
0.00021973789315349863
0.0001506872497830962
0.0002554371689357117
-0.0001014055453231595
0.0006242137955176203
0.0004443594312663029
0.00022804703310898357
-0.008250817574856587
-0.0006973934045674936
-0.003003671386441588
-0.00016432706108034497
0.00015930996085992426
0.00014873715807459182
-0.00013576030366858433
-0.002237172583314835
0.0005546028966194949
0.00015085365685166635
-0.00031030696745277267
0.0013961988914730143
-0.00018285578474090965
0.00025269539704331846
0.000500126076272951
0.000995068201286486
-0.00030724038656386655
-0.0003187827320143942
0.0007896974855772366
-0.00012214426173939985
-0.00010479027766891692
-0.00020023248870369159
0.0003427479680207259
-0.0004519924904746156
0.0006567625654161403
-0.00016115122926875242
-0.00010581925816517222
-0.0006239195959360589
-0.00011555559811682447
-0.0002217030072148804
0.0002779916563173669
0.00012104530725941567
-0.0001487454206170846
-0.00021372590793545051
0.0004196689832786779
-0.0006023770707976453
0.0003155805728878688
0.007829560477771792
0.0006654591063711659
0.001321898063914236
0.000630690571845681
0.0013254940986838137
0.0020339900013373155
0.0007311492762020134
-0.00047072467101888477
0.00028890480399026096
0.00047668340800681214
-0.0009495313947848182
-0.0019015444698426873
-0.00010423590406060903
0.000348729544446584
0.0002277216864942782
-0.0013146070415814362
-0.00023414006999632203
-0.00014950600480715748
-0.00027184007114050215
0.00047669246913105347
-0.0009721488460098303
-0.00019064762548908734
0.00011944597868789188
-0.0007588774467562792
0.00032875446135693416
-0.00040393657582973993
0.00013381862571941125
0.0006204377222993512
-0.00022014779843044282
-0.00016386352722090722
0.00023884512169158978
-0.00013499553065253862
0.00041228522908758807
0.00043386151448271675
-0.00020947336011107787
-0.000394318075916171
-0.00026569183157398754
0.00013567427424684067
0.0005712990061876727
0.00015353969886308555
-0.0001243669066803466
-0.007456132298463896
-0.00023741024442661528
-0.00017497469211059702
-0.00017773551998147817
-0.00021018965614517503
-0.00019198606470455603
0.00016083244703011065
-0.0005592430443060482
0.002263670384326403
-0.0018758242207063392
-0.0019790675300285867
0.00022571678564918679
0.00016401950414310487
0.0002880066622170365
-0.0002554736272862521
-0.0011910944785286062
0.0004131510435355318
-0.00014934539653018735
-0.00013183352127511176
-0.00015356832895702048
0.00036650229404972326
-0.00022440540829062272
-0.0009267162136122771
0.00030005637649996016
-0.0007210917786025414
0.00016217881280475774
0.0004071257669849011
0.00021601063694831846
0.0005887374224829586
-0.00018592203613335628
0.00022488884948328148
0.00011239024779094243
0.00013737800031394498
-0.0005681370234080039
0.00016541116923788528
-0.0002694962856472854
0.0003824388597349327
0.00010348453709710296
0.0005345405666093895
-0.00014202358547388125
0.007114491242957494
0.0002851838855349223
0.00021703241128623034
0.00023508398429900065
-0.0005039528155914746
0.00020791479007454253
0.00036644348726964563
-0.00010642288707047628
0.002004445808528632
0.0027357029944842593
0.00029399943091103475
0.00020672279861241923
0.0001122048127985183
-0.0011969986244343418
0.0004239812982226111
0.00015000508075550882
0.0008803887920206338
0.00028967905194853834
-0.00018984459559666755
0.0006618822661365647
-0.00021576091600969955
0.00018117341204287545
0.0003783683283086011
-0.00010487994271832991
0.00023515893362827616
0.0005642934455366529
-0.00016067692073708603
0.0001260053669557956
-0.0005405872476323349
-0.00026845286541027455
0.0003533151751419621
-0.0005126416765848179
-0.00020254310657825654
-0.0002083334519156808
0.00013670666551869617
0.0001980727179196551
-0.00679862447357094
0.0004683573525314436
-0.00031781587611707385
0.00022592487191802868
0.00015547949996993587
-0.00012766867237813846
0.0018863601033670251
0.00019458211333830578
0.00018555766969437194
-0.0003345431051802869
-0.00031130432883248065
-0.0004396477758103876
-0.0021882551481607155
0.0013911092810385392
0.0011214469350459776
0.00029033065784041316
0.0002721000928644903
-0.00012131504546989636
0.00024339655575520157
0.0008100336197668285
-0.00027901941602492944
-0.00018284030268215295
-0.00019236866025576003
-0.0006523360901168571
-0.00038411660523668585
0.00018203039372741075
0.000538214608952566
-0.0002410537919545129
0.0005195281577135727
0.00011929744522282872
0.0003368566350644647
0.00017656460219192606
-0.00048663306532375133
0.00014338965842664844
0.0002201704586214166
-0.006493956096181189
0.0001359330307413772
-0.0002195145377166361
0.00029798296226995466
0.00013019679898280682
-0.00045066279002701224
-0.00032076676244667383
0.00015822362082356707
-0.0017939024493488854
0.0001326053902433188
-0.00011285744704549887
0.0001000125235082509
0.00012676102872762922
-0.0001438070359356043
-0.0004663971757362078
0.0003363170550663059
-0.0012512188568223157
0.0024272476871495443
0.00044460891481325914
0.00023110995610374437
0.0008061328742573903
0.00019737748289801578
-0.0002938590078918066
0.00018261693119655937
0.0006271729201975213
0.00011115192668283909
-0.0005119268278898131
0.00023613846271514077
0.0004899847547330407
-0.00013799893717746662
-0.00021976864171803333
0.0002507167953071995
-0.00015637344626353284
0.00018027665348745587
-0.00046769793134499965
0.0001508051182599479
-0.00019290514838394301
0.0002818046421954653
-0.00035817707566472584
0.006223956216092174
-0.0016108828146403629
0.0005918088608713916
-0.00013008538967346903
-0.0001702326055251957
0.00010893689621823132
-0.00018100373954423708
-0.00011487845411021435
-0.0001328282926301034
-0.00040009680514335825
-0.00017640182439950672
0.0010455794651201683
0.0003721689336920375
-0.00033599187756197014
0.0009241461274659313
-0.0016611887877848446
0.0013165504396004763
-0.0006731122536812715
0.00030464872847141657
0.00020429264242400705
0.00011776583126133134
0.00015696447319940178
-0.00013049976775774932
-0.0007483080067273539
-0.00032447268981672736
-0.0005876136923001451
-0.00011760270651214614
0.0004019213211614529
0.000263445659736077
0.00021404349197484926
-0.00013320257109754986
-0.00014641967864358163
0.00026969148943641085
0.00047683058192254734
0.0001440540486488563
0.00017861955708105932
0.00016215537330793657
0.0004403906824866229
-0.00018791110777119515
-0.00023940291197434586
0.00019534587219279852
-0.00014828007008886072
0.00036899076761458683
0.005953745728601199
-0.00021296792287958715
0.00012176858857745985
-0.00016496941373094707
-0.00017457270499878248
0.001648280687672525
0.0003699287911662945
-0.00010055222680163937
-0.00024713405249899916
0.0009397752233092909
-0.0004027050946255646
-0.00014467030168949024
-0.00036722317973007584
-0.00033355972267473975
-0.00016115758931796199
-0.00034523149593308224
-0.002313501305465007
-0.0006551210055915558
-0.0001667507377904275
-0.00016374340830488523
0.0002808974385146155
0.0005605998724373207
-0.00013187417477952132
0.00010752144340111455
0.00020590779286748517
-0.0004662655957294911
0.0001343399624920106
-0.0001781971806320251
-0.00011980428992042462
0.0002631132684183027
-0.00044959698230111325
-0.0004291442683331938
0.00020116362596787264
0.00027085317635077756
-0.0001546090982252141
-0.0003882319303545572
0.0003905198211038182
0.00569400911794398
-0.00016025885950566587
-0.0015724804010112871
-0.0002462223315019695
0.00024087646746110463
0.00027096766895231503
-0.00026743298134252104
-0.0009483647583288726
0.00026813853710850525
-0.00014893439536510793
-0.0002653683706878044
0.00026111175414590785
-0.0008114194427698988
-0.00027064900231407865
-0.0020610675973623672
0.0003479328113911305
-0.0007233470530708858
-0.00021857980448834066
0.0005334904117782687
0.00021526512680117814
-0.00044034981232114046
0.00016536901658482692
-0.0002566541410158492
0.00043404773758472785
-0.00012632366243835514
-0.00038990475348565874
-0.00018234668758246552
-0.00012834114394270863
0.0001428988458360955
-0.0002463937335090645
0.0001414415827590576
0.0003318883918280925
0.00019924980451208982
0.0001085918172666477
-0.005446239202014285
0.0004667200967993598
0.0001112158461355332
-0.0001274462143564073
0.001490350908544687
-0.0002046665616606356
0.0004930979882970905
-0.00014756463427382106
0.0009360109918549342
0.00017097457561038193
0.00011534778247119525
-0.00014718760430067098
0.0001729636219457906
-0.000185913593691808
0.0006934466967476789
0.0005159784841300035
-0.00044057593308375036
0.002013262919862819
0.0005746299063192596
-0.00011394353642323639
0.00027560671783507243
-0.0004765806881442148
-0.00010385464846564934
-0.0001153925892834903
-0.00011377798422619061
0.00042719149863293534
-0.0002339137587573785
0.00010674406015209706
-0.00011016380630667424
0.00037782355256167107
0.00021993149874204992
0.00010066955228167067
-0.0004033944656790461
0.00023700777344421215
-0.00011672517562727147
0.00017069569045243728
0.0003523087238686877
-0.0001511231335228426
0.005237653396482838
0.0001121012582987987
0.00018800803611977057
0.00028808901604650294
0.00017172135843961943
0.00030999968807710596
-0.0014471155708073234
0.00012741186630499412
-0.00015337691922540035
0.0001538759970730356
0.00017965385387885756
-0.0008802162150379987
0.0002007196911945521
-0.00020381207224615973
-0.0002944896350020453
0.000670879183727043
-0.00019965812176267112
-0.0001290189216171378
-0.00022792653000808073
-0.0001759791278404905
0.00011998933558624348
-0.0003964296969784326
-0.00031522195970933915
0.0007617557744556312
0.0015376150174377348
0.0011587281025863053
0.00010132119048776581
0.000292034507525918
0.00018057840214598514
0.0003580036263527168
-0.00018352821846029515
0.0001792488082470582
-0.0004060472247119526
0.00011249337392465642
-0.00015020515717769647
0.00012906506378000616
0.0002648174597342022
-0.000258025637313188
-0.00012435394296722954
-0.000198120052378195
0.00013671554787679624
-0.00031775022519953675
-0.0002999592500226104
0.00022342223746172165
0.004949466243586569
0.0007503035810793288
0.00010237883512057305
0.00023777420545817893
-0.0001729308543298189
0.0002703285503319119
0.00016053410902410785
-0.00023442274461009626
0.0007270603896009256
-0.0010851639050928807
-0.000452383625911516
0.00011577415694700962
-0.00015777695083175525
0.0001508877315059358
0.00022118937991557095
0.0004785740351476436
-0.0007688455466848513
0.00020407929292161147
-0.00018898168171961472
-0.00013752214920579903
0.0004613078175997724
-0.00036569901247449
-0.00047982636945691665
-0.0003189142895646027
-0.0002757223539122785
-0.0003328826880125724
-0.0005359654418566153
0.00021596748417114368
0.00149283973910597
-0.0009585353314908769
0.0005689354645474707
0.0004755029509529096
-0.0003645082049225008
0.0002115008626713972
-0.00031826435466583323
-0.00035836200052657063
0.00019033225760351814
-0.00013142238162389472
0.0003514601117749562
-0.00016904755215582903
-0.00013119030931527678
0.0003213350853592952
-0.00013738205205412766
-0.00016791887403526766
0.00010266835855429303
0.000577298106970615
-0.004774860570698674
-0.000377162281487625
-0.00020498986396856925
-0.0002916217193009154
-0.0002514578016521886
-0.00023675357744959994
0.00034049829440697
0.0003426640539176648
0.00012766883268646806
-0.0003672702819651054
-0.0012559481527546798
0.0008203761867719465
-0.0002768311227408365
-0.00021627548525415068
-0.00035647398243537437
-0.0001022378036961572
0.00011073545282374556
0.0006182601876616349
-0.00013971308098253448
-0.00038096678351760984
-0.0002315905422813586
0.0001056053358795856
0.00014318807977879656
0.0003916137980885705
0.00011916211900377813
0.00028363629666446847
0.00011524946073155571
-0.00038102119184814105
0.0004489251390860037
-0.0017272087625623345
0.0004188457359787988
0.0004623325763428477
-0.00013840393651412644
-0.0001423662376911816
0.0003220861982450469
0.0001177473522836452
-0.00013344947090810212
0.00013359871889307874
-0.0002745597076581025
-0.00016983495105040689
0.00025489371211652787
-0.00017966998418445022
0.00015587896504550705
0.00029946515302087696
0.0002565818649575724
-0.0003333132922913865
0.00014329546055700675
-0.00014699355278836258
-0.0004520112435973393
0.0003652342213705929
0.0015433841589946509
0.003005471180803179
-0.00243397247775754
-0.0017083399614297935
0.00016239552894012832
-0.00047541133677673526
-0.0001651155532285622
-0.00039568837146980223
0.0005527454130384352
-0.0012725499853978289
0.0002030357828624491
0.00011910533726584231
0.0005131643225962318
0.00047622682900873395
0.0001586397443291904
-0.00036716237276652336
0.00035128130916081023
0.0001512889511273665
-0.00043482720535916716
0.00012561602139067222
-0.00037294397235034123
0.0001731765676473825
0.0001165698477071895
-0.00034724513608636607
0.00039116741161433907
0.00010459443948768093
0.00024627123456293
-0.00024713669892334944
0.00012149700382676419
0.00036498698417495185
-0.0003274670425122029
0.0007513598976814251
-0.0012258329083017169
0.0009672796551425131
-0.00040221816524326474
0.0001387597327782144
0.0002591619040585738
0.00014653781221340458
-0.00033095647648558876
0.00016847372254727834
0.00018413040378726937
-0.0002287294690004213
-0.0001778345538299248
0.00011782479492656082
0.0003099462203719995
0.00019028979435132534
0.00016638812496876196
0.0005287526894437544
0.0002234551253302258
0.00013944960887709608
0.00023330730271699815
0.00019184385340914503
-0.0002675862246520014
0.003941185371068793
-0.000190953233341214
-0.0014272880275243564
-0.0005110844264226617
0.0004381005511989071
0.0008950408755042279
0.000502546023253323
-0.00013382042391296906
-0.00040596836999652033
0.0009102391287598107
0.0006376201114113125
0.00012931295744590012
0.0002185672755293794
-0.00020360473777729834
0.00039536466780119395
0.00011839118117716196
0.0006601488561699331
0.00034757489965687
-0.00010217995895074253
-0.00013000488207822928
-0.00023131219641211588
-0.0003253254541115683
-0.00020181868710890573
-0.0003978787838596899
0.0001100580532823327
0.00019737411524639625
-0.00012081927952994528
-0.00011824080798541023
0.00041980971913816925
-0.00022301945134074492
-0.00015450357192168577
0.00010864245901306232
-0.00020869003990858296
0.0002171796182002904
0.0003521084606527927
0.0002499552530211215
0.0005459299428253394
-0.0004048175435336952
-0.0011471823914563578
-0.0010659185774359204
-0.0004070543700325901
-0.00022599940767088642
-0.00019426726217481373
-0.0002004959502549755
0.00028170497382298864
0.0001392065088798527
0.0001553886508457795
-0.00016258093413173074
-0.0001290403372008103
-0.00016893551299559543
-0.0001611106680505266
0.00018613850328222424
0.0003491757688007771
0.00014522617831593914
0.0002256869349702567
0.00013016317311157912
0.00013553834750304223
0.0008384900716322567
0.0005337813179611539
-0.00012361232418473743
-0.0034367397290412114
-0.0020591564720809346
-0.0006927809549152894
-0.0002694270061956509
-0.00020379203913314397
0.0010015175536433082
-0.0006365315579947979
-0.00038992135714981894
-0.00029667296717706375
-0.00016311343815698104
0.0002544860359195852
-0.00017884642498685298
-0.0002054436878922491
0.00047811984181592144
-0.000176314935027594
-0.00037479229339976676
-0.00039897652332159477
-0.00015473106837739892
-0.0002475088847625754
-0.0002726988370293898
-0.00013805941337106115
-0.0002018645639836947
-0.0004425851585831243
-0.00014510629858076137
-0.00019121559683739364
-0.00038704192247170544
0.000254739196561847
-0.00012125295616992261
-0.00011715788374941199
0.00013227417955694474
0.0003519868496154702
-0.0001337875937149957
-0.00020951917517255924
0.00027983641710987376
-0.00026616031875725544
0.0003418774033897215
-0.00063718740044377
-0.0014952936767289409
-0.0001441175062140986
-0.00017774851897692554
-0.00013224351317363576
0.00016232935080843244
-0.000303599856754746
0.00023427703511160112
-0.00014829143123172735
0.00017475586290580867
0.00027084229223468896
0.0001496535498827498
0.0003953454083545124
0.00019273246191486463
0.0006500841404532335
0.00041493587229652967
-0.00035749999209584347
0.0026927065798035697
0.00013391066600725496
0.0027396697210887266
0.00010053058765456141
0.0010207582419314218
-0.00018908688937670662
-0.0007124402757970205
0.0007414246652828093
-0.00012473070108650797
0.000263116490973311
0.00014631259862772514
0.00019541846363973437
-0.00019096950128252925
-0.0002140194814201963
0.0002946578998851097
-0.000228493050188327
0.00020510066023763415
0.0006472348664310574
0.00013630511621118006
0.0003140221550101238
-0.00017218887453077414
0.00042606908084751553
0.0003594914586521956
0.00023169902627410676
0.00022226186777068397
0.00013628362826897554
0.0002452648184431285
0.00021014609387121023
-0.00011676988911055517
-0.00014685550183722392
0.0003621977513194344
-0.00010192270564448709
-0.0002763740030353571
0.00033351542245592977
0.0015609003459691841
0.0002461828710753175
-0.00019794744946562937
0.00026806299354321483
0.00010703850674265623
0.00017828825636475505
0.0003145314584651091
0.00012793194701369266
0.00017398671677092335
0.00016410852734407446
0.0001536586875837493
0.00022498278645601542
0.0005402630391780237
0.0002673580779935122
0.0037737908569409726
-0.0004867963065931909
0.00023762268744082505
0.0002458870800512246
-0.00024945623064255644
0.00018139837870086774
-0.0004104434802742578
-0.0011504790545955495
-0.000283921275108343
-0.0003041133670213992
-0.0005130302777196025
0.00010526648342740692
0.00017516078996917061
-0.00032305429339448603
0.0002202817610521487
0.00037926758883152263
-0.0002548031936893105
0.00013758507123591841
0.00015449610403316458
-0.00012248899772710734
0.0004089616813636339
0.0002599888009404626
-0.00017244184762039785
0.0001706631684204622
0.00010528716595152238
0.00010194674694532821
0.0001340615117462546
0.00022961310642858127
-0.00022881145337278518
0.000349145631043683
0.0008506251024451823
0.0012758863142486145
0.00011311696618737209
-0.00028177532240146756
0.00010772744330707075
-0.0001636308661943223
-0.0003057795137292765
-0.00011720184299870782
-0.0003546973407466338
-0.0003022984922998194
-0.0004445742407960442
0.00015450732568326583
0.00012019903813047625
-0.0006899045274534942
-0.0036364347300533013
-0.00014157362970550864
-0.00017476713673783244
0.0003169986780662484
-0.0004180105234103446
0.0009228333563848878
-0.00010413903113674927
0.0002531491244505265
-0.00016772042718026824
0.0004438704888426284
0.0005202321684388892
0.00011517441787905533
-0.00022329021233468067
-0.0004733897767397823
-0.00012095015538271273
-0.00028389815226889534
-0.0002645730764580879
0.00020091708345626268
0.00025051817278339125
0.0001917754929313698
-0.00025083323326174255
0.0002741983607487972
0.0002197147557835621
-0.0009697994124637719
0.0009638635601967256
0.00034542981045404265
0.0005438007079803244
-0.00015567388275476327
0.00020921155108401856
-0.00019752865496491969
0.00016378134174685282
0.00023242464816500115
-0.00011217223176375815
-0.00012817204558505842
-0.0006238339895363445
0.0024712165445844535
-0.0003043501764032402
0.00021178048358563303
0.000524144188975538
-0.0023915192983847222
-0.0006243082525067488
-0.000182233467824026
-0.00016016501581872855
-0.0010351724847600108
0.0002670115103503888
0.0005591321473942322
0.0002795561433356972
0.0002721753759203104
-0.00014070662848168972
0.000417404002714233
-0.00017473407761963377
-0.00016120760872182852
-0.0002774211286529184
-0.00010775561049038406
0.0002029611955119157
-0.00021484447151318234
-0.00020599728302737552
0.00010044305076708402
-0.0002014534791001844
0.00010310357854222965
0.0001255460485642757
0.0002225834167146535
-0.00019114949218437146
0.000247637812523663
-0.0002963139296570485
-0.0007623828339897653
-0.0011702332470666266
0.0002617470159028791
-0.00011319353461683148
0.00016356619496142173
-0.00014430500162919502
0.00016356965286880084
-0.0001685146596918881
0.00028288094770608077
-0.003406101354078178
-0.0005538338534787227
0.00016396868630447304
0.0006770636168367407
0.0001285116701450516
-0.00012491186757217484
-0.0007187858820717063
0.0004669212603425572
0.00014603480757520684
-0.00018748339715565454
-0.0005066864984076039
-0.00010175498459564754
-0.00014390798528758617
-0.0002067691874524935
0.0003491626250057702
0.00014712880048243086
-0.0001716605496914446
-0.0001780991978724334
0.00018119111911828612
-0.00015818193429266458
-0.000145814256345191
0.0014097665320245817
-0.00010770508163303506
-0.0001400758596460695
0.0002111416142648375
-0.00011173308998072241
0.00015447617287778242
-0.00012086790544030726
0.002897030386637066
0.0005844765754620793
0.00027365935132499556
0.0001688093184363767
0.0016945914821254711
0.00012863883346858428
0.0006983582779614429
0.0002651167358586049
-0.0001293666649077915
-0.00016387905432832604
0.00028323779037897417
-0.0002843721856577505
-0.0001821518290718666
-0.00022756669845017515
-0.00021036679928393493
-0.00010156021499731533
0.0002241782705965707
-0.0002213531336363661
0.00010573563878843029
-0.0001096232462333212
0.0009789372660063355
0.0009652357539739516
-0.00010130679086912119
-0.00023116650137139228
0.00010003425583261753
-0.0001819938602726936
-0.00012784570522881116
0.0010529319436354686
-0.002996016755041765
-0.00011450333334264541
-0.0003311299363227942
-0.0004783021113404692
-0.00025251798444017316
-0.00018870511932047982
-0.000420132566260541
-0.0004719825064074045
0.0001966279406930615
0.00028772082819774844
0.00023478434784060528
0.00011976757855740911
0.0001103659843386049
0.00027831015519068185
0.00019106971072148685
-0.0011647121807772016
-0.00034673690051014355
0.000244235265013176
0.00010507463503257953
0.00022901197512005354
0.00020688110794751693
-0.0001380874390710111
0.00011881557160960715
-0.0008354525235094685
0.0026196277937132213
0.00017985792312149698
-0.00023423288075031785
-0.0011080347862177028
0.0002514636312375028
0.0006128100174416703
0.00014577007485403254
0.00013756199739777263
0.0004268277288099146
0.00013933145901247457
0.00028663797194934735
0.0001079645629078599
-0.0001119508500966854
0.00025392255550538205
0.0002599483037966898
-0.0002459179354991478
0.00013003089895006657
-0.0001922522319636247
-0.00011554695743594106
0.00011728746032998655
0.00019391026187074722
-0.0026062523339763378
0.0008042221499561958
0.0001617592019719729
-0.0004847653975530595
0.0001300638039564787
-0.00035447271582115993
0.00012250524315423396
-0.00011410647956561418
-0.00025485702920193985
0.00023260621596372667
-0.00015052954458789393
-0.00010892841722142001
0.00021767522481591384
0.00013916246983917724
0.00016257541600658634
0.00012368403483125026
0.0001867591256607318
-0.00017248521087058537
-0.00010021524025049287
-0.00010827589882984661
-0.0001069907965638409
-0.00013337514535353276
0.00012360446323266837
-0.000110831680146967
-0.00010125523784637125
-0.00010218652357432264
0.00010150492742879866
-0.00010450302276527605
-0.00010627498965379933
-0.00010460935010270334
0.00010654847986384682
-0.0001074451651844965
0.00011174217216811206
0.00011086786542279776
0.00010256418506319528
0.00011482139044313194
0.0001139700583788812
0.00011772517968564793
0.00011572011652765491
0.00011117510878015899
-0.00010238988087265378
-0.00010723609030506861
-0.00014148408134970512
0.00010456993767243581
-0.00018172005817718073
-0.0002070545436103831
0.00014489924960349988
-0.00018709414576337024
-0.00023184033069837182
0.00016992653944879332
