0.9850043939942765
-0.12422893064469938
0.07264664441692588
0.044838654925882286
-0.040418407759975385
-0.028104610776835393
-0.010707477174270789
-0.025516623906970026
0.02681664704545494
-0.01566984208385266
-0.002822521926778388
0.01840250658993847
0.008768234304846228
0.020966247645952046
0.0017528605577877723
-0.00015990425909737487
-0.0002756588873471581
0.01201846357342571
0.016777827869722164
-0.005034243102283463
0.006929346053518884
-0.007355647817269535
0.006081992980428842
-0.006251590192848239
0.006133685573053132
-0.0013184822057608217
-0.009124473198974638
0.009868682207406443
0.0026968258608265103
0.0002831571753579915
-0.0008482023770317509
0.00017039021651351247
-0.005280220820409518
-0.010138562654095178
-0.0034328768387612172
0.01103044462332859
0.0004620477639594349
-0.0006844510338300554
-0.0003907500531781536
-0.0030475442700060805
-0.00022944313822002952
0.0002825158902537288
-0.010821875337329078
-0.00882951542955175
-0.0005028602407384269
-0.0004372102517814842
0.0008994591541800248
-0.00046743853233253865
-0.0010278705679062875
0.00284426638988665
0.0006338484203260241
-0.00011027175558871492
-0.00032350382175945784
-0.0011198766183830983
-0.009507209793530466
-0.0007139914596828086
-0.0030041223587128608
0.006540195396524177
-0.000779974051094064
0.0026441678200419517
0.00016595037777953565
0.0002692895729644758
-0.0007542785857318901
0.0020141326645556367
0.008227791022076936
0.00013689688968841185
-0.005852531463669837
-0.00027751735801749073
-0.0007055322329863275
-0.0005110248442015957
0.0006815875231597887
-0.0022230477326916284
0.0002985791274253994
-0.0006991221527917431
-0.00021510852966763526
-0.00011916419813782795
0.0005966720130511736
0.00040773447190033964
-0.007416528789266337
-0.0007217675578569463
0.0007222559725358769
0.00029018486433771715
-0.004788765547301697
-0.0003491674953014214
0.0002687416896011406
0.0020622506625391506
0.0002463842104652795
-0.0001658420928914328
-0.0001732722007946843
0.0006519301257742329
-0.0001512324167968428
-0.00015871452069773226
0.00015526897114191668
0.0005473148324986892
-0.006476867458666206
0.00042967213570028784
0.0005537834319142103
0.001340604644915702
0.003958113405992937
-0.00025972182411886064
0.00011732261667911287
0.00032998489548738245
0.00018106518255644452
-0.0018268878497332806
-0.0001525858834442852
-0.0005639067572493683
-0.00018055372540392222
0.000516936919230612
0.00019012997000483447
-0.005924732768847275
-0.00025594504317461166
-0.0032836232410236436
0.00035605791860866874
-0.00019847401353016562
-0.0004694231400674989
0.0015413081864127916
0.00011672670527973887
-0.00019799177508902173
-0.0004598015854955594
0.000196921192764493
0.00010440388821459504
0.00031351166499293034
0.00036688094963640487
0.00012123512406094258
-0.005297127482906047
-0.00012622549193595163
0.0007486118872009303
-0.002677507341502664
0.00016145349293637877
-0.00011542348489566836
0.00024035743251105124
0.00016485579409680317
-0.00024883725716252745
-0.0013741280549938563
-0.00046715450876515723
0.00010149830900075063
-0.00013915594693228475
0.00042392173205811954
-0.00015993501168576734
0.0002682438997772561
-0.0047495349737805915
0.0003337674491968865
0.0022829297486447833
0.000497132754191066
0.00026003995925476015
0.001242860333744971
-0.00015363431103039722
0.0003889014295931644
0.00013478386426456023
0.00034929289367069936
0.00016956435900383432
0.0001516835966513348
-0.0001912590264093964
0.0001351597655436545
-0.0042916100146561135
-0.00010677837716077306
-0.0020008634344780545
-0.00011946705433241227
0.00012636465862821966
-0.00012125390702452233
-0.0011001015098674137
-0.00032851439049094743
-0.0001386373262674925
-0.0003554489116950656
0.00014202188632612603
-0.00017953995979811232
0.00020924871553618555
0.0038686750199541345
-0.00041222174093288546
0.0017003912397493498
-0.0001433477169033398
-0.0001124671741503619
0.00012854786880343318
-0.0009884691006939751
0.0002985329220270829
0.0003203050015381247
0.00013127569296056063
-0.00016952483310356617
0.00011958026057498839
-0.002144733299957854
0.002818387124206326
0.0014666202627067395
-0.00013186908041831763
-0.00023671576665197118
0.0001497828512406493
0.0008464188223683688
-0.00026080326252383946
-0.00029718640354191593
-0.00011574849975984663
0.00015913695882887452
0.003232877581174499
0.0012350182001465307
0.000326325111929313
0.00012129687322038124
-0.0007977017273753247
-0.0002392986134551012
0.0002641020980618169
0.00011047460035731341
0.00014750208267290063
-0.002959630103530608
0.0011114352295068651
-0.00010730075423922403
-0.00010254480975387773
0.0007165869584162267
0.00020745857562935448
0.00024361092928580793
0.0001301169815585622
-0.0016116115496951954
0.002181736592851575
-0.00016159561963142294
0.0009726217810209629
0.00011993783754492781
-0.0006546070244176905
-0.00018356247763122755
0.00022214567675834542
-0.00012426122840143188
-0.002499930267050352
0.00015237146351622304
0.0001091721213321436
0.0008520073297520045
-0.000598938999478516
-0.00016341737052767287
-0.00020632574471389682
-0.00011387388683493562
0.00011575797475614686
-0.002309107117166477
-0.0001512244100405286
-0.0007595486383946865
-0.00022316826897385538
0.0004949788521326041
-0.00014616022751161382
0.00016458192717545053
-0.00011104505363190182
0.002142807288084896
0.00012109713671915005
-0.0006667721046403118
0.000501203606308775
-0.00013237332749459243
-0.00017577897431728616
-0.0019929932569507343
0.0006027643417784496
-0.0004624217914381293
0.00011859584094167639
-0.00016156137710889102
0.001855291355333395
0.0005410738179063988
-0.00042846352852919905
-0.00010672550546893414
0.00015026781290409526
-0.0017318394567828316
0.0004867402757144988
0.0003956982536052427
-0.00014062409400049548
0.001607725980408614
0.00018551497363024328
0.0004390516743084926
-0.000369703658888704
-0.00013059780689628266
0.0015184796626974701
-0.0003979701428385947
0.00034369248419540603
0.00012266471129593592
-0.0014267884696176944
0.0003612993327612249
0.0003201640765445784
0.0001145229470436054
0.001340824992484915
-0.0003289117766942137
0.00029914018007727653
0.00010692510576092836
0.001263235820226889
-0.0003003704174368432
0.0002820474446131808
-0.001191820363020807
0.0002553549926394965
0.0001059787028056945
0.0002651479761415733
-0.00010120090922733366
-0.001125978365579133
0.0002514702020877834
0.00024916272719129534
-0.00011149437395386471
0.0010663652275852058
0.0002324263391374297
0.00023508141898568482
-0.001011124430114893
0.0002142368745508521
0.00022226036165681257
0.00011487064078902341
0.0009589870950008141
0.00019741820098459373
0.00020776342705957571
-0.00012105514402889707
0.0009122501187812315
-0.0001831374397848437
0.0001991676499340691
-0.0008683523406931272
0.00016972284970810075
-0.00018310514846980975
0.00012642825640034024
0.0008268048012872492
-0.00015766069187714006
-0.000179665968536029
-0.0001285064628925795
0.0007884335168119192
-0.00014633681181353236
0.00017073745246008414
0.00013376363971855074
-0.000752293275989222
0.0001370413249017674
0.000162837765063562
-0.00010125667841773314
0.0001021579910053398
-0.0007199872259455506
-0.00012790736031156972
-0.00015520897929051505
0.00013704816486021057
-0.0006888510891568986
0.00011975267709054052
-0.00010412624138515695
0.00010444562315872305
0.00014814268208815357
-0.00013926422994086797
0.00010013489714456303
0.0006519754475024106
0.00011223408720019004
-0.0001417657108086087
-0.00010576850984905143
0.00010734590085114048
-0.0006320610424516799
-0.00010555982646041822
-0.00011860806285892743
-0.00010808614158682016
0.00010970784802953413
-0.0006060976996405726
0.000129388599995861
-0.00014674537339284485
-0.0005809480148991844
0.00012388820743497605
0.00010887963056590121
0.0001121254653803117
-0.00015013671501522464
-0.0005587895884579853
-0.0001183714130901663
0.00011156376586863787
0.00011456786353061052
0.0005369709968828879
-0.00011310842298601818
0.00014938078014436448
0.0005019387375611275
0.00011708478230326136
-0.0001299476965301591
-0.00011627946071635258
0.0001497327890254566
0.0004914587345727244
-0.00012020056019413732
0.00011796105016845261
0.00019086810420547277
0.0001003971181438337
-0.0004237195102326393
-0.00016167558202026858
0.0001266616938020445
-0.00011437980640671712
0.0002016693736363988
0.00021112405289602126
-0.00013935790891177964
-0.0001265431813666091
0.0001827300257155117
-0.00011660101080598353
-0.00011517792892143409
-0.00016333646464667008
-0.00041722346569653915
0.0001225091519210188
-0.00012321220390304117
-0.00037476345498225805
-0.00011565344572889173
0.00016226788297405318
0.00011864813229518638
-0.00012564167472575662
-0.00035297816416615386
0.00014106771024651244
0.00013992303452223484
-0.00016825895943536147
0.00014104876526411112
-0.000248406716784823
0.00017596787254216132
0.00015979676513673254
0.00012718600808530667
0.00012683031393119745
-0.00017097188435476882
-0.0002495360730666706
-0.00010346648708090213
0.00023887090788445319
-0.00013375514750912375
0.00012965992235354062
-0.0001510396898580486
0.0002721869899861314
0.0001320166515819756
-0.00011414349488897761
-0.00017337791046477904
0.00013316480707706885
-0.00013407929082732902
-0.0003532723053326501
-0.00017880408233360648
-0.00035289350560254357
0.0001349974477521971
0.0001352163625581421
-0.00029795985536620607
0.0001828996725031834
-0.0001312282417213292
0.00013622942458254187
-0.00013781320267552445
-0.0003358804008783452
0.0001846745156811796
-0.00013999741108639504
0.0001399628666096312
0.00018744341157809127
-0.00014198626110468863
-0.00014257460967231935
-0.0001912707182463049
0.00014561838358713395
-0.00014547452988877523
-0.00019469254101337359
-0.00014715349298441663
0.00014759704358353564
-0.0001929290909932305
0.00015062356948663454
-0.0001506117177827086
0.00020274875598015122
0.0001541088500991692
0.00015381127452663654
0.00020619027997809353
0.00016191179489810626
-0.00015574772783836027
0.0002113324303258951
0.00015984878296910183
0.00015958048698112073
0.00021531119508507942
-0.0001636826263850148
-0.00016304091067197984
0.00021944188101350658
0.00010150217297662438
-0.00016732891715420773
0.00016651639188581963
0.00022432361578676437
-0.00010374687019726468
-0.00017138719748212934
-0.00016972849586858603
0.0002286119656953128
-0.00010563599751691469
-0.00017365508988886742
0.0001736405738146709
-0.00023487625029589083
0.00010798968983587011
0.00017882389040716412
-0.00017795165080049683
0.00024034081734027274
0.00011079576879657622
0.00018402035201981888
-0.0001820780082644248
0.0002465792491733744
0.00011379462802757656
-0.0001900234032804115
0.00018671084531983646
-0.0002526441915405154
0.00011682104899432448
0.00019840979916368776
0.00019212871399910134
-0.0002596463642130851
-0.00012044245298073143
-0.00020685787703733868
-0.00020207053474752544
-0.00029830759770731126
-0.0001712846354136049
-0.00026641221065545255
0.00010300759029921012
0.00033715674520181467
0.0002670767048662655
