-0.9863696977651091
0.1284537032240332
-0.04813932081232647
-0.049815765741856345
-0.034858559290272546
-0.019015464278174597
-0.015460525021616137
0.02771250903977303
0.020696076277890937
0.012034834733821142
0.004467760349137422
0.02130653805758125
-0.007655848982185674
-0.014615622631045683
-0.0068461480404607205
-0.0006868463152208452
-0.001024063989802498
0.01270039626244501
-0.012781228014214758
-0.008403401477766456
-0.008472974715418129
0.006350665167300179
0.0013842537483164912
-0.004320152068997379
0.0029821422080574416
-0.00034634041883124594
0.002090423154115158
0.015817179078438853
-0.0021830586013470363
-0.0004902255387462926
0.0003036460282800446
0.00011588371456784782
-0.00014750909823957122
0.007231741183508484
-0.00284105084218024
0.013258921677122192
-0.0004118299715958562
-0.0005113954202413954
-0.0008258831130225642
-0.002386081888117261
-0.0011314537529160825
0.00028881008541272677
-0.007107605724873475
0.0012174917828075167
-0.01090566202893263
0.00029981189667436636
0.0009309188272656983
-0.000510934583587831
-0.0009064593838962404
0.0026315600695701728
-0.0001824232941723989
0.0004578642408525729
0.00022593504723778782
0.0001181551186216555
-0.006428488061970907
-0.0006697964695418277
0.0008257566686338875
-0.009089037364150983
-0.00046740430214081154
0.0005503650488960386
0.0001619451987168776
0.00035956844450334266
-0.002567448328692861
-0.000355542429728416
-0.0004422883199387312
0.000230412997263049
-0.00015688732470076706
-0.0058105927645769
0.00043386072520343056
0.007590795061119122
-0.0003809487697502191
0.0005458302624149116
-0.0005124703777771515
-0.0010019018929693937
0.002184515128097871
0.0002759603773059255
-0.0004535769063463253
0.00010088576380874881
-0.00017399538864176767
0.000228616605604246
-0.0005004289203697132
0.0007796303931522363
-0.0031392411439499957
-0.004084344947076693
0.0007542380374017784
-0.00636340434694373
-0.0003049749139717783
-0.0002264821881119371
-0.0002174711964723266
0.0021440882152976744
-0.0005029587334512858
-0.00013618876522262225
-0.0004293356310293832
-0.0003626045055537434
-0.0001565765385067936
0.0001284230912265443
-0.00031206138082100427
0.0003925795337033426
0.0045114124679512075
0.0011209200551402171
0.0008856623972601764
0.00020248017345831507
0.005373677253257802
0.00021799434134586087
0.00017502163747678233
0.00032009636116102596
0.000409548968983916
-0.001988782298168455
0.0003897700462394587
-0.0001488995283637494
0.00047652355224892136
-0.00016433390633360697
0.00021181989774498049
0.0002214604318375725
-0.004287852604885268
-0.00038158331003772976
-0.004540710985836169
-0.0004230941417707107
-0.00018120997291682143
0.0004890160161035583
-0.0017471215856942062
-0.0003613011945364357
-0.00019991604869159694
0.00017986548177960585
0.00025236587246757524
-0.00020633001896561154
-0.0004002891174559245
-0.00010742179203091796
-0.003902165410550468
-0.00025381553147074866
0.003893589298952765
0.0001944341019731722
-0.0002885554711327848
-0.00022266567840424645
0.0016254126977409697
-0.00012091461587512305
0.0003457583498101834
0.00010834862099808198
0.00041825028825207054
-0.00010428164675653379
0.00015486196101210673
0.00015319954316549394
0.00012965203570734917
0.0035691771319074977
0.00032485570654833214
-0.0033293421063629765
0.0002259531870911165
-0.0014709030468840806
0.00012597203330995123
0.0003087946534950459
-0.00010112636852871963
0.0002082933909183489
0.0003972856681368196
-0.00010890558762144322
-0.00010268275911547926
-0.00018739093926008408
0.0001714314255369552
0.0032537548607957326
-0.00013274795282702099
-0.0028922195565435913
-0.00017425670019219748
-0.00013824212727356016
0.0002383333358888781
0.00011035490688983361
0.0001672316695982222
0.0013135231348666621
-0.0002840665556368429
0.00037118606268007795
0.00010191275844639195
-0.00015515803975027612
0.00017577113953117605
-0.00238542505464291
-0.0017883195972169244
-0.00034698054645247885
-0.00250532540501574
-0.00015281849806654847
0.00013910202919768311
-0.0012110094581163024
0.00025335563841020114
0.00010692280133394849
-0.0001224562501867494
0.0003451189511743905
-0.00011950645646139835
0.00017279881426506425
-0.00015863889341349177
-0.00015799575633592978
0.0027510352945606283
-0.0021850088472705003
-0.0001603416580545554
0.00019981764935321305
-0.00035978528490794484
0.0010365257380818465
-0.00023120414566541567
0.00032460530130893944
0.00016199198741860408
-0.00254983248032193
0.00029570607609794453
-0.0018992252942673013
-0.0001246643030579758
0.0002536890322552913
-0.0009696963016202383
0.00021555452918312922
-0.0002943130191522015
0.00010539143156524562
0.00015858902888991555
0.0023568048518787946
0.0016919817850459982
0.00010320534545700942
0.0001123125352562222
-0.0009151926181885113
-0.00018686920911597263
0.00026858937643099256
-0.0001418383030281329
0.0021838679594194913
0.00010179702711873181
-0.0014942029395050166
0.00016412375119816738
-0.0008398616369459581
0.00017344830150385382
0.00024057948111583813
-0.00014282503650027233
-0.002019513592948751
-0.00018789946721528688
0.00015039474540129582
-0.0013307245107151912
0.0007731010660747036
-0.00015751372253058245
-0.00024010974762737376
0.0001282358286724585
-0.0001716627074656646
-0.001885979321053015
0.0011868542669799106
-0.0007118689113096144
0.00014299591278969925
-0.00022250645373240156
-0.00012002082817041616
0.001514763809363392
0.0009113453219763132
0.0010636261563823923
0.0006519331428012265
-0.00013327683079962383
0.0002100510343649756
0.00011276439637283941
0.0016493439155610967
0.00010026969776121836
0.0009573221021179209
0.0006053246091607501
-0.00012093662620567548
0.00019060147734772833
-0.00010617559981059539
-0.0015484281979906746
0.000861751744111357
0.0005631594142332015
-0.00010044066938305899
0.00018064537460917994
0.0001006545331637424
-0.0014536269485696473
0.0007798945445495115
0.0005230553436104718
-0.0001587054061989275
0.00013180203688917006
-0.0013460273763575368
0.00020165196637727422
0.0007066900269907534
0.00010535534944633704
0.00047777940865356596
0.00014426200640937524
-0.0012883701259732655
-0.0006435631458993238
0.0004279518204955706
0.0001586401815435808
-0.0001509002415957151
-0.0012109435738703641
-0.00035777997634409543
-0.00046553502078779867
-0.0004239039886062783
0.00010401707214211942
-0.0011473810314430832
-0.0005364325784099719
-0.0003981654037561164
-0.0001320752343010039
-0.0010855164163709654
-0.0004921381506367597
-0.0003739540255264535
0.00012217668423915808
0.0010267088343509756
0.0004529404350759002
-0.0003535210235947422
-0.00011802667143470197
0.0009739628938457886
0.00041220290577645956
0.00033248630477704063
-0.00010983603918523309
-0.0009259139164047583
-0.00038397833539542995
-0.0003141661286313093
-0.00010597162595711469
0.0008796283596747558
0.0003547284846698118
-0.00029692509898310044
0.00010016008548269235
-0.0005163637918833157
0.0006623978652510461
-0.0003282997631184472
0.000275794122415669
-0.0007992682863922601
-0.00030475550279079183
-0.0002662508159508231
-0.0007627933032262589
0.00028307253818118304
0.00024780651612180636
-0.00010653479302306842
-0.0007276093907409279
0.00026345283469002056
-0.00024013765040850946
-0.0001105310938502651
-0.0006953153332399631
0.000245098375276755
0.00022810144969926354
0.00011919767285057444
0.0006637684873052713
0.00022987443031232535
0.00021751568826825892
-0.0006379388910888985
-0.00021497922964905885
-0.00020719572135321303
-0.00012390882732579394
0.0006104774979969111
0.0002016786628261791
0.00019778627124981951
0.00012907091190357553
-0.0005865260506310304
0.00018938670471825686
0.00017700988017002473
-0.00010293544272876157
0.0005626768941738939
-0.00017853033355483982
-0.00017923897223407837
-0.00013523642640342773
-0.0001063805699649963
0.0005400869814400935
0.0001687078939563623
0.00017158909542870716
0.000139648737583431
-0.0005109032426561411
0.00016044630231209418
-0.0001637160301551368
0.0001079416402060333
0.00013950760477132512
0.0005006107590212987
0.0001546145315553416
-0.0001512178433500557
-0.00011481261085437689
0.0004778157465215051
-0.0001507305526161596
-0.0001468606602192933
0.00014933097718138307
-0.00043783419575992694
-0.000121897416657907
0.00015528004273658084
-0.00013684985886277306
-0.00011596725253470012
0.00010887681120572302
0.0001345891164156004
-0.0003484911244339877
0.0002756379793747485
-0.0001378561454465432
0.00010787677907019935
0.00012163684026954927
-0.0002324246352231811
-0.00034356692808990057
-0.00012435229563808134
0.0001607347400097196
-0.0001065337796869314
0.00011796736902554698
0.0001841810696807209
0.00017608884861832513
-0.00014111021414451496
0.00010287919797724833
-0.0001421744442447527
0.0001514166986218587
-0.00012872855823193395
-0.00032917934862421964
-0.00010229193967866584
-0.00012154090000982953
0.00012902995414479853
0.00011860448426533998
-0.0001453807416384817
0.0001236057432449153
-0.00026324992479708826
0.00015503246190695094
0.00013813073753610815
-0.00013314400253989082
0.00012220465232531128
-0.0002683246037884261
0.00012664395986394922
-0.0001442083561884223
-0.0001643854653467133
-0.0001369435273917642
-0.0002523181751548994
0.00015368477398413046
-0.00012024675884849087
0.00011927627095367413
-0.0001768376378816492
-0.00022903528694969327
0.00015130199093358295
0.00018319399655261954
0.00014043831379515815
0.00010930982960109033
0.00015139389217290954
0.00023031228587059368
0.0001801058068074496
-0.0001438705671356519
0.00026755075538811927
0.0001965620963024135
-0.00012374761687771276
-0.00018534835552848757
0.00030979337373479647
-0.00014639623317967387
0.0001234012721976459
-0.00026140675707309925
0.00018966389535362259
-0.00015074492539584393
-0.00013853179090812304
0.0001754579000792825
-0.00024244445521832926
0.00019350998053938202
-0.00015383818362548144
0.00012021719237477285
-0.0001992484931793243
0.00015768147958541027
0.0001415247346357957
-0.00020315562447332342
0.00016170351434557155
-0.0001293309474063173
-0.00020458732115035183
-0.00016505448739972202
-0.00015672785675460157
-0.00021202736083777065
0.00016890602180365686
-0.00014667495321434715
-0.0002179079212876784
-0.0001014314273504684
-0.00017335601310271585
0.0001182463863660623
-0.0002229811802375682
0.00010356097024788139
0.00017705730326621937
0.00016893715287294136
-0.0002283040422892969
-0.00010629009284961573
-0.00018127187662523984
-0.00015956528438446606
0.00023372090586179116
0.00018585764045086264
-0.0001604140562466713
0.00023936583058558567
-0.0001111846310416549
-0.0001906584241520946
-0.00016050704190505977
-0.0002456977050396854
0.00011402623672775958
-0.00019509099416806225
-0.0001732737679466162
0.0002527130498237436
0.00011703042983335495
0.00020022430222062132
-0.0001898568248470241
-0.0002581818495439162
0.00011968355133791818
-0.00020677243875504288
-0.00019490122552994643
-0.00026575442477871615
-0.00012337441465968144
-0.0002110381617160035
-0.00019895238300291412
0.0002741641710447389
-0.0001269795206024819
-0.0002171379522419371
-0.00020548816401529745
-0.0002828467737178761
-0.0001200740408660726
0.00022385269100490726
0.00021596116052542517
0.0002925890173344963
0.00013378541944168742
-0.00023321944514989674
0.00022516170819836514
0.00032736811188323654
0.00010755581142785244
-0.00012864706980955754
-0.00034562750631191057
-0.0003932927470984267
-0.0003161628797653455
