0.7391861683823853
0.2364112978852409
-0.10265417703257577
-0.07549188643763888
-0.1515131700513898
-0.47601757682657686
-0.02268301197391117
-0.15171862415763976
-0.1949153559221792
0.018081747655440152
0.09194277364223324
-0.05641033153291814
-0.11113351723534763
0.007312452368444069
0.062485450340403384
0.03741059398193578
-0.054193561597193504
0.0674075273414035
0.044354655713988
0.008168152944538484
0.030306050993172625
-0.027174378342386687
-0.06580737463575685
-0.0036900936011195896
-0.030427153452343394
0.005825987289924446
0.004464737965966506
-0.0004286239903339534
-0.004126917149721154
-0.06794941002570039
0.018943217782751803
0.003303161380878264
0.010055440186690651
-0.013453292530769443
0.00013451237818594932
0.0032840309617228926
0.0035579745029627836
-0.06058048667946666
-0.002709202309042981
0.0029898880375153775
0.01519238307014542
0.0009778337823769683
-0.000987964941419809
0.0024789391728461886
0.004677981245646111
-0.013233440908925068
0.016473362702511183
-0.02546424206525778
0.026180920985310035
0.03559790528178996
-0.0007161257571935782
-0.00022083231865915043
0.012677775562775688
-0.0029986759295944827
0.0011113088655254875
-0.001242982066304556
0.0031903462687766573
-0.001095971742883674
-0.000611166350737061
-0.006242108285362235
-0.0035008346705820296
-0.04747307612840066
0.0023700008801053377
-0.0024113191669832288
0.0009389931740895858
0.011467713528716244
0.0013342541688671269
0.0017142464283261064
0.00040773389177027966
0.0027631463657397364
0.0007194828195707293
-0.0038300857688574083
0.002761295125445592
-0.005772655199376122
-0.00981169304787265
-0.03959635293563108
0.0015881873056089299
0.008352570537568327
-0.003114890033593105
0.003336276116785835
-0.0017297886980952642
-0.006963553386863308
-0.0019999749072426
0.0004787903852676728
-0.0018792980631425868
-0.003647529284722312
0.000544878447328573
0.002074129567678185
-0.0008735114593226554
0.003813588644572389
-0.007555966901002807
0.03456567111501184
0.0032360485474968244
-0.004384993403581202
-0.006447357751438457
-0.001532087794420022
-0.0005732440027217668
-0.006852522562317666
-0.0038336156771558326
0.0005381225015793144
-0.0026568713086063955
0.0014341106885969266
-0.003726694851305425
-0.0012807853159161355
0.00041613153066212875
0.0004386558723583816
0.00012175679763012275
0.03066474935941701
0.004375435311356718
-0.003767598966903096
-0.006887060705925158
-0.0005699826779719995
-0.0009249359784404745
-0.0016453519965226667
-0.0036999984926185106
-0.0018228030796636487
-0.0011997580788393053
0.00020137779948274485
0.001959894352308523
0.007238565727449032
-0.0005093307421882536
-0.00016131955282338778
0.0017968119028720577
-0.0006170860216198769
0.0024763505049511764
0.0040235466932843356
0.008822871300409518
-0.025466975176817095
-0.0001426974218500935
-0.0007488969435299508
-0.0060515342197870045
0.0006005143115700697
-0.0014768790672271311
0.00040945613422268195
0.0011181587174335414
-0.003029502529293619
-0.0010922950160769968
0.0001964132638744038
-0.0011131510977236414
0.002045883361399885
-0.006067516761836034
-0.004021095654213479
0.0008570661035713961
0.00037072112108544263
-0.0014272634257350679
-0.003857302977621195
0.0010680317872677147
0.0014510839189931784
-0.023718930502818238
0.00030630299653994024
-0.0006352434374065869
0.005108105631290252
-0.002222795995352518
-0.00010598112380800835
-0.00035485408565604664
-0.0007312589750373904
0.0029481977478178286
0.0007050444203447826
-0.0007564472570388517
0.0010867820027241394
-0.00040541386214233813
0.003817750246521022
0.0007501428851885144
0.004619078326739964
-0.0023121278205184086
-0.0016015620006369364
-0.004310128331833545
0.0006883382145161445
-0.0044669827986271796
0.020037890308924115
-0.004871963975233495
-0.00046645232142141635
0.005077243628237012
0.00016202674680880862
0.00018057896666327696
0.0005647477694099488
0.000428280467472429
0.002643597372353401
-0.0005440038967252273
-0.0005790429579535263
0.00013948580909742609
-0.0011980670772622386
-0.00012427518837839144
0.0005486137325434508
-0.0017452023930717069
-0.0007134030842713906
-0.00020890507349327004
-0.00033657508135791453
0.0033774908549417575
0.001717189221746653
0.006350040031277487
0.001960569947513898
-0.017783012335124464
-0.005599707373500629
-0.0001005092003662891
0.0044397674589980365
0.0007757846123415626
0.00040448374613864265
0.00022506300091594867
-0.0017304658472856247
0.0016555068180273476
-0.000892590834336301
0.0003500878081932977
0.0009558770083445843
-0.0004739815506432865
-0.0001929575438812816
-0.0006725717008831227
0.00045952448276845184
0.0012725626923112206
0.00017934067934618635
0.0002625316349151268
-0.0007661682551660368
-0.00026780992145533243
-0.0034603577483606996
-0.006446888280334898
-0.000889930317795807
0.00395284282060945
0.015924915212812762
-0.0024559377789198935
0.0009621384820380814
-0.00396903112653474
-0.0001364918731859885
-0.00037134619316323036
-0.0004700119649440678
0.0022662707805504727
-0.0005519336807625046
0.0009434372971603796
-0.0002760134300696504
-0.0002005341496992672
-0.0002525016985699066
0.0004904468472459099
-0.0011305794121044697
-0.0002874635376911387
-0.00015601712164364388
-0.0007388309442743341
-0.000408509124853602
0.0007639014738875133
-0.00023343860912269
0.0016990120922000932
-0.004229585463663595
-0.00036390994100481
-0.009852973957344453
-0.006641818332311086
-0.010078247165437256
-0.002307022912957461
-0.0037309953043475294
0.00035688181255976646
-0.0005611490650256697
-0.00021522828362230515
0.0004076464033932147
0.000603639656428983
-0.00042922661474365187
0.0019330451996235792
-0.0003496091398056427
0.0007797312678846141
0.0005120829828278909
-0.0001996421926284426
-0.001051495311181279
-0.00014742356598353298
0.00012036542874144338
0.0007601050725012996
-0.0005434938726027746
0.0003138910326561552
0.00016585520398389338
-0.0007490428330649225
-0.00047655060078719946
0.00011456172833384765
0.0007292097940515268
0.014079665356975487
0.004234483703893829
0.0019413721275987066
-0.0035194257372308385
-0.00041266797986678344
0.0002287660085630066
0.00043847002134469917
0.00043191654987670224
-0.00029134474811318514
0.0001694783998492158
0.0018454757748394175
0.00021634962963919778
0.000756880508234534
-0.0005580478145612228
0.000136953813988569
-0.00043327835880805574
0.0009393155371243424
-0.00018685141026195953
-0.0006109508565446429
0.00012023812804275706
0.00045998858852673184
0.0001858072922021976
-0.0006939567037127443
-0.00010456328974018972
0.0006394340750077122
-0.00057370610033101
0.006999891588117993
-0.011407883838310642
-0.0002595395133335818
0.0009333737638159601
0.0011407129789318582
-0.003391700951541174
-0.0007221877187009046
0.00042165115206331316
-0.0004769769270913412
0.0006033703653149165
0.001612363146626376
0.00015434127961486181
0.0008432902819771166
0.00020030731243652933
-0.00018478083668605014
0.00012927504356513364
0.00016729136451125134
-0.0009010140655486085
0.0007069249154983952
-0.0006580939716961672
-0.0002259529359119079
0.000574146144238924
0.00043406928943076753
-0.0003053323670944455
-0.00017977209198526532
0.0015065087430134222
0.012019350479080657
0.0002246769642039464
0.00017266087016832663
-0.0004905949661862485
0.0021958200117815725
-0.0012011603875832176
0.0029746245524903264
0.0005774238238804208
-0.0015344263244476625
-0.00014904947809052724
-0.00013435725765322342
-0.00031992844479402386
-0.00014405618297216955
-0.000727208548034739
-0.0001436049121248328
0.0001959918976247954
-0.0008526927031504041
0.00014871134649674988
0.0005882306299092842
-0.00016630640638152575
0.0001090200039093485
-0.00026226002563024115
-0.0005666925569857101
-0.00043249335029281894
-0.00033428764337527315
-0.00033421147066601815
0.00023476669019206346
-0.00035841572822074646
0.0034163192887488947
-0.01046230367566484
-0.0009696275944897254
-0.0022087461931356795
0.003157295721161443
0.00029425815789842766
-0.00012233911268557773
0.0001536614121707553
-0.0013906945545588668
0.0001760966846588306
0.000779884425623663
0.0002297940247137599
-0.0003439740977393487
-0.0007376370259387917
-0.0004535027867138346
0.00027943616290541175
0.0002076773854339847
0.00014605575593196424
0.0005642074641643951
0.0005102013892298033
-0.00041263235543786004
-0.00025669821867303316
0.00018369268308389102
0.0014054841589531929
0.009982298872119662
-0.000835828071894501
-0.002003484196666443
0.0002746849467749847
0.000452151682353664
-0.0005814365112069282
0.001958301884704212
-0.0018883039377310781
0.0004147906625259017
0.0010666817111029943
0.0013966888974351157
-0.0004166241643472997
0.0008251729530928631
-0.0002226109826574809
0.00028147361480009795
0.0006583192910635294
0.00023670845330477495
0.0001156147186731953
0.0004865398419941978
0.0002207939497761539
0.00012195442183053387
-0.0002383299694575517
0.00030442336400325365
-0.00040870702274573256
-0.00041446447657673117
0.00011189933127985489
-0.0003961938928305782
-0.00017549227017293174
0.00016233796083679666
-0.0005340187440578304
0.008490449108406486
-0.0037587642929865234
0.0002332942760820091
0.0007711335808518279
0.0017035053862798312
0.00038853317432819667
0.00011277610859640436
-0.0005911054612120553
0.0005468441534282173
-0.0005618924304897054
-0.0003052256296740936
-0.002858667588821979
-0.0008007693849814699
0.001029353156977999
0.00032447849257111585
0.0001841361255046828
0.00020647297572525054
0.00015116582110205913
0.00022346115507303964
0.0006005817347506205
0.0004767204696861507
-0.00011144345997524284
-0.0002825838495017265
-0.00043880823929178203
-0.0003484518025287748
-0.00012341735443617183
-0.0001831246890089738
-0.00035617403878214195
0.00034994645205609857
0.00034841878521171013
-0.00015878711433188624
-0.00012794538270275563
0.00853337889976115
-0.0007530166981812082
-0.0002990331566434321
-0.0015246411591748493
0.0007841505229196039
-0.0005295608376705601
0.0003913024814957665
0.0002226715817026772
-0.0020601133471754396
0.0014268836289321786
0.0004140133377965596
-0.0014385947733208202
-0.0010513520339515774
0.0002982257378018815
0.0002929036304514674
0.00024882220178300225
0.00016465602236288824
0.0002985337362307807
-0.0004990118920217777
0.00045077127149097823
0.00027405303980053414
0.00039997144357884894
-0.0001060819266881128
0.00033427887876358645
-0.00017695267434259768
-0.0001735706087693272
0.00015959959126908866
-0.00031590186926836687
0.00012926631692137448
0.00015906808609481054
0.0003133071119470952
0.00010544898366905491
-0.00019987532366162449
-0.00023135045041200314
0.007941678107453465
0.001544762668859462
-0.0005569808295346652
0.00014598684282021788
-0.0001800844030963872
-0.0007930191420116007
0.0014632758575277426
0.0005711515419653738
0.0003307473517541434
0.0005111177064788845
0.00214654302172994
-0.0006813346943493475
-0.0006942456136499534
-0.0002616401924184411
0.000485545313637947
-0.0004361798186406001
-0.00014333111671519416
-0.0002495322644174999
-0.00010088327357226174
0.00027210845112857885
-0.0003257144452154399
-0.00032260740711555376
-0.00011084116334120274
-0.00022487129454515752
0.0002895473172161741
0.0002646036907699429
-0.00010714492758288586
-0.0004021668340003702
-0.0005884977490984678
0.0073285605650554655
0.00012212206061913846
0.0005492608201684583
-0.0015022818221693912
-0.00015008030638171413
-0.00021632778573852336
-0.0003230027218556549
0.00012511885269971289
-0.0014077554490839665
-0.0003455525447374397
0.00039233146888666256
0.00012552204154901576
-0.0005253115313629873
-0.0007108964915364087
0.002246380838939833
0.00010555723412334696
-0.0004104027547906831
-0.0005010442706481931
-0.00012673185282211663
0.00011786128697918812
0.00011158569023988221
0.000190787796999736
-0.0003046860080828214
-0.00029609137234046435
-0.0002195483171912881
0.0002881184372074528
0.00021755190633154304
0.00017657517105871656
0.00013164818251962143
-0.00028186276752166544
0.0013155381839532647
0.00672189968994497
0.0005363112934279808
0.001338657591270144
-0.00024319387613996966
0.00019744546756069676
0.00024061372081025207
-0.00023631596627022246
-0.00023957209890178028
-0.0012850717017826845
-0.0003917298454711974
0.00015515089848434845
-0.0003434320731136805
-0.002317424492059393
-0.00012093052648304235
-0.0002317817155195584
-0.00021450326481976085
0.00013747970132292695
-0.0005204500982826042
0.00014231732903373026
0.00033408963728269654
-0.00027220830915818
-0.00020247831603118483
-0.00027584440629926195
-0.0001905686888287539
-0.00016440497972877328
-0.0002999156286942271
-0.00027218681658258004
-0.0003277663814936105
-0.00017948947674344755
0.006401504375825104
-0.001252526371902433
-0.00016055502317466062
-0.00026400973689065646
0.00014318681423630846
0.0012286112815441785
0.00013679525192223984
-0.00014060443366382565
0.00015078155267638098
0.00014451293166986657
0.00016920819830995267
-0.00027172538799874967
-0.001087300612317811
0.0011916125811798444
-0.0014574733618015576
0.00024854192480301993
0.0006448069507967272
-0.00012159850410970309
0.0002353095555749306
-0.00019090302930021828
-0.00014558247308658196
0.0003005586424024884
-0.00026031155316841016
0.00019394285698108568
0.0002299802882660169
-0.000173032270457459
0.000180001975694983
0.00025757792469651173
0.00013397592497545126
-0.00020527703972866268
0.0002961093851633502
-0.005927689993169936
0.000882359474379287
0.0011598697998969037
-0.0002695273146942395
0.00017703602039538632
-0.0001133746401422936
0.0011279888635126495
-0.00014060637486840914
0.00011362214890504761
-0.00016824366792212722
-0.00016820667480330005
0.00027086496138928773
-0.0012169359558039528
-0.0006181469087013827
0.0006390060004854542
0.0004366062928710243
0.0006678524205675384
-0.0013995999073593134
-0.00012682950973410097
-0.00028023472945648174
-0.00029971102385404095
0.00010702184213919179
0.00024408395738160065
0.00016292735963242716
0.00019473189060901816
0.0001337351118222137
-0.0001659141244875866
0.0001091362706501553
0.0001193969720517647
-0.005629406277164513
-0.0010744325637566186
0.00019761721674229325
-0.00017590541734267633
0.0010622466469564634
0.00011309299577287988
0.00016202867189622582
-0.0001772934283748708
-0.00019688150231578355
0.00013459726633050027
-0.00023245361379248288
0.0001085783726023148
-0.0008047265706563911
0.00012537600889444417
-0.00030233067331172534
-0.0005632908844475496
-0.0018181779786385695
0.00012399450737351586
0.0001810413016047222
0.00021925208240870786
0.00026061626751512884
0.00015141521889877778
0.00022597847098544866
-0.0001472270024593967
-0.00014690942515552377
-0.00022771267859740042
0.0001272798018612275
0.0006168826161305724
0.0052181150940226965
0.0005698213450189544
-0.000998188973073183
0.00011436007000767537
-0.00027229280495591566
0.0001195545831398524
-0.0009903831601638165
0.00012378124193269843
0.00023001415047917492
0.00016897850442115683
-0.0006503916067865524
-0.00013745011883489113
-0.0018330037452269675
-0.0003715244173668185
-0.00035981371313602365
0.00015594421895138083
-0.00016332806320262466
0.00028472217102294527
-0.00021975662379346633
-0.00013859717883759064
-0.0001341016942762577
0.00021576551810891493
0.0001072942783351825
-0.00011111410937421477
0.00023327641596430673
-0.00039680102711362624
-0.0049470884607661254
-0.00019148544909644612
0.0009739690741327815
0.0001286767004702736
0.000942927363396563
-0.00016519302749914015
-0.00015998639639698228
0.0005623910633487259
-0.0001580130905049579
-0.00012735153106115533
-0.00019590661998159704
0.00021815569314454712
-0.0017896170533922655
0.00014157379270876978
0.00020341606679845733
-0.00011525788758730175
-0.00019171556595122183
-0.00027563870808015054
0.00011549425584608126
0.00021130262551632934
-0.00012764240645332049
-0.00013411481439789
-0.00017115138245846177
0.0001094761294409899
0.00020547396340132425
-0.00018869650046722164
-0.0025348907051076404
-0.003942350488149047
0.0008748977170556804
0.00010248635860273337
0.0001410579548509376
0.00011959986738117699
0.0001569348271034019
-0.0005738322536465133
0.0006378121864223599
0.00013160036390320735
0.00011417675577349586
-0.0001361767550371385
-0.0005236688396292228
0.00010311183517100798
-0.0001542802453400667
-0.0003854979961403364
0.00026992955563452745
-0.0014374666557383556
0.0008247153146398907
-0.000253422339251328
0.0003920147591288704
0.00019664406423773538
0.0001525637131905754
-0.0001861819726744542
0.00018737310195520804
-0.00010168876528740458
0.00021680440471038653
-0.004417603198470169
-0.0001259509443241437
-0.00017651456439360595
0.0008188034347132281
0.00011624801852528354
0.00017819499910053249
0.000769601792965553
-0.0002848894433395309
-0.00010130611246873675
0.00018721181787289778
-0.00010496001506252734
-0.00047835580957737657
0.00010159885140381306
0.00015564340312201338
0.0002551705698291924
0.00021661258447169322
0.00021450800353033485
0.0009460793179789907
-0.0011025880083176914
-0.00016967552065311997
0.0007906787145872822
0.00010557536282119791
-0.00016011486087299804
0.00014732504130673257
-0.0001714304736716355
-0.0001346072348561986
-0.00015259325379295686
0.00021397533343779776
0.0025463114365373994
0.003312109963766207
0.00018414298438070947
-0.0007616886421460768
-0.00017131261674375694
-0.00010070466100978977
0.0007824551238631439
-0.0001503162123992671
0.0004603431675794633
0.00010022197097997955
-0.0001449568767174249
-0.00048660907302610013
-0.0003569488604058012
0.0002531890755424649
0.0003977916694399511
0.0005035949049053608
0.001346658274624675
-0.00010570994979140313
-0.00015441441240606081
0.00014342903005815024
0.00016689647021201547
0.00016806596289491296
0.0002472142887516592
0.00044734207231287134
0.003932002775801187
-0.0001339265362003666
0.0007053949201427261
-0.00016993231090714177
0.00010901291934409704
-0.0007433221399021861
-0.00014417104897475913
0.00013675251593198897
0.0004146204842849997
0.00038375503310575555
-0.00016511203816727332
0.0015037484081542895
-0.0001189999511955265
0.00012879219689773355
-0.0001581072077467477
-0.0001586028953561525
0.00014884735938294058
0.0006380432005754703
0.0037083633401961487
-0.0006710134834036519
0.00011565922788290119
-0.0007041433029284403
-0.00015061239498910065
-0.00013067007043988455
0.00029861662239819356
0.00024251665025290238
0.00013574710556975734
-0.00012137449545511283
0.0003223955738312999
0.00010539681797437727
0.00022518748122312896
0.00044035781276477475
0.0012485157566995623
0.0005507464762338091
0.00019673041590971842
-0.0001711681288621876
0.00013801776905755255
-0.0001334463381492768
-0.00019466872977381595
0.0035673726776130066
0.00046399441058253603
0.0003420291406211239
0.0002546020306713369
0.0001040428125577371
0.0006636392944021352
0.00013653900813526818
0.00010871460190717482
-0.00037634273491138885
-0.0002877439670158058
-0.0001391847376223487
0.00043399506556511015
0.000432259184566357
0.0012441018285333314
0.00010490192954607845
0.000230153702016672
0.00013639383347758413
0.00013507884623617007
-0.00013944306288312332
-0.003380595281219259
-0.00025191063540890214
-0.000543131252106435
0.0002697319066610797
0.0006394785010436264
-0.00012433701162428324
-0.00012016884863919576
-0.000356248325196737
-0.00021237183654218255
-0.00018654638809341
-0.00013494359579993632
-0.00015858504521179998
0.0002260612398434042
-0.00021793155247510983
-0.0007347920406455077
0.00012072430770664671
0.0009366132295203911
0.0005222249767915311
0.00014774705986562536
-0.00012436712735018252
-0.00013018165744064586
-0.00012468088531203723
0.00011490373951714788
0.0031070849044100737
0.0005658870001613729
0.0006667534029288542
-0.000561879583692224
-0.0006105019664296419
0.0001321192285203256
-0.0003371700272737336
-0.00024589474477340167
-0.00030719322797599657
0.00032536179799839634
-0.00015130797860560458
0.0012141231239522143
-0.00012537359599677675
0.0001239725811749311
-0.00011874202145592686
-0.0001668124338968389
-0.0030721433305427597
-0.0005264029743870359
-0.00010510383750967516
-0.000577494170342786
0.00012188349782520077
-0.0003133279043458324
0.0002180566931828881
0.00022920351381007539
-0.0012078111808083492
-0.00023362746534638968
0.00010479343294743913
-0.00011082517500808696
0.00010946939334922142
0.00011223338483170283
0.0029337177350593326
0.0004945915122070915
-0.0005242583862350931
-0.00015261494272992288
-0.000123983024553236
0.0003041760438746703
-0.00011317118919934946
0.00021103946196958484
-0.00019731582605061904
-0.00010594688990474576
0.00014152123953261632
0.0008358973990850702
0.0007541672295822801
-0.00032093466322656
0.00014265812019985266
0.00010908217470893515
-0.00032299170448818677
0.0027423830648642656
-0.0004455182188254065
-0.00013330356490002312
0.000467643503906891
0.00010841076661630756
-0.0005003805712939074
0.00016813038713184766
-0.00012603589620037127
-0.0002905920004908898
-0.0002059353624283799
-0.0001807327517794888
-0.0004380125936264449
0.0006346806423370025
-0.0006643514895442389
0.0005042084197389438
0.00010157677122009703
-0.00014965889393856623
0.00011329476972949176
-0.00010033500248133002
-0.002674021371331388
0.00043821313556137605
0.00011073628937795483
-0.00048462174498877864
0.00012907628786144813
-0.0001263724735292076
0.00027682023391686125
-0.0001945897136615692
-0.0001655972165299815
-0.00011772700097806984
0.000268570265023582
-0.0010525051421911716
-0.00021819146037576744
0.0024801638279270642
-0.0006235938175520419
-0.000427777056965429
-0.00047626797829647535
-0.00013071557648650117
0.00026053412530183535
-0.0001802381159986945
-0.00015719111784493966
-0.00015675263766235778
-0.00019891257650465105
0.0005481511659235958
0.0008849817629113317
-0.00014374736143020372
0.0024432092159665814
-0.00040731974155324726
-0.00044751776360408234
0.0001283982247703052
-0.00022082580144405962
0.0001100320224723905
-0.00017141065651451524
0.00013591153918063347
-0.00010636826868020465
-0.00010441085802548634
-0.0001589315554212015
0.00011699989750121641
-0.00012834784407746703
-0.0001773737862289712
-0.0006567086889039443
-0.0006747577688938555
0.00025106331121509405
-0.0002035638086759425
0.00011293471173324948
0.002333653944462027
-0.00012903882462390138
-0.0003896036387977082
0.00037346433667191187
0.00019807710310258626
-0.00013827124156520166
-0.00022913935397271098
-0.00012802891718265546
-0.00012399373918891933
0.00010442979449820979
-0.00013078345254369123
0.00025671546136654216
0.00035326557801992534
-0.0008587210604274837
0.0002648298518734286
0.00011392307983878977
-0.00014399093847670047
-0.0001035344897917325
-0.0010257067096138708
-0.0018508033702495862
0.0006837570877300272
-0.0003898915015958536
0.00038715036923185354
-0.0001359341123513615
0.00012254758095502593
-0.00021121623871417627
0.00010573085021979429
0.00012274135946258646
-0.00010169104090987987
0.00011380912748113003
-0.0001017374149029854
0.0001089164103032351
-0.00028749896745849414
0.000884175869678692
0.00022362606312029796
0.0001586016332336919
0.00010463259227987346
0.002128493204977523
0.000385099344136255
0.00011268084616449612
-0.00031792128672459685
-0.00017480991953500326
0.00018859107374134647
-0.00012310433105934527
-0.0001274402346077975
0.00011828084797306138
0.00010927179123786249
0.00019338637460191045
-0.00022757986747915144
0.00019995397260130277
0.00011550757606837019
0.0007482514733595196
-0.00035766918882848054
0.00017600099410766012
0.0002645713973740861
0.00014448827640352628
0.00011200228073897104
0.0001250336543029603
0.00016574139025103736
0.00013242772133758752
0.0003041563404092696
-0.00039187509664894153
-0.0016050270051016211
0.001076871959558902
0.0004145688704185521
0.00010509171342052283
0.0001417699251475565
-0.00012709527674017188
-0.00026807760260610323
-0.0001239548043038846
-0.00012696280897819362
0.00022733311363887668
-0.0002021159831285141
0.00018968821476236894
-0.00013224009154032417
-0.00013324093723610767
-0.0001156309560768718
-0.00010017699443199913
-0.00018362668192332284
0.00016795160315854848
-0.00031408103146489104
-0.0005282431791042424
-0.0003639187892096052
-0.00027898664709456755
0.00022560256615121647
0.00016196559575221747
0.00026863687435595715
-0.00011088151363815172
0.0002220051560673006
0.00016021049036087122
0.0001290448229372386
0.00012199138175165495
-0.0005868940283700678
-0.00029467892626759234
-0.00021875166174460724
0.0007567499759061729
0.001369948789833406
0.00012273279212754259
-0.0002937101860700323
0.0004719906564494709
0.0003639370615378395
0.0003783931953793156
0.00024148094816095166
-0.00017180619189799168
0.00012630590262126674
0.0005036297501060587
-0.0001267529540017294
0.00011234487745568392
-0.00033321981334071975
-0.0002241947947418065
-0.00015766780091993685
0.00013609328857191628
0.00013196594453598637
0.00013293190320655255
0.00017396612840918537
-0.0002069388105292252
-0.00025169600034702887
-0.00019615889359621253
0.00019390089862230718
0.0002230915411377443
0.00018209252230067305
-0.00015831290522296315
-0.00018293804290038133
0.00026242810891873253
-0.00010252776655026925
-0.00020343140105018038
0.00022280554255343463
-0.00011148587531431182
0.00015473382096867585
0.00043395965349087625
0.00037658916543436226
-0.00014356450580015311
0.00030433178841580814
-0.00026325441671777556
0.00010633297958954756
-0.00010934719157126083
0.000601565063143255
-0.000568457345349972
0.001430340986975785
-0.00014848150736605182
-0.0005706601392962953
0.0006659514115073647
-0.00013461987059129344
0.00023423408720263733
0.00016169524404803376
-0.00014670717093732976
0.00016531981992789428
-0.00013528393925974798
0.00011027218918189545
0.00018989540966480177
-0.0001670301543661012
0.0001519414350396322
0.00011676139536802872
0.00013209631365543667
-0.00014926207367706713
-0.00018062116662157863
-0.00026351445962974747
0.00019353157272771474
0.00010068055670317098
0.000163625788217187
-0.00013466414565157305
-0.00011204322881398486
-0.0002583422537097266
-0.00014385042537082377
-0.00010981434210363327
0.00021251246911562058
-0.00022499555566785463
-0.0004056908002500942
-0.00028343810794833853
-0.00023588364854602606
-0.00016433300257657718
-0.0002067040475698525
0.00015001194655998352
0.00023584024050989368
-0.00019711962418258094
0.00010383666132990901
0.0003090289269322994
0.0001266155814871184
0.0001905526598024436
-0.00028583948695206713
-0.0004117216723448867
-0.0004122351468098467
-0.0004987604781788895
-0.00036001853903161815
0.00013154848176232455
0.00016795154152081393
0.0002989699154294008
-0.000199465908705158
-0.000570338238309969
-0.0004371186312451779
-0.00021105394609927238
-0.00012374264608390402
-0.0009623204629298528
-0.00014310643590317884
0.00019375436109536235
-0.0003235122765103895
0.0003160087039480792
-0.00026522518248956736
0.00016896168845242763
0.00030697798045978644
0.00013303616455212424
0.0002202875678809365
-0.00017328780396169834
-0.00010652983836169592
0.00019359402711048826
0.00013130137521072117
-0.00032302530812998437
-0.00013406760039620332
0.00012746982331330944
-0.00016021674637453712
0.0002041754779250912
0.00013812748428351033
0.00010987686189532633
0.00020586444415587895
-0.0002553854723050476
-0.00017815246275010925
-0.00032766688626104416
0.0003172950800545811
-0.0003261353314639507
-0.00016048937360161472
-0.00011560462947276443
0.00016320748401721865
-0.00013985444007811926
0.0003111343824114409
-0.00014906162214273975
-0.00015987372352238916
0.00022723781286326425
0.00014276635826650065
-0.00012428731040722954
0.0001900573710695164
0.00012016396554996695
-0.00030570834642632347
-0.00017942272496587918
-0.0003442122859094175
0.0006893140578056648
-0.0007991252595030806
-0.00025315005094152384
-0.000766311639963096
-0.00010633607102960302
0.00037682522278810693
0.0002727342020401888
-0.00016642199533383224
0.00017857168869077835
-0.00029753308977670885
-0.00026879779065521256
-0.00019388423073220641
-0.0001712238025818721
-0.00011181913348045702
-0.0004644786566229544
0.0002491389931874935
0.00021533068925066407
-0.00023509656396594096
0.00018412366223155593
-0.0001453981453152507
0.00013521164480581043
-0.00020786846112906115
-0.00012868804218050915
-0.00012655906635529988
-0.00017133459702600482
-0.0001448460548293208
-0.00027214700708745555
0.00016394362856347576
0.0002094996864053368
-0.00014156564465104887
0.00010070776225501934
-0.00028457401693308666
-0.00010709821407099297
0.00010196358621166154
-0.0001222065113698291
0.00011092855660775654
-0.0003052800235128704
-0.00031005223315331003
0.00016854694318632618
0.000223714059949498
-0.0003443457863151571
-0.00027006840242897566
0.00024253272894026286
-0.00010626311238511853
0.0002085897753300327
0.0004150613291026526
-0.0001461560133393626
-0.00016622812579474204
-0.0006551502575661889
-0.0005745542528356783
0.00047327819018953403
-0.00027075279568717665
-0.0001068960182567027
0.000732660645262411
-0.00032244250005185066
-0.00017194436347149
-0.000306244490989861
-0.0001079392397392343
-0.0002383764224317592
0.0002577355308039234
0.00018318712557102886
0.0002235505646160126
-0.0002632086564374828
0.0001750700752175956
-0.00044204175355900177
0.0002116679279105595
-0.00024555758704038286
0.00022175387623503406
-0.00010895706924699961
-0.0002808734877895314
0.00016478984447134703
0.00011769533722035656
-0.00011606293196616443
-0.00014593035930493244
-0.00010621782957171768
0.0001518619396248247
0.00010534759879734943
0.0001517531367388357
0.00014506684501434301
0.0002267302274571523
-0.00011896950160972838
-0.00018295048410796845
-0.00019726839625182845
0.00011191164946162382
0.00038406472387467476
-0.00011519250511291233
0.00011316371179011863
0.00013797585559798876
0.00023433815915206978
-0.00016615649105045834
0.00021270563418831253
-0.00038644008482879524
0.0001786896079626144
0.00020786351719518403
0.00015023922121240886
-0.0002727546480636897
-0.0002632889965709418
0.0005024253412269145
-0.00028484663052428193
0.0003006535600775658
0.0004446151874985535
-0.0004632969348179557
0.00014964029627963007
-0.0004302906874229811
0.00048402315510879786
0.00023902866175508862
0.0005301748089077887
-0.0003426783674216558
-0.00031635765364021397
-0.0006097136008805429
-0.0001635867330972406
0.0003068368482422763
-0.00020345151369755414
0.00015193424239910253
-0.00012757431453936134
-0.00012203903883161845
-0.00011931757911555309
0.00014061862684203898
-0.0002821267791631598
-0.00010690463305575512
0.00014894076896140165
-0.0002652771194096397
0.00040615969576800025
-0.00017225904063350553
-0.0005607681816324353
0.00018141262870624604
0.000287020345325362
0.00014903076418844974
0.00019304023095940057
-0.000193181103045326
-0.00010144803058518285
-0.00015388774638066608
0.0003671954702255265
0.00020864350100147466
-0.00033086331666115366
0.00043567286711525136
-0.0003036125063621119
0.00021859893180092686
0.0007364164385890744
0.0001055072594268026
0.0004695998824893045
-0.0003510088809590913
-0.00017874215500518492
0.00013948241845732526
0.00047810491799153855
-0.00038793361881134616
0.00021696465211869923
-0.00017912834035401445
-0.0002714877787829668
-0.0003237586737215749
0.0002886383200565578
0.0001529335606003987
0.00010209433495847508
0.00012445774196779682
0.0001052817720890605
0.00012586781189481694
-0.00021863769063160465
0.00021053242580361845
0.0005325132272023151
-0.0003343221144638328
0.00010728570010848175
-0.00022711025771690802
0.00014685888824765618
0.0002905435476190074
-0.00013556663121916154
0.0001543267255662105
0.00011602283794258329
-0.00011491078931079314
0.000579562571758998
0.00039071414904386635
-0.00016850599560637835
0.00010595240121966293
0.0004174005973460584
0.0003616685576580993
0.0003157155347798689
0.00015811452883836554
0.0005833801458064051
0.00032347079178242437
0.0004096076918023566
0.00025952136402381535
0.00017279642842186037
0.00011263665597512304
0.0002095676766299281
0.00011309474056998741
0.00011040438308233534
-0.00010830552007693113
-0.0001974780173415632
-0.00010986756981689283
-0.0004086825823166121
0.00013846271074906489
-0.0002609346623588102
-0.0001553697891211601
0.00011015469950522954
0.0002503510572112143
0.00012385375475974908
0.00030388860263799435
0.00018829477011167168
-0.00014939236479266668
-0.0001708691765927393
-0.00011144565909086468
-0.00041563589176541046
0.00018423383514512358
0.00028734455748968135
-0.00019137668762754618
0.00037220927886447185
-0.00015774292034242775
-0.00011868140682798228
-0.00010717259127444749
0.00022776030010947026
0.0005386295658422585
-0.0003807254259251691
-0.0004870285160329256
-0.000626728960824178
0.0005241684530620296
0.000318808413595801
-0.0001324487391947977
0.00015436878753167173
-0.0004005799434839704
0.00040252561580526283
0.00024399757087429494
-0.00011566272407874296
-0.00017768440273286363
-0.0003770067180457495
-0.0001515727068612545
-0.00011492764302827794
-0.00011254128481701044
-0.00018992326484469985
0.00011099767303903715
-0.00013401875235988033
-0.00010338888842587426
-0.00012796311833080897
-0.0005497575178016633
0.00012618937485536227
0.000377725984605579
-0.00014808802475881443
-0.00034815728421385366
0.0003761001753573252
0.00015971957456576422
0.00014533900703231928
-0.00015858715961919865
-0.000321549753879202
-0.000333470890382271
0.0001299284009086224
-0.0009026572890818643
0.00046728579677299167
-0.0004969261590873884
0.00017945505991854375
0.0001420012583666921
0.00011830947914324791
0.00021638281798826614
-0.00017886955037163305
0.00011730701403966519
-0.0001509015569025551
-0.0002236038611500671
0.00010923866947204318
-0.000107340881025395
0.0001811938416085076
-0.00011865728380532021
-0.0002197593791081061
0.0007236551836509714
0.00012036037647611769
0.00014449644257450662
0.000155557650082267
-0.0001001596840478966
-0.0004685322838617059
0.00042495925598817503
0.0008237904540175207
-0.00047372760348958986
0.00012194076278363536
-0.00014413985696082996
-0.00027435163466339556
-0.00043675437083209704
-0.00018428834806017176
0.00010095544305954618
0.00013344229113016387
0.00019685382063161437
0.0001441270870331456
-0.0007340072488810939
0.0002211104465040877
0.0008179680658241388
0.00017082402420207668
-0.0001311119383591142
-0.00014727031512243893
0.0001231411504057235
0.0001913086691906605
-0.00012745346480198165
0.0001304185414612853
0.00010041868477648897
0.00015760995222676954
0.0001038595760692734
0.0006308450320439364
0.00022744785675425836
0.00018893757158814037
-0.00017177285080003087
-0.00047120702409812
-0.00013925575924613959
-0.0001371606993219246
0.00021371724378593118
-0.0006512921704831768
0.0006526043982984601
-0.00011057194300427953
-0.00012525568888251172
-0.00017996482377286615
-0.00013052123349993432
-0.00013803472037364958
0.00017749309767092793
0.00011050320492904126
-0.00010567621133499331
0.00011053662449653211
0.0001891065825048035
0.00010354035315906674
0.00011721587033046435
-0.00014626936866464388
0.00019254966054842325
0.00014113204260558752
-0.00013146112509128798
0.0001933859931292565
0.00011385747049847412
-0.00015052942074017907
0.00020511267426118863
-0.00011212401891566915
0.00012742280784775346
-0.00011974366145603896
-0.00010063153674843558
0.00021079912006602045
0.00016493392378597504
0.00015624402716236875
0.00021759647820351479
0.00012573592989060153
0.0001290157119526354
0.00015174925440073834
-0.00022286785913795557
-0.00012442398958466066
-0.00013420590501449613
-0.00016695325033559507
0.00022866469844933082
0.0001272920218245811
0.0001397103501335492
0.00017432644198559784
0.00023628693548898144
0.0001103290948596067
0.0001525860169177162
0.00017187734882597095
0.0002440835940563364
0.00010851584882812732
0.00021290832487076247
0.00016799181444288267
-0.0002509331311656085
0.0001591512364806227
0.00013612910192192362
0.0001853290422363316
0.00024387761454187465
-0.00015257079154732767
0.00014584241242713571
-0.0001961089751067716
0.0002668477599268657
0.00010790894019570548
0.0001447274962315095
-0.00016418767149885318
0.0002021254088029072
0.0002718799648528212
0.0001219041812923192
0.00024532098698316814
-0.00019545016810633772
0.00031754330630143115
0.00033092592272294854
-0.0003624383667662652
-0.0003726868610935559
0.0003896321736485083
-0.00030114622732544565
