0.9863457792657142
0.1284217410133288
-0.048575691879593624
-0.04972718814358022
0.03498412021000946
-0.019178591561797447
-0.015381210678223615
0.027680083698212395
0.020808141795258393
0.012120947237903598
0.0044424446437757005
0.02125680171223463
-0.007698264831829928
-0.014727449589997936
-0.0068183977882144
-0.0006747322421890977
-0.0010197010151812595
0.012715024986666008
0.012841134000095062
-0.008357610692951777
-0.00843809333177312
0.006393404772842293
0.0014838224394296603
-0.0043480539940301925
0.0030445049423777327
-0.0003619519362899738
0.0021693090851113007
0.01577369353049347
-0.002199145128617437
-0.0004974911578595044
0.00028181716336707574
0.00011292326512394182
-0.000159253137524119
0.007306978085973405
-0.0028673026059565596
0.013227451896577412
-0.00041432793806373637
-0.0005141178885812488
-0.0008200659812278319
0.0025581726553176834
0.0007198663546261966
0.00028655943202939596
-0.007180078032162249
0.0012805178168669173
-0.010866504843633489
0.00029534983033409324
0.0009321280851168646
-0.0005097908684874755
0.0009110913620981647
0.0026450100438776495
0.00018100975284381253
0.0004493792458200038
0.00023938114860597046
0.00012242840236369702
0.006491321015860232
-0.0006711245139387468
0.0008448433468975987
0.0090566746079184
-0.00046704382582255665
0.0005523286617385718
0.00016027994117244693
0.0003605426581248751
-0.002577820483881657
-0.0003534220675603113
-0.0004482247267653416
0.00022642695370887425
0.00015393372661351445
0.0058648895682717
-0.00044209216986915747
-0.007562267121838532
0.00035866945382747424
0.0005502289113085671
0.0005132825160910786
-0.0009913955521638114
0.0021967370390214677
-0.00027743153691254076
-0.0004580900179375929
0.00010039372330168624
-0.00017448564744054255
0.00022653488640596973
-0.0005038023553321044
0.0008048392034580877
-0.002973495010629602
0.004259694542264692
0.0007549290281187448
-0.006336308355904401
0.000306161588898506
-0.00022918820741737786
-0.0002166273141435927
-0.0021525802601327112
0.0004896681826104679
-0.0001368609756666128
-0.00043447742577131605
-0.00036536188853432373
-0.00013732257845217702
-0.00012959656062989293
-0.00030299745322713296
0.00040187766891600996
0.004554618571016704
0.00111080073847105
-0.0008962862163608942
-0.00020114524732034306
-0.005348468574691294
-0.00025059606151633246
0.0001160553931134131
0.00032135878055145886
0.0004046148217140421
0.00199265392424881
0.00039420819290732055
-0.00014978367300495787
0.00047893806836026194
-0.00016675982159153376
0.0002042394453032157
-0.00022241677238589403
-0.004323159005262579
0.000380229673414644
0.0045174781766073
-0.00042193579048165004
0.00018250986528051255
-0.0004903518067795226
0.0017486627708718592
-0.0003653408144160585
-0.00019608133448134038
0.00018104869382822359
-0.00024821558368831993
-0.00020812273131214123
0.00040190396715136014
0.00010809503483839999
0.00393289495698391
-0.00025950968710409476
0.0038717996529648684
0.00019645554354715103
0.00028243192960908186
0.00022324899917396728
0.0016249888210130557
-0.00012047832582677612
0.00034934273107809145
0.00010922732531813472
0.0004198561983774602
0.00010549325804731378
-0.00015186444163532177
0.00014996570889612795
-0.0001391083587025663
-0.0035954089402229004
-0.00032996883710004036
0.0033090864977613184
0.00022732252284205106
0.00010997227343077314
0.0014698131903233497
-0.00012285336602987218
0.00031152802948854387
0.00010237810686099596
0.00020362700431486997
0.00039870613066373333
-0.0001051700554520851
-0.00010387192619972517
0.00018784673882622996
0.0001714678925033448
-0.003277191645074324
-0.00013306847863796484
0.002874343967226083
0.00017133172065416407
-0.00013970868039759428
-0.00023379846859757558
-0.00011137429222674486
0.00021684217288826094
0.0013056109960559086
-0.0002864830892933963
-0.0003721583448588221
0.00010302995146273105
-0.00015113056089538623
-0.00017676370186632336
0.0022431850737791893
0.001994336905893552
0.0003496345744904014
-0.0024889461179935417
-0.00014800450544603328
-0.00013935899011484346
-0.001209759966179519
0.0002552306992494762
-0.00010618110868779301
0.0001197249604954388
-0.00034591296825319965
0.00011638901112852574
-0.00010062390097588385
0.0001733410083311106
-0.00015924967044207502
0.00016546245055567888
0.002768705247167725
0.0021699925768996976
-0.00015998158187130256
-0.00019475355581127074
0.0003594684164166989
-0.0010353811200374348
0.0002335162157465175
0.00032514689591987605
-0.00016190304242242093
-0.002565327441125092
0.00031301701383155733
0.0018825520858310385
0.00012496658726872197
0.0002827586715825091
-0.0009597247697167204
-0.0002168429369927018
-0.0002946287792342446
0.00010206501616126778
-0.00015885756193164001
-0.0023708862529966293
0.0016793806009090461
-0.00010459734876658879
0.00011175685575608357
0.0009132424587388519
0.00018826157192961145
-0.0002692026973671251
-0.00014205729744878342
-0.0021962082443963034
-0.00010201494600703955
-0.0014825705883598065
-0.00016284353798396982
0.0008378415464706121
-0.00017426520677851136
0.0001288841129743228
0.00022351810486776285
-0.0001429120686615059
0.002030411198530756
-0.0001908920731379527
0.0001509461734284923
0.0013198487853955537
-0.0007710510284927638
-0.00015822233630426074
0.0002400487534327408
0.00012833341601090905
0.00017101201732858633
0.0018960890540803935
0.0011772270180032771
0.00070968512988808
0.00014352877529332585
-0.00022238075572963696
-0.00011997839397805555
-0.001419616070785988
-0.0010683815943342417
0.0010547389722189446
-0.0006499619944397289
-0.00013367501488552807
0.0002098846642431542
-0.00011279231813598632
-0.0016578593612669034
0.000949240448293245
-0.0006034337362240376
-0.00012125890323892266
0.00019037256504764858
0.00010614312040994963
-0.0015556975618076848
0.0008542976477599578
0.0005613176897419082
-0.00010787266542489565
-0.00018031192050679817
-0.00010059979170691683
-0.0014602176671274316
0.0007730816713227118
0.0005212142184902213
0.00016263125725270148
-0.00012626933670902696
-0.0013526240608654502
0.0002016241665357317
0.0007003906772865742
-0.0001117615915127416
0.0004745629351823137
0.00014924935946189195
0.001293806583886476
0.00063771519491485
-0.00041401686295644975
-0.00018812702705416827
0.0001506529080836242
0.001216381378194974
-0.0005801428083122333
0.00042236413104316834
-0.00011582082121030012
-0.0011519477998180295
-0.0005314302072686097
-0.00039655886529528354
0.00013178518852491198
-0.001089589597535135
0.0004875412946379565
0.0003717744969051398
-0.00012191695828399307
0.001029836408887896
-0.00044864360770539564
-0.0003521550357332558
-0.00011780068213879433
-0.0009775004793501577
0.0004083041710369312
-0.00033118311121099335
-0.00010934134973157426
0.0009291683509191487
0.0003802459874252032
0.0003129239839573874
0.00010572304072966516
-0.000882757942739795
-0.00035125199677412853
0.00029574726568407247
0.0006297860243091828
-0.0005598800859771495
-0.0003250445583942419
0.00027465154581070923
-0.000801850483972284
0.0003017217648226114
0.00026518254131633213
0.000765200928112336
0.00028023521627071156
-0.00024622923216204376
0.00010727776004650698
-0.0007297890129380435
-0.0002608045353731464
-0.0002391716799756717
0.00011121366161678503
0.0006974391900048246
0.0002425948819893071
-0.00022718559218826682
-0.00011976853513936447
-0.000665790371059478
0.00022753078416701822
-0.0002166430083402322
0.000639778903783536
-0.00021277407723877806
0.00020636670574439392
0.0001244427373482192
0.0006116657843450416
0.0001995995589367592
0.00019699625102168267
0.0001295577955044476
-0.0005881478020917704
-0.00018742301130282623
-0.0001644174222183576
-0.00010330913491257655
0.0005642836759018533
-0.00017666892716956936
-0.00017854126061999097
0.00013570629741525232
0.00010671233225520983
0.0005416726750275305
-0.0001669362376441066
0.00017091066325381388
0.00013994210749815176
-0.00024293917138555049
0.00045877613970928314
0.00015875056053727164
0.00016311466854924424
0.00010697393985191477
0.00013977226524586312
-0.0005018885771202838
0.0001530389499533598
-0.00014947835158394236
0.00011507425649556764
-0.00047928199447610224
0.00014908415431866913
0.00014636957889906587
-0.00014962820298435189
0.0004335234209695227
0.00014116262344531394
-0.00015351877880354078
-0.0001366347669731581
-0.00011633532660749173
-0.0001091960494734401
0.00014161465208359508
-0.0003563759302021652
0.00026882460362733846
0.000136112433715285
0.00010623359453690468
0.00012189603764689953
0.00023206697573374744
0.000333258338107886
0.00013972040752614564
0.00016077887460482483
-0.00010540930154465038
-0.00012022468120288608
0.0001835021059619837
0.00011224786724122347
0.00014753985991283218
-0.00014816082126003894
-0.00010402778234912919
0.00014942991888638497
0.00015123989597490373
0.0001560079827457998
-0.00032997887382137797
0.00010118205593500928
0.0001220594972411788
-0.00012916485764958847
-0.0001160041706700879
-0.00014383973394934693
0.00012631553931183862
-0.0002636050493540019
-0.00017214921713930675
-0.00013840885654928614
0.00013323971301596222
0.00012370381552707582
0.00027146506806323694
0.0001261888637288758
0.00014313470711326662
0.000164879137123197
0.0001359226385925613
-0.0002544729281235733
0.0001484527105021909
0.0001256560341947652
-0.00012175604688421701
0.00017686489344403638
-0.00022785833052784595
-0.000157579979883613
-0.0001797485319345901
-0.00014043967574717028
-0.00010265366432612527
0.00010064619057939524
-0.0001542517431700609
-0.0002293548321113334
0.00018008540937300554
0.00014385670880965234
0.00010947888412529846
-0.0002699760723359397
-0.0001947265550959622
0.00012178389570024223
-0.0001852481708314274
-0.00031139628971464054
0.0001469137250945623
0.0001287108011104719
-0.00026202445121970203
-0.00018959680662635658
-0.0001507241115520669
-0.00014012189357213905
0.0001804128018802493
-0.0002332569917716221
0.00019332853733668943
-0.00015380061420132402
0.00012825349833144677
-0.00019915583325715993
0.0001576155505249995
0.00014391740670293844
0.00020297361847440844
0.00016136789780936788
0.00013684798697473542
-0.00020457851326022508
-0.0001649670357665834
-0.00015698696675812935
0.0002116660636137339
-0.0001687720173070925
-0.00015075510722495459
-0.00021763497790255673
0.00010139927489044695
0.00017319850205996094
-0.00013864454034857193
0.00022270827114313822
-0.00010352881195548543
0.0001768999661675148
0.00016900497276327975
-0.0002279386522435839
0.00010622543614494597
-0.0001810688521744763
0.0001631443226675008
-0.0002316447115423781
-0.00010321986493633596
0.00018562928235087882
-0.00016525192338003755
0.00023897101287816532
0.00011110016945032659
0.0001904049027085012
-0.00016691365568919275
-0.00024529599837161105
0.00011392580546455614
-0.0001948039760601321
0.00016561362115526267
0.0002523042731912851
-0.00011692249222624176
0.00019992604757864286
-0.00018983944581522414
-0.00025761720795374913
0.00011952956728769165
-0.0001993400647442284
-0.00019634199940246185
0.00026522568300895555
0.00012319904846479188
-0.00021069670557419043
-0.00019946296277900878
-0.00027360918010473144
0.00012679055802556358
0.00021676252234653677
0.00020587765512244867
0.0002823040524909059
-0.00022343217584931433
0.00021557593952324083
0.0002920376942676604
0.00013357280627415921
-0.00023276574319595837
0.00022476953814584943
0.000326955221677475
0.00010657215383784572
-0.00012984254640585125
-0.00034402360986314365
0.00010013746123417308
-0.0003921707207415845
-0.00031511356668837825
