-0.9852362033795822
0.12533933974320605
0.06846484915216773
0.04571137991650676
-0.03966383920659
-0.02652369361259049
-0.011866146977172812
-0.02581922534246687
-0.025809464913327702
-0.015160654326273103
0.0031850944600931466
0.018912592990974815
0.008746238705453938
0.02006148281383606
0.0024868827511149525
0.00022326397112091783
-0.0004518171417526626
0.012271868945121764
-0.016093785294243834
0.005705572675263606
0.007172994296851987
-0.007287943832290123
0.005522398439739719
-0.00521818665551854
-0.006208632647487726
0.0011533166351117917
-0.008194465425308868
-0.011296970140879518
0.0026669061025075633
-0.0003890291319544806
-0.0007207062420829624
-0.00012543287682734958
-0.00381397144015052
-0.010036828843913678
-0.003457150644066028
0.011463109513747044
0.0004643918915027391
-0.000664819742348796
-0.00047340480409345894
0.0030531389141225953
-0.00023654230844800502
0.0002690568612904868
-0.010247772109349886
-0.00921380425609572
-0.0006843504641184312
-0.0004220414129995073
-0.0001214218995510982
0.0009173654836103504
-0.0004720181283435642
-0.0010253861979526177
0.0028812861583807853
0.0005893863933662699
-0.0001411223125253565
0.00029606256820512
-0.000763294608242227
0.009064163149474678
-0.000710440364377121
0.002421725895385716
0.007144562573216948
0.0007762826431183829
-0.0026266246376005957
-0.0006554427775463842
0.0002794060377582434
0.0007149442130145339
-0.0011276920868808153
-0.007996015805741573
0.00010951366714979546
-0.006157468732930265
-0.00027954056981613194
0.0006928501977784636
-0.0005179315102361179
-0.000703154982977114
-0.002288944427970221
-0.00030183718088638205
0.0006669159977335769
-0.00019976537985122453
0.0001051296873270846
-0.00013599822476246205
0.0005941487597285934
0.00044654956950667546
0.007051199814352987
-0.0009751307434291214
0.0007421833490361656
0.00019995275083596018
0.005055934477909981
0.0003445371469985338
0.00027178337852066826
0.001477151571530087
0.0015563148002998546
-0.00019384479686908706
0.00016812645521424837
-0.0006266757549853735
-0.00018184262930882465
-0.00015270798610805854
0.00015649826375613957
-0.0005458714014454105
-0.006195740460011708
0.0007758393448617166
-0.0012839315056840783
0.004189931840396111
-0.00026478208108032906
0.00014302773196933624
-0.000335906210913212
-0.00021273049063762697
0.0018965151519645044
0.000146634102855875
-0.0005469343792330434
-0.00018199381296950652
-0.0005232662210947022
0.00010287459352829036
0.00020414674111504926
-0.005691736533341242
0.0002800074985282663
0.003484955559739887
0.0003693986154848005
-0.000197393673391109
-0.0004824717545330437
-0.0016077532138334028
0.00011295390546010654
-0.00032691324296228546
0.00036798284188877786
-0.00019990784850988283
-0.00030154637672904176
0.00039688167814546835
0.00012210754454093485
-0.005100680253515199
-0.0001410669516848387
0.000541279977694498
-0.0029072860950159437
0.00018800434357460193
0.00010692776774408536
-0.00023961218757974367
0.0001609405917109774
-0.0003312568625075973
-0.0014240047432340476
0.0004588061602882692
0.00010001516599959708
0.00013624108321757088
-0.00043387967680733346
-0.00015397482075761592
-0.00024447571900601273
0.0045807552067618955
-0.0003674974292047815
-0.0022993854061756033
-0.0009598438765850032
0.0002594702837210021
0.0013038984080980833
0.00015849798279995607
-0.0003850161896540905
-0.00013121739262560785
-0.0003897049265068171
-0.00014630860662819315
0.00019422135752353135
0.00014515461316058235
-0.004147937739964527
-0.00011601110490592757
-0.0021347293519019166
0.00015434419347712226
0.00010110226504594344
0.00012318225454140258
-0.00115604374269236
-0.00031546104911923955
0.0001607708436414153
0.00036654599055237084
-0.00013799064021968738
0.00018488877493820431
0.000236806241073496
-0.0037435700723667917
-0.0004111600454257743
0.0018190372611773856
-0.00014805988031092209
0.00011451860820639804
0.00013322449843144186
-0.0010408013851730498
-0.0002983350991442768
0.00033192299464937205
0.00012451258823986902
-0.00017420919251123364
0.00012970523409578684
0.0014823687562034462
0.003098094102119511
-0.0015712841442095914
-0.00013801912474530997
-0.0002896875779675589
-0.000891950602202357
-0.0002609748791490407
-0.0003083264955459802
0.00011320624292000087
-0.0001644642629667708
0.0031399433657888025
0.0013067109306333202
-0.0004122623347640685
-0.0001238831834309905
0.0008420734647879908
0.00024086484459953344
0.00027458671954038485
0.00010865738236510548
-0.0001525795878686864
-0.002878036338222231
-0.0011938768315019315
0.000109006478837782
-0.00011015897225166184
-0.0007595950719144705
0.00020915259656931125
-0.00025334635718631465
0.00013481133478245524
0.0026384840878136153
-0.00018308697619923465
0.0010452585646516098
0.00012473271858662996
-0.0006925243964831187
0.0001856629424624322
-0.00023192618393303726
-0.00012861179873705587
0.0024343194470523195
0.0001022797940576012
-0.0001550094602679318
-0.00010648697776079923
0.0009184564047053179
-0.0006338116496127429
-0.00016570366725426712
-0.0002133410663148605
0.00011850835932553368
0.00012577730552962524
-0.00016320275793742925
0.0022504629714336054
-0.0008182789051981096
0.00039036897330915987
0.00042604265459390383
-0.00014838463021218216
-0.0001232035048574821
0.00015590889011319033
-0.00010517648503056207
-0.00012591733319467963
0.0020907844638350655
-0.00011097208686930962
0.0007219395158126741
-0.0005267461710794142
-0.00013483854427954952
-0.00018412347884332454
-0.0001021474814826612
0.0019468439094627087
0.0006496865984168487
0.0004898800762707615
-0.00012095497882816152
0.00016928273911223982
-0.0018136322943830977
-0.0005840964461535676
-0.00045405119982493315
0.00010898787412560723
-0.00015767813555510045
0.0016939953584534295
0.0005257920161947451
-0.00041960477193458626
0.00014755770670120562
-0.0015723458266946717
0.00019005998640824623
0.0004744797058791276
-0.0003912852185443757
0.00013711072210987924
0.0014869920315121392
0.0004303070086988745
-0.00036425198208527476
0.0001289764491939907
-0.0013978526395659852
-0.00039080248105355175
-0.00033938028369275697
-0.00012034739983801631
-0.001314206581786055
0.00035592735105867234
0.0003174585144978831
-0.00011237435161373595
0.0012386702877266093
-0.0003250962186567175
-0.00029913994118824943
-0.00010377657334811064
0.0011689924261749436
-0.000210097078721614
0.00021300619575168012
-0.0002812304060370539
0.0011047679913424775
-0.0002722838332757466
0.00026425641665090777
0.00010808676602482439
0.0010466759137972433
0.0002518509267724323
-0.00024937343048183665
-0.0009927853488499226
-0.00023218335023257982
0.00023575347599993988
0.00011118066314834212
0.0009420049831033437
0.00021405897114258414
-0.00022002488744668258
-0.0001177246090201365
0.0008961961947514943
-0.00019857808094955222
0.0002112529118483921
-0.0008533111390403837
-0.0001840685311213856
-0.00019420154215154075
0.00012203683002215188
-0.0008126177400780821
-0.00017088701529286554
0.00019055615528558908
-0.0001254675331024703
-0.000774871566833555
-0.0001587362131401795
0.00018107338680985416
-0.0001309286317827408
0.0007395788218902796
0.0001487128432362914
0.00017269293228876
0.00010233829508276037
-0.00010213816216803271
-0.0007081238827840175
0.00013882910936996887
-0.00016458777249536499
0.00013408786235165606
0.0006776149890007627
-0.00013001686400118044
0.00010526769127918394
-0.00010456032161321901
-0.0001571314291880141
0.00013531476438910378
-0.0006486670457007941
-0.00012187084085812184
-0.00015030177405659075
0.00010796362190093817
0.00010780478607769923
0.0006219406173343578
0.00011465553790957796
0.0001427830021163302
0.00013808824021392584
-0.00010857190105230574
0.00011036739290239996
0.0005966184022877951
-0.00010799847604606617
0.00013712109081283864
-0.00014682626691744842
-0.0005718410690899042
0.0001024178479618805
-0.0001312469006217259
-0.00011239364568362359
-0.00011279631617817618
0.00015026574827472692
-0.0005505729678127817
-0.00012522411815007363
-0.00011559007635538871
0.0005285609348687072
-0.0001195139132663269
-0.00013019930711693099
-0.0004949684970163425
-0.00010661471328252595
-0.00012005102243123945
-0.00011245370781574771
0.00011712824534198938
-0.00014344210355212973
-0.0004808849539614886
0.00010647169708434572
-0.00012195910767273882
-0.00011919027223760995
-0.0002068675367136864
0.00041302302301655794
-0.00016006531984654078
-0.00012875370154991842
0.00012330445074903838
0.00019681721781112567
0.00020554489567451724
-0.00013861548770617796
0.00017310042515059413
0.00012093922191829295
-0.00012506111889172179
-0.00016401397114937472
0.0004055059746123
0.00012588594550625392
-0.00011919197619935226
0.00034120499545783715
-0.00016414466115768502
0.00016151746740926683
-0.00012640758244083497
0.00012739862107333995
0.0002795602750016354
0.000237973012593978
0.00014456166567656305
-0.00016793877843026487
-0.00019385490867179382
-0.00020102777323549896
0.0002107149218701049
0.00013108652762093326
-0.0001270741152732682
0.0001702081649018412
-0.0002453362958514398
-0.00011347603868806955
-0.0002363766726096041
0.00013582418743787104
0.00013155263772066908
0.00012129011484385693
-0.00025948345485139735
-0.00015030444078224006
0.00012857750391179274
-0.0001748300123213494
-0.00013697173023032773
0.00013502943718814536
0.0003410692297690625
-0.00011000540600286033
0.00018047442279717094
-0.0003473995870169015
0.00013711962519207777
0.00013737462657105145
0.00029149126884391426
-0.00018073967634656707
-0.00013571364883181646
-0.00014121296434339712
0.00014015412025492613
-0.0003316032019841651
-0.0001857128577406043
-0.00014431552931632453
0.00014234509741265422
-0.00018564252893037763
-0.000146876025240641
-0.00014510061918389893
0.00019316130670432696
-0.00015029966315843944
-0.00014810358703378737
0.00019521339488505772
-0.00013434716356661077
-0.00015058949856375828
-0.00019032709547380964
-0.00015583221727242857
-0.000153466619317206
0.0002045004609881553
-0.00013955844284870987
0.00015679645381729712
0.0002071839346958551
0.00016536581429920128
-0.00015968263728792872
-0.0002142658255433346
-0.00016549712382847755
0.000162813800892157
0.00021778784863897124
0.00010180841164444452
0.00016941656622009157
-0.00016640580912709077
0.0002221289336255799
-0.00010375892238617177
0.00017317186572405948
0.00017001489589897316
-0.0002271074401850611
-0.00010607354550094789
0.00017699827697895425
-0.0001733055077669547
-0.00022896191270241795
-0.00010824625532721905
0.00018018865270899852
-0.00017739897554586352
-0.00023901024347333362
0.00011067707320324046
0.0001856072740576651
-0.00018192647737222292
-0.00024504102760810015
0.00011341245970544323
-0.00019054957028179204
0.00018617888181021985
-0.0002516678957224316
0.0001164516618224469
-0.00019622757986669935
0.00019094666712196086
-0.00025803235271116426
0.00011944216192545534
-0.00020341500257662728
-0.0001954098421845695
0.0002656638541734987
-0.00012294524668147365
-0.00021161456684478763
-0.00020628029430306687
0.00030486175137076315
-0.0001677095059106713
0.000278334610295288
0.00010532560777470104
0.00034632374492135935
0.0002747514606919059
