-0.7987115863524799
0.306602588222593
0.294576261509299
-0.15873980304136467
-0.04309818981853696
-0.1884834370283458
0.0655648556591675
0.08160815672251376
0.02832768460311837
-0.14298909269624877
-0.06125717105215885
-0.04303558473598285
-0.00790743953753524
0.056145718367156004
-0.10281857390906037
-0.009418190079528212
-0.04410604630675872
-0.02391134275370595
0.09851937994077135
0.013012967342112021
-0.011084728102472465
0.00025957979779151006
0.0019510621966239469
-0.020521736821394104
0.09648963746072524
0.00828282632782789
-0.0010402201298139288
0.001949890345743238
-0.000103394887968562
-0.001979093673793943
-0.0018460580049493736
0.004909505901351189
-0.010643512159606646
0.011646330500402728
0.01325250523853458
0.08952514218568605
-0.0014000612909438096
0.0031808741662790784
-0.004905919348665678
0.004982786933366523
0.0063470702325526445
0.005553327141776314
-0.010063821564792037
0.007859066531546412
-0.007286931093699206
-0.08017567859143053
-0.01131618433807746
-0.007203929505005173
-0.0011932185896610201
-0.0036387511608122086
0.007345115300182922
0.0007420496880204425
0.010871065488689203
0.0010000897228940643
-0.001848021138779069
-0.0024735835516524456
0.007651826348848836
-0.0038154728074473628
0.07084304259741576
0.014639547812480048
0.007468160634304624
0.000585031112329054
0.0025150355156019094
-0.0017975482918873018
0.0004758076431466743
0.003263966585289542
-0.010253649350422698
-0.0006855474505547466
-0.004563361270093201
0.0009466149392729897
0.005443757581503465
-0.004093985406919914
0.008544253965775007
-0.0015875107643262207
0.06336980176901409
-0.006792587984333854
-0.0025577759709516723
-0.004083163918253806
0.001575437498012124
-0.0015217827262897685
-0.002829395096504969
-0.008952186383866755
-0.0032673619550589654
-0.0029285430895032542
-0.001283884383143435
-0.002117257398589656
-0.0022060190593354914
-0.004140740280422637
-0.0033177753965450705
-0.004492286090201851
0.002602624045258525
0.056813154621937284
0.004174741780857991
0.0013899575603037921
0.0009121730025048316
0.00011064166680982086
-0.0021776126435943278
-0.003609887414409107
0.0007339337403500082
0.006968333969442585
0.005532085622756082
0.0017602248749114093
0.0004380435440428041
0.0003432689880557955
0.00357873751136117
-0.0011508858975566966
-0.0009237619006590038
0.0018786478501885825
-0.006066749504545066
-0.0018246452672336256
-0.05053190018225347
0.0013303192683547
0.0017471201524230607
0.0001102412549656798
-0.00227715190646171
0.003967715092421572
0.002021011525435975
-0.00010666914399798516
0.007579750117687511
-0.0017462483556942637
-0.001211101390391265
-0.0018245199234244085
-0.0012059220265576967
0.0015270785737861194
-0.004227629761478147
0.0005651438383134804
0.0038644364216026436
-0.04466804641001668
0.006349251841635624
0.002731049224241851
0.0021106581305845185
0.001052958925769869
-0.003553330014722321
-0.001250155151723671
0.0006666352031171388
0.006840282687901685
-0.0016530213431000026
-0.0011445289019661115
0.0005943653685883065
0.0029406945551235246
0.0006541937093977061
-0.00048442697358615363
0.003979096575470471
-0.0015343789704858944
0.0024217310969910444
0.0016549872009858013
-0.0016450449374571605
0.0006900561706429486
0.039243771837794546
-0.00966460226829839
-0.002246273679935094
-0.003360001013910124
-0.001127840261955626
0.001809524456442946
-0.0010063196582777783
0.0013680732654487641
0.006127411574444981
0.0009648098349421551
-0.0006976436882998047
0.0023017099164208857
0.0002083129537367917
0.00023131785903208365
-0.0006848324122673576
-0.0013367966017462686
0.0036442627427518003
0.0007216782336157185
-0.001349511067569652
0.0008985216886144682
-0.0005433938627955049
0.002223377906639448
-0.0013499512282511953
-0.002396558115948488
0.03634601809087697
-0.0029851158581224806
0.0008706669048756518
-0.0017028985581322145
-0.0006091387083298247
0.00130330504903722
0.00039313671590227294
0.00046045407838851314
0.005534613165997603
-0.0019281812178794577
-0.0011073063682853165
0.0014465188585741282
-0.0009729425740329773
0.00014452089264453902
-0.00021723917837644172
0.0031582536007815415
-0.0013733797304165643
-0.0015520531071616453
-0.0008258365024191318
0.0008543956358157547
0.001532671973870599
0.000556957154153247
-0.001383833019945547
0.002321022367350493
-0.002058575380698484
0.001074399268633977
0.032807911903108444
-0.0018828395181636481
-0.0009688283827594754
0.00041032823772425657
-0.001361357027532825
0.00029169316512508373
0.0009248894174553815
0.0017858635351397565
0.005188373446926323
0.0006073608856168731
0.0012157292744078292
-0.00035998791797587395
0.0006516715555585675
-0.0011614956134734773
0.0026938779801672684
0.001415555926847558
-0.0005372531517179044
0.0010092359499077742
-0.0005387524474121431
0.0012265389205482465
-0.0007425696602083861
0.0012819631227139747
0.002362760891565875
0.00026385390177317245
0.00012410522655023927
-0.029777068994170517
-0.0022108884449089207
0.0007281855292625282
0.0013447155589087247
0.001518285397469366
0.0010936944336133324
-0.0009729994826151177
0.00010177480797081732
-0.0045756646680184
-0.0006763772174032571
0.00031590748577548254
-0.00035487455646357664
-0.0013163752931884191
0.0005204072357233912
-0.00010501794182534577
0.0027780618360219132
0.0011324605759866243
0.0005365743704360133
-0.0010669078305680347
0.0009569400227395907
-0.00038908522657577155
0.00038617995250406515
0.0018181533495158356
-0.001518512760465059
-0.002191514545799907
0.02705161945276376
0.0014232884603060539
-0.0005631787703334434
0.00043983234885034355
-0.0007150572290606244
-0.0016679542291208813
0.0009002636004142234
-0.0005005931657140712
-0.0004726215269991961
-0.004203010066451845
0.0007446677763073606
-0.0004937110756024638
-0.00026080431016061595
0.0012564287503072555
0.0009480061468676377
0.002486690117674632
-0.0008324893176039069
0.0009582039323107783
0.00018477832664014822
-0.0002928733079344244
0.00028732615519260217
-0.00017702789004692823
-0.001774504827829855
0.00020794851709735098
-0.0014009057533777413
0.00042352565011713765
-0.0011197709483609152
-0.0005962716899187333
0.024632025533504857
0.002865036583788462
-0.0013175329443464538
0.00100383909321605
0.0005958008029492718
0.0008661503369643693
-0.00010517371060709116
0.003837114962466743
0.0002717181535930458
-0.0014224078975756864
-0.00016787995247599639
0.0007617126198180646
0.0002334300808297471
-0.00022559878374939183
-0.0022776778144276925
0.0002164720359342404
0.0009571152952824843
-0.0004891297404232479
0.0003612189869232544
0.0003405268846457672
-0.0005890929988615408
-0.0007433379070944487
0.001625364345885858
0.000908355459471479
-0.001016098970648224
-0.0007206178026832608
-0.0011668520827870586
0.009186376552692735
0.020586299566319622
0.0021985611850254185
0.0019423048927964717
0.0002608714533866314
-0.0002898998868450639
0.0008685100149740071
-0.0007811669010909244
0.0005584220079068164
-0.0014000805109459131
0.003155071658796381
0.0010035352659414215
-0.0010030234116989323
-0.00017211120858257156
-0.00042980904833103423
-0.00017887859752057668
-0.000277072265913205
0.00020282753314166112
0.0010576751225763019
-0.0020591122868970765
-0.00044791146023918325
-0.0007070345054712927
0.0006945680635006689
-0.0014550712396859766
0.0007274708593358972
-0.000405975646363839
0.00012066448018656024
-0.0008849365017715656
-0.00030936007393516697
-0.0011097733707985872
0.0002609101227597121
-0.020893721651861707
-0.000290276591206607
0.0008171133838700604
0.0004230850663959173
0.0007487892228922496
-0.0007487906142825222
0.0002136853002344134
0.0008341612512447227
-0.0032544968221175662
-0.0006320680285284167
0.00016849685690377317
0.0003624277772106959
0.0007441459408798775
0.0017916963859880594
-0.0008696564014129383
0.0003213127817804286
-0.0004181259239499869
0.0005534472881898408
0.00016029296940934168
0.00028553437517921766
0.0008030495764415483
-0.0013458265620914164
0.0004207968074979149
-0.0001460538240488607
0.0001640872398831824
0.00038021441146771545
-0.00011196943905456519
-0.00035312751234174765
0.0006879481914691515
0.0011148428828335615
-0.0005998961474515385
-0.019264183967083074
-0.0005380388458587514
0.0005280158069394798
-0.0010665916644009505
-0.00010389945281727634
0.00017766274267908894
-0.00013307053584529904
0.0030182655918331532
0.0002673431499571578
0.0007179117913018734
-0.00028285175057668824
0.0002997420725764431
0.0006277670579932326
0.00045776148908161635
-0.00030154185485088523
-0.0018250212585073883
-0.0001724492856279329
0.0005347239537464656
-0.0005117338445122073
-0.00041590174963104944
-0.0012697305320392483
-0.00022000862938041654
0.0005345660529911186
-0.0009672232467722971
0.00027560169082693645
-0.0007162639024909384
-0.000764807374186913
0.01778518570445866
0.0007740561876664973
0.0003027322878050516
0.0005730855466861725
0.0007762701082419979
0.0005918902238889403
-0.002770287636377573
0.0004545707122520446
-0.00046066622451008466
0.00014238338814392883
-0.0005170826962011499
-0.0007488464375927857
0.00021700153071098553
-0.0001903617735717101
0.0016439018720504918
0.00042422822447076084
0.0006452710357120812
0.00018316729044276915
-0.001135954451985048
0.00015911482214445567
0.0003971952770307429
-0.00045879946745532317
0.00038513014148898017
-0.0002754195089541201
0.00016658112417431662
0.0006708757544144196
-0.0008871071605531801
0.00013200814661216186
-0.0006386452868050723
-0.016368438675340505
-0.0020840011046494356
0.0001553824096733083
0.0004154092720607845
0.0008606080112781959
-0.0001094524941446309
0.0004925996545002885
-0.0005181825337481992
-0.0005379333961782637
-0.002580390074696515
0.0005607472847701703
0.0001582054236409793
-0.0003612274290333425
-0.0003136429733376344
0.00020162223347858257
-0.0012933608206134684
-0.000836569908436095
0.00018066928317835243
-0.000617054339662277
0.00020184920775442096
0.00013840545775425385
0.000475260852562928
-0.00017162886962636327
-0.00012243844469076248
-0.0004686940158461233
0.0010969810038322328
-0.00039421165740353157
-0.0003845880225173384
0.00023098274888809503
-0.0008727862908085497
0.0005519248298758706
0.00012254966163382627
-0.0014114243233762768
0.014752991040969563
0.003792609401255476
-0.0013745841768520873
-0.0002769066748893581
0.00034869960134953587
0.0005138871593412171
-0.0004955786686811075
-0.000189206562469917
-0.0006409512153722638
0.002328474612421456
-0.0005243381636680845
0.00024964953040041435
-0.000215070147611547
-0.00012522898393953845
0.00015451898737579007
0.00020161047598498752
-0.00022221890746141633
-0.0014364987789672436
0.0005563640574201373
0.00022279995970588822
0.00025762949165762596
0.000474590504579058
-0.0010197497128623723
0.00029818161430675034
-0.0004694232317179966
0.00022339648847483022
-0.0007794588016576074
0.00012945691710990133
0.00013685107395466006
-0.00016520205271965612
0.00037000274650709645
-0.0004794181397497599
0.00031998270346875
0.000376309060702262
0.000514816208797422
0.014293680204257754
0.0004809933447441025
-0.0004896194913764872
0.00047222085025286586
0.00022184949372726178
-0.00010051348838712166
0.0021842570114468164
-0.0005793437973507354
-0.00022565902183785682
-0.00022872654630432467
-0.00031234874222486994
0.0005209393919533055
-0.0013167029936515969
-0.000408532571908242
-0.00032178154329791495
0.00010340585546849368
0.00010213654383681934
-0.00013519157019958896
-0.0009439899547253518
0.00017918412971890775
0.00019928887609021916
0.00046772518135278446
-0.000718112758255271
0.00021218775539678602
0.0004058315982591307
0.0003032631458355783
0.00017536559739679685
-0.00035487929053585075
-0.0006100565344081754
0.0004477456052129254
-0.00012648920586505016
0.013341076626064772
-0.00028928231522734724
-0.0005054629931899265
0.0004035417714309268
0.0001710929979752641
0.00016044755548751339
0.0021014322271281686
-0.000335425480854264
0.0001284760920720814
0.00027403103796461425
0.00039068569661066254
0.00019695772753158794
0.00046148490012883477
-0.0012150773840582459
0.0003172598201698803
-0.00014638622949627114
0.00010447336268919798
-0.0008910038086859295
-0.0002214719355836793
-0.00044875534893150306
-0.0001515956118943381
0.00021964487407976607
-0.0003559414356023368
0.000680168813010962
-0.00022313991940041061
-0.0003303226203738881
0.00028703258186148044
-0.0004939639769626705
-0.0004110971560786971
0.00020463522672073157
0.01248282598461346
0.00014173718387978663
0.000503233123089425
0.0002959217605959713
0.0002188528010251554
-0.00037168428650087625
-0.00020329713494640297
-0.00023948086700183068
-0.0019639048021545882
0.0003561803158993239
-0.00045863462909518266
-0.0001355780347947832
-0.0011341421917609234
-0.00030348786860005247
-0.00016722593560982818
0.00010962992260831966
0.0004189506137535846
0.0008209042528362915
0.00027722534940119567
-0.00030563673725600416
-0.00011887885548733006
-0.0002396505491772739
-0.0006408445548845461
-0.00016582835290376873
0.0003465206231342721
0.0001283034659428102
-0.00011528856655420902
0.0004895539096802437
-0.0003568999483891162
0.00018452822875316324
-0.0005386667447366157
0.0013852963548689463
0.01161480832897624
0.0003455295791299895
-0.00031745017870986406
0.00024365997772076865
-0.00036035863018271533
0.00032062282744104917
-0.00025904068268949254
-0.0018199838634942581
0.00020427306907895438
0.00041185517746611215
-0.00010888541701962133
0.0001003447858134616
-0.00014011153204597032
0.00019599901079174703
0.0009922652962046277
-0.0004326956218745589
0.0002610435859054405
0.00014040139490221167
-0.0003777268278167745
-0.00021161211444090745
0.00028704535351528523
0.0007745950432813826
-0.00019582603711193854
-0.0005994387168884333
0.00018392498882763565
0.00034956912240421343
-0.00046788586866545014
0.00017856290113567487
0.0002660844277530545
-0.00032576563418357625
0.0005746727651839126
-0.0008338447207890027
-0.01095084215584265
-0.0002781043295500749
0.00034066622668802577
-0.00029792436412108547
-0.0003260223457790501
-0.00010485473936834629
-0.0017342888984674544
0.00010645919136018118
0.0003655097989786355
-0.00012711256027575816
-0.00011925737295477404
-0.00015840432124001003
-0.00021355301181844797
0.00011432568678331353
-0.0010301563766442784
-0.00019719531477921802
0.00027347462992912785
-0.0003735791618863257
0.0007288701929946496
0.00010487984824801845
-0.00016471531198910183
-0.0005668804444232098
0.0003034584215565822
0.00012358755483054393
-0.00020417559326312153
-0.00024430667104637023
-0.00010202214317410062
0.00043248478065489133
-0.00017550145872172892
-0.00012212562007708086
0.0002910785411180824
-0.0004240341403723181
0.00014058651551025257
-0.006389021641880197
0.008041425684708562
0.0012744622298240043
0.0001656552355285514
0.00012355107497987976
0.000308655083322267
0.00014879045290308848
-0.00038257414895584207
0.001623140221608233
-0.00024210082718842065
-0.00016013790150666945
0.00011582232540341583
0.0001251025568587144
0.0009631744692938808
0.0002514824612943719
-0.00034087626944026317
0.0001324085722205789
-0.00011421374129085769
0.0006824056546854038
0.00010791699913483273
0.0001196929107875201
0.00019024024172805903
0.0005347822601385469
-0.0003030852853039597
-0.00017075607263760458
0.00021235195883615801
-0.00016133194017916325
-0.0004042305940916173
0.0001942594642173594
-0.00030829233249679854
-0.00010637733005946523
0.0002711979916026623
0.0003062419268579194
-0.00010076615194714786
-0.009753937219832368
-0.00017233049211258194
-0.00024068137126521114
0.00027556109919463527
0.0003383062663498223
-0.001534428844599653
-0.00010215326436959934
-0.00013397909211681705
-0.00014673518146474394
0.00013185005023868851
-0.00023108632021296913
0.0009058509985202432
-0.00013868704390115828
0.00032024957488718277
0.0006509897648790103
-0.00010851772183020283
-0.00011531215453967658
0.000182162654638614
-0.0001564531952116134
0.00028617873575903486
-0.0004971742811193422
0.00022556737076076216
-0.0001373879466237712
0.0003938606978488807
-0.00025530719868308217
0.00035251782079480045
0.00024076015432929342
0.00017587054816673096
0.00916503232266168
0.0009458892053536748
-0.0001392194643293
0.00034691155289711794
0.000248686424792729
0.00012113000820312407
0.001442990448820855
0.00019187722554323748
-0.0002219980613350341
-0.0001119938602250047
0.00031391742896857977
0.0008569698400543305
-0.00011818011656714019
0.00014135224757080134
-0.00012762058728814815
0.00012673769700471886
-0.0005497639527675709
-0.0002838536566860086
-0.000207980432742772
0.00026965218652316356
-0.0001376623197759189
-0.00047422712645419957
0.0003750181336215221
0.00024388569011413142
-0.00015233351770612468
0.00033145977138347016
0.000107632838905779
0.00018886092839219272
-0.0001272567148068814
0.0002307473005577951
0.00025930577249955406
0.0015192846327908064
-0.008575177146539362
0.00031707650192105036
-0.00023767356836955526
-0.00022200585766671708
0.0013705382494347848
0.00011569762796201752
-0.00028308116983448114
0.0008031735180104721
0.00015877510953662353
0.00017704286719673513
-0.000118820116563091
-0.0005820442446737704
-0.00018902715117929475
0.0001021612985253736
-0.00026027888809973375
-0.000444386917314469
0.00035853958696719593
0.00013879204542706163
-0.0001370023568371868
0.00022276821148806272
0.0001714136380136168
-0.0003141805951466443
0.00020663860541954654
0.0001049761735957745
-0.008250013666639073
-0.00020254712307031568
0.00027747862120813306
0.0001811311662454929
-0.0001323651723920452
0.00021694008810367477
0.0013028406591812339
-0.00013438536125293685
0.0001547240620834029
0.0002784762431144101
0.00010208071691807972
-0.0007603553206299454
-0.00015679595680418885
-0.00017921724039217415
0.0005507731184644458
0.00024148681495915418
0.0004226277758774637
-0.00010775771133363569
-0.0001065403361798539
0.00033826907664447124
0.00021387758549294006
-0.00016436101673809392
0.0001042780947243137
-0.0002965764806233095
0.00018968632175891996
-0.0003456266384867078
0.00014784144749641973
0.00029473527126547863
-0.007817597953311928
-0.00021897185028192694
0.0001318289566716342
0.00020211614192354148
-0.00013846657220598066
0.00011759606942395034
0.0012359642666577048
-0.00025332679191004135
0.0007270494167336395
0.0001688785280340775
0.0005240116510408537
-0.000230521157033184
-0.00011256562056423546
0.00013610802893755002
-0.0003709486755648382
0.0001549422118436202
0.0001716609441941249
-0.00023971292800139272
0.00028868610359952644
-0.000279669125074727
0.00016013940862983177
-0.00012930321987658321
0.0003316728955012989
0.00011971623316670813
-0.007430505548760943
-0.0001887109264891369
-0.00015224295158562754
-0.0001353674925277388
0.0001904976755295819
-0.0011651790778824185
0.00014313298341397736
-0.0002513251906089476
0.0006991406829069244
0.00014039549672233915
0.00021887554659193685
-0.00010815474530938941
-0.0004962847674522511
0.0001270807155373011
-0.0003842218639261186
-0.00014897542375744098
-0.00019555293935530414
-0.0003024107554809942
-0.0002579280796402534
0.00017596902844993863
0.0002594844281987205
0.0001713023110930513
0.00013348899066164144
0.002106734277639888
0.006735326040725877
0.0004572768627184797
-0.00017859653762886818
0.0002465405049491946
0.0011132997394404209
0.00013151821037307758
0.00011156776723599666
-0.0006617152477943333
-0.0001198825108123716
0.00021199285304136038
-0.0004703007507902896
0.0003647348598878599
-0.0001043017559034063
0.00011993062546555868
-0.00018412538853603607
0.00028892013065844827
-0.00010368827611453937
-0.00021909798745391618
0.00013312758254502467
-0.00016692041207637601
-0.00012442272676461944
-0.0002485352365752419
-0.00015455959916191918
-0.006733108010771483
-0.00017322675153558405
0.0002201214850787587
0.0010615541137430494
-0.00015094738287166722
-0.0006289857164486643
0.0001152942784285967
0.00019955239612826436
-0.0004499536788931571
0.00013211435673537154
-0.00034696911308027716
0.00017805427801244512
0.00027531495550818936
-0.00010377779685373091
-0.0002462042339295864
-0.0001354134366878832
0.0001433364260724883
-0.00023587879820921394
0.00014219653627148033
0.00642016564464632
0.0002154668126447922
0.00014157667741562113
-0.00014159081395236442
0.001013370433023713
-0.00010388103274066465
-0.000598800331345502
-0.00018608154687045045
0.00042677639241234396
0.00012071400458831986
0.0003313822374505649
0.0001672230958406506
-0.00010161573979974182
-0.0002609229242395077
-0.0002320475218147833
0.00010863892310089795
0.00014786233823750998
0.00022572264138892665
-0.00012921334681036424
-0.006128978891850853
0.00020203102591639276
-0.00013233632847638153
0.00014053946552285433
0.00010101351661508535
0.0009679792246340273
-0.0005696755323395822
0.0001775290887205198
0.00010752736405037055
0.00037490450454784064
0.00015556270642645174
-0.00016479741719067936
0.00031496588883559346
0.00025022305626548906
-0.0001068634618800731
-0.00022052370392622696
-0.00014611122228377633
0.00021393532942822288
-0.00012246496852114458
0.005774171984065972
-0.0008673621724691677
-0.0004765128411052408
-0.00018552289728602985
0.000132691639495237
0.0009281344877600667
-0.00017392549865264415
-0.0005469411948461883
0.0003926210309982145
0.00015015413030884496
0.0003014215125956103
-0.00024126424972481636
-0.00010207757242055312
-0.00013746874492591166
-0.0002123419433887643
-0.0002040002193788382
-0.00010082720459552542
-0.00011975860857366396
0.00023358966104009812
-0.005601113149728348
0.00012521400247455475
-0.0008863298421112675
0.00017269821644974378
-0.0005246308414810162
-0.00010288257202961285
0.0003746401495179461
-0.00014669081596102376
0.00028908691439997515
-0.00022904726435848155
-0.00012130572770755165
-0.00020184788949893103
-0.0001977010838270081
-0.00011898102522078995
-0.00010624009659409088
-0.00020548314905029637
-0.005364925680856567
0.00011626520998193012
0.0008491438733172805
0.00015784145331201982
0.00010258023952563983
-0.0005016868806723582
-0.0003591681097639745
-0.00013804373586604187
0.0002768989598926014
0.0002206160203661605
0.00011537731114229837
0.000184742575279883
0.00018878192699842033
0.00011331807001726548
0.00017071948768910742
0.00011011239089769734
-0.0003803626158541445
-0.005129569311667648
0.00010849405674440871
-0.0008109648130786011
-0.00015104993282171944
0.00047643392503387937
-0.00033987278664031746
0.00013693705222625325
0.000261221323539121
-0.0002104516000013663
0.00011820933883631748
-0.00018564607288376844
-0.00018119805280413797
0.00011971954981834448
-0.00016775878016437508
0.000154749659603094
0.004931404113956903
0.00013030583492359548
-0.00011415835737872697
0.0007822527240698558
-0.00012590874977003825
-0.0004295254626474537
0.00017222868563125364
-0.00012728027836055999
0.00032740256202863703
-0.0002516613159918275
0.00020459489273321943
-0.00011540255499957352
-0.00017926067769560988
-0.0001759921059834218
-0.00011037495584706912
0.00016119894301838765
0.00474027198883039
0.000136592339507111
0.0007464810979871073
0.00044477060611377266
-0.00012293721821388679
0.00031776319296450157
0.0002445087409213228
0.00011089646764696612
0.0001926754746511138
0.00017414739067554962
-0.00017043500359864496
0.00010693035455217781
0.00015465533158497466
-0.004558486659908008
-0.00010167513010269505
0.00012358890479470565
0.0007188176395275185
-0.00042635500845988395
-0.00011531804769417616
0.0002924562903311528
0.00023641418809107757
0.00018568709018148964
-0.00016642088327213091
0.00016193138722782896
-0.00013912744342397743
-0.00010233359456790917
-0.004384746036731443
0.00011946496505398916
0.0006929486749514726
-0.00041322757044778515
0.00012777814874804374
0.00028244167773631404
-0.00022086716575606767
-0.00010391506332976553
0.00016886587732196348
-0.0001612920594209571
-0.00014441584526551197
0.00011097140512991017
0.00010258461036808227
-0.004221590737924808
-0.0001628005856683194
-0.0006432939961248414
-0.00018099818067076473
0.0003793315503152638
0.00011830050385147456
-0.00010763576652755158
-0.00027604594650232594
0.00020433323231425666
-0.00011541242880578678
-0.00016579088393820857
-0.00014550976423164736
-0.00013868210839012505
-0.0001340966846708887
-0.00015196051726748923
0.0018094013747466018
0.00246256506174275
-0.0026039342368161323
-0.0006498117005705439
0.00011501176011300219
-0.0005949550782713902
-0.0001685123353252047
0.00012456247079327992
0.0001279025758926263
0.0003167536959418631
0.00011036681239301871
0.00020959650735812444
0.0002788959408402041
-0.00021711428806306211
-0.0001543257651031872
0.00013345669592708257
-0.00012954906287625047
-0.0001428118215972404
0.00010727159515859004
-0.00013736180306628046
0.00013704073215603039
-0.00020180189841393948
0.00027222537753421983
-0.00022212740067672362
-0.00019651277875131
0.0005759756760764708
0.0038338107595604354
-0.00026980457963783833
0.00010616560960494535
-0.00013569749830609194
-0.00010586128170020248
0.0006561771373680606
-0.00012387408652469217
0.00012007309593379404
0.00038218691235930406
-0.00010217885108307394
-0.00023070481784190876
0.00021022592305448184
-0.00015506230619285346
0.0001283441473153374
0.00011376419226399818
-0.00015122837219087499
0.0001211800128346658
-0.00013785118440194305
-0.00010740450193219313
0.00012273888826502873
-0.00028975105480303053
-0.0001847511593865175
0.00030705358855552853
-0.00023356122079631295
-0.0019558207442395177
-0.00041793455535241766
0.003112762495744612
-0.0002998229924975361
-0.00013064396818776868
-0.000463040292017115
0.00011065207966878532
-0.0005644479046205555
0.0002967434515095373
0.00010696792091223638
-0.00019001127389354575
0.00010052227206226915
0.00012213222042577402
0.0003277898713677688
0.0002637225123667459
0.00010218091564558919
-0.00017448549521176655
0.0001356878087824498
0.00012737026014198867
0.00010832912300541317
0.0001448189420949387
0.0001274021768096149
0.00010049539259751657
-0.00010108675933622645
-0.0001262498592537973
0.00017301904794196762
0.0001720610487787477
0.0001081319367699134
-0.00047992242243428295
-0.00013276948420467454
-0.00011399598675261337
0.0007777262573000289
-0.00010088193480562303
0.0027712271614987543
-0.0001702029182961526
0.001927589497559491
0.00013816848652883283
0.0008076845634505752
0.0003135135354019116
0.0003254599993381861
-0.0003799626998471642
-0.0003062591189558424
-0.0003898201975066272
-0.00010511080301511721
0.00022230157294405952
0.00012374627744481196
-0.00014969419117661351
-0.00010384941515435516
-0.00017310944172740022
0.00015990988213932496
-0.00010572551002581957
-0.00013738783631706464
0.00011669085397295543
-0.0001158937936890829
0.00013864139307377557
-0.00012488914966594038
-0.00015426712609641999
-0.00013620672997684318
-0.00013514304442183343
0.00021312910357729875
-0.0001003272870009714
0.00029983462455738754
-0.0020960266141193517
-0.001025779772801455
0.002545600832373316
0.00013393584758154866
0.0001538894282397806
0.00014058723151994705
-0.00048275919959083906
-0.0001359872299291448
0.0002758369058263316
0.00036977655019616965
0.0002067254744447933
-0.0002870926153469133
-0.00015713308171923753
-0.00029187503653719995
0.00011905040900201991
-0.00013516969783839537
-0.00023571125803192855
-0.00010406546529070473
-0.00017662638941170732
0.00010424660112917883
0.00010945027220917917
-0.0001046036187433851
0.00010888228611447153
-0.00011014655989448398
0.00012881107258439558
-0.0002048009988153755
0.0002880996608027054
-0.00014081819030557216
-0.00011304292025888168
0.0003434225665896877
-0.00014087842473535367
-0.00016028086471785505
0.00020005731015397353
0.001056031748423627
-0.0031427472312089127
0.0003342557880909995
0.0003628308554745849
0.00014203665332317774
-0.0002104138397461979
-0.0005031455117715706
0.00010810036278050561
-0.0003351628081398729
-0.00011445853721432974
-0.00013555317891297993
-0.00029742328719073566
-0.00011415876433848691
-0.0001368378289216527
0.00011715719328252387
-0.00018213196109178594
0.00017598946412789615
0.00010544508250028489
-0.00013306823153479288
0.00010859513246126869
-0.00013473922186777555
0.00010391292065945803
-0.00015350877052571372
0.00013368733603161365
-0.00029403221538686905
0.002734256300755438
0.00024353705069420848
-0.0017909669733049693
-0.0004276702986535733
0.00023338419664207445
0.00035077574502711823
-0.00017647889559726848
0.0002442203439392262
0.0002319233786876504
-0.00017469061797267848
-0.00018666710344029068
0.00013167808745196552
-0.00015477637205199416
-0.00010772934284131629
-0.0001058441956917426
0.00011845499664774583
0.00018499948898004174
-0.00027393230216635775
0.00010491538167269301
0.0031391475574869022
-0.00014154217942163007
0.00024785777820158833
0.0001038586765620014
0.0004460756362372095
0.00018014188705649074
0.0003199866198378594
-0.0005046765184105409
-0.00012098085237086598
-0.00020713299242741144
-0.00028329253237092164
0.00019904428974539567
0.00010055979048164729
0.00010343718224488629
-0.00015808326664410526
-0.00010115197036999736
0.0001183598016777273
0.00010609962056051343
-0.0004951362819193877
0.00010595471139154869
-0.0017627698803175799
0.0025156951402902587
0.00018461711184674713
-0.0002410248804416511
0.0004786189665246768
0.0003172345669739673
0.00011035019668659155
0.0002811059255041266
0.00013805343171781638
-0.00010859978731510589
0.00012592329741590842
0.00016952301815948928
-0.00013178465388994485
-0.00013881463469927745
-0.00011823023158450195
-0.00024805249570309035
-0.00018124688805464217
0.0009445551079683083
-0.0005686008762361098
-0.0017664236954105007
-0.0021530507932389776
0.00021447334947842828
0.0006266333276573341
-0.0002552992652951583
-0.0002295229871399335
-0.00015099616898936902
-0.00019239629169562106
0.00016091467760697727
0.00018174223231516435
-0.000132702904545207
-0.00015973429664621052
-0.00010652024961290394
0.00012760599797717766
-0.00032484053956637917
0.0009124070935947696
0.0002892665282159733
-0.002839026780259624
-0.0002789062871104376
-0.00018674419975210028
-0.00019802416977058814
-0.00021564789815889626
-0.00018443219675078773
0.00012867463493013834
-0.00011436850351467906
0.00011236040323416393
-0.00011080164273518974
-0.00011198181460251848
-0.0001489811718470363
-0.00011244037135085567
0.002860322231104787
-0.0004289256680135962
0.00034470432051392555
0.00032291855246416665
0.00012317532576165165
0.00031397892853860985
-0.00018085279066630566
0.0002509776742183694
-0.00010277510286611507
0.0001913996810407458
-0.00012583484854338352
-0.0001808730961962858
0.0001339982885048236
-0.00015438754685863232
-0.00166062737194424
-0.002114848357048256
-0.0006933859102388898
0.0005481898935654585
0.00013912215127629034
0.0001897196418274369
0.00042925092269474217
-0.00010769507071449763
-0.00025576024812531853
0.00018840063173981706
-0.0001333505941967628
-0.0001427879663322726
-0.0001354623116837203
0.00011403875205895703
0.00010311937275997667
0.0027570701382998437
-0.0001335273392295312
-0.0006943742145526794
-0.0003832172270397449
-0.00011814877115312915
-0.00025901765438574216
0.0001981381162106027
-0.0001514279269811677
0.00013676929968821952
-0.00013898009443711118
-0.000121569185528469
-0.00011200759671069855
0.00010158930786066728
-0.00010509054594714957
-0.00010087880016786857
-0.00010846118946085573
-0.00010050083101534415
-0.00010925897715606883
0.00010257196440328135
0.00010283249382219826
0.00011130734347962175
-0.00010681953528368287
-0.00010486020003965525
-0.0001147991458358284
-0.00010855039026646842
-0.00010519088747303961
0.00011780058501140617
0.0001102297954712424
0.00010799012436740834
-0.00012473296011805544
0.0001148028626359577
-0.00010340064694415749
-0.00012089155019540495
0.00011675523672925861
-0.00011214850381277935
0.0001034513795033323
0.00012404396723152155
-0.0001192563904017852
0.00011485780696089419
-0.00010656114181195026
-0.00012633846932027777
0.00012230596662881517
-0.00010512136731649185
0.00010060687659913259
-0.00011727296593911915
0.00011027300946220228
-0.00012667978576083076
0.00012515757674184456
-0.00011267433212718208
0.00010032366691872334
0.0001185330210490377
-0.00010325287135585117
-0.00012193269777904496
0.00011081516569932694
-0.00014828485141954415
-0.00012191056064119195
0.00019931598510494435
-0.000160499518614781
-0.0001979492155209954
-0.00027131190059480386
0.00022657037539513218
