0.9857281835653415
0.12711899091378703
0.0596768700429428
-0.0474984316706291
-0.03782285043742006
-0.02327485307330386
-0.013544813100027626
-0.026663218224571118
-0.02361915306701176
-0.014004810427018281
-0.003787336711887249
0.019967952249466736
0.00848462611964361
-0.01784752401349731
0.004754423610010699
-0.0003948822466590815
0.0007775981641937851
-0.012663168341354763
0.014610791740945595
-0.006999538135460857
-0.007686523621616705
-0.007083068800913383
-0.003975088457079083
-0.0032352576919472717
0.005996492191020371
0.0007938796194960863
-0.005156024171846809
-0.014015292813727013
-0.0025263782255043974
-0.0005586311659668664
-0.00031184347505369984
0.0012121136507853216
-0.009152636770263598
-0.00335419941433511
0.012312697008355232
0.0004562170570783307
-0.0005997159322519467
-0.0006441948887111693
0.0029647364686914493
0.00021590852178426782
0.0002574362395462102
0.008956207074878028
0.00977224339701662
0.0022965095218040743
-0.00034690139661011345
0.00018993384244398904
-0.000939061897149255
-0.0004853285684387153
-0.0009975425992646866
-0.0028656901800064487
-0.00044892335933105173
-0.00022752081112429237
-0.0002134035950345293
0.000226304352505734
0.00030692969746570054
-0.00800595140188576
0.0006979804234776491
-0.001511914816661861
0.008119169509725025
-0.0005946673554749549
0.0004660867168558536
0.00011821120013809675
0.0005264822491434414
-0.0026946356433033927
0.0003066497716990851
-0.0006046788444596333
0.00013912531216706767
-0.00042788605335098974
-0.007152753531642974
-0.006798855861863263
0.00027852145299913576
-0.0006452774747393647
0.0005237789974875793
-0.0007933189185608451
-0.0023427179647729133
-0.00030018454816321106
-0.0005815814683411102
-0.00019811341780579967
0.00017455897962160102
-0.0005700877829171515
0.0005802514078247546
-0.005732549780069685
-0.0027089068745660113
0.0007580642511257357
-0.005625011704499726
-0.0003310670467065627
0.0002817614637201163
0.00025104080822554417
0.0022140884870417814
0.0002759019633734247
0.00015500178320959965
-0.0005547462048964833
-0.00026416421309785604
0.00012166726928879295
0.0001513151050619557
-0.00015396736317353814
-0.0005186669407928058
0.0055400428235638
-0.0009102793133265555
-0.0011378417674072696
0.004688654682187139
-0.00035866915347299683
-0.00019774156931971114
0.00033879511391417055
-0.0002893050276882811
0.0019957535227014796
-0.0001243481204279354
-0.0004933499665913743
0.00015850568711462448
0.00010955049078183044
-0.0005194166690215896
0.00016523068986673965
-0.00022486175425068456
-0.005143328874741928
0.00032170225453080625
-0.003929382972493893
-0.0003939358788248344
-0.00018982079973984157
0.0004998343381153767
0.0017131180743331705
-0.00010449601132455234
-0.00045572244018065347
-0.00019880583889285953
-0.00015492450352169374
0.00025680943309675175
-0.0004198168211254807
0.00011983465263146138
0.004625678599253457
0.00034290356932120604
-0.0002578690016497261
-0.0018972748762947438
0.0027487024138503633
-0.000260490675038756
-0.00023347602679546668
-0.00014708454270188768
0.0008660463263162222
0.0013118914939265719
-0.00042424541303900964
0.00012679197301045212
0.00044128772899680656
-0.00013542860592041176
0.00017723769944246254
-0.004096666303237094
0.000936682482568621
0.0007382746890197956
-0.0027445743383214065
-0.00025193021085847335
-0.0014097809728571404
-0.00016505797157775933
0.0003646432639072344
0.00011918502517438084
-0.00015092353861868185
0.0004138816445361524
0.00013072477280846396
-0.00019490619522847917
0.00016264343871252808
-0.0038067491218534985
0.00012933392206301432
0.002394141805986677
-0.00048488277634260247
0.00010970446782327443
0.00017716830516479055
0.00011838187025996143
-0.00012346042752924572
-0.0012559179930458047
-0.00010156792799550628
-0.00033739849296141153
0.0003799326014209247
0.0001267074649725429
-0.00018849872527584386
0.0003687866524291228
-0.0034376079888359
0.0003970013570292821
-0.0020915238141623175
0.00016824073927851606
-0.00011819489445568342
0.00013972055642951062
-0.0011364460608130522
-0.0002887013425649981
0.0003481901405803835
-0.00012096193187308938
0.00017908079858104878
0.00014653850477560685
0.0005845834646458903
-0.0031236734046712557
-0.001814953224881318
0.0001491870378679492
0.00011667770170366918
-0.00032775687305756825
0.0009724844717546321
0.00025354294046520646
-0.0003244209124553925
0.00010443244477840191
-0.00017246762203190706
0.0029165580027391684
-0.00010054761087825527
0.0012825432441600274
0.0009350507492052856
0.0001272353117064031
0.0009256849260888134
0.00023771780385546123
0.0002905799636132363
0.00010307199353537196
-0.0001594653662962683
-0.0026821661165212373
0.001388058589484225
-0.00011018500712072461
-0.00011379331215343862
-0.0008391464888263915
0.00020735719116105698
-0.0002680013145151661
0.00014153434671850072
-0.002432581551522311
-0.00043939924829843133
-0.00010364507949080851
-0.0001033821419811388
-0.0012158266208318396
-0.0001365735575810366
-0.0007662059038147992
0.00018590214880275432
-0.00024836822432905284
0.00013142888445001627
-0.0022715170271438074
-0.00024141568434980358
-0.000157429677344578
0.00016918044302209801
0.0010676953711687576
-0.0007023154845959588
-0.00016705042285144217
0.00018655299565670605
0.00013534840149686923
-0.00012578010442471806
0.00014770263620575633
-0.002117796135281484
-0.000958939119150518
-0.0006251829830855699
0.00015621823606065118
0.00015011105513285127
0.00020394150054452764
0.00011466909631541396
-0.00019318071649057574
0.0019627967660078315
-0.000852896203210228
-0.000586453719469922
0.00013762124902306445
-0.0001990319335923136
-0.00010921903823993277
0.0018364235990570986
-0.0003075777183682259
-0.0007044201828328636
-0.0005447604492646663
-0.00012391328486575603
0.00018332100772259176
-0.00010175377242028985
-0.0017143302784349132
0.0006883536392570651
-0.0005054234062428105
0.00011205360452723401
0.000171205134724368
0.0016039218230854432
0.000620773168559555
-0.00046761520337962597
0.00010070325897420696
-0.00016008408490993833
-0.0014884246218027726
0.00019749784863296605
-0.000560874580313213
0.00042734130336182077
0.0001489569000818579
0.0014123693211947584
0.0005093784987531667
0.0004049175877981434
0.00014057523179187285
-0.0013288407988597812
0.0004631590247362945
-0.0003782961331948651
0.00013106064882276356
0.0012513945606548037
0.00042231648857884904
0.0003534522228158666
-0.00012278781077801936
0.0011808696035673144
-0.0003860633324734339
-0.00033402018697422135
-0.00011304355374136137
-0.0011151585477677136
0.00035444164177565973
-0.00031406207000929083
0.00010898467798367407
0.001055110541202318
0.000323617213429777
-0.0002951263076820372
-0.001000705349777643
-0.0003000471349395963
-0.0002786445650755843
-0.0009499645452098312
-0.0002766956582251248
0.00026336554746689067
-0.0009009630508333743
0.00025544445383872616
-0.0002448911876599181
-0.00010083886477728739
0.0008588518352395478
0.00023698188998186656
0.0002360070244658392
0.0008185243288830456
-0.00021976884220669185
0.00020583673478225323
0.0001070668670967345
-0.0007798664342998152
0.00020448751345971894
0.00021285838440586203
0.0001110121708923568
-0.0007417290292553456
0.00018970496131478606
-0.0002022321228018583
0.00011775451916188023
0.0007103351583038562
0.00017787036922496116
-0.00019286390670864766
-0.00010145536612748107
-0.0006808935597110839
-0.00016614592131054503
-0.0001837718399381611
-0.0001230661759243548
0.0006518610410468201
0.0001556935869629182
0.00010467394037506522
0.00010255165253929285
0.0001754469065273646
0.00012989578704169493
0.0006245722974979306
-0.00014602273337909123
0.0001677197111745387
0.00010872024752587988
0.00010672948621202987
-0.0005989176160847023
0.0001374751314001226
-0.00015961158339195417
-0.00014222443421117457
-0.00011131875314175627
-0.00010935115320713605
-0.0005747512393966427
0.00012968490607722153
0.0001528328037121722
-0.00010310063338899086
0.00010591720255723337
0.0005481453419583119
-0.00012309376204436466
-0.00014613625278452253
0.00011482921877629384
0.00011188514928947095
-0.00010343949287996419
-0.00010819762746106651
0.0005310094385664879
0.0001168078089696158
-0.00013859586546496178
-0.00011816681737656641
-0.00011581620550662912
0.0005092653516387765
-0.00011459212018732097
0.0001287969589940484
0.00010797985776466094
-0.00047261049162600536
0.00011696892008168381
-0.0001276448914667803
-0.00011834312033685302
0.00011607625251577384
-0.00011931717424800571
0.0004509576171525534
0.00015013345956671015
-0.00012427917667337022
0.00011961178633741042
0.00011499330127821452
-0.0001909811129319591
-0.00011117975052329472
0.0003855274514568587
-0.00014325403568186726
0.00013042162127395205
-0.00011683579040305758
-0.00021639416670218235
-0.00019178101251516962
0.00013313769563517525
0.00014324026622067107
0.00012728024153739115
-0.00014308046553778198
-0.00010443581450380269
0.00013071488421474277
-0.0003727304990221093
-0.00010836781479825435
0.00012953712329739943
-0.00012597161454190505
-0.00010788438189657896
0.000229915109626897
-0.0002578877957228554
-0.00014471446308514965
-0.00012489248794381267
0.00013254262300117404
-0.00012940939434391032
-0.0003291094138704388
-0.0001462600520719306
0.00010587234082216706
0.00014909698586359617
-0.00011015271557673778
0.00014842165006708537
-0.00028036494496989266
0.00010005625342945066
-0.00013538884107520193
0.00013124621962743788
0.00014860640305691786
-0.00025373740516658943
-0.00022431233697296687
-0.00011685297207699016
-0.00013727961216090495
0.00013287351036937606
0.00012080805721212318
0.0002243381658326866
0.00013363746124158568
-0.00017148230009310895
0.0001080394838801168
-0.000145679326535179
-0.00014212382526133512
-0.00013849841740586004
-0.00031895548462939515
0.00014314142925638348
-0.00013867316594970262
0.00012403394458648456
0.0003327901080963431
-0.00014418530042531162
-0.000140340337170956
0.00027771179816027576
0.0001652224378471687
-0.00011790843057964901
-0.00014219362510068623
-0.00014355881384079885
-0.0003057419910882922
-0.00011645379868343405
-0.000154295301716414
0.00015007364708976485
0.00014583767963575754
-0.00018177924188284155
-0.0001535825438078953
0.00014897362786239066
0.00012182796566081955
-0.00015990612801067644
0.00015709196158122073
-0.00015216783311371905
-0.00010074283061176114
0.00017885969158044888
-0.00015968956136538603
-0.0001552859421695448
0.00013822789573752968
0.00014701098515158224
0.00016203405895392649
0.00015812633239133657
-0.00012381873797782044
0.00017467343343295711
0.00016714716795286297
-0.00016165987416264698
-0.00010422307771679365
0.00019181199845809998
-0.00010106103575982014
-0.00016910017802309176
-0.00016537040119904702
0.00016240868368151318
-0.00015349800451365476
0.00010334032074296071
-0.00017095819133592096
0.00016830140927607466
0.00013862866333339707
-0.00018135868163880257
-0.00010553182124636028
-0.00017822035951500822
0.00017220586367300937
-0.0001291763559516056
0.0001938243545343694
0.00010771812512490451
0.00018177425813755007
-0.00017612293621504464
0.00013530786253287413
0.00019635464392339793
-0.00011019997067550801
-0.00018367774487608628
-0.00017935875674942009
0.00022544480997085855
-0.00011278354626311404
-0.0001904884318450151
0.0001842057996920483
0.00012426208569549598
0.00021648080391134262
0.0001155915013173223
0.00019584480406258486
-0.00018930603674156013
0.00021680225757672887
0.00013611184033234902
0.00011820616452376205
-0.00020082071662641307
0.00019388850562352937
0.0002299528138080728
0.00012769545922838296
0.00012143332831106887
0.00020637581904611724
-0.00019907483420576727
-0.00021901678044972667
0.00015790398618677974
0.00012453746721269402
-0.00021289666400317413
-0.00020532531264154814
-0.00027770215292620523
0.00012788307095848225
-0.00022117735338702426
-0.00021468213918250737
0.0003159802266698664
-0.00015528113891754932
-0.00030549179088019143
0.00010765928851106059
-0.0003657714752413768
-0.0002913826679673589
