-0.8474125162661658
0.2966825046557874
0.20858597338747503
0.1799932909672477
0.03346929939186412
-0.12454083430550741
-0.08732780298840434
-0.09757753808029933
0.024095666449791917
0.09133934906624895
0.08398335090443537
-0.05550543932180774
-0.0011737915964439181
-0.022221394157248435
0.07531867813746264
0.008816479697643622
-0.05889367579629223
-0.02595921035992315
-0.08269591200218342
0.007092067818940432
0.019936345974552957
0.0038118578648717654
0.0018732441677630383
0.014192781508965075
0.016852480937073606
0.00728715355789757
-0.017764766930047315
0.08996004142783737
-0.0011832484528771776
0.0010785285700482025
0.004416451662906666
-0.0017256700283150874
0.005176604307836709
0.002664260328175447
0.0848056820128645
0.0014598058082265872
-0.0013190230813685487
0.0027662486992736115
0.0003635513942669835
-0.0016626495232761518
0.0005038665839650871
-0.00627555700996337
-0.003144241970853657
0.0027491791467807477
-0.07486154080514407
-0.006909260277610829
0.009149879406958524
-0.00034989441655535055
0.0030804809754989507
-0.002015113290002789
0.00018652163520874114
-0.0013630719456331549
-0.0009508664660252453
-0.0005553196973869562
0.001092031719988399
0.00634021875153356
-0.010074784488400311
-0.06667524436499653
0.0004496015560445069
-0.002458809931174527
-0.0015866830953992412
0.00010648928918987263
0.0038807928604970253
-0.0009870618901553746
-0.000500734028037259
0.0012307592917902596
0.0008707704551940313
0.0003668604077855291
0.004764152217890209
0.0032165041619758783
-0.003649956132817619
0.0012663230555212952
-0.012079015425608098
-0.05846525155654141
-0.004705067216963509
0.002029749084591593
0.004591520116292434
-0.0008341526499325936
0.0002929283472057989
0.00023043193477293187
-0.0013217230276563168
-0.0002132926998886212
0.0007999396543629967
0.0007070298149062402
0.001366803953209597
-0.004268439974653651
0.003126640615192533
0.0012518195064073214
0.0008802409933150875
0.0032502184320937957
-0.05192474400277559
-0.011949387109655107
-0.0015379065843109281
0.0013968590919752571
-0.0051034685336484465
-0.0011525003198616525
-0.0005270772439952922
-0.0008746901124487526
0.0011849341798613657
0.0006725471979301218
-0.00013184512721092223
0.0004780818881009609
0.00023521837645948442
-0.0007809746564780979
-0.004383063860657428
-0.001469320585702838
0.00018328135399526703
-0.0017487290046152122
0.047557503814835235
-0.0010197631975774877
0.003830864091338742
0.004633067279289619
0.0028739005582783684
-0.0004976181969737682
0.0010136738696584833
0.00045102840121635465
-0.0001548381438451377
0.00031325058820564033
0.0006238645364102688
-0.001137189408788139
0.001550670272736387
0.003946756468978379
0.0014357552993122392
-0.0017158362845712885
-0.03998119256602324
0.012440485759686136
0.008468575310581006
-0.00018243033668454483
-0.0005735106160167495
0.00383606643981797
0.0038260107413140656
0.0005709248171555783
-0.0009104668642042585
0.0004552845235373449
0.0002609899568451172
0.0007414122057841702
-0.00027860242936691423
0.00015975347071150095
-0.00023171764224157784
0.00033352181168503546
-0.0003130001764483713
0.003890835143733811
-0.00042147319698856485
0.0027759208602868434
-0.0031997920716584894
0.03823393305552051
0.0019487061673918841
0.0010648144789782241
-0.000992066769069561
-0.004778413585474327
-0.000614240018211867
0.0002896155953084553
-0.0007916019688908129
-0.0001585671871942053
-0.0005313604670390437
-0.00030732646245401174
-0.00037596691144846974
-0.0003013811345617331
0.0002381481340445675
0.00039758861798154586
-0.00019579060077402715
0.00018769891165055323
-0.00014588813447951633
-0.00331176090586767
-0.0005960443043136974
-0.0017478649191399423
-0.034587688168764556
-0.0012425758687615778
-0.0027578838605393126
0.00039483285912778477
0.000976683720903957
0.0014286260112939323
0.004649005171397881
0.0008497072079309886
-0.00036918512581722823
0.0006341432374101894
0.0005114702212453288
-0.00019148178793494024
-0.0005943388819516617
-0.0004148500972356445
0.0002094051046539433
-0.00023570559825284134
0.00036167282657912416
0.0003945693777066602
0.00028744546873735763
-0.0007749967579845174
0.0024729920048112484
-0.0015671019907056022
-0.0012437919661048296
0.00018511218337795003
0.0308518542864853
0.00612393493215861
-0.0015862900463226588
0.0005627055072927324
-0.001229233524023754
-0.004496466746941997
-0.00013519147265006354
0.00017162720264001592
-0.0005144586375435779
-0.0004309923183400667
0.00020963974431453564
0.0003972292561502459
0.0005012606803598466
-0.0002482579685232067
0.00043333197429619197
0.00021133817273087557
0.00021201585973945803
-0.00015554921860407524
-0.00033473399591524045
-0.0026923291093308576
-0.0004380547770279885
0.00037552765963617447
-0.0002206922828204323
-0.0013545065845458227
0.028585212572087355
0.0018472719156612482
0.001464309816578059
-0.004037532851953208
0.00032819436574977375
0.00015031012620201188
-0.0003172089578422348
0.00031486532466082774
-0.0004897797901106882
-0.0002970062152777662
0.0003457837150169347
-0.0007182269390417847
0.00022461958850436442
-0.00010551981775818444
0.00013542049365217616
-0.0003154203343312411
0.00038185299671317214
-0.00019030540427304832
0.0002210083106303679
-0.0001014122043996638
-0.0011258210411414452
-0.0010343127246645663
0.0019017392821028315
-0.003478850781978294
-0.025342813758011194
-0.003348546458585383
0.004330372987261724
-0.0006871900958333294
-0.0021076085189250834
0.003528489024921137
-0.00032951641997433365
-0.00013162738513360886
-0.0002680936251026024
0.0003790837353018664
0.0003915216288934761
0.000545532428885462
0.00020759124575656999
-0.0004761438132206803
0.00014488140900962134
0.00033441556821327023
-0.00019421955929600182
0.00013152838358075278
-0.0001070456702405255
0.0016207634752298898
-0.0013559140226336239
0.0005105522820807158
-0.00035928235464366653
-0.0001234332410151194
-0.004571009148073839
0.023497394739190464
-0.0008128771222111928
-0.0011111393687059485
-0.0010754605766563358
0.0003280983702246598
0.0036014884820124225
-0.00027479490029655977
-0.00045341540281475034
-0.00035575580018661605
-0.0005394442501794289
0.00045621784878603936
0.0001600514188683592
-0.0002998122251840606
-0.00028824126502987165
-0.0001947745047063987
0.0001561329854680425
-0.00011089915841019109
-0.00014667799852420956
-0.00012384878679088063
0.00019789667447518185
0.00011052293454794707
-0.0017078592221963964
-0.000995692110339261
0.00011604641658512045
0.0011368141137038208
-0.0002931649171752843
0.001835922320667675
-0.021774573536384588
0.0017460934019728814
-0.0018841254063142992
-0.0034369714964157813
-0.00026596516188136514
0.00025026730223221737
-0.000509469504629431
-0.00023267776851151848
0.0001115383832132662
-0.0003088470298996517
0.00027083747285992576
0.0003074009633262612
-0.0006223244861076184
-0.00017031122063275366
0.00021732154982595834
-0.0002805277846719604
0.00016056619023178503
0.00021524361439390302
-0.0007057264331979973
0.0016156011097259373
-0.00040602792556795257
-0.0025859242330909453
0.020128269193998724
0.0006001517963319673
0.0002278593072398935
0.0005266047813969095
-0.003071718935743695
0.0008721226628279289
-0.00016945749756628532
0.0003068650427068421
-0.0002462385103978427
0.0002148446433276737
0.0006231019480233131
-0.00018556844451512167
-0.00014418019492193487
0.00027338940168108674
-0.00013090550463572942
0.0002076339281193703
-0.0001988492541528777
0.0001605657137983238
0.0001804157414836426
-0.0001439269769046242
-0.0001819883605073412
0.001563731071857654
0.0002578867022850921
0.0002645523749571533
-0.0008217125220272513
-0.0187194381249285
0.00017174491633621997
0.0006989857030721253
0.0006391030805066014
-0.0029976700453384244
0.0001887027725295294
0.00040498688337982006
-0.0002051294356220904
0.00018972377650375893
0.00020130446356453064
-0.0006447272735703482
0.00011289022098411936
0.00019532739462594712
-0.00012256419492064075
0.0002000505187851568
0.00026495683710417125
-0.00011956410128012069
0.0001181305526072463
0.0006390607740971705
-0.0012727362145619667
0.00038604313915041984
-0.0002707211678186344
0.01724680348460089
0.0013046090487888742
0.0010329472709551069
-0.0013482082917933306
0.0006039301743193079
0.0013816774241168365
0.0024060598220157206
0.00018185280306617083
0.0001289559983831357
0.00011339399730809959
0.00014069727951215622
0.0006370444466217538
0.00015020378608502735
0.0001303629382563011
-0.00013223299347999443
0.00023520592529103874
-0.0002084042985175203
-0.00013073100297943355
-0.00011313311634115203
-0.0013346198020877406
-0.0010125485222223262
-0.0026233134438912262
0.012740378950538058
0.009503482351177503
0.00045977528779185116
-0.0008598482463260707
0.0012399845051725904
0.002148393860341832
-0.00016580036779663982
-0.00011030700722449257
0.00030766695429762265
-0.0005535795523083723
0.00013669198277827124
-0.0001788242891382163
0.00015904063178994848
-0.00010434109059869337
0.0002560815415761168
-0.00012986981985365506
0.00014463375952810235
-0.001210200074125732
0.00036174464444136876
-0.0007878836789721393
-0.00039466430542515595
-0.014928299053267835
-0.0016827084699738118
0.00014054461753255362
-0.00022989681438398684
-0.002317524404972803
0.00010841936333838895
-0.0001255674250484821
0.0001866047992478207
0.0001313467808285341
-0.00024368258304338677
0.00017922379864516338
-0.00023806518165489274
0.0005135294560214105
-0.00011380472729668772
0.00011013841988116007
0.00025865930964860873
-0.00011124071362738125
-0.001077837705954441
-0.0001675414212729612
0.0003648012220096617
-0.0002991487118308471
0.000382374831971634
0.014028334309088687
0.000498676071773663
0.0021372039223520028
0.00036229978789249653
0.0002144814374517884
0.00015252380836637674
-0.0003039059809428855
0.00013825724136117166
-0.0004975052490953043
0.00016748429276246214
0.00023457439019304807
0.00011730429127072735
0.00016185680939340374
-0.0009860217669615022
-0.00023415326287333423
0.00010353184032197316
0.012752646366513022
0.0028407149536596307
-0.00135592856465348
0.00014818950175617325
-0.00024367767897523598
0.002033110395305251
0.00012255854705616338
0.0002699850002744871
0.00023261046395666384
0.0003887149139665585
0.00011526689358268471
0.0001641312219639756
0.00022444675416731088
-0.00010635477576856488
-0.0001008447119997568
0.0002875976355022259
0.00015333566762311708
-0.0008499579238820336
-0.00015472763349291132
-0.00041851450162070096
-0.012282670532752957
-0.0008573840109987281
-0.00018853653526392896
0.0018702521980767284
-0.0004429009061744193
-0.00010798989574730821
0.00017303118331406082
0.0001234001615421981
-0.00021884644218452193
0.00011204390829110328
0.0007111873306028413
0.0004444952791812499
-0.00015632859264042608
-0.0002026470736170585
0.0007483616071723206
-0.01119963074561362
0.0026955910558370505
-0.0006714356902091977
0.0006128396610466124
0.0016647783598879528
-0.00010171528184732256
0.00011862244872935077
-0.00042410579176746445
0.00013044580031215417
-0.00010323838973862767
-0.00010555887383692684
0.00020799344884316412
-0.00010605594619208954
0.00012605185297991984
0.0007656894287120298
-0.0005936514442307312
0.00036688530254024915
0.010447254351945028
0.0028704060084737844
-0.0008588397300992029
0.0002077564585521664
-0.0015710544632520352
0.00012926896947552127
0.00010862346412043163
0.0001841920862935109
0.0003986831954111485
-0.00018581365823497364
0.00010997417737734125
0.0007035311473502719
-0.00022985716300444976
-0.0003637551980513534
0.006521591546097549
0.007897115413566925
-0.0002967641496490468
-0.0005279500850462471
0.0014540231449867915
-0.0001155285679827418
0.00017373508512990817
-0.00035380391504625906
-0.0001899251704605932
-0.00010632945189414937
-0.00011035028877386291
0.00017450341437042947
-0.0006028708450063179
-0.0002357887939467972
-0.0003316895304957305
-0.00015337531261004205
0.009680625056073014
0.000237066426606635
0.00019444407624886556
-0.0010872942559838868
0.0007951302348654539
0.00013507292825045973
0.0001411623332377803
0.00010626039833109087
0.00017656269137350267
0.0003364379613117559
-0.00018116534615150842
0.00010796355620970209
-0.0006119715784208745
-0.00022470832364110378
-0.009157449916758783
-0.00023408388809967342
-0.0002656883231192118
-0.0002352281282616231
-0.00047499422535020634
0.001142981231822333
-0.00015839042385340824
-0.0003228014945645934
-0.00010175258265307117
0.0001589298984313873
0.0005607070665065089
-0.00011600867888359454
-0.0007224028995053649
0.00018134408293532243
-0.008647951437674594
-0.0011751391482036444
0.00013415714822037438
0.0001287869486835598
0.00010133094699874863
-0.00029826526042600306
-0.0001029957541406032
0.00015660717443671143
-0.0003059929976610262
0.00042532258566385146
-0.00014072590250157582
-0.008209737505987602
-0.00045161766594573413
-0.0003469138706947391
0.0005536889230581877
0.0008886774448281269
-0.0003846825813042003
0.00014964398414805833
0.000265309980207671
-0.00015079296194708795
0.00048327032846655647
-0.00012567502351024654
-0.0002996939271423804
0.007807141249423229
0.00023993842040881703
0.00013582900827738812
-0.0003064979740122026
0.0009952091747597262
0.00026118857257478764
-0.00014705886366420007
0.00010016265313555917
-0.00044715508548457067
-0.00740184428020135
-0.000568844160472248
0.00047842953810559214
0.0009357309411709484
0.0002488665086310444
-0.0001366332270411302
-0.0001584617640868685
0.0003952792594495748
-0.00014125294063568948
0.004583244756072366
0.005397670717561896
0.00012220942180691784
0.0008739288281806462
-0.00011220943162864681
0.00024516863247696293
0.00010929847944876871
-0.00039887704196336785
-0.00024042256530865065
-0.006736544014025663
0.00014704592856391456
0.00033837979156143156
-0.0001978395907314376
-0.0001202394350306336
-0.0008076606228233775
0.00021416038771869837
0.00012274405422961832
0.0003624947949765313
0.0001671863898607317
0.006441964874666757
0.00015581190189858338
-0.00010826785534025483
-0.0006832831767733437
0.0003135775351755957
-0.00020213369853883505
-0.00011425033574145735
-0.0003429236778175335
-0.00010911640837636769
0.00616014916675034
-0.0006956330384449296
-0.00018947425289623525
-0.00010767005815014207
0.0003213842151629602
0.00012275794938574903
0.00043463772494527566
-0.005848512008102548
-0.0005683144182355953
0.000649266248535
-0.00017610475408734948
-0.00030405485345891324
-0.00022251005457835088
0.0056378915015505415
0.00012349863303474546
-0.00011515425963413479
0.0005937229212979496
0.00015695844595155076
-0.0002879827026307488
0.00024460453681699314
0.0050328351725893025
-0.0019695775468797075
-0.00015683317520346612
-0.0005419773458202738
0.00015224195084777032
0.00026816545664185297
0.0002841741999060222
-0.005178962085997788
-0.00018489312430584228
0.00019978433771370972
0.0004950797184369533
0.00013926654854762364
0.0002603883563653394
-0.00012079886530905179
0.0005859838336663802
0.004716743642958664
0.001515250223039433
0.000401953399095824
-0.00019474674153275096
0.0001308965192870377
-0.00024622400699240825
-0.00011775912545406056
0.004796738809689824
-0.0003959185760655529
0.00011520730184480452
0.00023589927557990818
-0.004616263957536124
-0.00015764953409190855
-0.00032876333394156156
0.00010153532007371117
0.00022187060529942553
-0.00026483487255203267
0.00023677842981672726
-0.0024563765865106167
-0.0036366997597528494
0.0006467079645589344
0.00023901331089217062
-0.00022486798765346684
0.00013506260617301006
-0.004272999726736064
0.00032500859215356604
-0.0001272711415166267
0.00019570354923609598
-0.00019771440982383463
-0.0006151188576542763
0.00042802317242196096
0.0012250725964640713
0.0038225962662414748
-0.0004639421197431958
-0.0001872579630704482
-0.00012484900229692479
0.000128602296315703
0.00011145724841448626
-0.00012368048224978392
0.00012082176311960303
-0.0002002425615791188
0.001212346276485406
-0.0006567879221772628
-0.0005944063625177944
0.0009016505773679079
-0.00328664488903989
0.0006754506430601258
-0.0007434172809960926
-0.0005891595492160217
-0.00018015911158954858
-0.00019377168748540156
0.00029709546056252756
-0.00027197459359036585
-0.00016145961965796098
-0.00011196042269287753
0.0001063356488941091
-0.00018653367789115376
-0.00011149092538304944
0.00017501168474985798
-0.00011367395096022533
-0.00010058186822028518
0.00013312771978940346
0.00018355694214389478
-0.0001728677326018696
0.00014405161701969648
-0.000135963212170526
0.00016161746814679346
0.00014912417751977703
0.00031843437890706407
0.0001497941744972689
0.0006255050878263859
-0.00037369135657265654
-0.00018630580242300128
0.0008680673944445957
0.00037893063751125004
0.00036874847673694106
-0.0010257310187054623
0.0010957803913228072
-0.0026243582030183892
-0.0014224246028555771
0.0008753660925415155
-0.000654262600695189
-0.0001034471141355034
-0.0003408280652404893
-0.0001141540917600452
-0.00010264608145952477
-0.000554024396504119
0.00016240702543304919
-0.00019884221222193574
0.000391087156948686
0.00042125335836288284
0.00016841080870520496
0.00022371761843079693
-0.00036701649834125575
-0.00017001174674645948
0.00013346031209769064
0.00015251716256712162
-0.000171183805146452
-0.00019716874349494896
-0.00015513241660317746
0.0002433191673605545
-0.0002169836300003918
-0.00016249635821901685
0.00014547039166839065
-0.0002860714312728922
-0.0004384042962855632
0.00013942809383589338
-0.00016368732463647022
0.0002809402817289714
-0.00010523980401031987
0.0004950394025362172
-0.0002698866909975543
-0.0004268631383873661
-0.00010476773590644254
0.0002956298086143356
-0.00022645967268803405
0.00028552727914745184
0.0005722460884419498
0.0001003561396850358
-0.0003583308173311231
-0.0006162969634408752
0.00022594065625873675
0.000338276822785205
-0.0015152143462925372
-0.0010095943653435375
0.00022215786179489915
0.00020080311987819927
-0.0007480386627056006
-0.0001166178017110826
-0.000840364879212259
-0.0005612041235599208
-0.000281510972528189
-0.0004507270930368443
0.0004515887468093074
-0.0012751266477929917
0.0005639093773010371
-0.0013568425517132424
0.00018646067420495578
0.0004633028116126565
0.0006835907936994194
-0.0008289464831319686
0.00017786357387614485
-0.0003929800082769937
-0.000513859510029502
-0.00021467380692356502
0.00013700119684462462
-0.00013943506311133203
0.00046086089367667374
0.00023215689765452254
-0.00021858350902510896
-0.00014444372185784882
-0.00012968144663453297
-0.00016263463950552754
-0.00011580801863989863
-0.0003981352322849467
-0.0005089448524132358
-0.00014535742687852763
-0.00011677638145653641
-0.00029194834461954513
-0.00010288671072482935
0.00024319465241908134
-0.0001534288546009163
-0.000130962502104358
-0.00012925272986022846
0.000619789232154394
-0.00034244627546655093
0.0004025214337991217
0.00015941107610066538
0.0001710116329210739
0.0004910078296445874
0.00045833304440228665
-0.0003881980873448827
-0.0005651182685057368
0.00016965231361186676
0.00013493944503095728
0.00012487393241702337
0.0006594426716352145
0.00026352793558397097
0.00022020222406342202
-0.0002925254609915661
-0.00035534672099154526
-0.0017787481267846478
-0.0019921793287678486
-0.00033351976032281805
-0.0004371579791117017
0.0005261273674622767
-0.00013980837247100632
0.00046360009641347203
0.0004457591854751201
-0.00027961111191447707
0.0005389942998299947
0.0004911636359155901
0.00050906984466986
0.0003286806936750289
-0.00011397328012540513
-0.000341591569716654
-0.00047498572299628245
-0.00020221333799942814
-0.00041210972790587123
0.00024774427085648204
-0.0002956274658111667
-0.00028076802732674675
-0.0002309906684968569
-0.00021799433296876077
0.00038933039272862877
-0.00010934263046609959
0.00021668512780537177
0.00014742262366754705
0.0001233277656353548
-0.00023875999079316538
0.00014636227841418768
0.0002388289906331203
-0.00026832059769203693
0.0002207353682362497
-0.00036876634578757
-0.00022671675260676748
-0.00012378069638934475
0.0004983152322931637
-0.00030985386194683494
0.00018053466847529036
-0.00016837737392514304
0.0001508295734293626
0.00014231303668133514
-0.0006241703975076703
-0.0002013024080132136
-0.0009151680199444805
0.0001707083535554194
-0.0002699150758062517
0.0007198269730763954
0.00014377781456281888
0.0006815091147357841
0.00013166257264851563
-0.00014171887213513322
-0.0003403633305401042
-0.0002521563437486444
-0.0013814418696619837
0.00025121858943737125
0.0010923166473728542
-0.0009872109518215223
-0.00047120378822719397
-0.00017227651037556369
0.0015700302074232967
-0.0002919827275324563
0.00013908065414404617
-0.0001772988799570797
0.00023074622281880783
-0.00026038119514159886
0.0004512247479163909
0.0002574710389688801
0.0005193782027751286
0.00032551835787520994
0.0002514852427994632
-0.0006846872045308484
-0.0002468255876481364
0.00038561149077300514
-0.00032239528866022317
0.00028602966627443524
0.00011446221975518787
-0.00036083473137498714
0.00021908328795247959
-0.00016408861295014133
0.0003645959994517905
-0.00026846943150405614
-0.00012560512698915692
-0.0002190026482203262
0.00015233539663127253
0.0001883476004177673
-0.00025259203216445
-0.00013252157227951103
-0.0004288081279260431
0.00013525012623593577
0.0002767375351176662
-0.00019407213832575693
0.000165007349450719
-0.00019103381654063595
-0.00023708208664929728
-0.00031233920205953796
-0.0004202869552264195
-0.00021255726758399052
-0.00012219717520188557
0.00026688491752943107
-0.00043584607196997814
0.0005015133263718273
0.000450417080271121
-0.0004506989670219744
0.0004355565684164365
0.00017902745197468043
-0.00020188302187410317
0.00027060343577658583
-0.0009215264223364683
0.0003353378842926108
0.0011603500562119328
0.0003139604015132102
-0.001093181580035622
0.0009871887824773246
0.00046518947620382466
0.0005373417671336135
0.0012695129242942973
-0.0005621080559627848
0.0005639687662175157
-0.0010021973917144157
0.0004088795986540049
-0.000438485807977412
-0.00026580350074388457
-0.00018737612864276506
-0.0002625699797593799
0.0002330554782134947
-0.00028037104114067346
0.00034101137784541994
-0.00018703069089706512
-0.0003397331918861751
-0.0003810084143351037
0.0001266890788875943
-0.0001540020523013885
-0.0001400919322412608
0.00032503733677775496
-0.00022574096533942964
-0.0001396228855928783
-0.0002451333628262392
0.00017121063041627705
0.0003699878551643229
-0.00010312710835651203
0.00036911528485827644
0.00030271294896738494
0.00011064319188190029
-0.0001653823139241033
-0.0004440737907813781
-0.00017879162398339607
-0.00016630257697478073
-0.0002722611753781975
0.000575417858798263
-0.0002894237962198286
-0.0003022880812346737
-0.00010141542934195079
0.00015559432151369008
-0.0008877043330842576
0.00041285352598266684
-0.00012850555611121042
-0.00016470291663699485
0.00021951180205043218
0.0013592455100613693
-0.0003048890339985089
0.00042927538126512967
0.0005951437223293887
-0.0007975539700716693
-0.0005810626857644667
0.0005305452281357387
-0.0007089574631038937
0.00010249355391025662
-0.0010211602094216926
-0.0002161466302509837
-0.0007559308104361204
-0.00010287970534557405
0.00030316248557062613
-0.00017544579974047018
-0.0008876958821157467
0.0005921333900157287
-0.00012124666498292505
0.0003304919303904813
-0.0006392373403123413
-0.00018024336634575534
-0.00038230307725745593
0.0002902893497096371
-0.00045646473710319
-0.0001659666404179119
-0.00020080407309319736
0.00013774330230607062
0.00027144846556039994
0.00016436522067351356
0.00017032154867453633
0.0004408350623727273
0.0002095475171276017
0.0002721685113007933
-0.0003161190189860318
0.0001495627018926419
0.0001720465224425962
-0.0002922933088804278
-0.000259053287556525
-0.00015268257657583453
0.0002028602630001453
0.0001784669285719749
-0.0003227716515199751
-0.00017055141566338177
0.00010465141617843485
0.00017315694888642423
0.00011290921198204504
0.00041447395501782285
0.0001267281479340696
0.00032564886090095794
-0.00021888989960773062
-0.0003044870034417987
0.0011551634009450517
0.0002066213965460628
0.0002428838098516199
-0.000211933168951649
0.0021800331752936625
-0.00037444776199468494
0.00010922793069005305
-0.00041642163402653374
0.0002852300970197045
-0.00032723378534664293
0.0011263553359743411
-0.00038042379248935703
-0.00020018715164843909
0.00015065116721902245
0.00027470414196174517
0.0004346590503281697
-0.0002178045670881817
0.0003123649574336252
-0.00015624957889585707
-0.00014913263520047326
-0.0002495131909401979
-0.00013940524447588105
-0.0003081899516369855
-0.00021517936690079682
-0.00010618238156482046
0.0002977647314871991
0.0002899437623010285
-0.00011566581300092149
0.00025306560945676475
0.0004161942278957877
-0.00010782002168901614
-0.00010657160761667143
0.00011107422124834331
-0.0002506097258684579
0.00010727951008168071
0.00014952324390661126
-0.0005618505835733303
0.00020371225202554596
0.00036359519608507356
-0.0001119309337867639
0.00015189176506958023
0.0007392599717691578
0.0002664956437451397
-0.00043060923128941225
0.00036681927831563486
-0.0004690809126934231
-0.0004156535747418057
-0.0011430557061804705
0.00026932345081550485
-0.00036996574318006283
0.00016762654483693431
-0.0008640356878971992
-0.00026326913225898616
0.0005163119672824983
-0.0016175106000431137
0.00011593069162589945
-0.00038764874637768604
-0.00026126872757538275
-0.0002057727249226597
0.0005638081466682188
-0.0008087723398936138
-0.0006892019255818204
-0.0001495695974884016
-0.00016155584438994468
0.0001999438259123053
-0.00034807529106474256
-0.00024075633417667506
0.00013970217413579206
-0.0003629234230691223
-0.0001017158550609244
-0.00020485177266468262
0.0005680795603064261
-0.0002592911613701223
0.00013441733818336915
-0.0005631926742329158
-0.0003792020197309682
-0.00013136643196246293
-0.00027722514768895696
-0.00045748443650486174
-0.00016983400788156929
0.0001334026551998033
-0.00013852792865780953
0.00036123953971159265
0.00014781588377356603
0.0002714025089526901
-0.00010172321337871649
0.00029181505085726936
0.001167970409886125
0.0004322103696948872
-0.00029904731921196576
-0.0005934163376913071
0.00014809452047942525
-0.0018169875533081733
-0.00047049281680359913
0.001375912294491178
-0.00016466789374887343
-0.0001976484023133125
0.00037327354910737944
0.0002664195747214762
-0.0002828077260662623
0.0006520600400703798
0.0005367740324797406
0.0006133325923274887
0.00012373894874220608
-0.00038334720795566243
0.0001182651925215002
-0.00016157660198736396
-0.0003352886041609819
-0.00016990274535061818
-0.000261018750909555
0.00018262336898288974
-0.00018239814213290114
-0.00021204434076040307
-0.00012813223195786775
-0.00017759671621386873
-0.0001398275064752986
0.00018790900326088174
0.00014418475706537057
0.00018518536626891918
0.00016092035225505862
-0.00011054298867328102
0.0003584194454617975
0.0021316411584793057
-0.0007182327349264369
-0.001048284331064456
0.0011387756921477225
0.0002286433335995679
0.00011953315423432378
0.00011289902772440241
-0.0001038012781159493
0.00023269018960336092
-0.00033905386621440226
0.00011760024844688917
0.000923260584237338
-0.0006394297748585438
0.00033457583101234286
0.00020322691634958566
0.00036494072118451403
-0.000113644940714311
-0.00028119838494387596
0.0001637087868021042
0.00020968133752551784
-0.00011169409319871648
-0.00022058191555665005
-0.00040195543958280013
-0.00013097282882889506
-0.00015598036873467954
-0.00017098309935347267
0.000126685460389927
-0.00012592048432193362
0.0006008986077519914
-0.0022082634410408946
0.000128140200911669
-0.00031543800359246733
0.0003502592066213293
0.00011533688534408127
0.00011483830537662522
-0.00042659439269693137
0.0001424123413626309
0.0002908729408504119
0.00012102715363417106
0.00020681553140895184
-0.00022183521093166247
-0.0004191739047242657
-0.0007018889543166653
-0.00012002135985088349
-0.0001931367333310775
-0.0001133161023001779
0.00011280442581750845
-0.0001231345828727433
0.0010976193705861598
-0.00011220034873991384
-0.00015192153516322812
-0.00020886833564012758
0.0003063122868035808
0.002319377695075854
0.00021957211229931928
-0.00035595936926953757
0.0006607817852196078
0.00025641286573128004
-0.0004970082266116374
0.00012325985140964905
0.00017669444694638629
-0.00020436739086887457
-0.0002871870845880678
0.0001598091792633143
-0.00014638585450471578
0.00014620311804635326
0.00013629418275200905
0.00011314331341491492
0.0001148333998559479
-0.000137251062860861
0.00011821598532352493
-0.000122309512243871
0.0001370969501409793
-0.0001233014535528408
0.000119135218310602
-0.00013117167211991297
-0.00012496302457272278
0.0001281146881991494
0.00015262187126629395
-0.00012930326092387823
-0.00013274633585129599
-0.0001259490994002082
0.00010871784279188592
0.00013749694289564521
-0.0001235529023558766
0.00012479881585481458
0.00012925671720754974
0.00013716138315445948
0.00012632501262641816
0.0001502653523971632
-0.00010086904816487134
0.00010562814465257141
-0.0001179049312477442
-0.0001457181841717995
-0.0001509272280084582
-0.00010164504787063959
0.00010238443134471052
-0.00013975972841715972
-0.00015260422778593492
-0.00010961763556961153
0.00013565453096707199
0.000114516221979769
-0.0001044491213645837
0.00011000955124079506
-0.00014461307294846786
0.0001531919773338439
-0.00017625143180794453
-0.00012474866477277626
0.00010102731654616043
-0.0001502196601555283
-0.00015546661630998527
0.00014352268883367414
0.00017725676550871456
-0.00013525220269259961
0.00015070410905430504
-0.00016234291140154765
0.00010538746541025276
-0.0002087419539201119
-0.00010935188429584044
0.0001335335874937559
-0.00017037786202306077
0.0001465026987784706
-0.00011817780788319623
-0.00010676886624700608
0.0001744495054028365
-0.0001265345377099201
-0.00011806210993788499
0.00015589737171486386
0.00018504357803456574
-0.0001041471554647076
-0.00022791551480987862
0.0001224225520945374
-0.00013452578575435983
-0.0001640100541010719
0.00018662502488059316
-0.0001096933113352874
0.00023668022143704428
0.00012583293589933314
-0.00012325436988575855
-0.00018866299093699682
-0.00019204201284160754
0.0002806506126154083
-0.0002652589547883417
-0.00012326906051077113
-0.00011099974576879105
-0.00018673046872884856
0.000241493179734639
0.00012325412970648754
-0.00011744990785948321
0.00034544344331576134
-0.0001287092300712333
0.00042876977701516815
-0.0003768211825620544
