0.9856517572461296
0.12688932832884134
0.06103939442754024
-0.04722434592037993
-0.038130435332819144
-0.023775140757301694
-0.0133161088952345
-0.026526615638956096
0.0239618635922526
-0.014198767739607958
0.0037020448476971835
0.019806268600490434
0.008545002850948046
-0.01822316749900654
0.004377841032424601
-0.00036508800592643964
-0.0007330279699516092
-0.01261756403152105
-0.014841886528467707
-0.006810267317573813
0.007605042446383969
-0.007126027165544074
-0.004247682763083528
0.0011748906519768705
0.00690841409514956
0.0008497109603112767
-0.005645747704576992
-0.013672623627227024
-0.0025551286138435865
-0.0005438009847221243
0.00038442984515787504
-0.0015018790576649913
-0.009348287796952608
-0.0033863841310197993
0.01218717251673505
-0.0004587720379115602
0.0006110343007668514
-0.0006190263348719954
-0.0029874410313988032
0.0002236905524809281
0.0002574583649327849
0.009163700347172836
0.009768896109538178
-0.0017145623584699156
-0.00036433071336246356
0.0001783917173547317
-0.000937146882198018
-0.0004829243350745568
-0.0010040627904138856
-0.0028769302729210037
0.0004940028412309363
0.00014780064963767939
-0.00020192729695494733
-0.00023803743713115647
0.0003625355692061799
-0.008179196419583321
-0.000700389781026785
-0.0016257535901228494
0.007986075016650135
-0.0006474217780582084
-0.00039654423437104083
-0.00011319915456705533
0.0006049563834774098
-0.002680301649314837
-0.00030187252428135754
0.0006233697893731421
0.00013026326755542463
0.0004983523080067886
-0.007296631347647001
-0.0066999544758327405
-0.00028120364445661757
-0.0006544070545241908
-0.0005236813344007571
-0.0007758362116776207
-0.0023427243078124947
-0.00030127179736015195
0.0005961039967486963
0.00020418457020458943
0.00016837232284971202
-0.0005754949484297941
-0.0005534685918876465
-0.00608506934424976
-0.002193739104683309
0.0007573306267771756
-0.005536445298641732
0.0003334935270409078
-0.00027852012235192594
0.0002821810274530499
0.0022041828581529604
0.0002600522419565438
0.0001571941196605059
-0.0005674791243415692
-0.0002494945051861465
0.00012957136034993694
0.00015283054055901897
-0.00014144989057356854
0.0005253439237474121
-0.005647930011533635
0.0008893496893883446
0.0011631843361095977
0.004612447061384662
-0.00031225865375802866
-0.00018897189543502131
-0.0003392400522920463
0.000276556797628638
0.0019852978666157544
-0.00013113495541185646
-0.0005032345469083782
0.00019382526022814056
-0.000521605337869253
0.0001542667188926186
0.0002226870047833312
-0.005233912848222446
0.00031652604989963697
-0.0038587998865177693
0.0003903831594578666
-0.00019164918876080994
-0.0004982986172004868
0.0017004321527105276
0.00010544620856074535
0.00046489280434736997
0.00019965778976158334
-0.00014499151350447597
0.0002640084908505073
0.00041874263372397553
0.00012057352114475178
-0.004708762670395156
0.00025019952051049245
-0.00029229659247801846
-0.0031575039063800846
-0.0008658977305634299
0.00024807204348371604
-0.0002346056858278902
0.00015015920608695037
0.0007052870780617741
-0.0013891688674126104
0.0004310880553305088
0.00012858459024023877
-0.000441444552178508
0.00013873204854904616
-0.00018886514980340726
0.004212133438954317
0.0006869336248329799
0.0008987469415021704
-0.002636751554529446
0.0002537210641500299
0.0013958315428569976
0.00016388422101266525
-0.0003689880188297794
-0.00012145757217279116
-0.00014293205969366987
0.00041284924266002106
0.0001335080005321462
-0.0001952023790037193
-0.00016051014514854387
-0.0038632790454472227
0.00012820041265661772
0.0023885821425260823
0.00014668927768543617
0.00010333761428145118
-0.00018437571406089735
0.00012381691487038486
0.0012423966517631237
-0.00010053434194287869
-0.00034143702318683216
0.00037885447382174185
0.00012911807743813517
-0.0001885797909333465
-0.000335341023504817
-0.0034902437920779146
0.0004003931377317111
0.0020472636707330755
0.00016287544320268518
-0.00011748931920643595
-0.00013905567907946797
-0.0011232383051290053
-0.0002910621071162244
0.0003465205301426384
-0.0001230355048150911
-0.0001788147209669341
0.00014534552004047383
-0.0006789390137982407
-0.0031485304590707346
0.0017750352501248443
0.0001476123917691732
0.00011629639501854566
0.0003220565772070901
-0.0009613867189577816
0.00025553764301385897
-0.0003226826190931231
-0.0001061114870968988
-0.0001714443440243637
-0.0029540965319285488
0.0013337892262327775
-0.0007925340806264877
-0.0001269457323131667
0.0009139595898624761
-0.00023887175137563213
0.0002887216821360729
0.00010453534798611711
-0.00015877635322479686
0.0027150252740588935
0.0013559513580064279
0.00011034622683481657
0.00011423413655490667
-0.0008276953341011927
0.0002082126413914068
0.00026634311918578764
-0.00014080613191847513
0.002478908685751931
0.0003316626795149033
0.00010123124452984838
-0.001187822154105271
-0.00013448231384905878
-0.000755475572354062
0.00018631110030594396
0.0002462448061043507
-0.0001321750387942686
0.0023010157805436414
-0.0001974791430909954
0.00015740267804444466
-0.00014706329278563453
0.0010446664520720812
-0.0006922524925316243
0.00016721736314546148
0.00014751801434454768
-0.00017452401300645435
-0.00012490655028247224
0.00014441865019627375
-0.0021410271249112296
0.0009354386846365962
0.0006076095291347491
0.00018355832391416646
-0.000150162723125081
0.0001973845994631914
0.00011347968459523441
-0.0001764711611986061
0.0019849609504938334
0.0008311577245270571
-0.0005767538356552641
0.00013745451643571582
0.00019700642951115438
-0.00010832208757131433
-0.001854956660009782
-0.0007161503964750329
-0.00022052641246709392
0.000536583580687468
-0.00012367696274476553
-0.00018136734449280257
-0.0001008291713947316
-0.0017309600138678458
0.0006708048238794512
0.0004977388468878054
0.00011176902434795794
-0.00016931865264901573
-0.0016189947158787657
-0.0006047495708233721
-0.00046043361552889863
0.0001002867270441949
-0.0001583653121344685
-0.0015024527813621133
0.00019655994528324712
-0.0005462755527816392
-0.0004241242316653218
0.00014732368752006357
-0.0014248305813278693
-0.0004959931882000301
-0.00039900291283415996
-0.0001389433715326057
-0.001340408726568109
0.00045088720193737234
-0.0003724279857664558
-0.00012957456247004027
-0.0012618616052501486
0.00041104380408942275
0.000348706106351653
0.00012130376799786878
0.0011904856507236345
0.0003757127662055973
0.0003287299559476452
0.00011171972618793565
-0.0011241582354761248
0.00034387698065980527
-0.0003090801290605507
0.00010763498051599048
0.0010633482326464219
-0.0003148821785317746
0.00029043750402900825
0.0010083194833039562
0.0002916422382618782
-0.00027419199276060025
0.000957063354251407
0.0002690923792156385
-0.00025916633093051207
-0.0009079168099125464
0.00024836539797515507
-0.000241120250984939
-0.000865050107644474
0.00023041032479716994
0.00023223881480568463
-0.0008242547360620994
-0.00021366412438606207
-0.0002122995132159123
0.0007852570191565392
-0.00019880682667906488
-0.00020946338942681595
-0.00010239830420834172
-0.00024331165787486257
-0.0007089107038350356
0.0001843893330246
0.00019901188721244175
0.00010927887674699321
-0.0007151368409739782
0.00017286721886993728
-0.00018979440258065245
-0.00010186157889833563
0.0001004332825766619
0.0006853571568755295
-0.00016145502256280123
0.00018085362969963531
0.00011579381947384545
-0.0006560827375328405
0.0001512822755753574
0.00010502634954407947
-0.00010311260264823134
0.00017266203174540572
0.00012484096811385544
0.0006285449082122135
-0.00014187017914726912
0.0001650759141798642
0.0001088947176127288
-0.00010710787846007321
-0.0006026773209558957
0.0001335492484657189
-0.0001573169786222604
0.00014233722041002137
0.00011146554743241334
0.00010893471886468047
-0.0005783324637278225
0.00012595954113509133
0.0001504547005961352
0.00012351087346707302
0.0005534266662444934
0.00011953133880185118
0.0001438900590210398
0.00011479802883257394
-0.00011227064563077816
0.00012135153530565321
-0.0005342162803609569
-0.00011349047816601739
-0.0001366848025714161
0.00011810924285968999
-0.00011600203694067603
-0.0005124302849238156
0.00011116204774260367
0.00012884902245302297
-0.00012072168831594357
0.0004773196951588416
-0.00011331398753374573
-0.0001262864716151537
-0.00011799607478813502
0.00011676715080303202
0.0001081616677563613
0.00045668726992923955
0.0001415862571832883
-0.00012370496075432344
0.00011977871328894334
-0.000216393171484912
-0.00010644834342244611
-0.0003839325936936018
0.00013297694647224832
0.0001304155075371836
0.00012027719595857002
-0.00021417586940026162
0.00019423364347921057
0.00013538427736770647
-0.0001490208723675124
-0.00012624925976734733
-0.00014069491039398545
0.00012736250365851654
0.00010828885589820037
0.0003794173184666216
-0.00010454588577859848
-0.00012920807081116773
0.0001257818444049853
0.00010418788769043563
-0.00024792401691896293
-0.0002485381024722091
-0.0001075801780978333
0.00012776638872243984
-0.00012120300142194688
-0.00013201547951720115
-0.00012926731991550353
-0.00033231912201137277
-0.00014696705575575425
-0.00010083715990299098
0.0001210579795321887
-0.0001315466665278135
0.000107651168422565
0.00016241401272645844
-0.00027614047994773484
0.00013501502259034026
0.00013129339802206772
-0.00011978016101967621
-0.00012823662554467996
-0.00025503927090474437
-0.0002270893156698592
-0.00010909437794716393
0.0001321330000845506
0.0001329168135749628
-0.00012421216554082357
-0.0002306831293344053
-0.00013960297352755402
0.00016373033086440218
0.00013360438928652847
-0.00012199255348576271
-0.00014153057578810628
-0.00013822005307812747
-0.0003234792683654974
-0.00013806223078127345
-0.00015969164013802272
-0.00033582313611068437
0.00014364707417028813
-0.0001400500546019983
-0.00027971786209926873
-0.00011630076028362544
-0.00014766032073149917
-0.00010460736670752128
-0.0001180951657331075
-0.00014647136732687913
0.00014319739991639085
-0.00031289289279969057
0.00014384957766626577
0.00012789816822347466
-0.00014963675025562133
-0.0001454603199994893
0.0001712788180697536
-0.00015278504443452914
0.00014852073752135
0.0001508013880838638
0.00013190129565955795
-0.0001562489500909734
0.00015169540994656772
-0.0001276460393837266
-0.00015974216511608063
-0.00015846729821552243
-0.0001546907529833244
0.00016865140397477236
-0.00012296745903073996
-0.00016205885803889119
0.00015741529212247058
-0.00015476077672817845
-0.0001465987723751612
0.00016613565298802247
-0.0001610593747261653
-0.00013370754688510724
0.00017130972696822867
0.00010061004812418186
-0.00012349212320090776
-0.00011014536629520437
-0.00016462885947697266
-0.00018963925539839567
-0.00011619422489013765
-0.00010285360632905688
0.00017253167741309328
-0.00016759159145735805
-0.00017238781856190882
-0.00014790713596334005
0.0001050297091399906
0.00017706137153452586
-0.00017143898951580363
-0.00015032456529020166
0.00017567865338737336
0.00010717010925091584
0.00018087122074007944
-0.00017530761224698267
0.00017319385506408652
0.0001620625679569647
-0.00010962444059764636
-0.00015878949583090035
-0.00017860391903529746
0.00012160308082540009
-0.0002103660509255215
-0.00011215140499052377
-0.00018908955285533828
0.0001832484458217499
-0.00011663879086914817
0.00021910088834821838
-0.00011485588313115997
0.00019448078624531855
-0.00018824895401909296
-0.00023759370700652746
0.00011751682554636216
-0.00019941501833865987
0.00019277648892987944
-0.00024826339474633987
-0.00012070710492930183
-0.00020495283821705585
0.0001978844929168675
0.0002530026721586247
0.0001237839237586895
0.00021149446569516635
-0.00020397578618837673
0.00027588375324360913
-0.0001271444018307918
0.00021972671017164705
0.00021341205592132243
0.00031445482195815777
-0.0001576641084084463
0.0003010865076693564
0.0001076058478709502
-0.00036271386128013203
-0.0002887299219232963
