-0.4422095865652717
-0.6086139530005432
-0.192595199610764
-0.11725445080934897
0.08509221140857719
-0.06750815570641512
-0.13524988975258664
-0.3593746420748321
0.27628796653978976
-0.1273494175616409
-0.11045021846754809
-0.17018201786939124
-0.05919174653671882
0.0804281604122608
-0.028859313915275863
-0.09994334134071356
-0.07933532564471364
-0.048472614898516314
-0.04502724600903023
0.08854460744886589
-0.041381697781844876
-0.049465513445399976
-0.00747597569007342
-0.02784182551566776
-0.028128474468943995
0.071239408225881
0.017562797965608584
0.02349517610022948
-0.0006923126378835993
0.000754996076197156
-0.054301798499285084
-0.052879395051256856
0.014824919550211257
-0.010130331148470898
-0.03410299268416233
-0.0002151505903524713
0.0018011852843218244
-0.00039364945757397495
0.06470631778826288
0.006395629280209406
0.03278825916342014
-0.00782590425467796
0.0073146734221727
-0.0012194323355016004
0.004162255709460586
0.013418508349126817
0.0014814917709748891
-0.016727217336741543
-0.011952575730458222
0.06378558347760642
0.010049130915951368
0.023452735384680592
-0.00027429742413494565
0.0021841070736527994
-0.00719235541239652
0.0007699449129408806
0.005518380820131667
0.008392586250862174
-0.012055390099389805
-0.009864887232107327
0.0006653318480151294
0.054823753757090386
0.011879682904542844
0.0008319017687827997
-0.00959851187089018
-0.003748851372359245
0.010508827871456213
0.0016343463104022177
-0.023994076918852903
0.0006700839854018344
0.01142846720771562
0.005248499083070406
0.0007949450836968822
0.006395915864578071
0.004615284073509435
0.0037209938656894335
-0.007126070250523875
-0.04861179916226088
-0.0034429156261944543
0.0001709555951225442
0.011296952841726835
-0.0009039912552168414
-0.00012060001036348954
0.004230043855773769
0.0018352292155477147
0.01327077648412659
0.005060951423074528
-0.0008879276517262638
0.007953141453488227
-0.018409055164764463
-0.007903951026036115
-0.0033644675335692126
0.0014901129832084969
0.004680250382682098
0.041879043076591245
-0.010199228207795778
0.002858974667672371
-0.005959204445132588
0.004808929237617265
-0.00032189719961722317
-0.0024554400060722167
0.006040429241401933
-0.0085521596535395
0.006378994690641162
-0.0027590448700764198
0.002099443373461961
-0.0028680036275068295
0.0012894939692176435
0.0015133620430228668
0.019486656566503554
0.0037005100593898374
0.00313300498054999
0.011926149083261806
-0.03392633543674463
-0.008406178922122903
-0.009414977256566336
0.0004935654132023674
-0.005179000352782357
0.0002456653025560538
-0.002379108228137976
-0.004120459252688756
0.006483205391456117
0.005096080654317462
0.00650544380150039
0.001818410795308648
0.001848587205726032
0.0026316545774878546
0.00119553132562659
-0.002662798614619118
0.0035588182068684274
0.004821130801002821
0.002908456000585769
-0.001854628476169728
-0.035309172761410094
0.011417177668576741
0.00621221572673533
-0.0022284762851896445
0.0016080587338270845
-0.001438704465348324
-0.004173046618138478
0.0003874170869058855
0.002518196587470355
0.0019306539553159544
0.008691926210505926
0.0013474136851707298
0.0006157534330064309
-0.0021955252934844293
-0.0030168562326089807
0.0010269728300702722
-0.0005984200419362236
0.005210909990281478
0.0012197924381127118
0.0021782367956119045
-0.01084406763889338
-0.028055122324373998
-0.0010366876927867554
0.00315497192036644
0.00022546022951065245
0.013918008820671296
-0.0050249958240340415
-0.003520331450370545
0.0020543462774146753
-0.0026725745702258458
0.007770122443681452
0.0013135804834934074
-0.0006867718788481352
-0.0019619632299849783
-0.0022037549518384505
-0.00016799753317072485
0.0017020549178911413
-0.0013775870509187885
-0.004549217047401523
-0.00018886202885481278
-0.0017976784256973142
0.00039391761974257104
-0.0026911368269376575
-0.002219324150420531
0.026430171697505212
-0.00220954878914057
-0.0005334728581821299
-0.004053457651544659
-0.0009278406863687592
-0.0015982287607461299
0.0013346512726520729
0.013634044913980839
-0.005840461622221555
0.004204189677765702
0.001399095957600709
0.00135322984006613
0.0022233757314902534
-0.0011639718676731347
0.0006678962348878325
-0.0007805877385640796
-0.0016648585636059121
-0.004240958377037472
-0.0016073357975909322
0.0016530523067793004
0.00033462647163991596
0.0005778869547860717
-0.0017737147151029257
-0.02375156203600795
-0.0034273708022495826
-0.0015492727745433624
-0.0015534554364821241
-0.00013564269312778794
0.0005540310925334566
0.0007917877044531158
0.0014971912686407316
0.0004668349969433336
0.006822029824088358
-0.001648968091033662
-0.004181228097501925
-0.006082062665507239
0.001391370319922623
0.009874267989008801
0.0016955130011236737
0.0009489366233848737
0.002050630544897818
-0.0035832891370290512
0.0011030704819692985
-0.0008001380762172039
-0.0013745599293008195
0.0003281871934909584
-0.00010031971622925761
-0.0013976884818888045
-0.0013104416028408288
0.002249998143814879
0.0007759496705663632
-0.021200465058112787
0.0035357293132888303
-0.0011082804160584302
-0.0007082149085760013
0.0004670074366249473
0.0004493033513764848
0.002207660458852141
0.0045385369146566604
-0.0041935886604258146
0.0012903673091091185
0.0010781029625907589
0.00032885381483013673
-0.000869865433711821
0.004680657178275031
0.009327907569045708
-0.004561413057520056
0.00039088197742697924
0.00016711267376881905
-0.0033607890232508885
0.0004569623836811979
-0.0010151416692836673
-0.0004936724887210164
0.0011493202726299858
-0.0017354176249259835
-0.0024088304688822575
0.0012263045316393576
0.0017840957085809702
0.002590132784004311
0.0056321181096544975
0.01824768696340033
0.0008751610014329107
-0.0008469304102650342
0.001991109577374332
-0.0012876932369792831
-0.00033478421020374034
0.00043582881849089846
0.005449048913736277
0.0013250885965212882
0.00040294169218459483
0.0015818626894136645
-0.0011087958092420426
-0.0019975288741850314
0.010329241134858013
-0.0012300173745662835
-0.00029730236916618356
0.0017043435153732654
-0.0013208452243960499
-0.000912407904329694
0.0015161610620143678
-0.00033807226242104667
-0.00029295597728164376
-0.001692307358372703
0.0016844869592839318
-0.0001023289619086702
0.0001263610125268881
0.0009910362490136062
-0.01754620534926296
0.0007261016310856407
0.0012335038805179367
-0.001713835125097232
-0.001174065100819716
0.0003428815920851944
-0.004972200780714111
0.0005544638015832784
0.00039482369778551387
0.0014253481217302564
-0.0007826842044296702
-0.0003600430728494344
0.0010011529034616613
-0.00035430008947652373
0.00313415629024106
0.0010977005566293
-0.0022999418766150204
-0.0003051055348765453
-0.009087805146380256
0.0007823734510962392
-0.0012495288474614315
-0.0006358212543911148
-0.0019530477498943218
-0.00028356370592507206
0.0007060322218392018
-0.00046632375176174805
0.0024631318315204236
-0.015870828917524518
0.00015894432859463902
-0.0005550699927134726
0.0016284497238806446
0.0005625879906029174
0.00010596403459833624
-0.00022831182463440574
-0.00024915214472326504
-0.0002099892586650032
-0.0007289654345681927
0.0044932714344490116
0.0006089931154368848
-0.0012452222315103554
0.00026569150069251347
-0.0009802413317353507
-0.00032518259831227215
0.00024389075196033194
0.0008805014769468209
0.002755184713444675
-0.00017644277832597067
0.0008698172252005019
-0.0009339671936843382
-0.0011832437726707898
0.002738554890792199
-0.008133049826943212
0.0010741922957192608
-0.0017044145839300551
-0.0006738251686576581
-0.001046799888202182
-0.000656568810134159
0.001173801628007577
0.00013373094243442345
-0.014577161200012942
0.0007314190401034662
0.0005745907374669626
-0.0013847561074345062
-0.0008440996627860079
-0.00026486921416328096
0.000744830620786967
0.0002066244768253894
0.00023969841616908012
0.0012467360777648107
-0.004119034885129976
0.0009247721048097293
0.0005938072876338841
0.0006275388135865324
-0.00019535196230331927
0.0004955719774454476
-0.0012029158220703876
-0.001437583030830277
0.001996561985175521
0.0004958271171185065
0.0003697651829715034
-0.0004284929447481644
0.0008189940690270476
-0.0020329852641454175
-0.006674641588217935
0.0027205624537358325
-0.003432109568101797
0.0011174464735993338
-0.000359530740878295
0.0005783536671891903
-0.0007674705775114022
-0.0010914986671155694
-0.013379123084531779
-0.0008475926474333706
-0.0004442331542612731
-0.0005877802463812617
0.0003314409732454059
-0.0007077496808048992
-0.0009195636031710183
0.0010628426451795043
0.0005221815922666272
-0.003773753588103058
0.000394233262248871
-0.00011447546865680789
-0.00014899200378927786
0.0001861983346619336
0.00027185960492514367
-0.0008439028609173294
-0.0007386431897858476
0.0022790503253411107
-0.00038683999995257066
-0.00014584428508739174
-0.000707643485163549
0.0006625889179921952
0.001692391499123854
-0.0007177124149161442
0.0005131934610022892
-0.0006604557061249057
0.00010897482902309574
0.00718162699074303
-0.0015645908143244267
-0.0002629433861395506
0.0012316396628283348
0.0011467187702297545
0.0011590382398955251
0.0009057073470641046
-0.01225749800524941
0.0005688435696964884
0.0002550436768525791
0.0005158132825111574
-0.0005557207763113254
-0.0008263105132256157
-0.0009754139451596409
0.0003160941494868685
-0.0018155992275770976
0.0030146160003567497
-0.0003801477937780365
-0.0009259528476269096
-0.0020762623723172232
0.0008002989807752684
-0.00029972267017420263
0.0005556476823023675
0.0003560712502251363
0.0001355486775561894
-0.0008431777676836856
-0.0014316911200762008
-0.0005031899254948086
-0.00028151409464762244
0.0005181120213951719
-0.0005087547402710975
0.006917861260558336
0.0008672656558095772
0.0006239137054258933
0.0008812825426908749
0.0005941648011270994
0.002700297505020647
0.011065239861462666
0.00020672627166863161
-0.0006836345924368267
0.0001463742192557985
0.0008987916940059639
-0.0002516818553035327
0.0032429906876569456
0.00025522554688365087
0.00010543273757725989
-0.0008541032674338384
0.0003637011079588912
0.0005303892463178226
-0.0005999653050897763
0.00013517939481223328
0.0001706464229018753
0.0019448399052659352
-0.0001309574530211201
0.000794903618625524
0.00042476180445206817
-0.0013867554726533643
0.00027014856813585526
-0.0005644538779378968
-0.0010918697429830706
-0.0006871166636466386
0.0009251425357178062
-0.006338929467638389
-0.0003353420645130576
-0.0012030649393341575
-0.010515634805507098
-0.00025821206569123307
-0.00020886761193318585
0.0006658910100095135
0.0006275846697656092
0.00022759096630379456
0.0002901589101438559
0.00020111072717721187
-0.003011168097767948
-0.0004739060110168783
0.0003683461274931945
-0.0006930572610155806
-0.0006009046774134618
0.0016681334785779783
0.0007952328430660871
0.0007265922569200948
0.001271410068467418
-0.00031858196063647734
0.00018527328479516034
0.0004886622877749992
0.00044204699824541485
-0.00022772082385018831
0.00018459210276895534
0.000975344945821531
0.0006985147802148634
0.0001344945256468156
0.0003446314042162564
0.00048768317891343223
-0.00568763090213221
0.0026700167651469487
0.00030298428171476383
0.009606434731407149
-0.0007058335433317677
-0.0005768144919235995
0.0004201564058288682
-0.0001897815962690655
0.0006143251920987629
-0.002802138385471907
-0.000617089516199437
-0.00040992600266463177
0.00014448051244125767
-0.0016864875453170927
0.00010628387499236165
0.0006676453233459854
-0.000195917607397222
-0.00043159739020551615
-0.000194182648374197
0.0005523336089651862
0.0011581973658774866
0.0006130502679412629
-0.0009147380943760631
0.0003153744732101418
0.0002234558244141017
-0.0002064911179233703
0.0007939512615950093
0.009583138543077572
0.004718171453462189
0.00026212561929174174
-0.0001157188315141382
0.0003230324441214765
0.0007632424400790538
0.0002257019251540396
-0.0003315266894110835
0.0005427511093750176
0.00011621700650291038
-0.0006748884496120771
0.00018170498423311445
-0.0002156265223970022
0.002585759332739627
-0.00014855621342329937
0.0002631817293284078
-0.001561356657462466
0.0006110955453026783
0.00036331628614551763
-0.0004476600056715095
0.001105787003643392
-0.00018527275432367256
0.0002666273570298103
0.00012601625429695427
0.0005569394600131946
0.00010714738768177547
0.000250498424872661
-0.0008065354891486424
0.0001624897269093763
0.00014696122371740122
0.0003929929169047687
-0.0006907901498863841
-0.00012144621783170501
-0.0002972042687821945
0.0002911188725707544
0.008071396121811798
0.003073007846319975
-0.0024753757353610686
-0.003465075806663281
-0.0004179827456748069
-0.0027174430751238264
0.00023272742542773203
-0.00028984366332236803
0.0006280109133535214
0.00011163748634868327
-0.0002911394205476829
0.0024115943150498234
0.000329840733426685
0.0005975673927204377
-0.0014467479677728766
-0.0004055141400444384
-0.0003249185739863308
0.001013233429328271
-0.0002319098524060424
-0.0001509814983480368
0.00010907633972369938
-0.0005186346775293372
-0.0007761858910552593
-0.00025096004061247047
-0.00014988664186758286
0.00033786296417446897
0.0003289175125856122
0.0006366118019514589
0.0001149332483026489
-0.00047016243187710265
0.008025877580363874
-0.0001616352858128866
-0.0004511883058475831
-0.0047423974681957415
0.0008049943640071491
-0.0005632591740858285
0.0001563431746752795
-0.00015957180395058233
0.0012271866322479657
0.0018966757169577766
0.0001605075221941691
0.00010134995849379427
0.0003103152099169443
-0.0002535753909024329
-0.0005637242087048239
0.0003829249284891653
0.00047655915317176015
0.0012624891159137353
0.00020912570745116352
-0.0009696107469775073
-0.00022340468469874087
-0.00048010072074213504
0.0002667546179066765
0.00024851296316316527
0.0005192734374929929
-0.000578976573497797
0.00012131866039550092
-0.00020197096423501905
-0.00010526602611300207
0.0006012940496986918
-0.00042951341804794475
-0.00014952122548636613
0.0074905328313969914
0.000326168689323485
0.0003624139294850723
0.0001679687410201685
-0.0005707363123160918
-0.003337093362813791
0.0031003201331472586
0.0002076526605843625
0.0003623279414317416
-0.0001129725330795711
-0.00024804753448173957
0.002101641935096799
0.00013012782873235754
-0.00035255533491514553
0.00011650502259565573
-0.0005023156431259167
0.001266717647588029
-0.0002086308939462145
0.0009089661523704488
0.00044325701005127504
0.00026575890880933215
-0.00013275920968889204
0.0003112874665787165
-0.000197787762420851
-0.00010889794834982982
0.0006759330524163256
0.0001487109935289873
0.00015889722009090939
-0.00036208466257745496
0.000581667966182745
0.0001922478755645429
-0.007034642215356068
0.0005124514655486698
-0.00025067953216744197
-0.00024123755137171903
0.00025306701545940453
-0.000567985699931946
0.00417532488755359
0.0008973613400945668
0.0005083959666413965
-0.001914178720758895
-0.00031218702510708477
0.00016124454927687805
0.00021405461215487638
-0.0004776064005649346
0.0004748323887504482
0.0010911916579253499
-0.00010597506721220543
0.0002468354004757301
-0.0004287223757182732
0.0008441362619051205
-0.00019358816169953155
-0.00028545055834345483
0.0002048514628134597
-0.0006447974773479007
0.0001781154106800109
0.0003702195730603953
-0.0005219025573174424
0.0002072843779316977
0.00027034674629528504
0.0005140095718040494
-0.00660336599559517
0.00022452638011259134
-0.0002066785685932962
0.0002447735049628309
0.00015760886849065434
-0.0003370635097335522
-0.00015691144865293783
0.003652244429574217
-0.0020658519750247654
-0.0013366380200639668
0.0007014088025889133
-0.0004076843073035557
-0.00034870934760578974
-0.0011195630330326303
0.00014333912713150208
-0.00023006940305933334
-0.00019923762404416324
-0.00040060848465090046
0.0002325661128244232
0.00011097604140452194
-0.0007983343167250484
0.00016270795445058378
0.0006063882153582087
-0.00034628067019382635
-0.0001913038103580581
0.000491135747808366
0.00025065605496221705
0.0001746595052791842
-0.00013755146866312168
0.0004686522954773128
-0.006217761801383284
-0.0001927931787185982
-0.00024775622875327236
0.0001182731557858211
-0.0002587572463584166
0.00011400547811746759
0.00019153164365345914
-0.0001499682591431335
0.00031265096490353574
0.0019317170181223252
-0.0035760213630271387
-0.001185253576045749
-0.0002111030500263694
0.00017120159152704523
0.00013447862512515904
0.0010535094204212861
0.00025596832455281754
-0.00037463374526166274
-0.00015750142828887205
-0.0007489168646602022
0.00010611820767150841
0.0005711443477268219
0.00011339198332220132
0.00035588419361491034
0.00012855641556987752
-0.00016459114858134792
0.00023966337446547194
-0.0004612917675267342
-0.00044062526972515664
-0.0001420569259147685
0.00028252761083915023
0.005856541944613137
0.0003963537871902289
-0.00012077958261404214
0.0004108424623713066
-0.00017953185604626106
0.0002176305101387208
-0.001707212457273294
0.00013051684261983896
-0.0005155475138977377
-0.0034202627764239506
0.0007554957988170822
0.0007061335009033409
0.00015368800326192992
0.00020142356591639393
-0.00010180458586011155
-0.0009865735796134659
0.0002419278168362485
-0.00010554295037723944
0.0003510451470400924
0.0005952801235334346
-0.000387466139330098
-0.00012469021056208467
0.00018061393988292454
0.0005250249887300116
-0.00019733509646204653
-0.00030566599491445165
-0.00020502639302227377
-0.00043760643414040055
-0.00013268215300735756
-0.00041527008407697946
-0.0002737429974674664
0.0001140784423908419
0.005542813143732889
0.00017729218323327524
-0.00013001668836475208
-0.00016780001861145394
-0.0003788453172602603
-0.00016596421485313292
-0.00015410978684964982
0.0016034280063290372
0.00018955475553031177
0.0002197261923927602
-0.0002621644768710694
0.0009021547596764258
-0.0029692559176362813
-0.0014339698425923561
-0.00015028244849209642
-0.000930343751035589
-0.00031821461021435326
0.00010787215756591893
0.00011497766291189071
-0.0006713973790423996
0.00015506327214636115
0.000152480771396197
-0.00012756311293532784
-0.000258444315308016
-0.00028210198400696634
0.0004149980845515594
-0.00022010116038800688
-0.00013143180150979337
0.0004115464981555721
0.00011184117267965053
-0.00034963703831070175
-0.0003083016578759646
0.000154614797038516
0.00010942157085326954
0.0001256057926469163
-0.00015019017454608947
0.00015060007777313057
-0.005243310672514008
-0.00014151471108641122
0.0003567521428943646
-0.0015003479429128363
-0.00027131877765645973
0.00012823723819403688
0.00011528453903356072
-0.0002281959758953707
0.0032498529004993644
-0.0003747099154277027
-0.0008221358245577427
0.0002732853518508984
-0.00011964569119771389
-0.00011795590302048642
-0.00016327596944237175
0.0006339876752877747
-0.00019377037290276057
-0.00027522098530539094
-0.00047995542697195753
0.00039011267396914527
0.00010280629537819119
-0.00014304290529757474
-0.0002388720555911035
-0.00012106059285859897
-0.0003608803674431644
0.00016630372309536085
0.004950761725747287
0.00043801303347619204
-0.00012768918296109102
-0.0003352093383078172
0.0002086363961323615
0.0014389940085612807
-0.0001914044201474859
-0.0001607124550006855
-0.0003483139181177114
0.003101354279624773
-0.000746719248188516
-0.0001923216528207941
0.00014015688815988006
0.0005827597536298965
0.0001815597491043
-0.00025774573004941164
-0.0004529648109980073
-0.000367596572679535
-0.00012016884225759169
0.00012953741590735987
-0.00022977007359474262
0.0001570451016852456
-0.00035550286517180014
-0.004715123204102117
-0.00031707381435483597
-0.00020620731983423963
-0.0001286588537400921
0.0013609823672550083
-0.0001075398067634268
-0.0001479358986926759
0.0002849869911393531
0.0001160900560394625
-0.00012406688244913797
0.0008787300678619248
0.0027338873057372835
0.0005395815902431714
-0.00044389386847118917
-0.0006773332191904723
-0.00030382242349185967
-0.00017190212501489347
-0.0005658394785891162
0.00024394605459724506
-0.00042954277240533196
-0.00010672428485068502
0.00013054663062182727
-0.00034948714003854017
-0.00021267255404133886
-0.00015644542865821354
-0.0002676259795458241
-0.00019604758847117901
-0.0003048562220876266
-0.0044778361431245155
-0.00019152529586132853
0.00012218412082816514
0.00011530441500646442
-0.00013834662656339055
0.0012936258236685874
0.00027532284906134553
-0.0007849115750425636
0.00028024339562470217
0.00038325357643665856
0.0026973502756332726
0.0005149258007523633
-0.0002538814681418579
-0.00011704345227213067
-0.0005365124591255059
0.00022069240815215393
-0.00011710353441624348
-0.00040906254326774353
0.0003315639306049579
-0.00014411765148830287
0.00020596027632472435
0.00031353176160770657
-0.00010291883168140538
-0.0002892535290497406
-0.00017919549098093548
-0.004258194439984197
0.00017117877174323723
0.0012242863224905213
-0.0001079266417047106
0.0002629057274977581
0.0007528475273033368
-0.00017765339295813237
-0.00014063451485043645
0.00263760473330921
0.00035647913285986513
0.00011128479373338184
0.00020033297373345786
-0.0005043670233733479
0.00011395805594145493
-0.00035757448282107765
-0.00011972285968149329
0.0001381664128716049
0.00031548425087820964
-0.00019421961486027143
0.00030042569861853336
0.00010586186914185568
-0.00015954618031329792
-0.0002754452081248768
-0.00012080374390203778
0.004051215370101829
0.0001285898105246152
0.001153323208986861
-0.0003099185993595641
0.0001472837401139862
-0.0007138125531451815
-0.00011039932201562938
0.00019265465337100837
-0.000321687973453682
0.00020282101581065642
0.0024361817240544786
-0.0006313724320647268
-0.000473085968624378
0.0003698678142475852
-0.00012701518315278454
0.00017785262988047584
-0.0003001687616460638
0.00028606523431390547
-0.0001555792242302843
-0.00011481290682372254
-0.0002605872911024552
-0.00016022896878521993
-0.0038616271652975884
0.0002318500471318273
-0.0011139938426227808
-0.00015298855685712848
0.0006694295999416385
0.00017458756229339097
0.00022634293686217666
-0.0006605738827399301
0.0023367484916371455
-0.0004090389957707364
0.00011054614671625967
-0.00011382259184444185
-0.00011469473238214519
-0.0003502518325910473
0.0001703205654452393
0.0002848155756057937
0.00011481342178076053
0.0002706083753094903
-0.0001070472088977288
-0.0001524793126604292
0.00024786236321483604
-0.0002378405339847027
0.0036793685934799064
0.00022200676310383288
0.00012392021390187578
-0.0010632112661638432
-0.00010923918780702892
0.0006433054804239242
0.00020569443042502358
-0.00011646599466855514
-0.00018486824491274385
-0.000563645332346635
0.0019186496348790375
0.0011798133460377723
0.0002256951217789758
-0.00034979187829916843
-0.00010061071794534558
-0.00033432471790657007
-0.00016144112245678588
0.00027226533397054783
-0.0002590599994974904
0.00010275562195207955
0.00012344255969038326
0.00023541643307401457
0.0035194002882396208
0.0002214278840707675
-0.0001359562533933594
0.0010150388605984176
-0.0006126031079051377
0.00018492073212760847
0.0004670575402777289
-0.0001975805315878498
-0.0003125823029833691
-0.00018988101333548222
0.0014354385330562428
0.0012911725743246177
0.001011356174170776
-0.0001213804195469097
0.0002904968557599439
-0.0001418208200817856
-0.00025192316143043985
0.0002414704829070638
0.00010451371694219721
0.0001367034312400452
-0.0002252262077976214
0.003363835948312862
-0.00011892974051742922
-0.00021086219310180427
-0.00010658456730557598
-0.0009698657732047106
0.00014738782777832968
-0.0005932407256612831
-0.00012135109980794434
-0.000428909536721682
-0.00011175888866797395
-0.00010938530802180028
0.001711674955036023
0.0010030043475593544
-0.0005944003051274704
-0.0004584980192736076
-0.00023935454964534437
0.00017783904454589993
0.00024570153880505095
0.0002336640174207163
-0.00011324725966602064
-0.00021413686520942363
-0.00010416822209609314
-0.00010206226855778028
0.0032169300241878156
-0.00021197086644200058
-0.0009262749037453577
-0.00017108231071793088
-0.0005546322748633469
0.00010371750993743114
-0.0004107827052759243
-0.00015163370412862236
0.0019009068307913495
0.0005720151246292987
0.0004608220659937103
0.00026957340396317227
-0.00023336919229085312
-0.00022158065971794266
-0.00012438786670643253
-0.00020300654104528885
0.00010169515242554074
0.00016835970860807378
0.003021413805952607
-0.0006099618666384947
-0.0008920369779979554
0.0001593565374309767
-0.0005415564427963918
-0.0003842874903646302
-0.0001845982862740928
0.0019560732442220076
0.00021878024504743548
-0.00010405631884084515
-0.00022068442223803015
-0.00012268680473880662
0.00021659221225236232
-0.00019033438332334795
0.00010696544475992126
0.0001455303743820382
0.0029521160233194716
0.0008466230706468569
-0.00015678190930675236
0.00010342785994213787
0.0005134611693608535
-0.00010051287509769479
0.0003649301785296332
-0.0001771712696388471
0.00011129260464901688
0.00014039232191147424
0.00047266792434181806
0.0005466962773146672
-0.0009111268404095097
0.001436508358482558
-0.0003222378113280962
-0.00017030813546772572
-0.0001226118821615901
0.00010529747904614859
-0.00020866473756091773
-0.00020391488697837099
0.00018440860276469227
0.00014756884873846056
0.00017684752970412366
0.002766287170059374
-0.0005547725017312277
0.000133333844000046
-0.0008071853806032029
-0.00019207520535991952
0.00048251505653819756
-0.00020477684007817192
0.0002981907296978273
0.0001768404415738048
-0.00010378483904741417
0.00028165831070017496
-0.00033905871783738794
0.00022673732150899385
0.0017422524836896024
-0.00014073252632998954
0.00019174530052763907
0.00018415260428984446
0.0001408103287572432
0.0001109843306257927
-0.00014859539797673952
-0.0025345893020626066
0.0009613392769587701
0.00011620487195570907
-0.0007729754131119127
-0.0001899116376293307
-0.00010256926654836177
0.00046215839535185396
-0.0003428902583283546
-0.0001248524977297022
-0.00010897757129172879
0.00014462453756835261
-0.00010176759738044759
-0.00019618418246789788
-0.0003367833302290033
0.00012123009252333302
0.0005410086705449894
0.0016056337439994874
-0.00012799473600573735
-0.00016991051706945738
-0.00015725957040878952
0.0001313093596955156
0.00011578240121363372
-0.0001602160339931301
-0.0001444655765043903
0.00012231580250997426
-0.0001322923187757188
0.0001003929884335878
-0.0025693768752969304
-0.0002749377452857267
0.00019551125705693563
0.00011807762449590058
0.00023114681248672316
0.0007022461311290562
0.0001665063970750878
-0.00011858661970331496
0.00020035966042903638
-0.00042839692383360716
0.00014427917598935393
-0.00035808475244863465
0.0001515931726138168
0.000167195451796132
-0.0001355898415970376
-0.0002755352014543315
-0.00013166901116360628
-0.0013042933199420303
0.0006428962320305776
0.0007446712931104874
-0.0002641789297105845
0.00011769322585270187
0.00012964834351189761
-0.00012563617890960554
0.00012565019236559952
-0.000140953558884019
-0.0001267878158301539
0.0001264101429800707
0.0024083315466961646
-0.0005361109741645562
-0.00018936184806888514
0.00016436057673486698
0.0001556612309105953
-0.0001435714640925458
-0.0002655846410335001
-0.0007157891675431754
-0.00012616932029292614
0.00019564912068717005
-0.00043988327137745866
0.00015523426907182688
-0.00011546112368977842
-0.00013692001265195756
0.00011400704788990657
0.00030506914677413114
-0.0002841106740269899
-0.00016442973108892942
0.00021223202647397869
0.0005609873095254445
-0.00011242196310641949
0.0008985142678698652
0.0007449377443801192
0.0004319136393928684
-0.00014022795439768744
-0.0006876391094586265
-0.00019402128229209162
0.00013333179747280878
-0.00031501149521860237
0.0001383639808961015
-0.00011549338091996645
0.00012601793259638824
0.00018981019864829668
0.00011144983866304104
-0.00029543093737495214
0.00010729387561235471
0.001932665932952154
-0.0013027652576429697
0.00033049040707481387
-0.0001030006466448294
-0.0003804162392053218
0.00010765766753827989
0.0006426855472091825
0.00011672349825482644
0.00011788533802442497
0.00038286121561409225
0.00010374619889686623
-0.00015915509775539955
0.0003044160389800691
0.00016986760128796742
0.00021898529887085538
-0.00015762183249744851
-0.0001877891532871647
0.0001300873441196287
0.00010761573124746238
-0.0001195531258751416
0.000180720957853912
-0.00032268303025764707
-0.0002582422110447609
0.0007855452080000609
-0.0001882042347740305
-0.0011614908580030573
-0.00010014079639938765
-0.00011290906094720884
-0.000155963030358692
-0.00012642285134849317
0.00011708700966798375
-0.00012947937367992587
-0.00011978980793638442
-0.00014396370032549344
0.0003598953647492061
-0.0006999084388986611
-0.0004794112845278292
-0.0015571453510900106
-0.00015036240238202358
-0.0013892158545530258
0.0001738997955733554
0.0005958668689343913
-0.00011397443855176668
0.00020959879578202114
-0.00017144290223105671
-0.0003076166485695916
0.00020083469207295693
-0.00020083127989267116
0.00013818092686457634
-0.00019005365988295522
-0.00013020320800296415
0.0002466599328653938
-0.0001244372485521335
-0.00022742112623592184
0.00011693380920124642
0.00025960913712924286
0.0003554652961631777
-0.00035364236608937424
-0.000778916545476017
0.00018548026616849783
0.000997264161685407
0.0001941527186369104
0.00033780987097204883
-0.0001578822331254093
-0.00016082799565673436
-0.0001703017013613915
0.00014166071465779293
0.00010290445439841377
-0.00010414349212555692
0.00011647192936943718
-0.0001281509377324933
0.0003226329258089051
-0.00013593352718998722
-0.0012534479179125764
-0.0017152894734795221
-0.00034873180854317
0.00011089014227570271
0.00023616246330661366
0.0001520689747476894
-0.0006477459584949348
0.00016542665127351546
-0.00012581694786640345
-0.00023816496960342524
0.00011562347795763473
-0.0003046197570543445
0.00013750023936670488
0.00026194968886936014
-0.00010873445476498877
-0.00010332779082052164
0.00013594976498863058
-0.00013671412303604006
-0.00016571285214006702
0.00011478892243368187
-0.0001859814418722247
-0.00012163119987361392
0.0002058502635295034
-0.0003403903198171104
-0.0007903141222816881
0.000441357409931948
-0.0009098488274585396
-0.0002936229186359256
0.00010178398467586837
-0.0001868595020395381
0.0001279759585642556
0.0001604473516461608
0.00010229921482316355
-0.00010610003449280196
-0.00014220763325319903
0.00011712170271396111
0.00011190246272759418
0.000566784955791968
0.00017510217516544373
0.0019391717367885633
-0.00011219999577234597
-0.0003618242334262165
0.0003655167591356624
0.0002683269684494699
0.0001035176523486652
0.0001257993484348763
-0.00032209308475127525
-0.00022223925471654676
0.0004175994564031662
0.00013289787550130986
0.00018257862998650684
0.00013254253093940714
-0.00015629819579609153
-0.0003075991443213735
0.00013742079686374756
0.00014861394832283364
0.00023590163901782867
0.0001221802750378351
0.0001828940979942518
0.00021664052363421844
-0.00014474518589813957
0.0001637268832494322
0.00018724799680050377
0.0001490655996881881
-0.00022641149351225467
-0.0012409758055908662
-0.00024170250174753458
0.000317660404683534
-0.00013765030342789068
-0.00010924199775745933
0.0001150443578107753
0.00010270339960676876
0.00010104269184356775
-0.0001049382929993557
-0.0001384838847413116
-0.0001302930613427709
-0.0011872180244799143
-0.0013701023215057923
-0.0008608477633033352
0.00011660097510647102
0.00025132565372863074
0.00016548066697915305
-0.0005971835177584941
-0.00022230071217814419
-0.00010774444269572329
0.000334544210255972
-0.00010640287701801754
-0.00021316586090094273
0.00015708216232316382
-0.00016337678275210628
-0.00013557794235398755
0.0001666558582041237
0.00011705994390774616
0.00012864099384533463
-0.00011257212320045408
0.00048612168969975586
0.0006418986348569162
0.0010072935308212856
0.00010441700489072975
0.00011083812877008293
-0.00013568263051138012
-0.0002256404600069675
0.00011960603300441447
-0.001799149752642708
-0.00013460902645731038
-0.0007341852646073242
0.00017868133483678575
-0.0001776505510575023
-0.0005175645170495028
-0.0003641801204328642
-0.00014029580623469833
0.00021700863093084433
-0.00025288324520005657
0.00016629016750411012
0.0002888432273439973
-0.0005254236345548872
-0.0010718608204647391
-0.0002643141050835887
-0.00011740717995257835
-0.00010428199122418502
0.0001499849565969119
-0.00035039675988342734
0.0001611788153849344
-0.00013580422801093563
-0.0002909809793756261
0.0015448776029046794
-0.0005696923460933338
0.00017478572337509084
-0.0006660125273517061
0.000332643375633046
-0.0002274503221903825
-0.0005544964997652185
0.00013421717464312614
0.00019909487532917598
0.00027378829418555506
-0.00010284894881276963
0.0002444410595783204
0.00015169795114109504
0.0001543605387730693
0.00017967288604774225
0.00014145342990653264
-0.00020745399325972877
0.00010048892816912647
-0.00010222210067154236
-0.0004337767368969649
-0.00011188038993203705
-0.0010362540199014224
-0.00028491314579089067
-0.0002756152909522868
0.00018834647014931007
-0.00017642595363932256
-0.0017615727740807323
0.00024988016031304275
-0.00017607079541990704
-0.000191951945219153
-0.00013267165112028955
0.0001069934658047649
0.0005845948750089132
0.00013026984770344186
0.0002254174778236042
-0.0001311797859088445
0.00022708163897591292
-0.00016642692180745926
-0.00012207292906523025
0.00012765679855223733
-0.00010346504399088855
-0.00012117364479286545
0.00016825677078760392
0.00015843674271463505
-0.00032691620335690056
0.00021896728011015803
0.0010552340634402899
-0.00011484083572562574
-0.00018760387845313548
-0.00013828373418081893
-0.0003260761614097259
-0.001757807145709047
0.00020979027396447058
-0.0002915555477965044
0.0003479960437658148
0.00017552642822447458
0.00014503968766410184
-0.00010034184344715991
0.00010849612503801541
0.0011447366136196641
0.0016421014863326551
-0.0003891482480318572
-0.00016193936905871279
0.00018424659901818062
0.00021260316226686125
0.0001926211303812622
-0.0001939517832138221
0.0002138424146458377
-0.0001436895395166156
0.00011548832672143702
0.00010596079354505068
-0.0011148999052923274
0.00011601703538144256
0.0014639955645130045
-0.000175206665801076
-0.0005922455300809724
0.00032781553591457586
-0.0001418547098264859
-0.00016208659262491144
-0.00015158647458445016
-0.00012135189368306743
0.00021623903209370965
0.0010147586056015023
-0.00012047401814165915
-0.00010192893866451241
0.0014042618172230303
-0.00045827169617006995
-0.000270234350715932
-0.0001887360003209249
0.00014272700562825325
-0.00011891400574136965
-0.00011171371528140346
0.00010007669049705018
0.00010124708157696183
0.00010396382500519905
0.0001037752463884092
0.00010071193584151355
0.00010634100043184264
-0.0001028185342149851
0.0001097748495460665
-0.00010271659015451984
0.00010923536614479971
-0.00010263697137935531
-0.00010387547574673896
0.00010470755062236931
0.00011134775938704591
0.00011462684844652724
-0.00010654573953629218
0.00011358172452152499
-0.0001025799239588283
-0.00011733158194379622
0.00010861510677624158
-0.00011496405328536065
-0.00010465726786690106
-0.00011324495972553522
0.00011186440501580757
-0.0001178097558001995
0.00010721196598697169
0.00010083733653380161
0.0001163531627778515
-0.0001238236219429054
0.00010867640242318825
-0.00010922652444414385
-0.00012209672224451713
0.00011836504051640946
0.0001249924819620124
-0.0001113944655108195
-0.0001112790904247387
0.00012588581599407613
0.000120995781722302
0.000124833731418257
-0.00010005860435240925
0.00011389495582611318
0.00011085270447391882
-0.00013432227283926426
0.00011882333823372417
-0.00015323633173306328
-0.00016625433114059195
-0.0001934413650745499
0.0002125847465437398
-0.0001530369328934583
0.00019216438238627264
-0.00024481694979962515
-0.00018384895333571936
