0.9865949343606703
0.12869109230252246
0.0439908887447818
-0.050668121499840506
0.033597165742616585
-0.017451515115382087
-0.016289862491888473
0.0279647378178033
0.01961440485778369
0.0111706364353671
0.0047106261784984095
-0.02177680486024552
-0.007204197793798226
0.013620950477348783
0.006916782644884393
-0.0008046623316331911
-0.0010434195958891922
0.012452880941233571
-0.012295530782296981
-0.00880420912627998
0.00883875956316267
-0.005884110548558371
-0.0004844310244432875
0.003986462784094952
-0.0024561462010234745
0.00020513606877151607
0.0014519053685383802
0.016173909550635652
-0.002019180734832036
0.0004113635368575381
0.0005029532338847627
0.00014864854074899932
-0.006516269276886616
-0.0025723676716292924
0.013538672900323727
-0.0003845082190130365
-0.0004890450638459983
-0.0008772143263831388
-0.0006086860172368802
0.00238999834910193
-0.0003141400460235439
0.006411287756249178
0.0008407193835550602
0.011208179071196814
0.0006855286977339561
0.0003426264116156225
-0.0009150879936333599
-0.0005225180660943621
0.0008580043273670168
0.002485926715448177
-0.00020409766724493311
0.0005133474800532497
-0.00012543985330085053
0.00015905245613217136
-0.005821147257606447
0.000656142667288225
0.0006631305261420799
0.00938046721153939
0.0004772583947484071
0.0005263624646264428
-0.0001776400980718998
0.000358172247760748
0.002448937345504745
0.0003766761358305358
-0.00038812022995577967
0.0002703024909625163
0.0001856480025666593
-0.00528266877669378
-0.00040826753065350944
-0.007834311007640373
-0.0007424882833713091
0.0005019812336956685
-0.0005033697013602001
-0.0011192776399409931
0.0020341043581835814
0.00025945469363954603
-0.00041518981378834693
0.00011417462668856346
-0.00017061588936644244
0.00024851306448745846
0.00046575137579583573
0.0005313254940089193
0.004257572996391487
-0.002047731042189232
0.0007383429460410833
0.00017827589064775892
-0.006614960095614303
-0.00029277294043764096
-0.00021002779838005516
0.00021696541063133073
-0.002028953365893964
0.0006619790049723996
-0.000130164336180594
0.00038000257364995815
-0.00032129458789653914
-0.0003032655779691026
-0.00011619595136572758
0.00041620727873135807
0.0002472591261183297
-0.0040778114294532045
0.001236119698161528
0.0007815485905715265
0.00021145987872041145
-0.005609807962614466
-0.0003103722298307647
0.0003051116042034976
0.0004579240599338569
-0.0019353099798454822
0.0003464363165544636
-0.00013910846791694216
0.0004505677831501865
0.00015157392759910745
0.00027348215049399397
0.0002087024648216942
-0.003940674281923798
0.00039280442995124693
-0.004759791154216764
0.00043494741561792255
0.00016957884503375638
0.00047178577485734274
-0.0017189778179255077
-0.0003215074543565042
-0.00023765990807251495
0.00016549038974156494
-0.00029377756615448343
-0.00018905218846825296
-0.00038167871840383196
0.00010028833347401025
0.0035982547249349644
-0.00019908425335912291
-0.004099031789850666
-0.00018567152720022677
0.0003418545479974126
-0.00021460484274664774
-0.001610448860267646
-0.0001229984256307982
0.0003096064256008726
0.0004004654779352793
-0.0001850147012236562
-0.0001857528850881421
-0.003306610697343255
0.0002894802013087532
0.003521186182894519
-0.00021123628828766927
-0.0014640668725179639
-0.00013940789835147728
0.00028053571841160136
-0.0002525247140631629
0.00038060999749080996
0.00014832187206095552
-0.00018182730209562357
0.00017032372726636313
-0.003020108081118509
0.00012815185544571493
0.0030643655218217524
0.00020697501875254826
-0.00011793477755754069
-0.0002846613787222857
0.0013198750143928266
0.00025920317891206486
-0.00035923370956476934
0.00019611296100086544
-0.0001626057981202585
0.0026878193980807165
-0.0007082027172547132
-0.00031846805169030804
-0.002560498230334317
-0.0007504424445332301
-0.00013541148362345828
-0.0012145132335451686
-0.00023308149723035997
-0.00010578273511268433
0.00015101870110782422
-0.000334066243646093
0.00014636563541169263
-0.0001663255979322253
0.00016366450741583182
0.002571820965641407
-0.002331131246059889
0.00016363198489779512
-0.0002566149751083638
0.0003550596623267638
-0.0010400056535527962
0.00010611441035106237
-0.00021135236779336103
-0.00031691352122381936
0.0001594362962139546
-0.0023913980245839498
-0.0001793455524440662
-0.002048332952862708
-0.00012073838558181869
-0.00013745194105951742
-0.0010043276293509116
0.0002013882457839733
0.0002891774108800846
0.0001452631820202984
0.00015517534221811568
0.00221467065674585
-0.0018151566389928982
-0.0001474216221364077
0.000928387179660388
0.00018126883878871852
-0.0002539394493447015
0.00013816526656192188
0.0020580549095179476
0.00010044227755245943
-0.0016028774543699095
0.00020769616361945346
-0.0008546576477197536
0.00016407564477175106
0.00025141453559660135
-0.00014158935823524476
0.0019089352430710792
-0.00015624080798309708
0.00014376895399330195
0.0014359188914304726
-0.0007888266619586165
0.00013800236612235975
0.00023861589446982613
0.00012638937202385915
-0.00017605350193278217
0.0017834424131121553
-0.0012824754274337491
-0.0007285137697996344
0.00013665803130421246
-0.0002219877905546521
0.00012023011470419657
-0.001654185885758854
-0.00027479710389357
0.0011520990903417776
0.000667883526943166
0.00012832130623141006
0.00021033967426619757
0.00011165596770825175
0.0009191542386051768
0.0012723971066587892
-0.001038227502395755
-0.0006208860262901574
-0.00011730313883781616
0.000191285494566493
-0.00010581076036376096
0.0014743302996601147
0.0009364813455325646
-0.0005785165490167826
-0.00010767431392561391
-0.00018143900169090646
-0.00010054199796286753
0.0013863451559520817
-0.0008491710832441376
-0.0005388856914589405
0.00016831320735298058
-0.00028112447259549437
0.0012598729937782892
0.00020142813024251328
-0.0007694676095128817
-0.0004992725755513966
0.0001583749330632332
0.0012328202772357612
-0.0007026673118440238
-0.00046791340243635115
0.00015252441399531486
0.000204508926593097
-0.001144320457798321
-0.0006418205563125336
0.0004374137079318255
0.00014096225234059082
-0.0011005446871849474
-0.0005872484247807475
-0.00041205468171270535
0.00013411305726175214
-0.001042932729377198
-0.0005391224932433352
0.00038798668372525436
0.00012344020085752988
0.0009862281260112498
-0.0004966953289021107
0.00036570418299298064
0.00011795578825901477
0.0009378375797693985
0.00045175747475166366
-0.00034411568792223836
0.0001131139850789098
-0.0008926412408928597
0.0004221215550222328
-0.00032534090559443584
-0.00010791787448264956
0.0008406515676769009
-0.0003902983474281009
-0.00030755441402480064
-0.0001021269355781729
0.0008073662694355555
0.0003615698746266583
0.00028541446028890953
0.0007729161840695537
-0.000335888791201843
0.0002759365787592992
0.0007382738496537791
0.00031222115180018874
0.00025895183831348313
-0.0007047899524599215
0.0002906608291595775
0.000248920316436531
-0.00010252593561359445
-0.0006730353541667861
-0.00027090450941687265
0.0002364221822244656
0.00011247222215960202
-0.0006426987591890861
-0.0002540271171507313
0.00022545033190335469
-0.0006192633004916226
-0.00023772475236945212
0.00021473472934172214
-0.00011757695516216358
0.0005935377867032884
0.0002231381132295145
0.0002049683363876802
0.00012341624258792737
0.0005701046435021073
-0.0002096671113378289
-0.00018459656331185843
-0.0005424083799078662
0.0001977727715645785
0.00018554141990280697
0.00012977665690651737
0.0001025187540445195
-0.0005226524498350948
0.0001870350084862519
0.00017748167489382182
-0.00011727987573321858
-0.0005059108150928061
0.0001779396519543974
-0.0001690561350439674
0.000106876441376293
-0.0001344840668839721
-0.00048787084380991767
0.00017136060885850817
0.00015907363181471396
-0.0001117061112857673
-0.00010679988302453497
-0.0004582741887126883
0.00016777338002935203
-0.00015081526771309315
0.00014541185339092254
-0.00043905814586686225
0.00017341171192201353
-0.00013800317507565695
0.00011316727389324947
0.0001065370933753338
-0.0001448720290831463
0.00025034564071035783
0.00011209927383129108
-0.00033874422119568106
0.00015561122731698552
0.00010860855626564222
0.00011809622685473082
-0.00010913875923822577
0.00023519750818836151
0.0003541452541978813
0.0001576235425996543
0.0001173642375240284
0.0001526626897131151
-0.0001460368692465894
-0.0001573367155951859
0.0001244144313245055
-0.00011576135816640672
-0.00015004238312809872
-0.00016075593613111103
-0.00021344601125079625
-0.00023453270139926107
-0.00010641014752880533
0.00010984473036282577
-0.00012710588138783172
0.00011990851034683744
-0.00015958578410639793
-0.0002537730619758095
0.00016400162635984842
-0.00013415471292235095
0.00013175391659574705
0.00011948794608366698
0.00010750535226981574
-0.00018750350375527276
0.00015699452423066307
-0.0001055100429663143
0.00011774639066246992
0.00015032051894754817
0.0001663694422391329
0.0001456148432768248
0.0002304793039493748
0.00014296059759373407
0.00013655198741267715
0.00011520125417956543
0.00017452703323554553
0.0002245040667042095
-0.00021705422424491384
-0.00013837455877728792
0.00012383339935600584
0.00010958674259634522
-0.00011033604526306278
-0.00023235779978307675
-0.00017905576427573353
-0.00010126426672574534
0.00014337775520096972
0.00012082326196949122
0.00024082582348557656
0.00021069001843976496
0.0001378648326682009
0.00018511126497670565
0.00030181503471731424
0.00014668503208386765
-0.00013907634077718243
0.00025561710322704885
-0.0001893715656059987
-0.00015055739337664983
-0.00013586662752202133
0.00013656277197114005
0.000267772111586788
-0.00019385572276625003
0.00015316577543222754
-0.00014639497819672414
-0.00019954661110920097
0.00015800550488893992
-0.00014670757606015936
-0.00020385730024197725
-0.00016226490918150928
0.00015399239197056214
0.00020708703191550952
0.0001657031014891657
-0.00012521758628946357
-0.00021415023400785628
0.00016990076684604758
0.0001599371402091796
0.00021959663548180668
-0.00010125109265494253
0.0001745842335814293
-0.0001600647696163837
-0.00022481342472223875
-0.00010304219782058718
0.00017826114309676564
-0.000154649155811993
0.00023075401847430656
0.00010655579191626046
-0.00018298658697814653
0.00017161489556294436
-0.0002366429521077558
0.00010910825705149843
-0.00018780486896195441
0.0001771532729287605
-0.00024229200667755685
0.00011172330989483138
0.00019287478162356608
-0.00018112717716727743
0.00024893602416322513
0.0001141939463142686
-0.00019624673226723604
-0.00018910653563311718
0.0002560399219112553
-0.00011699780928151553
-0.00020279575557784657
-0.0001797181601151555
-0.0002624898783083891
0.00012089993393905358
0.00020925402528665667
-0.00019012542187487087
-0.0002696238673749864
-0.0001250211224263594
-0.00021412323094116843
0.0001973493749416616
-0.000278799651299337
0.00012864887921435028
0.0002206266900260623
-0.00020741842004378853
-0.00028766827944940186
-0.00013279957309796455
0.00022772474394057934
0.0002195710978755109
0.00029781339761429166
-0.00013576844007821983
-0.00023756571209512675
0.00022890094465393955
0.00033139560130318986
0.00011524112035177166
-0.00011672955182878896
-0.0003611041570518446
-0.00040446541439334344
-0.00032684704156344383
