-0.23553704239303933
-0.5215457058432232
-0.1986115558425957
0.12927965294887522
0.0970620662449533
0.07653856521393436
0.06331734766966675
-0.061666260774328165
0.05872835456147289
-0.05366574278286067
-0.048457962638421136
-0.04364797335814814
0.03935220935141128
0.035578302617949406
0.25339608126357066
-0.4664345402342308
0.03270179050420255
-0.11406146406865562
-0.2818145429650063
0.02987610429145929
0.05954427122417743
-0.1383545675784778
-0.15588091512048702
-0.0261868911998044
0.03617728450939623
0.027383409112757644
-0.13348318220999214
-0.09936553050778288
0.0013486626570666834
-0.0027533658555584004
0.03431215958467935
0.11494070466821571
0.03223912787061496
0.06378019091789727
-0.0015344598294036197
0.008097041748329693
0.07824984156273322
-0.06667766660033096
-0.038577382314297824
0.04186875385390605
0.0007400102454926603
-0.0031610178963507227
0.007551139792712058
0.10451272962596352
-0.021449808239191428
-0.028020732016463438
0.01926020890266952
0.0257390685127969
-0.012104971037661777
-0.002867577352897599
0.006801398235164754
-0.03778255005472567
0.019062830174473987
-0.020069535014406246
-0.01405031161310421
-0.09539968996261257
0.0024747529222370066
0.0018833621900543344
-0.00626567961846307
0.02295074546969693
-0.014744512577216708
0.012511991845311083
-0.00638501617044492
-0.03570143784867153
-0.002395375393339076
-0.0873942904369928
0.0069831091501464364
0.015298302534070326
-0.01389092364130422
-0.02303591338084757
0.0075326680190506016
-0.002133696092723406
-0.023260810727607554
0.0008531286429266588
0.03265226340976762
0.005943949722146152
0.013898789041601824
0.00045479417787147483
-0.0012657545380159985
-0.0003913375503043704
0.01719475665800495
0.0783616213511089
-0.009481269137089781
0.02107734064234829
-0.010608076524927266
-0.0011405635958594753
0.0010987912432460065
-0.0009646404864304629
-0.013215397595806862
0.026836496000044795
-0.012629659471120146
0.015495889990243837
0.007293812921450575
-0.0007331659566122031
0.007011133702242618
-0.008207421981180569
-0.00019735071094654198
0.022624985514124858
-0.07086989443551625
-0.019185221048750874
-0.0029149423006775833
-0.012342222660791541
-0.00010832238390197295
-0.0005855484866908521
-0.008866692784992034
0.004164449067459817
-0.026607063133060806
0.01446660242036791
-0.010207302644535033
-0.001685035404609509
-0.00034272365355072717
0.000831799113177694
0.0059743336406648025
-0.016555629380276403
0.012083087503650258
-0.06402437873425147
-0.010097556339981734
-0.0005657574841831745
-0.0007468764331568739
0.00042945313800900125
-0.0029947202728595923
-0.008196270946275558
0.013196542773665393
-0.024201747985092247
0.00879992243885296
-0.0008352057163879657
-0.011865853864945151
-0.01647485624849352
-0.0004892269325870206
0.008487652043602212
-0.010460395129295148
0.015693329251468168
-0.0008425694715512696
-0.0012232423335520445
0.05777437437073844
-0.0017152372532930904
0.001248980214775825
0.008037587983338774
-0.00534619853231667
-0.0001146219201128705
0.010793367864244483
0.009641105851217404
-0.0024138270756177325
-0.02168984700845153
0.0013213411442412346
-0.007732347749388635
-0.0018132137017470935
0.00025706916505931264
-0.0005849543010191256
-0.009304136379352493
-0.014116130780107946
0.001713031607589135
-0.005687533601894553
0.004108378224138871
0.002774539311823201
0.00930777585373865
0.05199047947702616
-0.0076361398075219826
-0.01878688017588772
0.010603281506295154
-0.0003712563677399972
0.0006823583684434265
0.000656468131987868
-0.0017174740815715263
0.0073352655668550365
0.019394388001367488
0.003533063082724528
-0.0041799326561549706
0.008383649693529354
-0.00015675539385641313
0.006907046626016394
0.0007796346459235843
-0.012856061860283617
-0.00679278405847311
0.006974691569289388
-0.0007977645682148227
0.0007475625761219718
-0.00023422535823421802
-0.04751046253126106
0.003213548861663984
-0.009120367539624426
-0.0009629402817813044
0.006581522506108995
0.00034222251683755224
0.005746875001345769
-0.006689895578032968
-0.017852119413250152
-0.007538558231319419
0.017386349953479537
0.00014227353430760573
-0.00020879855048911046
-0.00045926233005926735
-0.006281778870117844
0.011641681889695965
-0.0007556870709617123
0.006361094175964566
-0.0033759309089228164
-0.0004314230809447922
0.005499024303562123
-0.0007636466301343813
-0.0015844629304196981
-0.0432407736491515
0.008798380208352804
0.006031737037545486
-0.005779339118653641
0.0003434520143241028
0.016401511272010245
0.006563105127961459
0.0020782213331268585
-0.005494697485202913
0.0018055175153523317
0.0001808490558034968
-0.000129267442368727
0.004639317134891212
-0.005724211963089886
-0.010643179972917584
0.005168254775115147
-0.00830703422037516
-0.013727548876303572
0.0008290743122113928
0.0002183836796594731
-0.00261229389970533
0.004742872194478869
0.005448067801276252
-0.007975376860505977
0.03950137631392425
0.0008915152899781956
-0.00020151796787848218
0.000119939791030311
-0.0002612012077575875
-0.002745613609583861
0.00630314312193933
0.0010815983726353937
0.004752543588822937
-0.014859175328769384
0.0052704140673067845
-0.00025185465219225325
-0.004732800005931718
-0.00012615216394310934
0.005192606629093594
-0.0001381301501021093
-0.009710981419590923
-0.0005253648539599178
-0.00044063756122801585
-0.0006158556937764012
0.004466167431078612
0.0013943247815979098
0.004121544447986248
0.0030963200070401042
-0.007314524960471979
-0.0037755189761852466
0.03619029512376664
-0.004307613859339037
-0.0009300363059876468
0.01466677669578239
0.0018192968109662455
-0.0015882618789419389
0.0003561363016076596
0.005803386129402104
-0.004729177986795931
-0.003960727005151951
0.012688215046076465
-0.005465102314282554
-0.00021139431443299925
-0.000326181748307324
0.004751948910000896
-0.00035109108859569826
0.00891375762906862
0.0017638470272125395
-0.002296270137779458
-0.004004631330256073
-0.00028146721199995425
0.003697155723975278
-0.004628055695572061
-0.0001556693574841252
-0.0038780182343818603
-0.006685642845693999
0.00010746842936924466
0.00183361868240179
-0.03316705173412895
-0.0003869268921119535
-0.0013660576160926454
0.004356044037147015
-0.003967926570305351
0.005249477221938351
0.0003096642665763263
-0.0007484547960247065
0.012552051510517116
-0.0012251636232109395
-0.0030743477886941446
-0.01381426978900219
0.004164909788834807
-0.001641931612630147
0.0029940023471421787
0.001750016569944802
-0.00015953566559625388
0.004000214554042422
-0.008182812435078391
0.00043216361403057574
-0.004301951125430613
0.0033374053238861084
0.000922899938908533
0.00019082018633229214
0.00020995738909075965
-0.006145693565604042
-0.00028975929543776806
-0.003442142288933959
0.00019251246770064488
0.0009572680225243031
0.004112085899906224
-0.030630355936035535
0.0015886822850416538
0.003042871228994894
0.004836334446079899
0.00012221789099673439
-0.0031724007296016314
-0.0011969194353486623
0.01153626454824498
-0.0003875481289974679
0.004005887188209369
0.00013873652933166423
-0.003644580880491315
0.0005063503630615603
0.00021446459997772385
-0.003249146228368323
0.007541639334430832
0.000921410385535467
-0.0038914486732406794
0.012897823245564129
-0.002538144506211502
-0.005634235433435672
0.0005386279846828317
-0.0011020163922501964
0.003244172327218585
-0.0027295500875167025
0.0037206128972197706
-0.00016751413850419215
0.028280833670370605
0.002796949341835755
0.004416895787065633
0.0007008818614672562
-0.0001907869919801564
0.00014277989911882453
-0.00011665840989036818
0.00013562268840220247
0.003715671159849345
0.010722438754931281
0.0033304525829425152
0.0028980119358127253
-0.0008523276256709811
-0.0015039887417994976
-0.00015192281099212786
0.0002691724060475541
-0.002498699927120059
0.0036026142439277804
-0.006957112451863852
-0.0003651222183906092
-0.002583257965231888
0.000367125884644411
-0.0001769475731369192
0.003045299826127882
-0.0002481390397356765
-0.005247266402213659
0.0008080761286304913
-0.012036909676449211
-0.003417663096069064
0.0026831132982970507
-0.00015169245007809972
-0.004133174633801169
0.0001727156100872971
0.026165887038328867
0.00028137771301818857
0.0020675739636198767
-0.00019929247524171087
-0.0006892322723734607
-0.0022039359672120676
0.003484706575663657
0.00011942607673164272
-0.0034177102449052567
0.002328356558637375
-0.009917689310837547
-0.00029662103948806175
0.0023853650156210517
0.00010022201468959632
0.0032452422568223643
0.0006824946079700385
-0.00025936677936794493
-0.006451021397023343
0.00016371131540620268
0.0028183554003189406
-0.000116413732609619
-0.00047965977434839667
0.002402891994772319
-0.0003423751377100828
0.004873007955051936
0.0031325639013178677
-0.0012496274881640148
-0.002086584159962198
0.00381191576812447
-0.000977773887404686
-0.007015002077743033
-0.007620062049275961
-0.004990992371432815
0.024264246142171816
-0.0025028867669520663
0.0028929036598681077
-0.0031536327862561344
0.002224818547527455
0.009202683833423988
-0.0002064157341745292
-0.00021660310017568318
-0.003070265714097775
0.002650696485416953
-0.0059623863063367625
0.00017978594268998582
-0.0025097053755182945
-0.0014142796860561128
0.0002195811398478499
0.0019435370194701763
-0.0029253053825227977
-0.004491506587139577
-0.00020182231349234102
0.0019809716892312
-0.00018076069213726566
0.00023157611974296106
0.0020777616353213637
-0.000867427262981102
-0.0014279556802904137
0.0033120797456839077
-0.0026833185925514975
0.02257654676170161
0.0020242373029859106
-0.000320006511850389
0.0005330740374822796
-0.0029295842643642313
-0.01054302875196597
-0.0007170511320309168
-0.00037583703628287895
0.0010486458476214697
-0.00855673145202377
0.0016452656899620898
0.0005633370084485882
-0.00019365700770719563
-0.002849374898506265
0.0022406720957856537
-0.0023494756991382973
-0.0004695934785569946
-0.001669066931806484
0.005566186704638367
-0.00015874276488612795
0.0017861652431671415
-0.0024432340476036652
-0.0012796889096528651
-0.004149200595526807
0.0005167985540475355
0.002172402484856714
-0.0013250853661685282
0.003142628570924533
0.0017089675193169478
0.0024910292349499363
0.0014338452555161076
-0.0016242964887707996
-0.0005969852857855412
-0.021030919429361118
0.0003819897372921619
0.002695097977641064
0.000430917314060084
-0.00017200693666853236
0.0015661636090805566
0.0003941397756745179
-0.00014266483392202258
0.0063824825978656356
-0.00481442391115533
0.0019274173704815429
-0.0026436078669364064
0.00221889068440757
-0.0008599947525514087
0.009899044020120613
0.001714445041451983
-0.005183599361848918
0.0002333846311041077
0.00013849334285869538
-0.0025049511875361473
0.0002999860303528262
-0.000871507088439933
-0.0038949608988702363
0.0014442203093057665
-0.0020042663374253357
0.00020955765517700626
-0.0017754578319082517
-0.00010604997937329237
-0.00020816281072636407
0.0014983130256239988
-0.002330631670282522
-0.0030540272478255543
-0.0015440705050861925
-0.0002514795254017461
-0.01964705576524277
-0.002496074287803485
-0.00019099711275955607
-0.00019786759993318173
-0.001812108002120065
-0.00010953490503322662
-0.00029119939903555895
-0.0020735758531822647
-0.002499204888258703
-0.007440752023103709
0.0012957544784187043
0.000955003171655579
0.001214776267046573
0.0001592184186022076
0.00020950708582307304
0.001364058524116734
0.004732737200758454
-0.001154433611672675
0.001020363609434968
0.009276004920494402
0.0023319698828654293
0.00013858295699781768
-0.0014333620729466393
-0.0018225414376832041
0.0016627979581033058
-0.00018757578588273735
0.0036369177054095102
0.002146100982344818
-0.001445583620046364
-0.0028652924815664458
-0.00019449829073532945
-0.002371480435581596
0.0016811340794241167
0.0003670755868308476
-0.0007679222793633427
-0.01837194796206919
0.0006609723280864274
-0.0010363921227036332
0.0014800330825950967
-0.0019465128130330548
-0.0001267349788408373
0.0001021270972925715
0.0012766908641049272
0.002303583878381501
0.006969161889669728
0.0001352698615206883
-0.0005465858106677557
-0.001191468257247794
0.00011326472609849118
0.004538296906802771
0.0021905214468441467
0.00010678873714817199
0.0015313941437201787
0.0017598194706137237
0.00017049318733075263
-0.008797500054956097
-0.0033949057637546647
0.0013390810225188785
0.00023518850823626045
0.0019985662821588863
-0.00019381782286810118
-0.0010253205812723054
0.0026830928548677827
-0.0011554409040188747
0.00012947010385236827
-0.0015672099386036295
-0.0013705043214377129
0.00026822525755130437
0.00119597290804816
-0.002204082530863501
0.017222300138809293
-0.0018110123484917822
-0.0001473931532947847
0.0021504783354513255
-0.00017045301711408065
-0.0012134334564683413
0.00010709722216962888
0.0065217461360050286
-0.0003900827957295549
0.00020466234763515272
-0.000271822454067539
-0.0013885781031012481
0.002056609194391766
-0.004250550483030195
0.0016281779503625252
-0.0006217074745676751
-0.0012859380793286176
0.000999272473455931
-0.0010851852904356972
0.003176492414528556
-0.00031531073219426747
0.00013537237600688451
-0.0018918552702758516
0.00025268656341605124
-0.0005564051084806161
0.005509763098229032
0.006144123180702633
0.0007219344734621557
0.0010770228805093269
-0.0025084704304902264
-0.0014450963282175338
-0.0012998215612644447
-0.0020776496131910756
-0.0016970622376728502
-0.0011043327720095847
0.00023098896383602456
-0.016168128320660977
0.00011454715800387047
0.0001644353983449323
0.0020188789009867375
0.0008683641763635823
-0.00013353875265673977
-0.006147867718082189
0.0008800221586533868
0.001322336204908409
0.00014879751005775926
0.001167478122276676
-0.001536792642257191
0.0015055259090771534
-0.0011952180320042305
0.0010012484613501158
-0.00398758890013668
0.0001773582778162952
-0.000837090137901386
0.0006170418714573412
0.00014679610696447562
-0.002991292600116367
0.0017397370835584747
0.00031363179200067173
0.0001851789972867388
0.0011913404355969458
-0.0013839004537137144
0.0023647857362366605
0.00034924746859183
0.0016348280812512308
-0.007734660929611213
0.0005304040582494138
0.00010792471846513624
-0.0008714353103780302
-0.001949245415110123
-0.001590267999869411
-0.0009236946065732685
-0.015201219440617265
0.0002797975133013994
-0.0018920788744306014
-0.0012294123141558533
0.0002158028331385853
-0.0009295425518728742
0.0010942191344211
0.005766829248235388
0.0011258289937821036
-0.0008949619339954214
-0.0018075653292940978
0.0009519331667735907
0.0037470430794332957
0.000267420662465596
-0.0007381328134142059
-0.002818891383169255
-0.001650251182838161
-0.0011251109265126322
0.000790399734584986
-0.0005191916187726014
-0.0012154614945552088
-0.0009962173770581202
-0.002221953804271445
-0.0008596730800890677
0.00012978220605357175
0.00012021072549325277
-0.001439009606439139
0.0004088013461529858
0.00011104398208785966
-0.0018447866641632463
0.0004704186204770506
-0.007403928881267469
-0.0009001110389492507
-0.0001068576704149046
-0.0011312589220420386
-0.014316828183998624
0.0010628017955556822
0.001774369406211592
0.0013463382729366935
0.005420389898071182
0.0009586968941308943
0.00014001103248921726
-0.00044151306973366257
0.00169671923567715
0.0001166625922878865
-0.0007395893788497303
0.0035331670593446284
0.0007896747601519342
-0.00013753899896080262
-0.0001221406937161383
0.0010380431020604152
-0.001555086469920611
-0.00040334771876156055
-0.0008315900470342197
-0.0006457371800529405
-0.002694660781450376
0.0012236696011777935
-0.002091075327947587
0.00010249404174034985
-0.000787610461740686
-0.00020571494145418703
-0.00016283968542452155
-0.0014085864234354357
0.001729924100982853
-0.0009588173407265109
-0.001101617325936417
-0.0006372939277801479
0.00014988855958117161
0.00015709545992343283
0.0016196770400084021
0.0005486561431564703
0.0007015266766194771
-0.007930376455167247
-0.012996916711089369
-0.0007760807447733287
0.0012622841863461378
-0.0007378283464803964
0.005120436169633273
-0.00018628736098659726
0.0015996414805029622
-0.00013493332211448808
-0.000749343700133936
-0.0009822671487099322
-0.003332609637655865
-0.0003720868716050119
-0.0007944115776878096
0.001466891146924376
-0.0011351644396000392
-0.0025020961374485613
-0.00013732718784818885
0.0007634728665853106
0.00037999131525651093
0.001972477675437359
-0.00024316113029475316
0.0005970370325064878
-0.0013235259106115394
0.0006781941863373357
-0.0008966854272224825
0.0016297147182673204
0.0010314944261166261
0.0003137676098889453
-0.0007347336389304865
-0.00012643672872832379
0.0006896742017538149
-0.0015870175098288664
-0.01276156216881708
-0.0011876420998453137
0.00023626123841379932
0.003020891922019032
0.005931558324299946
-0.0007025121920998844
-0.00015828240001295282
-0.0001733804202064894
-0.0015060863295591528
-0.00483698445530861
0.0009201074652823471
0.000820283127211193
-0.003146588567348173
-0.0001381584085051109
0.0005250641713860111
-0.0010696370052019535
0.0006796115280894539
-0.0014085897248564275
-0.0006082832516697505
-0.002363467999327481
-0.0006358551374791128
0.0018322519157023675
-0.00033940506915033713
0.0008421241161987719
-0.0012493441296836107
-0.0006532374005943039
0.0007467930485777512
-0.0009697315918183618
-0.0015413319189866474
0.001498187584061038
0.0001409129571225526
0.000641285716223742
0.00012427948620961321
0.0011256509747131207
-0.012069404631170705
-0.0003280254304956455
-0.0005536275473570996
0.00012569044192048547
0.0007726830377199571
0.0001586812901299877
0.0014240282360560392
0.000890327582745883
0.0006135567519601416
-0.004584705035987784
-0.0003506840935615563
-0.0005893645927176707
0.006278824364101305
-0.000669528475846823
-0.0002937542403604312
0.0009706259124558128
0.0001361540326594129
0.0005698764894556962
0.0029779997418648693
0.0013027599468217502
0.002234887359107612
-0.0002450039467350721
0.0005577220860050111
0.0007909011099846838
-0.000703381889300725
0.001761834482396716
0.0011809893081619134
-0.0009143098509999554
0.00045792566299259683
-0.00145845370207184
0.0006238519780342268
-0.00010579144614929472
0.0005195532283582346
0.0014150622560727137
-0.0010637434736436692
-0.0005502937854868622
0.000604995322352602
-0.00039285948374161075
0.011429780680113005
-0.0008341174407505327
0.0006326933860586697
-0.0013574503866331032
0.0005731618769454185
-0.004339863115275038
0.0009689649761673444
0.00042065925770690165
0.0010215277421931769
0.00535678102498399
-0.002493307302695071
0.0001571651200872065
0.0028128664495461865
-0.0012385508355659681
0.000153532726374585
-0.0005241268423612346
-0.0002731149933462
0.0007412175908117715
0.0021110019701041094
-0.0006837120476762631
-0.0004728423618909707
0.0005057997780361847
0.0011128714593014375
-0.0008608654297641264
0.0016688030152729027
-0.0005944858950773475
0.00020433859800179818
-0.000479140641999111
0.0013797936609307574
0.00011076154823971475
-0.0009980723087120826
-0.0013412312705356774
0.0006869744950583157
0.0005258421991045513
0.0006070816095731299
-0.0007845636041871652
0.010837324517882043
-0.00012010544875056431
0.001277267067561527
-0.0005310798980509343
-0.004114809606829222
0.00023626181644813038
-0.0003346171721996778
0.0009119883563905263
0.00046331108744726904
-0.0011739945393950733
-0.0026818444704348873
-0.0005094868670452809
-0.0007289085908045788
0.005702329293543415
0.0006700051836540773
-0.00014585684200813274
0.00013805020329018058
-0.002003810691767981
-0.0005515724485551661
-0.0004868062376658651
-0.0008152385935360855
0.0010537359187000916
0.0015828289262960304
0.00023442174828605376
-0.001253387184496279
0.00034212405327315815
0.00046262532644982766
-0.0006433022455953689
0.000943818731426278
-0.0005838682329092342
0.0012716622664855884
-0.00024304940230788298
-0.0007390427363327606
-0.0004117602972568287
-0.00044021463453202845
0.0005040048269374084
0.00012329611997587698
0.010287177054360611
-0.0012132019750725194
0.00021572165813656973
0.0003980737151947079
-0.0008601397484520967
0.003904764095010566
-0.0005922593682631332
0.0011116261119610003
0.0006765063212969664
0.0004532929400884238
-0.002543046395156796
0.00020709629407392391
-0.0004811767397256875
0.0001836076587629845
-0.000134005759077629
0.005431575530839363
-0.00032373545713793066
0.000368183551325023
0.0018865273125196786
0.0007594063448734624
-0.000995772217788559
0.000464494861918944
-0.0014992730850166946
-0.00035132110362850707
0.0003966125999658321
0.0006014011428185845
0.0005413999724334687
-0.0012420338599147443
0.000413015598371129
-0.0009001496723818692
-0.0006989132388579972
-0.0004718119925208237
0.0012103541261434501
-0.0002154379151701051
-0.00037028785722153335
-0.0011474253296435424
0.009777209755679873
-0.0008137661155711178
-0.00023134491619808265
-0.00035903792110297415
0.0005630864160584687
0.0037102487408541755
0.0004960614386558797
0.0006396508487707459
0.0010540838322549506
-0.00021037461131891185
-0.002414289141575516
-0.0003647172215568731
-0.0004567370591935828
0.0003327708459935653
-0.00019128253583141995
-0.0007408574032993129
0.0018177649908804072
0.000967115237785879
0.0004296554487366339
-0.005170945718433691
-0.0003415026500789029
0.00021404471571714298
-0.001424162883481386
0.0005036526648543649
-0.0005120196633512913
0.0002585801073885922
0.0011710165243910395
0.00047149619816519136
0.0003984118857976334
-0.0008551095162023122
-0.0006636832229942866
-0.0011472398129778816
-0.0004039594922090638
-0.0010898352286527687
-0.0003045148479451647
0.0005083431836555045
0.0007364721961329062
0.009304922585590075
-0.0003509538079757387
0.00047427091243678953
-0.0006034763495374639
0.00036195462699959574
0.0035301946084800523
0.000996134765460371
-0.0001421076612386779
0.0004037152169412241
0.0022964050273607383
-0.0003825618945210145
-0.0006998358991645703
0.001724390196461109
-0.000909346589576899
0.0004929919403230292
-0.0002577918242211162
-0.0005173200725921094
-0.00039238749150897107
0.0005151943110542111
-0.0014414969332718396
-0.004920136226057302
0.0011160401598500585
0.0006300242625040784
0.0008077240917106387
-0.0001842684464131075
-0.0003059221278438047
-0.00038465014004078984
0.00033037717430624617
-0.0010915138475799861
0.0005275443978606906
-0.0001236071299695795
0.00023799063417288789
0.0004597809063192302
0.0010355701803041674
0.0007377793656311586
-0.00885696730756756
-0.0005769009758753793
-0.00040285401146987796
-0.00035291443038811
0.0033606690369381025
-0.0009538025562358615
0.0006599176357298118
-0.0021878694915329062
-0.00036422732831383836
-0.0004606831923341402
0.0008589458171594941
0.000259843188689517
-0.000408162412715484
0.0016416061265577108
-0.0005380152724148591
-0.00031042665996889115
0.0012951378754433075
-0.00010394313072262289
0.0003276834540805191
0.000404114771027163
-0.00024685273907658237
0.0001325278511364387
0.0007370061525642252
-0.004702319806990662
0.000172243449246432
0.0007532057048587637
-0.0010599855628916914
0.0003192172163815805
0.0010374246979696466
0.0004138389122366033
-0.00047151015856648754
-0.00024267439412942957
0.00021808607677446408
0.00037360285512598484
-0.0006946263324588183
-0.000990603751535444
-0.0005433464231318436
-0.008442485461968963
-0.00015518530550646272
0.0002654017644867914
0.0009016407214874249
-0.00034395688194238764
-0.0032051408435173527
-0.0002938884267456222
0.0006300096083446368
0.0004355812809106775
0.0020591967045922597
0.0005070689289550918
-0.00021526195820411353
0.00021625959157038567
-0.0004887882456299744
0.00010512869291659727
0.0008206884407104275
-0.001565823181688287
0.00024220109231412926
-0.000261496902094928
-0.0003128916412590534
-0.0012354463422073005
0.0005766687025690262
-0.0007457126422561101
-0.001028935353990142
-0.004513512519497612
0.0004197096768193431
0.00031135120901737597
0.0002745560316969102
-0.0004390032375391982
-0.000986276939769096
-0.00035117532637608627
0.00021828093271277098
-0.0002572568134179467
-0.0006082086638532723
0.00025883623974181215
-0.0005143688914928126
0.0009434176800009355
-0.00027767578653847895
-0.0003186577811867624
0.008054271777172285
-0.00028595802151281806
0.0005186331638435737
-0.0006905754393284441
-0.0003956580288142039
-0.0030563962372200213
0.0003797721603899307
0.000603443562861216
-0.0004690289883392615
0.001987862956413111
0.00033867394821488
0.00019702306060151857
-0.0002232475365995276
-0.000767055241626045
-0.00014834703453243936
0.001493416973621899
-0.0005442021296957529
0.00013311906692389108
0.0011781718318401068
-0.0003062281676649307
0.00023958335023646285
0.0007047314763547074
0.0003875088548529517
0.00026491660636755005
-0.0009748957773628257
0.00034990721560301813
-0.00044477072449439355
-0.00022471404380038803
-0.0014431438783182884
0.0007682146377499221
0.00395156398864931
0.0007141503423315026
-0.0009164129047385686
0.0002824959876376508
-0.00019810586707326482
-0.0003451960150786042
-0.00028261914807543604
0.0006269898522296714
0.000266605880778719
-0.0008993110600597196
-0.007689301536563738
-0.000353281221040383
0.0003946812562981805
-0.0008216695051261734
-0.00027729374296524365
0.0005696922189374194
-0.0003085165355071108
-0.002919774031363273
0.00044964105080969654
-0.0001951091235968691
0.001897692764823047
0.00024118822018986602
0.0007448745746268293
-0.0002839803551708292
0.000248782047083355
0.0014257204232778456
-0.0005190502555590914
-0.0003614051447899797
0.00023228817893929338
0.0011265676242771592
0.00034109541046002526
0.0006724117712566428
-0.00041590633782703833
-0.0009307279330979292
-0.00029298616635916973
0.0001958427179568648
-0.0001903351311222479
0.0009095904769072546
0.0005061710543934528
0.004150065932129698
0.0005167649052616832
-0.0008542258033342186
-0.0002442515914842435
0.0003258338159181436
0.00011888976521597493
0.00019480227955125313
0.0003673581672173712
0.00028749875103716797
-0.00019810666722717854
0.007342735817772267
0.0003151455879321309
-0.0007845270072721346
-0.0005460658006830568
0.00042296126383136297
0.00018777073282372802
0.00013031718734642144
-0.002790019048203165
0.0002694128369401869
-0.0018132006461053154
0.0007120531959447909
0.0002446784709281529
-0.0003945397184297374
0.0004281874847274386
0.0013652747956740827
0.00032557755454814706
-0.00038467241508799855
-0.00019158130102506912
0.0010832680906105118
-0.0006437092931544469
0.00029547480894528017
0.0008885903489233438
0.00017247950872132582
-0.0002067396114578624
-0.00045561355824533364
0.0008663601628739647
-0.0002612489946087887
-0.0005859035310626464
0.00023602943947932954
0.0003560877024028602
-0.00021145048716544713
-0.003950481014263145
-0.0003530518488467378
-0.0008073266811654196
-0.00012095317271298999
-0.00021973731313636676
-0.0003391118083249425
-0.00021139970926055884
-0.007024594251819368
-0.0005190642939991609
-0.0002794359473391904
0.0007503973441153097
-0.0003909032984136289
-0.0001324769311406252
-0.00018754575149858242
-0.00013587355603991933
0.00266692187694667
0.0006749588946059271
0.0017341460474564893
0.00028600750651688867
-0.0003293253410134734
0.00023105067779279412
0.00047124744847736294
-0.00010374450587019179
0.00015254217276335563
-0.0002782440605264642
-0.0013041021264387823
0.00037350127090910064
-0.00021142016984418579
-0.0006111927979110653
0.0010170552668498946
-0.0001478007337410619
-0.0001714463515069282
-0.00013282252817315414
0.0002465729515289502
-0.0008499002475186709
-0.0004297689142646908
0.00021562819487503168
0.0008256305007014882
0.0003058606687527175
0.0005407114378392444
0.0001503196363296893
-0.000282909752085569
-0.00035229959865923913
-0.0007984915402442038
-0.00010669527172011385
0.00024626396786816976
0.0006203997720267955
0.000607638183629517
-0.003707153216529528
-0.00012317356955825258
0.0003696015193053887
0.0004872449302522003
-0.000700444910050647
-0.00672581060214572
-0.00016634674755663795
0.00018311713908990526
-0.00020875179272633715
-0.0025512585773683916
0.0002800958077623163
0.00018439433084582155
-0.0003188416852522393
0.0006069762023483472
-0.00022434040711370043
0.0002479248429848703
0.0016603748588121436
-0.00045220977964966023
0.0002048291660967401
-0.00035709583664355314
-0.0011723505163769076
0.0004246316049416943
-0.00023869508875617527
-0.0005816284562507731
0.0009820278143880296
-0.00020662500645589254
0.0008105950993494517
0.0002787493181362398
0.00030048784744533905
-0.00028323233429119576
0.00028099472041757885
-0.0005213141365179681
0.0007923962569515374
0.00021719944313209352
0.00033581048455023953
-0.0002717845512275709
0.00015529029715252986
0.0007547682162477314
0.00020491619938182269
-0.00012277539337018757
0.0004339842453258306
-0.00026935719337384343
-0.0036454882277123634
-0.00013851116039224846
0.0004250170438631909
-0.0001590928189003231
-0.0006764842931968157
-0.006437948398203066
0.0002708014905926999
0.0002281844444811679
0.0001318242418288885
0.00032565639071046996
0.0024419242184334855
0.000618912185772858
-0.0004247562898613715
-0.0015866191809937684
0.0002291135696815397
0.0002900308015278999
-0.00016482413499768403
-0.00022028456323356082
-0.0011933043329600704
-0.0005579263171371275
0.00012594064526862437
-0.0009418046604993375
-0.00021211800035330508
-0.0002660641689200008
0.0002848546689104548
0.0004021438678551317
-0.0007780098323914723
0.00025389494248693166
-0.00014838995779905786
-0.0003197020625572944
-0.0005086697358588906
0.0007558895810435583
0.00018520966519313366
0.00019755189572260147
0.0007244545589076395
-0.0003687828459623604
0.00016240638470080483
0.00011797316140979404
0.00047254315518495616
-0.00031524816355132153
0.00011290843458366598
-0.0004778288248039539
-0.0035084336739355723
0.00047846591141618636
-0.0002409188924314138
-0.006166897174898284
-0.00016677082471171987
-0.00018253128281123536
0.0023316407396577385
-0.0001992440052315666
-0.0005896098129156361
0.00035194409488264973
0.0002771819908377124
-0.0003183182521542951
-0.0015171741603204891
-0.00020676647707164547
-0.00017571014874235725
0.0001244317186176137
0.0011327549157943294
0.00017401009935651523
-0.0005296557303057168
-0.0002630290230997969
-0.0002617258602123252
-0.000156384775443466
-0.0009105866287483801
0.0004005433660162159
-0.00013781011350114718
0.0007383825163689201
-0.0003176201230882351
0.00048178296081133825
0.0001944459586629832
0.0007248544352890098
-0.00019578755659408734
-0.0006489079892930734
0.00040036167092293755
0.00023621290663027907
0.00024948733433973245
-0.0004755299170054705
-0.0001992774941706341
0.00013507765067925288
-0.000266930071551789
-0.00041574619921174187
-0.0005441372175089286
0.00022798067635742509
0.00012155810104299188
-0.0005742647930893064
0.0016325606711130446
0.0029634029201601165
-0.005871380668794864
0.00017416401382138434
0.002256899720228588
-0.00039261806647594277
-0.0005825451459949829
-0.0001795233020848985
0.0014593410927444955
-0.00022077713675593033
-0.00014808956033684912
0.0002631640981995168
0.00017554087533021723
0.0010934885321526508
-0.0005337543716425051
0.0003558897222305356
0.00042079949463339004
-0.0007551430750874445
0.0002110643556241203
-0.00013855007775334137
0.0002913759078004031
0.0007146952539041377
0.00011098331406847434
-0.0004608784766090007
0.0006860531545039063
0.00015460897087841318
-0.00023439947175463822
-0.00022524677536255977
0.0003641894316930235
0.0001239289665340358
-0.0006716044765612819
-0.00026046735032805515
-0.00038512592977978674
-0.00027750436150046626
0.00017324942999273466
0.0006158100611011716
-0.00017322497694399354
-0.005688075472150609
0.0031684524924428643
-0.0005799390731019708
-0.0002130621575454663
-0.00012086078122000101
-0.0003537489366564312
-0.000525604169618409
0.00215186499959467
0.00020827647243802327
-0.0001850413436500707
0.0013972238080088776
-0.00021964380962476043
-0.00011669160022911702
0.0001667759483855382
-0.00032183145529068586
0.00039889511010837687
-0.0010592794423070495
0.0003417356749953933
-0.00014862710386108079
0.00027036229738248735
-0.0008280067927005736
-0.00010287276010159871
-0.00019613455649349006
-0.00012922528188185457
-0.0006698691355562052
-0.0004073259478308837
-0.0002570136791948264
-0.00018751240788888174
0.0006726834630821989
-0.00022803419877925034
-0.00014296736672428928
0.00011657608469124144
-0.00034181137901915116
-0.0006320781760700601
0.0002610076794776177
-0.0004047493118114106
0.0001694867157025796
-0.00015248819299855973
-0.0005752268124466491
0.00028561953222154193
0.005451661372096284
0.0001239568679165675
-0.00038825694481936735
-0.0002133105858309276
0.00030689612210799545
0.00030184530848334295
-0.0030870908837690512
0.0002956082733530583
0.00037407091863810303
0.0020605265057365325
-0.00021192922853566982
-0.000117494105438553
0.00015046711745721777
0.0001402771496049129
-0.0013363298658588885
0.00015411522535515527
0.0004761516475030404
0.0009903305168762501
-0.0003852376342148742
0.00024225971934310452
-0.00017539063249706865
0.0007968608812987456
-0.00013558248926759638
0.00015354763416182017
-0.00041851828151982676
0.0006775466955153666
0.00018245639419585852
-0.00019931828440847353
0.0006357635561880287
0.000315079635023674
0.0001411476796210458
0.00011031549741610425
-0.0001503700024557629
0.00023707274872335627
-0.0001712750827920373
-0.0006008475357195923
-0.00038973464540278957
0.00012468127905680844
-0.000564949917054357
-0.00016658152036801214
-0.00013343432618311753
0.00028501347448973584
0.00016007546825364834
0.0001759102984175744
-0.00032846243164611215
-0.005237537674905022
0.0002507857053352381
-0.0005795004724133395
0.00010360698640364828
-0.00021441235583037009
0.00010906871350010548
-0.0020017014181587687
0.0008169015242278032
0.002830840161513635
0.001270634622166711
-0.00023035925689728797
0.0001230999870886485
0.00036351698560268256
-0.00032984004341199034
-0.00022547064480056962
0.0002742672712044977
-0.0009668027207243984
0.00021815374579570732
0.00019321463345979624
0.0007532460784374844
-0.0002482329876018476
-0.0003960840344725927
-0.0001697035286022137
-0.0006185371954650013
-0.00015758425958183482
-0.00028042322946073006
0.0006181294545839131
0.0002447090560682226
0.00015358146969043403
-0.00034576268563648606
-0.00011955502873500692
-0.0005733420331969877
0.00017075376661542644
0.00018733931767609378
0.0001801487768859297
-0.00013336950635606837
-0.0005672926179543561
-0.00022879172983448126
-0.00018276521698379157
-0.0003328985752714506
0.0001137387746936417
-0.00016237153491295372
-0.004955079118901216
-0.0007873277607266934
0.00033426662755282736
0.0004964340449684156
-0.00012201998943513931
-0.000139597650764565
0.00014547695851750946
-0.0019042061798430975
-0.00012359583582370116
0.0002079227201599239
-0.0028405889171849883
0.0009618610035316715
-0.0006614206694792401
0.00043251859218353074
0.00015806310131858547
0.00041019466127087216
0.00033218435241407266
0.00022557681753246944
-0.00012704073466063154
-0.0009185141142533042
-0.00015908002598171716
-0.00016521391997569094
0.0003213662559014362
-0.0006611780148172519
-0.00037815718201546716
-0.00010274599715191878
0.0005997812556320626
-0.0002956412639629713
0.0002363948912677289
-0.00045436600805228035
-0.00037626614105208765
-0.00010306175739765822
-0.0003458129135786054
-0.0005643052995097567
0.00019878176495154152
0.00017161279305382584
-0.00017953606698336896
-0.00023326640770903655
0.0005240722055755755
-0.00011996606086224425
-0.00020693956776766237
-0.0001997021469958787
0.0003162798538877716
0.00480321665764242
0.00047434959569639867
-0.0003160648449160701
-0.0001971753002891147
-0.00032412667382102225
-0.0017854532931082222
0.00030583757629341836
0.0002855585685351391
-0.00013076569152911292
0.00010215520538511888
-0.0027593618120357565
0.00010803881097988757
-0.00010524702938502651
-0.001168979454618956
-0.00041552529815294594
0.00011666586609772507
-0.00013226892053066415
-0.00011610223039075271
0.0008800714225923584
0.0007089814463333497
-0.0003739872835641052
0.0001232922132997821
0.00041086993727515843
-0.00046525426476755273
-0.00025009083099165565
-0.0005640874118156476
-0.0001377247966195311
-0.00036468055524394586
0.00023203225453669634
0.0005115992563011737
-0.00025758385841664287
0.0005167455615299706
0.00015691805308776726
-0.0003021354727412485
0.0003561259918873557
0.004634183796093317
0.0002369265401244678
-0.00014756654184054142
0.00041232900377761143
-0.00015250991119683896
-0.0017273509588388582
0.00030828976812910866
-0.0004072924507224065
0.001132783845546257
-0.00013282612354254618
0.00016464262969272122
0.00021582859064120152
0.00034471841448847294
-0.0025872274808420213
-0.0001355607036152223
0.00019687817951678568
-0.0001506170071491055
0.00012339805016057138
0.00016690042448699885
-0.0008443409890824443
-0.00010548474318586185
-0.0006790470115484782
-0.0003562161472505138
0.00018648322106203655
-0.00022720724188234905
0.0005601905352988873
0.00011973188094089535
0.0005353872456741
-0.00010926938695430146
-0.00014519943314164025
0.0003097911706601221
0.0005192990248619079
-0.0002553072914543633
0.00019462378234681079
0.00048288900407999173
-0.00023881022841895248
-0.00018358874644499695
0.00040795178582371565
0.00011729915349951265
0.0005539500003794001
-0.00035070958637817084
-0.001126844965595336
-0.004265364459172572
-0.0012295219474349566
0.0005258175435056037
0.0010561332551545489
-0.00016049135748025147
0.00013355282744997372
-0.00040939760989007744
-0.0011036783952533538
-0.0001276250348906882
0.0004725197557264986
0.0024743129175198073
0.00018768003603454201
0.00013041393807134512
0.00010976482657017299
-0.00012124542547147333
0.0008005726852597599
0.00014692064050021323
-0.00015259507576787898
0.000410583718049709
-0.0006207661143603406
-0.00015784187347886805
-0.00014912917830406765
0.0001116629723496073
0.00010413774334614692
-0.0005296037518385321
-0.00013504777156861129
0.00011894839463650704
0.000524968501312151
-0.000320850124231102
-0.00012027881565936877
-0.0004907131608100953
-0.00023039248324979383
0.00014308561055068796
-0.00015230379754439327
-0.00044059539133083927
-0.0002875649522811971
-0.00011301722758086635
-0.00010797356565748474
-0.0004148422459193112
-0.00019545608196024422
0.00017527394574997629
-0.004271233995528395
-0.00025124569074375797
0.00012904308132926013
0.0016326658454166652
0.0003877356869472795
-0.0010109722137534509
0.0002740723700504459
-0.0002676654390457235
0.0024358301429273487
0.0007204886577237592
0.00021307662167359122
-0.00012765843155691485
-0.000148803064030911
0.0001409068285299163
0.0003332200630389215
0.0006450497508030174
-0.00010611924284459279
-0.00016633664069390911
-0.0004974039091501738
0.00010561667932990289
-0.0004931830848489878
-0.000313575869060278
-0.00017882151581418289
-0.00015103082510332924
-0.00046760702096762974
0.00011622861456640426
0.0001239465877241661
-0.00011664725038479342
0.0003154877934796643
-0.0004074274715311663
-0.00013260082379978392
0.00010980027674486269
0.00010501846952855746
0.00011166524156454504
-0.00044565844580036514
-0.004102736430306748
0.00010061763203165068
0.00026077958644622745
0.0015592441749032414
-0.00024785508454286826
0.0010186612636964294
-0.00013172173264206904
0.00010420462929385518
0.00011125204841352086
0.00013333236621001804
0.00011322352299804314
0.00011485596719562437
-0.0007860338558246486
0.0001946512696471908
0.002332901699598252
-0.00025377464317071614
-0.00062639066328433
0.0003287111119133369
0.0003504349742921269
-0.0002714025759011211
0.00047881629258995104
-0.00016148379745025755
0.0001902982059907853
-0.0001418461779727015
0.0004636982561178854
0.00013814363017472436
-0.00022792908436472956
-0.0003402129659760628
-0.00027096645146522917
0.00016973403629465773
-0.0001511864433150862
0.0004503376621613946
0.0018692187775278372
-0.003450298937720552
-0.00026277872758649065
0.00012681951353269718
-0.00011355880217545796
-0.001486432040801885
0.0002992131132675322
0.00024754792213604215
0.00013461678945525014
-0.0001225841777890967
0.0009534525234229047
-0.00026549551304369003
0.00030566613163991556
-0.0006890696425731557
-0.00013362112228020747
-0.0002883283457783227
0.00013237196280955745
-0.0001181482127309064
0.0022278179504822116
-0.0005591144523391561
-0.00047338677028946433
-0.0002066729852518541
-0.0001444248328881303
0.0002737531062718477
-0.0004018785003276084
0.00010625811710336535
-0.0001876200780932354
0.00011135449671974814
0.0004284766432455878
0.0001515441946412376
0.00025132942307931193
-0.0003863416181007405
-0.00017869828927652025
0.00015098668932560355
-0.00030820164954518063
-0.00019793238031855752
0.00012259186401848015
-0.0001020423133549317
0.003774776553634485
0.00012172408457811952
0.000867753496684309
0.00015527202986273124
0.0011076843923510304
-0.0004668205939514576
0.0001595548612954281
0.0009041614014146487
0.00013357391232363282
0.00019715025320563115
-0.0003501003414933391
-0.0005471722781865352
-0.00036784031264206895
0.0005042441402596553
0.00016458111592588924
-0.002130419692112993
-0.00011077743926160508
-0.00043980409471846893
-0.0001484118202507086
0.00010254154523675957
0.0001154915834279329
0.0002614584519201816
0.00020390531311997726
0.00010505010199976237
0.000411596189631669
0.00011626181259852523
-0.00039739647058563925
0.00024020189426511785
-0.00035075746006794434
-0.00017710901469604977
0.00015780928781318278
0.00010610407274513927
-0.0003043783606257824
0.0002168267002227225
-0.00011335522129761537
-0.0036208538303012026
0.0002658399064854869
-0.00023013321426243173
0.00016529409222694192
0.0013339332456586035
-0.00013018566213850966
-0.0008480221949071882
-0.0001923771680883565
0.000286061220948105
0.0006445440002122538
-0.0005098245626735133
-0.0020116709550472133
0.000162345166006998
0.00043100836079783316
0.0001869324617193388
0.00023284208767220807
0.00042325664491541133
-0.00012340380379815308
-0.0003995309680493905
-0.0002342256220278468
-0.00014018872827507032
0.0003973613463587161
0.0003256004639142094
-0.00011289763311437396
-0.0002121343940403502
-0.00038845810221444394
0.003408595033976076
0.00015787741789489445
0.00028863930272037615
-0.00012739638427281634
0.00012374573349964262
-0.0012388052210815044
-0.00019109244588836724
0.0001115122992126511
-0.0008315473872864024
0.00024958869404848543
-0.0006513951489609147
-0.0017034264971519746
-0.00027812077963897553
0.0005276208042797896
-0.0001604940580447756
0.00040795901671158524
-0.00012008240684152525
-0.0001294089561551772
0.0002277440761206947
-0.0001662016568483542
0.00041541091591392967
0.0003785743964935146
0.00024222041651111308
-0.00013234773458935918
0.00015896828823661906
-0.0003510385069392112
-0.00010553510869108905
-0.00033768500707800046
0.00017840399198736052
0.00014387408403861504
0.0031732447875321376
-0.00011997399878283289
-0.00028642387596877723
0.0012829127970517356
-0.0002054960491463575
-0.0008222054368083402
0.00010350358831765546
-0.000258686268504021
0.0006091286322656163
0.00011387946556875369
-0.0003364311129084378
-0.0003371505084577893
-0.000112058768228494
-0.00016882231794382335
-0.00039646923783601633
0.00022642372704677392
0.0003857008752450463
0.00036892302943669495
-0.0002396244606339054
0.00015731225322595344
-0.0003366096317156062
-0.000193646280035286
0.00030200802413631576
0.002768556846916564
-0.00013874437614759639
0.00011336678302725466
-0.001061884029762439
0.0002718940212478319
0.0001783427131877935
-0.000688160486492201
0.0005196258228372938
-0.0002442164856416164
-0.00013340101535198905
-0.00040763562512966624
-0.00010629681808724077
0.00034036835910706143
0.00015028099210611252
-0.000229773974246302
0.0003309959505168841
0.0003113246266246473
0.00012155689106765224
0.00018502537428662465
-0.00016481758937987977
-0.0002872329302711943
-0.0002602673323686719
-0.00017851426873965288
0.00010866181973761395
-0.0001278947789058955
0.00017359337739646512
-0.00015864974931358068
0.00016187283688852162
0.0002105310882502656
0.0001244792056035105
-0.00019120671900898627
0.00014905230584234374
0.00017296757014254868
-0.00011361903926297828
-0.0001398663476703646
-0.0001565302480996713
0.00012884036571440716
-0.00014227321216738647
0.00011725885233241879
-0.00012882991238319721
0.0001245775250902235
0.0001010539042540109
0.00011121989344460692
-0.00010003302243825869
0.00010127938531016694
