0.9853546842560102
0.12583587286781142
0.06634149937360932
0.04614814126639057
0.039250099054639914
-0.025731955194204695
-0.012332508297661261
0.02600867177628436
-0.025286492115218433
-0.014897843712791712
0.003344984343862318
0.019170076879983275
0.0087102694435353
0.019571284187038764
0.0029670738327967796
-0.0002601445549560993
-0.0005375973761886285
0.01238565814041914
-0.015739190559160485
0.0060334439991066476
0.007295682839205411
-0.007249806123615575
-0.005195322843784521
-0.00455748252350715
0.006314947261351358
0.0010672719150013764
-0.007544928171500036
0.012036920157513302
0.0026426646516200542
-0.0004419815549874265
0.0006378755605660146
0.00010825972675255991
-0.003058176693044711
-0.00991707207774766
-0.0034536538829987276
0.011676460401154451
-0.000464132464756392
-0.0006514611800961579
0.0005158995736744031
0.00304434798629476
-0.00023674277148449745
0.00026394577863324395
-0.009946073795652063
-0.00940009025855082
-0.0008322994136806883
-0.00041046047055508076
-0.00013670412600871052
0.0009246020319319128
-0.0004747651993088284
-0.0010216196196448115
0.002889535852213174
0.0005661989909922346
-0.0001578841987528921
0.0002805949340081627
0.0006267164527519684
-0.008822238861235385
-0.000708075467983881
-0.002161591059972042
-0.0074099697707485914
-0.0007704420391230998
-0.002143832376529024
-0.0016858932827453395
0.00028522833302238495
0.0006910663214349505
0.000883113581668484
-0.007815462885147817
0.006312793972801017
-0.0002811859078292061
-0.000683884452576472
0.0005204548231425164
-0.0007198775668494733
-0.002312998241171634
-0.0003025458033837016
-0.0006483104521740178
-0.00018553800715769903
0.00012075510333634292
-0.000144979133406059
0.0005906781726797808
-0.0004709282189066341
-0.006840693464438524
-0.001172226458730258
0.0007490079809742917
0.00015878052585848932
-0.005192699055558809
-0.000341749127659993
0.0002731348256549343
0.0006402476252605865
-0.0020777618349540608
-0.00020998758332340905
0.0001652127152380367
0.0006115839245030652
0.0001992865864427624
-0.0001482967358419422
-0.00015623486194586846
0.0005424951214085442
-0.006040070244933803
-0.00026678889690759453
0.0008093457805822306
-0.0012523295329790924
-0.004309737090864184
-0.00026964878346695607
0.00015597969627424767
0.00033782385822815267
0.00022999650802048188
0.0019268838485967893
-0.00014347398914276566
-0.0005362160323390086
0.0001827373379327372
0.0005245219368405146
0.0001161696788523994
-0.00021043649074246326
-0.005566791886616906
0.0002914601151909795
-0.003589826064978394
-0.0003757227644752664
-0.00019632193973123625
-0.00048812561410117806
0.0016379004835706218
0.00011084149849585243
0.00044117979092804716
0.00020513290718534278
0.00020057572073648746
-0.0001091828611697528
-0.00029327352140421005
-0.00040634001667820373
0.000122084728590381
-0.0049948949362802735
0.00015390483678528704
-0.0004570798200656436
-0.0030151169737452563
-0.00020323899433570916
0.00023849908905673002
0.00015860521859374638
0.0003927304773958604
0.001439842145234305
0.00045254695921582343
0.00013439344722385323
0.00043742569946981613
0.00015016353841464764
0.00023015199315647633
-0.004488309695286205
-0.00040346247614397217
0.002099934893915695
0.0014874693856940571
-0.00025847948063152556
0.0013326003619871748
-0.00016126292084545408
-0.00038169000369243054
-0.00012886666707029784
-0.00010520922525645572
0.000400431978003914
0.00014306906152590092
-0.00019501854651979953
0.00014999100040554672
-0.004069432359564029
0.00013180680299752228
0.0001201747084219039
0.0022054729408846874
0.00017924522504079136
-0.00012375796210794345
0.0011826439483821212
0.00029420600681886674
0.00019255639553329403
0.0003710988666169752
0.00013516800096860065
-0.0001866396912931004
-0.00025606392332612124
0.0036757485612208397
-0.00040932210934873845
-0.0018819915751214066
-0.00015101472132096212
0.00011536843088463995
0.00013524306284844764
-0.00106593268009673
0.00029714229009923676
-0.00033695528256937686
0.00013558130577472272
0.00017603898520602171
0.0001346472310503495
0.0011966602947310501
0.003157556943505346
0.001627047062456998
0.00014093632944089552
-0.00029873707153905054
-0.0009132295490833407
-0.00026024590811991036
0.00031320099400664964
0.00011152525560821783
0.00016677191672940457
0.0030897356747221017
0.001337006359681839
0.0004777595079478591
-0.00012498352174524773
0.000863691907652765
0.00024097327824576617
0.00027926124047479263
0.00010636092898641887
-0.000154744517956722
0.0028339735619227657
-0.0012380849191488126
0.00010952634423636726
0.00011278639583277129
-0.000779953976123847
0.0002094548465077652
0.00025767704774283876
-0.00013685137899566052
-0.002598306836360055
-0.00020166570583574848
-0.0010842167080501288
-0.0001273136829729342
0.0007111811699307674
-0.00018629300262558568
-0.00023645371442493546
0.0001303481190203318
0.0023987045375057753
0.00011159102098552001
0.00011139182037917241
-0.0001560350106286971
0.00011088418218936423
0.0009535604702193781
0.0006510473585740436
-0.0001665068306822243
-0.00021476176317020018
-0.00012059644707286371
0.00013095188238988328
0.0022242013002651303
-0.0008500034932197686
-0.00047985462521213135
0.00035145891499600694
-0.00014920854172115636
0.00014710611156449897
0.00013958636889499244
-0.00010763046101068332
-0.00013605700063998966
-0.002062551175797067
0.00010501550232352517
-0.0007516362791090077
0.0004478283782994934
-0.00031119516644397655
0.00013584491686157327
-0.0001880895326866586
0.00010411437002550751
-0.0019219860740910461
0.0006747169476349797
-0.0005035451012977509
-0.00012194922401490743
-0.0001729578414327888
-0.0017912320182805383
-0.0006074537661822166
-0.0004668066189152341
0.00010996620606936163
0.00016122180262243262
0.0016736614621905492
-0.000547027350157831
0.0004316701540315748
0.00015086561693106786
-0.0015533719306679758
-0.00019214023262213966
-0.0004937664085316676
-0.00040177368723307423
0.00014022726141814926
0.0014701098255541702
-0.0004479310737321622
-0.00037447881432943356
-0.00013199506396957544
-0.0013822908644103137
-0.000406902304866324
-0.00034898888486869237
-0.0001231494937364827
-0.001299965634756086
0.0003706830089073856
-0.0003266484971839215
0.00011516346708226624
0.0012255451339623247
-0.00033864931922318814
-0.0003077134819330434
0.00010616615272513024
0.00115679633902114
-0.00014136300381115575
0.00027769550938444115
0.0002892980535781925
-0.00010200245365941544
-0.0010934615699624637
0.0002836703440530375
-0.00027183598537775596
0.00010408426541790344
0.0010361935525824558
0.00026249236353689294
-0.00025655239690021463
-0.0009830252708101963
-0.0002420239356999092
0.00024252788800526045
-0.00010640236226060614
0.0009327957205233516
-0.00022319543129216383
0.0002261494805163824
0.0001135647101190984
-0.0008876727740468422
0.00020705454024407688
-0.0002173222008420777
0.000845338337612222
-0.00019194745427899936
-0.00019979644140434902
0.00011623641886828407
0.0008051044956438676
-0.0001775419876354794
0.00019602456463390988
-0.0001209729917699052
-0.0007675051323326283
-0.00016555395770658565
-0.0001862624465917562
-0.0001261368870852965
0.0007328561997284105
-0.00015513219566956878
0.000177640260339184
-0.00010250200863979124
-0.00010188852563621169
-0.0007018556479937147
-0.0001448390841505134
-0.00016929459222273462
-0.00012863188442515763
-0.0006716834395032156
-0.00013566389457294144
0.00010548504458522548
-0.00010438326860083749
-0.00016162760570570623
0.00012719455673299753
-0.000643202060321024
-0.00012717839103999808
-0.00015458174743747177
0.0001085866828421666
0.00010781684046259851
0.0006166188103745218
0.0001196674101390016
-0.00014711133976372636
-0.0001406528199500713
-0.00011049630099992898
0.0005915836649043775
-0.00011279780688960138
-0.00014099095568323816
0.00014575639986944133
-0.0005670130704503407
0.00010695228718404616
0.00013492341740624654
-0.00011350534548283345
-0.0001128843741151832
0.0001488764205800067
0.0005460878979060733
0.00010157739576156337
-0.00012861718183683393
-0.0001161804403111359
0.00011590779179309614
0.0005241188795758792
0.00012261442286906596
-0.00010726050744909289
0.00010519641127250734
-0.0004907554146454568
0.00010197767598749934
-0.00010047532229137351
0.00012131083935506802
0.00011499616946108547
-0.00011733199657336482
0.00013552121493471002
-0.0004748534763723516
-0.00011496426275625162
-0.00012119962059131627
0.00011958445955247352
-0.0002114434855835591
-0.0004072386158309624
-0.00015414034915866632
0.00012949233512251357
0.0001248888546325411
-0.00020385249430538823
-0.00020252693684277032
-0.0001386307558744623
-0.00016721763664970062
-0.00012268784261765383
0.00012987989108536403
0.00016266102009277185
0.00039897646019146474
0.0001271286171705669
0.00012337068158607987
-0.0003180532743170058
-0.00019142217587554927
0.0001584207819943969
-0.00010478049238586302
-0.00012864681803528095
-0.00012810465470986085
0.00020115823213305808
-0.0002984536048489492
-0.00014612564188040258
0.00016487347438811327
-0.00015319122643302666
0.000201492412695711
-0.00023555996716247797
0.00013255009901664018
0.0001368224075868206
-0.00016696950959594297
-0.00025905406493395626
-0.00023446982124968738
0.00013610259444052966
-0.00013215795143091093
-0.00012790636878793116
0.00025214109678883833
-0.00015097444013562666
0.00013724241295149557
0.00017339030829715486
0.00013852673982775067
-0.00013637322377329787
-0.000338755325654571
0.00011749952778878838
-0.0001801888440077138
0.0003443945032959116
0.00014045233047107688
-0.00013830239608508078
0.00028803422443193804
-0.00017648348294585693
0.0001361696196635732
0.0001431026791427127
-0.00014117687492070323
-0.00032844646975566685
-0.00018359628776243035
0.00014610376034069922
0.0001433926908231702
-0.00017778372283386927
0.00014886509948748038
0.0001462253224241718
0.00019197786619804945
0.000152262420454097
-0.00014928157717759114
0.00019198312350862678
0.00014852738823985343
-0.00015191012336210599
-0.00018596318519076895
-0.00015798807188128526
0.00015473538937009842
0.00020310503698675836
-0.0001606381646825496
0.00015816059529896707
-0.00020410186921923095
0.00016620736739558013
-0.00016127186574165065
0.00021446929481633032
-0.00010070562299849979
0.0001678789906905399
-0.00016431281826807104
0.00021702825052660193
-0.00010281151393012718
0.00017187017081895023
-0.00016797445932164326
-0.0002214459337656695
0.00010480924078183434
0.00017567730646969923
0.00017165469951819723
-0.00022635269460088186
-0.00010716199939939218
-0.00017932815066369688
0.0001749750409710725
0.00022295171484024964
-0.00010944824804053988
0.00018300340715210817
-0.0001791790726766283
0.0002398019850386033
0.00011193073866773641
0.00018844939364622245
-0.0001838292573603037
0.00024676001778576055
0.0001146509528432545
-0.0001933440622132673
0.00018815437626752728
0.0002537315588884459
0.000117723853108268
-0.00019893427272537319
0.00019300593514135622
-0.00026032619241080665
0.0001207235714371508
-0.00020581082544856582
-0.00018372307036257533
-0.00026864373099162394
0.00012417702028973926
0.00021397430412733822
-0.00020836040602114633
0.0003078533183252544
-0.00016533504282956912
0.0002846277105319949
0.0001062596856386756
-0.0003509816607981726
-0.0002786870185534408
