-0.2893057076515054
0.5895448948130422
0.17565047188033198
0.10804702308797327
-0.07854243761338142
-0.060435609622956146
0.049972296096384365
-0.0484546349317336
-0.04569541314719224
-0.0445010790327116
-0.44806471652478813
0.31003527754897586
0.1969839535587215
-0.008968340090419033
-0.19335569653676732
-0.0740687665048046
-0.09526582110013117
0.10891063277770521
0.09675207552248753
0.07463871787370117
-0.04908872338278877
0.011755852005180778
-0.10427275525352754
-0.054233882215680485
0.0077290124467386135
-0.0445583971515914
-0.0513711936457174
0.083788732423602
0.022856316213157243
-0.028500649996864625
-0.0012325036091197536
0.0022465508765972383
-0.07684146041813476
0.028202585373420467
0.053208551629932245
-0.020654162895251196
0.017042614605474637
0.00015249665226577287
-0.00022871485257478478
0.003525654906772747
-0.08939372052149991
-0.0033850624033260404
0.006964281539073284
-0.024849671997121552
0.011186740199425388
-0.0015843514158013657
-0.006046222879256308
-0.01964277507454277
-0.0027661802122090316
0.016421660581387745
0.027255361400876962
-0.07848220444633225
0.017100224136079256
-0.01554032873067764
-0.0007311191624679393
-0.004256240622336433
0.011842224800823524
-0.0007610455483610339
0.0009480602550051
0.01122410063739784
0.01696696200862074
0.009459452324332988
-0.005539988066244046
0.07346985947565232
-0.010954159681248923
-0.0010250360681393585
-0.004706208795669854
0.0053650155307974935
-0.012215054858929878
0.0017012096384452678
0.0013344674977655816
0.018592168525638688
0.009047943185657605
-0.015820055518500364
-0.008153079796527095
-0.003826074444410742
-0.008045546803394713
-0.006717278949966848
-0.013339248615438904
-0.06450081538324243
0.009119285690725683
-0.005386717079360935
-0.007418751642838384
-0.0005457494852655826
0.0009113229079277734
-0.0056094044340954585
0.0032198827346712595
-0.016365755479630907
-0.001611231116690569
0.006715107504899276
-0.004642804832824601
0.004682008635490219
-0.0002286279497304081
-0.015928105499179085
-0.05593988965325649
0.014098737599591734
0.01664799449506939
-0.003560098339440056
0.0009077838940254754
-0.006380769172232439
0.0007354049322640943
-0.003382550296307029
-0.014825736185688455
0.007107557475631426
-0.0005299177603743879
-0.004435487424260561
-0.0002943454567032847
0.0026594278547867286
-0.0001370309165429393
-0.0018427053194030368
0.006587021037830097
-0.007082481976688553
0.007491474038115
0.05150006045129885
0.00036323056342920935
0.005911017208416987
0.0009397122523357102
0.0019165315293242801
-0.000680557672032165
-0.0037557295892112685
0.007204831552895604
0.015830141011235307
0.014209180722270476
-0.0005578631706989003
0.001622675483228103
0.002176291123004429
-0.002189124977589142
0.003765382327712237
-0.004638996001922827
0.00141679767605467
0.008098531062027185
-0.00043071708431760444
-0.024266572381196345
-0.032554305948508916
-0.022488918423749837
-0.0006247672683284298
-0.0012674981115298593
-0.0037787224235041024
0.0007221304123222942
-0.006628573632181581
0.0007139791776806576
0.003888529657353905
0.011912140971640638
0.0007170476995148812
-0.001882706434746904
0.0005856869129373472
0.002733682661714369
0.004743946155056416
0.014777516103097786
0.004568953339783118
-0.0020264563528411515
0.006061815777445854
-0.0021067880232616227
0.004214943573389278
0.015723305933338295
-0.03840860645531995
-0.0018859978635946515
0.0005772172673918399
0.0017415567969417442
0.0016117556314021787
-0.004905672341785089
0.0004875752302868185
-0.0005637297561620943
-0.003691908083537732
0.011004246885244639
-0.0011412668964207525
0.0005861158924452665
0.0036762135905644634
0.0030886469714592325
-0.00019195137811151087
-0.000403335303641227
0.006907148011827558
-0.00023697246550884705
-0.0022241353267372214
-0.00219778369393645
-0.005219824507382982
0.013674009049946208
0.036888249107597845
-0.0032722484171581637
0.001488611743086259
-0.004497575711144636
0.0016023065221451678
-0.0022259879790822415
0.00042768998880081063
-0.002638252631881118
0.004101611968920895
0.009546962853711644
-0.0023818886090043773
-0.002655628382860211
-0.0005302782706880043
0.00047865158355368527
-0.0001822319242722922
0.0017572894721576736
0.0018518803036434456
0.006147014050710421
-0.0029592165062785527
0.0008218594448051842
-0.0010134328766565543
0.000601674958682136
-0.0003590177455992523
-0.00243467323718163
0.0336785636629696
0.0048490954331415126
0.002386574074442559
-0.011160962774398597
0.0011874271623275446
0.005265222751380071
0.0014304846274615828
-0.00016670812342170783
0.00139678533971308
-0.008940008910989634
-0.003493226602740194
-0.00032535582845262583
0.0006654249047336607
0.0024029988662758127
0.0014310273456896183
-0.0029385487486503522
0.005371317746704306
0.0021366178325420435
0.0002294380890872941
0.000627133722242968
-0.0001578576661944123
0.00036346464200146146
-0.003436399869827922
0.001637855542855277
-0.0034693470432807095
0.004432462928701593
0.030087913706731875
0.0016063423556285119
0.0012391942760556316
0.0015704472461645876
0.004624205576159837
-0.010826641786983764
0.004411769547731342
-0.0071722370662230415
-0.0020961632284686297
0.0006027824224106151
-0.0004845998302004037
0.001913206630139894
-0.0003329535376291868
0.0025529974339647166
-0.0049863316013382735
0.0005120686881096901
-0.0003355839047341983
0.0008151697751314062
0.0016058554431095508
-0.002625217430106164
0.0036652270997022313
0.0011196482651255001
-0.02661801330957017
0.007112005306794214
-0.002538369069934059
-0.00032906777134738706
-0.0007522246503995082
-0.00012908875652096373
0.0030991898025196723
0.0011531185034641498
0.0012209286969445368
-0.0038467997736947434
-0.0052116321692305305
0.0042233204254053846
-0.0020607939258658805
-0.002857551535041384
0.007015642202698657
0.007449048940432814
0.0008504311253216008
-0.0009157778062848147
-0.0043009119411137765
-0.0015358024428979234
-0.00046337175977668787
0.001786495248250166
0.00024380340333367555
-0.0013252173336605877
0.002239361391013111
0.0014643722387518816
0.00335998013252521
0.0003690805047637266
0.0003004145799288557
-0.0003800213453066119
0.00039908626446177046
0.0017807238083545568
-0.025119219464030756
0.0017876075370231183
-0.00031476424593397326
0.002216815568158349
0.0021599413045034982
-0.00012901471734089743
0.00690979907453785
-0.0010008490686262302
0.0007668752222097475
0.0003630000243710451
0.0022339423311256656
0.0003675845711479044
0.001010353753602476
0.00198217783064191
-0.00034947957519989307
-0.0052246303802836735
-0.008917421560850266
0.0019718850407041185
-0.001680795313976986
0.0006437059587517493
0.0019546211741473985
0.00023568691705816376
0.00037488300623143974
-0.0029601526528024082
-0.000708836531443389
-0.0005609266962206392
0.0006907200728304845
0.0008506760562003113
0.0027617754345479932
0.0229621110946199
-0.0006872630617245231
0.0010293098640031296
-0.002231184280319118
-0.00032023639518170144
0.00020763810794070914
0.0005450205317848242
-0.0005199166041470578
-0.0011066832795939671
-0.0002199010708364222
0.006334405211915305
-0.0018093344109451188
-0.000641565905685999
0.0003840860099272336
0.001588798771063516
0.00038315602625371296
0.000427721695269856
0.0012511755261269202
-0.003958070141859762
-0.001612106840151649
-0.0014231130357990772
-0.0005699203753974248
0.008704411884328042
-0.0012133720579157602
0.0014833647470816412
-0.001090452141673716
0.002701765538177341
-0.0014696812801770886
0.0009989900265116346
0.0004657676849152631
0.0018500692174257946
0.0007934831414663451
-0.021114904293173392
-0.0009741990041203625
-0.001933585959157121
-0.000437710197065068
0.0006276569628988486
-0.000368309735736716
0.0002264246352888488
-0.00027818917511057223
-0.0023276023833765295
0.005372474054339041
-0.0016983207366747719
-0.0014177032660324107
-0.0013860401079224393
-0.00013536422731396871
0.00028579657539307173
0.00031179311574621154
-0.0007646385636167867
-0.0012805894635253836
0.0006268428378217668
0.0036735807803966168
-0.0005792738922734278
0.0002737631334425409
-0.0007506373300575375
-0.00027022719898071526
-0.0007042255797109411
-0.00040171753426275275
0.0012516759739488205
0.002736898565061239
-0.008019196075900452
0.001952488521083172
0.0012098935481649983
-0.0018762411214418133
-0.0003104360394647489
-0.0006657261269181009
0.0021779990107996493
0.01873560210256718
0.005079768107664822
0.000449610878383571
0.0002217442342913385
-0.00014447647897525046
0.0005837967516814086
0.0006745951113533378
-0.001700307707819656
0.0016253888166326929
0.0007784148356457153
-0.005355041568284566
0.0003582686025827299
0.00017451271886496616
-0.00012941631042194944
-0.00020136183408339634
-0.0004554780736629208
-0.0008218407709220161
-0.0014527802123575687
-0.0003343586058266515
0.0032930315449393507
-0.0002595468904081264
-0.0012237807320857638
0.0010304663562318397
0.0024763515510886364
0.0012963227364999642
-0.0007039217054833514
0.00022187491794245704
0.0003431576298376174
0.0005898554567661661
-0.0065106878728284235
-0.003926444658715265
-0.0021323645193656766
0.001531492491563289
0.001729149870529807
0.01784186070300596
0.0012678591604590045
0.00025512544882142093
0.0007774811379122397
0.0011879422897871897
-0.000393927803670258
-0.0002421166305937114
0.0014807509609193734
-0.0006782732004831524
-0.002876025444539503
0.004060625314876332
0.0004934450113202088
0.00016732595417555358
0.00017076548121631503
0.001421529638304965
-0.00019062035198933318
-0.003014339427565768
-0.0011444488945332718
0.0006354876841524841
0.0009114516214533421
0.0006356098503609821
0.0012983168667973425
0.0005578880387098397
-0.002149621981030774
-0.0003418885363272514
0.00011624364774825292
-0.00012106670479095468
-0.0006156668592400172
0.00043734591865144306
-0.00021579741135397776
-0.0017865255724867832
0.0009283986483457548
-0.005134068877983779
-0.004184425862126586
-0.004525018633780469
-0.005888741520591868
-0.015221023104686055
-0.0006765208078766727
0.0013031846392795028
0.0005330086900798025
-0.00023571080078529534
-0.0005340172817626653
-0.004579185110487693
0.00040883616724706384
-0.00034747965282215027
-0.001263736861617184
0.0003534212918872446
0.0010321378109813934
0.001025410204371352
-0.0003044885778006425
-0.00011798839651208081
0.0027876108545750833
-0.00035155106864041
0.00019320681062647547
-0.0006175214387925486
-0.0009656309801392012
-0.0006550387514928112
-0.0005201240321313807
0.002049453923045879
0.000357915573842778
0.0007751186411604086
-0.0003795298803791769
-0.0015882155351098933
0.000823642393338515
0.0011145784213286358
-0.0002948579612442528
-0.00037136208104169346
-0.015435798913474477
0.0015142557918753799
-0.001044615503909166
-0.006476687231439415
-0.0010457581882637082
-0.0007801496747388017
-0.0007119192964300018
-0.0005303243527934285
-0.0007090638573550283
-0.004261534091147567
-0.0002533505832744609
-0.0007328710930697827
-0.0012225227748151302
-0.0009725871002892086
-0.00024278533125824555
0.0001536158353411698
0.0005636998939474434
-0.0026283885736599626
-0.00012427596452237405
-0.0011339743719101032
0.00017248317455670632
0.0019000451508408144
0.0004296644663508184
-0.0008580449929622367
0.0007444756547129694
-0.0004714970449112747
-0.00151347716513957
0.0009027874752706645
-0.00019388198412178867
-0.00026097365691104445
-0.00018365875512929054
0.00048558361305091265
0.00029951126591073313
0.014373705552926394
-0.000667163212469622
0.0012527901396179385
0.0005405614848181496
0.001676993581132797
0.0006177012417498912
0.0059843401114717835
-0.0010337147561201951
0.0008612658711044459
0.004021795093175154
-0.0007670797176854037
0.0006259589124776852
-0.0002832750180733666
-0.0005206685144174399
-0.0024221600479150895
-0.00011275027826145308
-0.0010468276397934393
-0.00017973285388024366
0.0005133396507978534
-0.0007174109349339616
0.0006572248581562035
-0.0017043703311582048
-0.0005358841082117216
0.00015813529313925945
0.000266198991971103
-0.0006759521101030688
0.0005659446937996738
0.0003557084553907774
0.0014244085694541868
-0.000299374189498687
0.0011604702127653184
-0.00023248245007152313
-0.013392040112546131
-0.00011873929843851533
0.0007666603240048663
-0.00028675980510746907
-0.0005691927864127931
0.000585295753823918
0.0007904092932824982
-0.0010130221901173593
-0.00194187937124897
-0.00431994146376315
0.004912857911417146
-0.0014689511681402032
-0.0003021809324070468
-0.00014831792629255915
0.00027427967123979405
-0.00019834672479905694
0.000525794540313789
0.0001010034158507577
0.0022718366511735987
-0.000967947352962269
0.000603834421097073
-0.0007512494805849331
-0.00025526621611897155
-0.0016270125553273858
0.0005358426022409367
-0.0008871267251335124
-0.000212561067312079
0.0012716437883142108
-0.0003082963094338504
0.00019011739462648593
0.00016948304909908686
-0.0006423430499788167
-0.00018881113330632376
-0.0010355697382344112
-0.0005849702093126315
0.0003402094764226334
0.012062242459827842
0.0033103150860471
-0.000841234644656927
0.00031649930401856665
-0.0003019982992753524
-0.000917886031704879
-0.00041621170251789915
0.0002209147049472046
0.0004869067572446085
-0.0034925218517914804
-0.0007112676705947691
-0.0028473966434742386
0.00217646508561972
0.004165726247147106
-0.000640840516863625
0.0003962237848741303
-0.0008648974410968548
0.00210421173931158
-0.0006809631272236837
0.00010530392113817713
-0.00010085167143659483
0.0005526847724941647
0.0005083981986768671
0.0014979152247627072
0.000250640278443756
-0.0007643901222651359
-0.00015244982175702102
0.0004232862359114758
0.0011589934752592038
-0.00019535612628406452
0.0005937713688968503
0.00052867605729837
0.00015320089715650705
-0.0009770773374598366
-0.0006975604498795219
-0.0001432379963710981
0.0011390232761814133
0.011304079971169155
0.002907091594368678
0.0007159246676228706
0.0005614578975152973
-0.00019785204420199413
0.00021620633495050712
0.0032785918168526064
-0.00022560179933701463
0.0006476249110230737
0.0002530759687165419
0.000399370810646614
0.0004162155782001818
-0.0004532199966047439
0.0005926944064694596
0.0014041936264983295
0.005069133204291618
-0.00035602454666202086
0.0019621435419902257
0.00017883220892412005
-0.00010733651034905749
0.0002839494765965991
0.001430587469255022
-0.00033698589522249844
0.0007678465036781445
0.0004750002393594485
-0.0005761676641909526
0.001107894658262093
-0.00011596349233615935
0.00040754264329380104
-0.00024035917410750223
-0.0008515025517143529
0.0003238757312425668
0.0006850515266878774
-0.00029903801381613514
0.00021902139600757947
0.010628673379691086
-0.002764649933485274
0.0002636310493481384
0.00045598528226885456
-0.0006874549647095896
-0.00033995937821255804
-0.000510024360158873
-0.0002122165758759582
-0.00012294478743961606
-0.0004685096788051064
0.0024975851501453815
0.001816187593366108
0.0005921200811084902
0.00023907580985824147
-0.0007573151043949065
-0.0003759314893983711
-0.0002017838752330923
-0.0004934334418369223
-0.0019454798335670994
-0.0005188456632974827
0.0047585378400920135
-0.0006780774409090388
-0.00022643838153517783
-0.0005296028909508548
-0.0013622766663715976
-0.000725352703271281
-0.0001401397290913682
-0.0004104390374027277
-0.000277977389175604
0.0005191933600194842
-0.0003818008400396212
-0.0008274359466406039
-0.0006393834897526937
-0.00026693265165307053
0.0006268861609784232
-0.0008658214013619355
-0.00017542673829345695
0.0002675250237586366
-0.001515351106244042
-0.010217529847912282
0.0008826516908182113
-0.00041555290114806055
-0.00013006475694425293
0.0006032560641376107
0.002849110222204607
-0.0004560714221573282
0.00036442536518414625
0.00012680352001340363
0.0007682696056114097
0.00013391934015903655
0.00014690422884994873
-0.00013857210250320636
-0.0017804156643468102
-0.00025634676419408547
0.00019098347290675335
0.0004550744047781588
-0.0003030522623218389
0.0005590167533771113
0.004303045084634134
-0.0011794545015197222
0.0010761324985648312
-0.0006757878065537246
-0.0012677191045058528
0.00043460878555380924
-0.0004770095704226205
-0.0001460084390733405
0.000979695976566486
0.00029551342798513254
0.000600480088103702
-0.0008023303915362786
-0.00037713957765127417
0.00037490684889086433
-0.00023162406385916336
0.00011681939634560418
0.00011410696079724738
-0.0007929582905163716
0.009714232961487978
-0.00010826645751861556
0.00035005346667493385
-0.0005546295043982611
0.00023010607029735948
0.0027173810956448944
-0.0007161324373528722
-0.00014464325326835276
0.00013647312732154187
0.00016632970284899938
0.0011988250308816487
0.0012106746826943948
-0.00023483222247166075
-0.00032889551607248813
0.00037087655094195934
0.00021709294100829575
0.0006361667207946928
0.00043044656823470063
-0.004173303485653973
-0.001481949131745642
-0.0006588799342523
-0.0007376582739096826
-0.00015103669956440175
-0.00014763489477766136
-0.00028064695641075735
-0.0009189615082317667
-0.0001400235778699259
0.0005625090511217395
-0.00024157472101009764
0.00032331543169745954
-0.0007524375106391714
-0.0004177612035386287
-0.00029088091243034133
-0.0001093781259813479
0.00020429744081481825
0.00011632551810069937
0.0007260707418490168
-0.0004472920533232801
0.00914703560090777
-0.0005001970044312686
0.00016125991992345905
0.0001397009638662057
0.00025066545270547067
-0.0006952223616554506
0.0025530647945059283
0.00020225770474817219
-0.00013987864749785806
-0.0003487827605263778
0.00033569156829683477
-0.0015768033529275614
-0.00041718689179834936
0.00015092886826890555
-0.0001945042478631237
-0.0006216789275159129
-0.0003361487868362712
0.001152280157068226
-0.0005801614040248165
-0.003539434149165021
-0.001125005990832614
-0.0012668643980590583
-0.0011718345763350995
0.000350042527746736
-0.00012108282477520788
0.0008614219779124954
0.00032402294983824536
0.0005321657226581333
0.0001561713095349256
0.0001327879247564247
0.0002789450249423458
-0.000406714214654975
-0.0007135223468879981
0.0006809085396681008
-0.0002460713246240009
-0.00046870030988577243
-0.008646986243008135
-0.00019041011294171922
-0.00010435369359693033
-0.00019304072409032707
-0.0005142790588312683
-0.00040339723449827746
0.00018330103016623314
0.00035341969346629806
0.0024208057856802685
-0.0001070834127384869
-0.0002900116584302304
-0.00010327901229939231
-0.00040579321140525067
0.0005140428556430538
-0.0014019215364775687
-0.00017770665309580532
0.000580293363800069
-0.00010224898149856978
0.001092535317470865
0.00010191814991474828
0.0002759597079479278
-0.0002754935103902643
-0.0002687486969553815
-0.00037725509141213373
-0.003913704410709088
0.0002157657883071686
0.0008035645926064018
-0.000490359437880106
0.0003664742234045464
-0.0006690366360187048
0.00023014382442641603
-0.0006444385872209904
0.00016179837995851913
0.0004185493415552933
-0.000136776720004298
0.0001189774146409038
-0.008155978677258233
-0.0004621148659274698
0.0004461053667185663
0.0003385556085858382
0.0005447954317722132
-0.00026632229877549825
-0.00022056756845243925
-0.00021240142361507631
-0.0022835116318401785
0.00015086506452899952
-0.00010094780132949785
-0.00012392259344115564
-0.0003891566369775251
-0.0014041960710718345
-0.0005352567182536805
-0.00022476169674834492
-0.00011138407831350296
0.0009593977586778704
-0.0004231392315461461
0.00022885323842021592
-0.00025148151950461734
-0.00011367902562447827
0.00012654725061922635
0.0001364770127871958
0.00047993908862939454
0.000286875502427489
0.0007865408178117901
0.002883042448161522
-0.00010590804735086455
-0.002184165069721949
0.0006255618178512491
0.0006797969539368237
-0.0001573605380944367
-0.0002130802283700137
0.00017818789710529931
0.00017417832360324382
0.0006138268655564657
0.00042465503412656813
-0.00017180729428340667
0.0005855783613012899
-0.0002551871173198468
-0.00017526002172311734
0.0002143433461113859
-0.00031453927105760254
0.0002390344522164784
0.007731956271166985
0.00033059165402891797
-0.0005632546588807967
0.0021655754482895542
-0.00020156014587510026
-0.00039536380816340146
0.0005095553728918227
0.001322602728714775
0.0001400130628532563
-0.00015662363042244208
-0.000228566621813067
0.0002812914940076944
-0.00011592995073241941
-0.0009693736063980512
-0.0002319627169293355
0.0001057585199882535
-0.00020493602549677038
0.0003374305370831143
0.00047375016177935716
0.0007518897500232615
0.0003543546270857548
0.0006041124573903212
0.0031952439327327985
0.0011049321510797129
0.0006386321551155808
-0.0005359378328626442
0.0005808800193546442
0.00015381913682071982
-0.0002132633244164554
0.0001088131610504349
-0.0003909835836762808
0.00021475733753447023
-0.0005778858460727003
0.0002919471473795698
0.00014421182852423397
-0.0006054105328971535
-0.007315179295452911
-0.00048297152838449047
-0.000229266318650286
0.000135994241584837
0.0003486721196560308
-0.002045573504873294
-0.00011913234766626203
0.0002029786176692375
0.00022565933335186598
0.0004761457011930615
0.00012103762567877901
0.0002510860710536022
0.0012578058789962617
-0.00017152865588499066
-0.00022150833238857652
-0.0009161108616970168
-0.0002709369680006834
-0.00017425230349538953
0.00043177043289515033
-0.00018383678855616453
0.0007069417592908766
-0.0001564706528872453
0.00016725290139817697
0.00020856531446685243
-0.0031087435708374756
-0.0010424248007907544
-0.0009130159101012437
0.00041661784148525353
0.00015338843416831628
-0.00011161184420163022
-0.00016947133424490503
0.00032795684197816255
-0.0002733712077803898
0.0005412039499457831
0.00014091680905582984
0.00010456571122938296
0.00010863378920337266
-0.00017490757767924008
0.006964899096355207
0.000496038901758684
-0.000331995180124438
0.00013445836574540004
-0.00022148541793560602
0.0019519186375861167
-0.00018521441255019277
0.00025887067047412985
-0.00045367575588067707
-0.0011951196820197507
-0.00017208387665746907
-0.00029740153480935217
-0.0008682304450909188
-0.0004094199381202656
-0.00011291517577035961
-0.0006740140038269877
-0.0002103583874372935
0.00014126172037869474
0.00022389582599893938
-0.0005558020203153944
-0.00026981105325071965
0.0004024756158635859
0.0015020702405923612
0.001299372874742396
-0.002405175318206058
-0.0007160075234694346
-0.00015906972551348882
0.0002893129643815953
-0.0005156817033806665
0.0001346900899373881
-0.00048376922161152074
-0.006618590693493261
-0.00030776039159980035
0.00023267470366448938
0.000177445980325274
-0.00023383388613761207
-0.001850608645197795
0.0001531038815702228
-0.00042907697639720774
0.00015692735441808227
-0.001135213683186858
-0.00011789648122382599
0.0002803618715122154
-0.0008256335082095565
0.0003843677448040438
0.00019509975619303043
0.00020946746748266485
0.00015469766567748858
-0.0006303987861924445
-0.00021378914787990028
-0.000525269723921663
0.00027329753853274393
-0.00035449745207945303
-0.0001840733375492951
-0.000301988575842821
-0.0030384324587313647
-0.00025203927983524847
-0.00048581547379693014
0.00012879663347336516
0.00011642617583622491
0.00020604758985311278
0.00014087675331196731
0.00045515534333053214
-0.0002985190180738692
0.0062972790701174355
0.0002194464667589065
-0.00010021236930469396
-0.00012045268686875282
-0.001764399117614449
-0.0004100035218248389
-0.0010692684503049179
0.00030650285221676
-0.00012987402949698204
0.00017471423018994246
0.00036316781450882417
-0.0007764529079746149
-0.00015774029707293943
0.00013522899221712496
0.00020118651222029182
0.0006063174174365433
-0.00012779532655084842
0.00025815162592749855
-0.0002819899625881047
0.000528523007631227
0.00019495285874446201
0.00010393166363851893
0.00010476898581906613
0.0001679670278438818
0.0006441356284237471
-0.002893128480694684
-0.00014238048386092962
-0.0001266297339617832
0.00028687206667858537
-0.00043809030388584225
0.00015543537109464234
0.00012691096722020518
-0.005996561507969275
-0.0003823134965655042
0.0016806568699779863
-0.0001314133396900747
-0.00025256731634729865
0.00015839509681446593
0.0010253010289341022
0.00010547439882047221
-0.00010279045219372766
0.00012068243446280538
0.00018665072426202233
0.00011943125474557514
-0.00033549038106788225
0.000749314224860636
0.0001251868241892329
0.00010961789991194022
0.0005782333878154081
0.0002342979940976097
0.0003119577962145216
0.0004697716091610227
-0.00016295744359329275
0.00013434725504327135
-0.00010395554323016268
0.00017839431551926145
0.0004647238903988458
-0.0001900105094037251
0.00014883076537955888
0.0026795341485722998
0.0007347582611129725
0.0002779129329725318
-0.00019245039046847704
-0.00022132090399027787
-0.00016731081037401574
0.00016541398104511347
-0.00037550400747632335
0.0003574834381267426
-0.0009249489400049483
0.0056276876659981335
-0.00013806204813369873
0.000365944023349449
0.0015999115231827752
0.0001558480038685742
0.00014476900702169662
-0.0002488395548480138
-0.00015163632247203288
-0.0009831792811996658
-0.00011478224390768215
-0.0001104848208365154
-0.0003333264242633038
0.00070989379011837
-0.00021599379349226218
-0.0005495719992279942
-0.00011116112851288694
0.00029233857046840895
0.00014967261950011654
-0.000377276986003872
0.00024898790010018736
-0.00011583252441449829
-0.00015971286873266526
0.00010208771827850948
0.0004348794770336259
0.00012152064411640552
0.00010381430604431132
0.00016174815061487742
-0.0002932075996190506
-0.00039483507579798547
-0.00023050949639441534
-0.002608780215403421
-0.00043451950701988963
-0.0003723396042842931
-0.000314717903939752
-0.005443059653313222
0.00012064734104365362
0.000146220962702555
0.0003513866698355883
-0.0002222646503560364
0.0015273971371536688
-0.00013387272726225348
-0.00011572112049601539
0.00013146329489604732
0.000934997317503916
0.00031599105809057115
-0.0006820178751012775
-0.00020655274540010583
0.00013215801692488877
0.0005219338100649096
0.00010757283007991304
0.00010277411420119284
0.00028608878375586407
-0.00015470589192248765
0.0004267981279166405
-0.00010691047590949864
0.0001019257455055476
-0.0004149496939374054
0.00020052247101864297
-0.00016618209534989317
0.00022346521945008286
0.0001061924042590041
0.0005688892913072744
0.002446888090650708
-0.0006479393410435154
0.00016504033069626665
-0.00010700598498987097
-0.005206062219873209
-0.00032334186561753327
0.00021411674947586227
-0.0001526605799846443
-0.0014509941291867812
0.0001526019760326844
0.0008923285273450397
0.0002988605394430694
-0.0006419001027463405
0.0002028431090408239
-0.00013484263473233557
-0.00012726271736845316
-0.0004628708317461533
-0.00023007594647288048
-0.000202105643721548
0.00015741438964542756
-0.00011843466366777599
-0.0001135998112979502
-0.0004078416557136859
0.0001688458136336398
-0.00039846284217451533
0.00024896039334947496
0.00016367250042407814
0.000378753407854132
-0.00019925203025220883
-0.00011269118279595244
0.0003185420973515893
0.00033340994122796997
-0.0024014557311148295
-0.00023022179709755082
-0.00015684429370389156
-0.00010083488779368056
-0.0001673842834691024
0.0001779098583997178
0.004966888621194683
0.00019765586074599323
-0.00032084407815659923
-0.00016874923209809242
0.0013927933684112091
0.00027362101876362454
-0.0008547703305469703
-0.00010081562937044674
0.00012230192734310729
-0.00018837861751157495
0.000619295957092796
0.00010184562728946766
-0.00017167274049659036
-0.00018450568108714275
0.00048063275981028114
0.00037807355288062104
0.00012401271172669703
0.00011168784047441816
-0.00013660978286888492
0.0003722062193566972
-0.00027018540285110674
-0.00011932660171121219
0.00013824443927015593
-0.00036730082619613596
0.00029490819409530415
-0.00027519231048546406
0.002276946218873631
-0.0005724377185365439
0.00015115849889064378
-0.0002987742733063838
-0.004742250348947574
-0.00035450666938243456
0.0013277268444334667
-0.0001143608220628612
-0.00026730756710917217
0.0008199653365336776
0.00017864161730606816
-0.0001314022375176431
0.000588233044300567
-0.00023233401820570236
0.000456355323610804
-0.0003714931254377807
0.0001583829100570089
-0.00011412050982285079
0.00034582129856322916
0.00022906257543603932
-0.00011954481342384329
-0.00033099561398657686
0.0001310680885486662
-0.00010654909360506318
0.00020481988479166695
-0.00012500084777382494
-0.000253627402355641
0.00023759443950161098
0.0008050097701503716
0.002083440121262115
-0.00043258480670716886
-0.00023239168449548395
0.004545579301652816
0.0012763437714842843
-0.00025585517503784
0.00013424692312882173
0.0007782575363707615
0.00013200881876543818
-0.0001066885944663313
-0.0005663231805245893
-0.00022448198582691208
-0.00043484069629499484
0.00014062235150533685
-0.00035603242977199934
-0.0001211230553025472
0.00019865123307119702
0.00010969095567366663
-0.00035378197532894684
0.00032937217028794155
-0.00015191709966357742
-0.00010446627265702627
-0.00021135980830267945
-0.00015098302781849917
0.00025510803093814824
-0.0002439608158394477
-0.0006535250463114576
-0.0007568799901469302
0.0019629839406160956
0.001062355123394537
-0.004210788478531578
0.0002258967651889346
-0.00011292447883916467
0.001217794971039526
0.00023253250561140146
-0.00010955483666552266
-0.0001017559124416974
0.00013621665125499867
-0.0001307187785768154
0.0007367525695777318
0.0005324692959751032
0.00010704472478237981
0.00014269655887475462
-0.0001372427233252644
-0.00014988717045346788
-0.00010812443273096091
-0.0004168638395316305
0.00011890958346640297
-0.00013912948367625436
0.00034075643543163254
0.0001327842489788215
0.00017989055803685358
-0.0003364110747414443
0.00010255538978197855
-0.0002937603991794
0.0001412075398113119
0.00011845507384837364
0.0002244567059817174
0.00013464201302976298
-0.00021934383235979653
0.0002529500906002449
0.00019173110309674384
0.0003237008376391672
0.00033897280226396966
0.00199297980722871
0.0011989197390518806
0.004024547493757872
-0.0001262457000746861
0.0011389367534939293
-0.00020501255159795906
0.00029932317750310796
-0.0007144651633188163
0.0005079043849028334
0.0002555047475559077
0.00011186496705787539
-0.0003968603163916879
0.00012950770769501967
0.0003281724288609478
0.0001843862621677882
-0.0003098423312481249
0.00019375421285858045
-0.00027303592628168127
-0.00015342002980082116
-0.0002037971838062428
0.00011612544411072411
-0.00011560004492029816
-0.00010585532028266565
0.0002625512693720144
0.0001010778533719618
-0.00019525427064202326
0.00012296874877002837
-0.004072341542238593
-0.0011389319681579975
-0.0005167496831781046
0.001374048109043413
-0.0003627155032002011
0.0005198815588478945
-0.0010034474062352362
-0.0002723818347925395
-0.0006252762915516343
0.00016889835897041696
-0.00042931403778509697
0.0002542737156600848
0.00011992069546041578
-0.0003278877309225756
-0.00017205548211913086
-0.0001487905226982733
0.0001646543277353035
0.00024138517232353174
-0.0002202531052438842
-0.0001397076660523383
0.00019087792734062784
-0.0002589787138284228
-0.0001376594435123027
0.0002796672879047986
0.0001199551600888846
0.00015009131145329974
-0.00012731208677958583
-0.0002596450118924347
0.00023036799727543114
0.00017721699012249086
-0.0011255428218908208
0.0037265568263099677
-0.00026462108494873987
0.001832726468892157
-0.00010762090990538571
-0.000154037401206927
-0.0001435291622855734
-0.0009870870040613107
-0.00018691739683728397
0.00032014179277709134
0.0006512547910022011
0.00014415772022977595
-0.0001483981847162925
-0.0002489305739275838
-0.0004411972108412953
0.0001975617280721474
0.00010091356888249865
-0.0003105615802409726
0.0002178944585877654
-0.0001303232597986433
-0.0001362293694968106
0.00010403100514184402
0.00014214354029938454
0.00027186692726328195
0.0002536363404832685
0.00011023473109870626
-0.00017269820850087893
-0.00010484527367912686
-0.0001611052815172756
-0.00023171527847496256
-0.00017451564313667055
-0.00026511121968511613
-0.00013925710395959977
0.00010671971362810388
0.0036992984763279217
0.00037446345006740957
0.0009423284804147136
0.000983797957810577
0.0006214804376141145
0.00017666820993301154
0.0003518960022115027
-0.0010173223295571981
-0.00017261486778504992
0.00034485566614393784
-0.0002253749514716104
0.00029284809510422355
-0.00010643664318967617
0.0009332188129360834
0.00011010390041298624
-0.0002635206291603528
0.000574147006517627
-0.00018440089653669824
-0.00010770610330467065
0.00044778111976216667
0.00033024911412887564
-0.0001737670402178809
-0.00011668077487602863
0.00016067232155081204
0.00011167389555395994
0.00031966457777553395
0.00011270988654051092
0.0003004408342902901
0.00014055532231782984
-0.00023841990888308516
-0.00011293880295740697
-0.0002169856409877137
0.0001567025564503708
-0.00012166148537884888
-0.00012741756755419586
0.0001565503205646029
-0.00033307918819342077
0.00013318773378840314
0.00016386980753524356
0.00014405420922457296
0.0002158108602839534
0.0010301829423319808
-0.00021028659886968126
0.000742057325832301
0.0032068964441512265
-0.0006967473760246825
-0.0007491559647233498
-0.000225917550367599
-0.00012734644325020937
0.0011052323960307774
-0.0005849871971955059
-0.0007064494025094923
-0.0004787333730962481
0.0008008499539027696
-0.0006088848594226939
0.00043607435030623075
-0.0001201123856324873
-0.00013117537117237092
-0.000310469086216887
0.0004612511575039175
-0.00010018602903699264
0.00010284675256749595
-0.00017478596290242688
0.0002064927227620933
-0.00038037240967170614
-0.0001677670913063828
0.00012129839823622688
0.00010798700835828815
-0.00011373199003904971
0.0002624062868139462
0.0002211279222742859
-0.00014538642636246569
-0.00020197346332372155
-0.00013951276364683173
0.0001445600211713098
-0.00014067084191562271
0.0001799329240558614
-0.00022227408652143732
0.0001090844122987319
0.00024981564198734834
-0.00014087596698783512
-0.0001755079606476074
0.00018858761405222862
0.00011147084345357059
-0.00013781769399535536
-0.00011241889956936742
-0.00012690564917475203
0.0002094410724634103
0.0001251941013919608
0.00033173127592556526
0.00011892460352611946
-0.0004496167788048753
-0.00011128716015730442
0.0001615174535272815
-0.00022956485276960957
-0.0012445185717839629
0.002028504147997124
-0.0020420660626309962
0.00021894431602821523
-0.00014565589072800794
0.0011169767407544038
0.00035630942493220414
0.00018631252118131596
0.0004693799012755514
-0.0017275102719121033
0.000552184430018583
0.00020277535895226904
0.00044581784134155376
0.00035810564663762507
-0.0001964341840842521
0.00020519152702136204
0.0001675047554277021
-0.00018882329644672808
0.00018966875136065334
-0.0002814019895326281
0.00015761357857930122
-0.00015947444529849133
-0.00016251785264844254
0.0002498744391306079
-0.0002076367391260694
-0.0001025713511806732
-0.00011930193208043019
-0.00017015783998083051
0.00021358044898736356
0.00020309329086203392
0.00012823861213744102
0.00026178164069297637
-0.00011502191902733315
-0.00014945447288384432
0.0002636187027996029
-0.00014275346272901824
0.0001410728220522887
-0.0001586751080528313
-0.00010496749470598035
0.00019291291349330926
-0.00017394210540215153
0.00015427272369574106
-0.00013803425650082258
-0.00010459474280934139
-0.0011551989796634563
-0.0006523451553303828
0.00022176449500159874
0.0025642392486373085
0.0014749938235220751
0.0001451390178786726
-0.00024445140718508537
-0.000997397814656549
-0.0006187051839892273
0.0003544125643122097
-0.0005123163254754096
0.0008884194934388016
0.0009162552249081885
-0.00028841670811722284
0.00012880912606729993
0.0004172894438193987
0.0002638669257305987
-0.0003825972287492336
0.00012190963053021462
-0.0002722866646134886
0.00016705038796364192
0.00016756155601166178
0.00020515135869231615
-0.00020236403506417695
0.00017592822494985716
0.00015975283025689035
0.00015935707617751606
-0.00012652381218368895
0.0002535910613402636
0.00026398209432118867
-0.00010460508165558374
-0.00022311157901323578
0.0001855883136688436
-0.00017304533525313288
-0.0002309608246400775
0.00010327472560436052
-0.00030267285091369257
0.00022199811726523715
-0.0005724642386100294
-0.0001469868310485036
0.002744279247753318
0.00034397805532122215
0.001250712396584204
-0.0001612042996743336
-0.00034063574840668867
-0.00030403738169804286
-0.0004994540819602861
-0.00014736469115614738
-0.0007768940193873715
0.0002754790823892012
-0.0007815629447884788
-0.00017717922501774537
-0.00020837934925713956
0.0010958954111135902
-0.00028407590240776413
-0.000259846921152725
0.00021311388991046988
-0.0005350067648478035
0.00010640471233679062
-0.00044867358263446706
0.00010726451844032592
0.00010800032044671077
-0.00021170216423624033
0.0001233301022331152
0.0002682903624774747
-0.00024586037554326606
-0.00032955545811174644
0.00017334912310212314
0.00014867043678203223
-0.00022987390357510687
-0.00016940927868116276
0.00022263545903685583
0.00010427805720596199
0.0001540846345696822
0.0002125411331600818
-0.00018769753661744234
-0.00010670122255421942
-0.0001718014776677461
0.0002510881948249915
-0.0007903845873582608
0.00023225753607272366
-0.0028371600582895134
-0.0001166082378585222
-0.0004282511993345946
-0.00011082165088444969
0.00014394049897180637
0.00017888427001432633
-0.0002516748727052118
0.00016416463043970796
-0.0002132642963605072
0.0009389942327868325
0.00024235537604273632
0.00037903161726337783
-0.0013497525485807673
-0.00030458001887167716
-0.00014403783297333063
-0.00011782704293993089
0.0003496864168862447
-0.0003835911327728966
-0.00032185984228264556
-0.00011266075060256947
-0.00012355433907867476
0.00010375388287639515
-0.00018335729704563176
0.00025726601936239913
0.00016375861639917737
0.0001449655424525282
0.00013786102263931054
0.00020024445030603064
0.00016119313565676285
-0.00017103844966760153
-0.00011246044300317026
0.00014539853376420876
0.00020807894011581532
-0.00027150053156305013
-0.00025161049698240335
-0.0003105662235636064
0.0025439591136405776
0.0012442784536917497
-0.00012618450413086262
0.0004357104000806928
0.000399599170153948
-0.00024071726305059836
-0.0001651114828107717
0.0006953541903235928
-0.000420863660392183
-0.00013507190828321766
-0.00040679408314070334
0.00015031202096133525
-0.0012114390527751028
0.0005477675933630304
-0.0001921321566463505
-0.000488682139150197
0.00017906634534389652
0.000329120899798322
0.0001338243464564306
-0.00027863528888140773
-0.00019429111432831
-0.0001985543593189787
0.00011952627132901701
-0.00017731822337077862
-0.00015653538002670755
0.00025770924690771336
-0.0005056670754831725
-0.00016207662718438026
-0.00012415273385158094
0.00039422545963493894
0.0008123269950676732
0.0021180246957791292
-0.0012879421307802068
-0.0007170990326088719
-0.00015891682436170116
0.0008652407301769065
0.00013187534017
0.0001473638879802354
-0.0013979019329710774
-0.00013577974593565107
-0.00016570941725724085
-0.0001888408046036704
0.0003712286503710834
-0.00032656941710680165
0.00017727162750870337
-0.000117531892258915
0.00011599167975198886
0.00022010991668783696
-0.00010714914639789129
-0.00017675419220385322
-0.00010354913949730755
0.00010530063852176976
-0.00012419666737412135
0.00011838879084973072
-0.00011593903849504118
0.00013271434005324983
-0.00013899291995243785
-0.0003613695088264023
0.0015615834014715317
0.002039447259098395
-0.0006553838780741533
0.00018610503084838425
-0.00070527742866805
-0.0005323015791290175
0.0001280340307361786
0.00019661691467332798
0.00011023889731101198
0.0005318700269798052
0.0009290515727918736
-0.0008013827922440328
0.0003900268820564419
0.00021011327060536217
-0.0002157280379382565
-0.00016234947334977707
-0.00013972224244296005
0.0001518224361468469
0.00014163399619426145
0.0010249452257006637
-0.0001349439930212784
-0.0024374597580312323
0.00018873203650781096
0.0004375241180146003
0.00043677883976747493
0.0001499116346187181
-0.00014933705394543694
0.00018633606269851215
0.00012458763822991396
0.00027796830482493875
0.00037767877295413293
-0.0011514831706491621
-0.000322876949584623
0.0001082992438767586
0.0002103813040923097
0.00010793525903206441
-0.0001297206007666505
0.00011354623485174153
-0.00011917781120541866
-0.00016026168766745247
0.0001577337332833997
0.00012993727531557334
0.00011650758911158017
0.00021871398203606384
0.0024663264286395427
-0.0002497486660615158
-0.00011453185398139172
0.0003618664982987987
0.0001806567204611526
-0.0003395949616672516
0.0011969175915085644
-0.00041160183029834217
-0.00036173661391755073
0.0001015907822851886
0.0002343006401577646
-0.000180324353620975
-0.00021095164256315326
-0.00015582539707432373
0.00011676266485422595
-0.0001531801577206999
0.0001438547299169615
-0.0021373893143112094
-0.0001260345265864524
0.0001187985973286515
0.0008624675607719548
-0.00011183218116667896
-0.00010323971886754594
0.0006264717504379967
0.0009330283691365359
-0.0001893104053909898
0.0001999934142366092
0.0003689513206982046
-0.0003712461098862736
-0.00011272140680110069
-0.0003364580396201563
0.00024064967268503263
0.00020319506961891768
0.00020010660740791932
-0.00018441704286579995
0.00016980681715768816
-0.00014445595869520573
0.002038302636929837
-0.0006463021314629691
0.000119568565319341
-0.0003893359404515463
0.00010160822246984782
-0.00027931109383779525
-0.0001055160173882223
0.00021445754485023392
0.00017891780285407105
0.00019870406066826695
0.00016050571392379397
0.0001401723877891198
0.00012541772060670035
-0.00010509590461324654
-0.00010082405256504856
-0.00010394038707136113
0.00010559228661358288
0.00010835208802822716
-0.00010036962046597381
-0.00010047543277436753
0.0001114218920970356
0.00010330452328527255
-0.00011410329760323551
-0.0001055162595057799
-0.00010137076439281336
-0.00010359127243628773
-0.00011525076330929119
-0.00010830806696350453
-0.00010434785061893864
-0.00010775940891782535
0.00012156281955937139
0.00011236904940572796
0.00010399068788520035
-0.00010891751644917326
0.00012130373384492486
-0.00011503396404806705
-0.00010675174632988473
0.00011194293988638154
-0.00010006332501875271
-0.00012246024286099508
0.00011787753716439533
-0.00010949105901658437
-0.00011471070147831445
-0.0001009971054865526
-0.0001077717548624652
-0.00011744270994928329
0.00013193284429754043
-0.00010279644823728756
0.00015171906975271684
-0.00018715196388942968
0.00021005266894521244
-0.0001490539147034979
0.00018986246595377232
-0.00023830426886773588
-0.00017664501518197714
