-0.998118356000453
-0.019466430720558533
0.047873990275005725
0.005439456332727637
0.015324613371741364
-0.016819439248595074
0.0018926455071012643
-0.0019204996930297297
-0.01218946955240241
-0.007126428651069047
-0.0013929662327864447
-0.0009763939380750075
0.001468134456150134
0.009686453716880258
0.0015276738082212415
-0.0001889884013956569
-0.002160424893487247
0.006828297263341423
0.001916432269064925
-0.00019302386634806556
-0.0002735740225538494
0.006151401475238247
0.00013847380037196005
0.00017682330768605616
-0.00014384911434896529
-0.0005214522311414024
0.00020721661787601696
-0.0006744597713039941
0.005658198015815161
0.00016746154739000457
-0.00014399205446757624
-0.00023578641907230361
-0.00040160030737682343
-0.00014187292680928795
0.0001016547063546975
-0.005019929494948251
-0.0003128711157772383
-0.000131942225839522
-0.00010918262151014572
0.00020331199916712425
-0.004311826356062386
0.0002463355810836689
0.0037045441192026613
0.00019295579702685537
-0.0031945282814091693
0.0001541580493082597
0.0027713101482675032
-0.00012372372133747346
0.002409291590423143
-0.0002474331462217799
-0.00010074507620433005
0.0021296594155521494
-0.0018855391463609454
0.0016788752852574006
-0.001503784462330157
-0.0013533320322888036
0.0012245225962844645
0.0011122973497235968
-0.0010148607829459488
-0.0009228287786678846
-0.00010842987340052634
0.0008540207189880744
-0.0007868488260320951
-0.0007280845931503618
0.0006750321401292364
0.0006277753065771275
-0.0005849616180008416
0.000546662227412472
-0.0005117468568473165
0.00048019102366519376
-0.00045129530501826623
0.0004250586716061699
0.0004008940024355822
-0.0003788385642787465
-0.0003584382105843396
0.00033975351129626996
-0.00032235946090933206
-0.0003063714961716139
-0.00029144003510820965
-0.00027766267542679677
-0.0002646624683144257
-0.00025279608643596864
0.00024155879336656397
-0.00023111706728902616
0.0002212725316038476
0.00021210665076513922
-0.00020324072230888375
-0.00019535743699614116
-0.000187678220698722
0.00018049785872207392
0.00017368422758368656
0.00016628115505541827
0.00011656926141740449
0.000155312399470779
-0.00014990936609529778
0.00014474738220866825
-0.0001398668576234101
-0.00013467612087184622
-0.0001264724331085308
0.00012662702492924775
-0.00012253336180782909
0.00011819130689870151
0.00010783523991761883
