0.7130719856554988
-0.33808157071807204
0.29559752088765817
-0.19194565765752467
-0.020350524089958587
-0.20113700513851232
0.08715622352351829
-0.10557314410235946
0.007875139262388035
-0.1581577812093935
-0.08641727498078752
-0.058725656291077545
-0.041977878196215665
-0.12039341122205506
-0.041683096550429184
0.020524618868082715
-0.0636111289160862
0.031592681992947846
0.12067225280984564
-0.019405563332305434
0.016810935313474648
0.0009535915750463574
0.017801997696466905
-0.02578531724133214
0.12173659930534214
-0.023475555315026958
-0.004924780679676139
0.00676668945693289
-0.00033030349245542886
0.0020047768920578666
-0.003853409735886972
0.008322750179535997
-0.01745217444345378
-0.017095423353205248
0.01350982027732683
-0.11731456241719927
-0.0011219272783570841
0.004135671032363865
0.002524750058742374
0.010344419433347869
0.011738565623703795
0.007199620149592702
-0.004633203665139057
0.019276423416932437
0.0003832542305842527
-0.0035869991633712696
0.10687874431617353
0.022820244109248655
0.005801028455835082
-0.008394902421628407
0.005951996051970751
0.011295065049653158
-0.001166196203939235
0.01917772478701521
-0.003093580259430375
0.0026306540669975235
-0.001184899023434269
-0.007651945887031762
0.0015233892450438847
0.013072578128636301
-0.09951733684455762
-0.0006898205980599483
0.012327716756361833
0.0032188375728735936
0.0019175646862510064
0.004133256757615721
-0.003258541617910518
-0.007054823081228963
-0.01807958685186976
-0.0019027122606020703
-0.008849581061841439
0.0016641287237822494
0.0032597258087339164
0.0027755271998491683
0.005188771646717565
-0.016060593428760914
-0.08956940862426632
0.012782936136755695
0.007503492340920219
0.0021986035918919213
-0.003752551741667244
0.0022897766501854696
0.017481335822310578
-0.0008455053279982307
-0.007621355053799773
-0.0051786883521505985
0.0017497890838183178
-0.0015973506091862802
0.0016188894891786209
0.0030468367877295242
0.010218894133277642
0.017029715830997303
-0.08177685685724896
0.0014413603758435547
-0.004383434278396714
0.0009926388776205256
0.004313023105284848
-0.0010993925785384442
-0.006270376381985124
-0.0064665019800553844
-0.01611918119886821
0.003887474198602119
0.0008486513224403653
0.0008166702865061196
0.0008891150370781876
0.0006212498863933306
0.005452774706700781
-0.0016633042050497422
0.004845478763725747
0.01023655985300621
0.07570462367953765
-0.006357349942948222
-0.0029955642056731903
-0.005483592680553998
-0.0018737072904550067
0.004500154542203883
-0.008118041116580585
-0.0023841782335859516
0.0021154740664197425
0.014524864853173421
0.0017727734317256956
0.00232229491841337
0.0016683103505943534
-0.003085395163643582
0.005815232053569844
-0.0009493659618900053
0.00929123544651201
0.003340842729640082
-0.0018292044593387201
0.0037218078646583516
0.06957268664633018
-0.0014254323538761497
0.0035877335440238143
-0.00344138381494821
-0.0054425436849845805
0.0014042377088105769
-0.006504657893526434
-0.0006159188603296309
0.0036313545045330155
-0.01320261981382724
0.004085263143530203
-0.0024088610162560243
0.0005375845232541338
0.005456385620116035
-0.00357858818034702
-0.00141085242328537
-0.0015756115357271386
-0.00565517127896391
0.006075610281099244
-0.004103315288806096
0.0003240280818148135
-0.002368251645171246
-0.003564350195565774
-0.06383639236512498
-0.0075438832694205
-0.0037682856997976674
-0.0008308263047106596
0.0032393595139509836
-0.002530977669463661
0.002736328030854955
0.005817442930150969
0.011679363925176801
0.0010638677526687733
-0.0040455908620864465
0.002775510211113922
-0.001540019096113264
0.0015367154153907308
0.0034434018515292148
-0.006513126917536553
-0.003981171381404465
0.001272175810480435
-0.004268080442122384
0.0010513770079649313
-0.001511631300827895
-0.0034165505490528114
0.058678245346981336
0.002094212204765472
0.006152132295830564
-0.005907605905190925
-0.0008989004818796684
0.0028211627008505515
-0.0027907312772436034
0.00020813403945181728
0.000760715184181555
0.011592100089590867
-0.004934541474332086
0.0011800235424851073
-0.0027871615766910324
-0.0010730087475594118
0.002495933403338096
0.0018125107015266938
0.007033358556780337
-0.0048136565979121585
-0.0018689993640219984
-0.0008539512753744022
-0.00037961861731041185
-0.0002716773411053227
0.0006509111437148459
0.0009604292134841874
0.0045473171244512925
-0.0006800046754442789
0.005023473980310081
-0.05404194784266824
0.0038520047204106695
-0.005370120881925286
0.0014651980114619503
0.0011863976372439515
-0.0024562691650748644
-0.004316000387162607
-0.010997560957559887
0.0012212014787168104
-0.002787052177416329
-0.0010399470031062317
-0.0004390432434681799
0.0020766334416239037
-0.0016722377209940024
-0.003340199928631593
0.0013304557583166776
-0.006611424302666771
0.000795148100779064
-0.002439000944744439
0.0021056067183316085
-0.0015400023267426559
-0.0027062786190053595
0.0024847334049365876
-0.004856823751950508
-0.045765422066834684
-0.020259583193974133
-0.0018269293288130735
0.005605755813739816
-0.002438186245484045
0.0032354714563449347
0.0007547236074468475
-0.002865135667106751
-0.0023986755970078146
-0.009978828184435549
0.0008903479781363165
0.0015311614182630317
0.0007990932221973096
0.003242712363702757
-0.0010048820007504471
-0.006199660609015209
-0.0025792353814090624
0.002565114823866822
0.0004256144602056542
0.0008211753730049951
-0.0006970045698926164
-0.0030030260969076575
0.0007806692098106558
-0.0023209050046711175
0.0012704169352372769
-0.004504641161604142
0.0007037431836127663
-0.0022676971778322896
-0.04618365814451582
0.006211981696363733
0.0033468700041302058
0.0004122553811715614
0.003589348860829946
-0.0013256823953695914
0.00018551243510897243
-0.009424584919926116
0.00011011284313128681
-0.0018043945196215994
-0.002242520941726123
-0.0028538712704655545
0.0024607753129958086
0.00020686065204654152
-0.0005172412215130563
-0.005860944263730998
-0.0002119892814172859
0.0008738159871608982
0.0013418906001650998
0.0018643630247205765
0.002637933894363454
-0.00017442406755284847
-0.00025900828574172913
0.00433528724277962
0.0005011981889513894
0.0019315742055990614
-0.000493381621537627
-0.003302341204252108
0.001910743075563217
-0.04283386066962438
0.0015929878281731587
0.0031289978756613873
0.005417914909649584
-0.0032375805030671195
-0.0019443223441072005
0.00032064524755838725
0.008590106510808862
-0.0022859078636705463
-0.002594659043513876
-0.0016180534355324787
0.0006343397018450263
0.002028770026329229
0.0015767155317754006
-0.0009874731288732307
-0.005186742347324677
0.001734800482838969
-0.0021489518548820467
-0.001272249417664897
0.0012495086934981516
-0.001818110732232195
-0.0023238237295655677
0.0024737464478006214
0.0031246048086163666
0.0008491474775442077
0.001683214538268042
-0.00017120874041125808
-0.0019327880052152292
-0.00024280183276192174
-0.0020976738642325397
0.004455166960124383
-0.03952241911836755
-0.005591740774550152
0.004407259490738003
0.0008144327433402293
0.0002648728661150206
-0.0019689612677448285
-0.007726459902168268
0.002865797091269777
0.0030462823500658318
0.0013856061629228152
0.0007207746516637882
-0.0006834797517376866
-0.0016223180592685401
-0.00024197962404569047
-0.0003548198840814144
0.0016550305798986027
-0.005363651115080661
-0.0016536643826597901
0.0006059022435181277
-0.0009198638864009357
0.0017895491296582176
0.00025039223596002517
0.00355344587466501
0.0012488005390387674
0.0012347669664968788
0.0016054580368181426
-0.0018737650474420248
-0.00039617075534667865
0.0012412673803704089
-0.00013902853797960265
-0.0027733075916181915
-0.037059576269536286
0.006374161477906159
-0.0004803606625466627
0.001313320597648492
-0.00156202044720229
-0.0017379834889568908
-0.002069539976409341
0.00026668263669019635
0.0023342571639559445
-0.0014861999725685492
-0.007415962164652703
-0.0016079622744156535
0.0008575248813450431
-0.0011000046213434722
0.00014044348546838332
-0.00038849112710867214
0.0022520954576363827
0.004653596444104524
0.0012571409738473805
0.0006897371154309508
-0.00144912807053559
-0.0017859225907204642
-0.0006968101593588042
-0.0014610811341876245
-0.0024433991469450475
0.001473899139554713
-0.0026950266866595995
-0.0012693284444494034
0.0006322844452964619
0.00038549880443814594
0.0015710046802216873
0.002800241562663778
0.0017547351889243934
0.033827366038385466
0.006871443302336385
-0.006552082278392334
-0.0003249325389315176
-0.0005225753652785582
-0.0010969035138039692
0.0012269391666046992
-0.0007150334104522299
-0.00199036392291362
0.0015217306987771572
-0.0069619153899838455
0.0017032726451795335
-0.00022711523488798695
-0.00024115769479372137
-0.002186636828256664
-0.0015257278711295692
-0.0010722337249495567
0.0016805678924094027
-0.004396802018607448
0.0009697095005858719
0.0006108169362143346
-0.0011745312219673901
-0.0010937210573623503
-0.0017725292295211615
-0.003332030711237777
0.0011650078836003511
-0.000515520673402845
-0.00024158810261745676
0.00010042834200704967
-0.00023890319880081882
0.0016606472948075847
0.0026222167835689247
-0.0002565476198549254
-0.0006145961647554293
-0.0018356271305838786
0.0009549291875940515
0.001469545491136646
-0.0014206136778916205
-0.03210966147739059
0.0068030357269927766
0.0005097678975380532
0.002087410605319136
0.000864676264123503
0.0007785446251965946
0.00642363106831898
0.0008865612793190112
-0.0018623715842187127
-0.001295022875607353
-0.0012442596111845044
-0.002195629670241026
-0.001511155825994684
-0.0003416239873949194
0.0037970629312858053
0.0013792981789206786
-0.0006103558940695888
0.0010669864917844346
0.0010344222666702641
0.0006345953837284342
0.0007269641245048372
-0.0017595608260582713
-0.003027187465583168
0.0007140961286014039
0.0001865201803011383
0.0014695061951716841
0.0014974400987016593
0.00023476098959413584
-0.0005926580682208095
-0.0005951927098395919
-0.0025519670728994088
-0.0014426128429352728
-0.0013799617480056104
0.0002808569880139903
0.0002724793059602386
0.0299593716557692
0.007265443933749382
-0.0019331206523514445
-0.0009270231366677862
-0.0013229347018107952
-0.00016976362084672342
0.0002883122100993882
0.00605501618840952
-0.0017481748675274018
0.0016889855016221534
-0.0016477930293850498
-0.0011071220016706448
0.0004198429693235131
-0.00038556417840357135
0.0009710934029600015
-0.0037562661719255552
0.001120695911384643
0.000463576541194858
-0.0005191425281035806
-0.0016668841427490832
0.0007284701446079755
-0.0007656307146190776
-0.001353820401769665
-0.0027954064880239323
0.0016056338280637454
-0.000607445902774969
-0.0009367053568035108
0.001458705651229016
0.0005786157607140795
0.00012193173953020852
-0.0002451891554378657
-0.002443638908479262
0.0001474579122644683
0.0009787573688097304
0.027850768803467096
0.006059340559202253
0.005416644016312464
0.0011100255491914982
0.00016799692307802744
-0.00086075359009084
-0.0005011879277782538
0.0017581104410164263
0.00019581456303050768
-0.0005103481849224498
0.004991520518479903
0.0032326348124050775
0.0009274988351750883
-0.0015319498945973893
0.0009267159240015986
-0.00350511815594556
-0.00018453500597504546
-0.0012763725991365587
-0.0019155625506145197
0.0001991080397519686
0.0010414859554001826
-0.0014266838734549605
0.0001887553158284843
0.0024189851474708517
0.0010763862545080795
0.0006904380085880685
-0.0006275632039758283
0.0007103738000910295
-0.0003904530935266301
0.00145764142854664
-0.0007311944197507818
0.0021593623875223377
0.0003031208012708314
0.00021213110650790108
-0.0003548554630074253
0.0013445463272660973
0.000687013126773139
0.0016558448458628182
-0.000859064538087692
0.026045334427234893
0.008022276660045872
-0.00024551740345908233
-0.0013274159708165584
0.0008539692558516378
-0.0004351713483928304
0.001607513337134312
-0.0003736268140074465
0.0053343079426568405
-0.0017603784141299193
0.000676609931488127
0.00046658939810801476
0.00024376975105965172
0.0012528496997642534
0.002807776507501784
-0.0024069187528757215
0.0009687995185535363
-0.001081722301766234
0.0002988554663117009
-0.0008861818034751964
0.0005307988184072265
-0.00045937140002974395
-0.002480309235611663
0.0006117329388584952
0.0006527087935124845
-0.0011867886226069697
-0.0009699078967686328
0.0007252740667899971
-0.0020255855502884688
0.000597723890253843
0.0010028100201398004
0.0002838402606851856
-0.0009680891311581531
-0.0010319756350855253
0.00038945140160932503
-0.00029121005348363844
-0.001594587057024475
-0.0013893629887628013
-0.00036403135511395453
-0.0240464227046328
0.008895438570719547
-0.00045778264404166267
-0.001024768200880627
0.000365417544777644
-0.0004972779079844655
-0.00030156067087645105
0.0015836264268163924
-0.004947731674792281
0.0018453486896788907
0.0010165195736552086
-0.0004176698615260647
-0.00014377889332491925
0.000604612443119021
-0.001551272423880493
0.0011772054652463401
-0.0009997541967940863
0.003114876154922206
-0.000198855684048847
0.0009900527556092596
0.00038935976662825863
-0.0007233922095101908
0.0023227729418282025
-0.0008344507212253031
0.0010132785300023316
0.0011199394789867952
0.00047801200575979026
0.00010743403656758819
-0.000878741472370576
-0.0011519610717431433
-0.001435936543213643
-0.0012825411979365921
0.00022887997326262758
0.00013462153434232383
0.00015804225854391314
-0.000647149401512502
-0.00022177652659901472
-0.0005712128735707694
-0.0019777781899794704
-0.00040469734841279377
0.00016031746433315023
0.00028906614594711576
0.02167585088235165
-0.004907733507520285
-0.009640571637618502
0.0006481147593508568
0.0014861862578514073
0.0001195354415652092
0.0009828835343834563
-0.0045759918890003965
0.0014155392919422926
0.001714420507805584
-0.000624636804435109
-0.0010456569412884682
-0.0005569761058512134
0.00034496640504160436
0.0013240264213305727
-0.0002946159426686485
0.0028964264769006324
-0.0010608437734156834
0.0004082534479031944
-0.0006790787088221738
-0.0001273392449698011
-0.0022191461162794257
-0.0008351087354151899
-0.000877728490314081
0.0009649569225058493
0.0007820757695092353
0.0010183380814315795
-0.00017400412288316242
0.0002787524671381033
0.0008702945231518786
-0.0018580788154083689
-0.00027110145550552614
0.00019012438734204156
0.00013522690703125144
-0.00025035525639599456
-0.0006579661216245682
-0.00016463928026167276
0.0012060801566718881
0.0013995511676606254
0.0005348057734621095
0.0004112263952757307
-0.0007179921803872603
0.020298819948302255
-0.010600309002207256
0.0007087846244775407
0.0013366762013237465
0.0007892461609600331
-0.0002873777790593469
-0.0001732494813905465
-0.004445130026381423
-0.001885242914455919
-0.0001309167760352391
-0.0006678899924160706
-0.0012098482499760573
0.000682812017463236
0.00041977158796319375
0.002709638499567212
-0.001092224615455529
-0.0003801982317701317
0.0006951710425352495
0.0007585555852266473
0.0009052861466430341
0.00041437617558826213
-0.0006968264853863047
-0.002146961181340785
0.0008997963535285254
0.0005647105795644248
0.0008983030093465819
0.0006172717774279711
0.00012137460098140705
0.0016924539691057577
0.0003045325535040408
-0.00017460509458670694
-0.0011267637499707366
0.00032794491882749303
-0.0005584735357621747
-0.0002230476509016066
0.001412909590761129
0.0002249648460581024
0.0006512317383668962
0.0009676567347490578
0.00037154374696786463
-0.01771107275088901
-0.006931652490375252
0.010449424161780645
0.00045249289004875023
-0.00022619189692300157
0.0006791184352912573
0.0002078133019571831
0.0006098619082693649
-0.0008959851912959305
0.00035735463376545564
-0.001363968796068845
-0.0037416422957886287
-0.0002821386108332987
0.0020242727360451
0.0012877034852986384
-0.000525563001929468
0.002497293765788957
-0.0010228321372167633
-0.001028938860478147
-0.0007050990868725041
-0.0006372582570278738
0.0007168779871581226
0.001263272839918035
0.000364193462286828
0.00011656001965742415
-0.0019537824897444176
-0.0006334638554333964
-0.00022384457213028318
-0.00042491738637959805
0.00048354829956750284
-0.0015862676236530438
0.0002715868551975206
-0.00035877193920970656
0.001006774725913196
0.00044302852326175634
0.0007298256668442723
-0.00033573757247670294
0.0013337744524573518
0.0008162837633184489
0.0001985964683873663
0.0004984891826550131
0.00032086495298028125
0.0006719374430279898
0.00015032564876712713
-0.00024556360495704146
0.0011676606810322448
-0.0006730439348314856
-0.01606556603990418
0.012793491898294257
0.0008852978029229413
0.00028549867751303257
0.00011883368921744717
-0.00028924386521524706
0.0034452369593291946
0.00022111825739442052
-0.002134860267246831
-0.0017435069459490224
0.0003688660402211996
-0.000173085779397235
0.0007375248985863748
-0.0007134572967563781
0.00013175232346726053
0.0023606707339138087
0.0011485733727477248
0.0007077572708094802
-0.0004403982177703736
0.0008927647452157
0.0007411072531412462
0.0005507961072416614
0.000146022973810584
-0.00020110631394519126
0.00038026695148836616
-0.0018429940243750575
0.0006624237644053801
0.00032415910985056595
0.0005012059401968666
-0.001511406097445153
-0.0005622936901497565
0.0011029366925842954
0.0001660243471717164
0.00041056084377038226
-0.00073475992948656
-0.00078832232172958
-0.0004615233066368111
-0.0012496684600684863
0.0001262466062966548
0.0011788836282040673
0.00011657055474621349
-0.0002360778494056688
0.0009093947928317859
-0.0006288696299003413
-0.013737392471456196
0.013809695881812281
0.0005335075860429968
0.00016228956860955409
-0.00011262723598197715
0.0006537122903152052
-0.0011704822890992654
0.0006838020550319574
0.0034073423974164524
0.002148461015227834
0.00027851632544954793
0.00025245910765335825
-0.0006149710879414803
-0.00015320038146631916
0.00029915381482662666
-0.0008417323863802802
0.002208670824957145
0.00020373350948981993
-0.0011574747848537804
0.0007130697725571926
-0.0007745004138110606
-0.0005112136725905959
0.0017200261519053238
0.0006784205512118252
-0.0007496228817035016
-0.00039126798394953474
-0.00013753438664245867
0.0005355202055712261
0.0004716981522273897
0.000836128628416028
0.001422675283067778
-0.0006721049574327758
-0.00023497703628071827
-0.0005500167149154362
0.00012561340185281852
-0.00010114903828257407
-0.0011916785736507385
0.0004865909469369091
0.00018294352735446413
-0.0002558101653160924
-0.0009963857549706366
-0.0010340957939502051
0.00027423139127944835
-0.010915145541003026
0.0035882784262728003
-0.014545464340374398
0.0002691887924608001
-0.0006715924875935087
-0.0010806944444279318
-0.0006189519567299312
-0.0030588876847246664
-0.0022724280221299844
-0.0005533698171948914
0.0008003737612854579
-0.002039207260208138
0.00045119955315530796
-0.0007511004498055704
0.0010259309404980167
0.0008188047506807201
-0.00028525821891672626
0.00041074273006803626
0.0006041660916070368
-0.0016219143930390218
-0.0007334765780350123
-0.0004216112475755939
0.00037233300423536306
0.0008238346579739201
0.0007934392031521621
0.0002889132590087668
0.0002730062847963999
-0.0013801259478990237
0.000409843006583384
-0.00017987587705782342
0.0005170457362511324
0.00010918930888404989
-0.0011346082882605743
-0.00042908828859111037
0.0008424368809090998
-0.0006171090328650482
-0.0010163506094942225
0.00026256697786141293
0.0002086096491717982
0.0006822755588140741
-0.000526020721919354
-0.00045634007309061837
-0.009312265075204702
0.01495557874629866
-0.00022136988769363278
-0.00031955352561165254
0.0009878098946207697
-0.00017945479294489538
0.0027175774323737476
0.002434368550364779
0.0006823019878585376
0.0005056585462415798
0.00016398123356640637
0.00013576935428966745
0.00016411526340563075
0.0006555547243013317
-0.00010736471474466863
-0.0006255019519144794
0.0019596016405053016
0.0011896163695018095
0.0002488680253638697
0.000505428645717389
-0.0006368714953498554
0.00038375062852178847
-0.0015218120026511692
0.0007083234930895335
0.00019147387667262049
0.000429031781783431
-0.00040954596867253935
0.0005725331132099279
-0.0008620780396449568
-0.00021724399899472195
-0.00042034287031233704
-0.0012995834589097457
-0.0001729548937394786
-0.00024095558057428326
-0.0010883314275295557
-0.0003992169095525106
-0.0005562818480087127
0.00017505640030076805
-0.0007668926963729881
0.0005245175678882568
-0.00012492800221611044
0.0010639944765502502
0.0005372624629972349
0.0002058325127588685
-0.0002920864639255242
0.00021154677565790012
-0.0075390944548946875
-0.00401828982386364
-0.01436924047434281
0.0015376243138802389
-0.0009838444078768996
0.00040853156491792067
0.00019857741764013365
0.0007236363633091879
0.0024121729432720353
0.0024929445249392856
-0.00038629473487685894
0.000194879954265537
-0.0005031081207424741
0.0005591065079878229
-0.0007927487673215738
-0.0004908791609003185
0.0017622194344169805
-0.0012360790404700574
-0.0005438117488539518
0.00030215211622745954
-0.0013694334598947997
-0.0003009099239961523
0.0007714041581970583
-0.000647119598068258
-0.0007840280025225152
0.0002854188186370146
0.00015154463536821077
0.00031671177134460604
-0.0012642176631382986
-0.00013541582135448115
-0.0002474064993636221
-0.0005303608412464388
-0.00015593844845416911
-0.0004977705483951355
-0.0010306225427697934
0.00021796692976663886
0.0007508837547959785
-0.0006257808724024357
-0.00015168419239001987
0.0003148864455003147
-0.00019798672286647651
0.0010190577255679224
-0.00013047061611266072
-0.0001090146588197553
0.00022109307935518565
0.00037641872043009
-0.0003668587109057079
0.006054229472412641
0.014844631349118705
0.00021876561520853347
-0.0006635517320879966
-0.00038196994079749163
-0.0003861616903595092
-0.0020228197722070356
0.0007088029936640504
-0.002551398910728498
0.0004991396172923636
-0.00020939446762585105
0.0004340139068929748
-0.0005195609025854396
-0.0007093195592406522
-0.0015901221952401333
-0.0012881201166504222
-0.0001320038975171563
0.0006279623164818051
0.00040123055678266043
0.00016561225663425623
-0.0002393840101603078
-0.0013206212084158353
0.0007505437238712831
0.0006185453618555289
0.0004442198561982087
-0.00019497060668456967
-0.00011693906743135207
0.00029069892697873714
0.0011020234072145541
0.0006159502671989682
0.0003295373885370683
-0.0005479276943098252
0.0002081555977263845
-0.0001188588469083375
-0.0006310305659023353
-0.0008509993338253989
0.0007149862421457912
-0.000606523647787369
0.00035346372215909764
0.0009187974619948958
-0.00011300150608780114
-0.00014903725082790378
0.00013802901487191063
-0.0001886570846544111
0.00035668014012605524
-0.0008326664930660636
0.0006281397711648606
0.0052148323526122605
0.014377172507324792
-0.00042188588014078067
-0.00025891200454478906
-0.00018488603754682775
0.0005239495443529234
0.00019136252706148966
0.0017902574466339043
0.0026092216894235704
-0.00039317362459285413
-0.00010125758772228009
0.000738681951897639
0.0002678829350389885
0.00039164961714818774
-0.00024901647428859973
0.0014188000897627571
0.0013313210864848537
0.0006048274592804764
-0.00031947501187855077
0.000701714069217948
0.001290644060058484
-0.000670018209431035
0.00037842166490890044
0.0003986075660095502
-0.000472320223647235
0.00016547010655432602
0.0003215436523284875
0.000245887370296768
0.0002880286780408478
-0.0011323082586912813
0.00023712080101616264
-0.0001410534801479689
0.00043648900120531615
-0.000282694204887397
-0.0007078858796527124
0.0009272831965490404
-0.00014594600476304395
0.00012835196151627122
-0.000324874019172468
-0.00015541384752625794
-0.0008769600688776669
0.0001477826344238442
0.00018375354671893172
-0.00018359120995946107
-0.00043780084596017584
-0.0004146883765207529
-0.0001365268621379429
-0.0006764675404642279
0.0008184808914167088
0.0002896433005282974
-0.004168506930326435
0.001039362944064176
-0.013893192305023104
0.0014960170921513214
0.00028931886293158583
0.00027575049225424334
-0.00012134788963394864
0.00027196068160912647
0.0015214135516138376
0.0001327927847673155
0.00250357983355242
-0.0008113294164773388
-0.0007395427323758025
-0.0005763443125081809
0.0012936642955892197
0.001350619669209567
-0.00012231092926276967
-0.00047351579558234066
-0.00021914680103224298
-0.0006826840093128438
-0.00048535735689550654
0.00022241039115448747
-0.0003397409988253578
0.0012186436151889243
-0.0006940730765858239
0.00014016372323099192
-0.00016671287609637935
-0.001072326877618027
-0.0002547751463584168
-0.0005295777632927345
0.0003240701071041247
-0.00027047646417579656
0.0006654883490495608
-0.0008713925502170076
0.00022255143243741756
0.00010580288614088575
-0.00029283976039109995
0.0008502460897402533
0.0003669625140640977
-0.0004427313914507455
0.000569775640959419
-0.00020468504586587912
-0.00044127973566574765
0.0002517967084268181
0.000510287305103326
0.0007890336965898813
-0.0002447063576461238
-0.003594644735736526
0.0004089078454779208
-0.013500814675054687
0.00011283387184712779
-0.0003882828270709701
-0.0005814798880386652
0.0013318998213066853
-0.002588187744107931
0.00033569124347462305
0.00010481367225477054
0.0005411100360382197
0.00013148702777922929
0.00039600138007024507
-0.00010291143632553934
0.00035707698422208004
0.0011690863403204406
0.00137035787798187
0.0001710110771792693
0.0004404476065024652
0.0006542187716818002
-0.0002608961794593638
0.000256935575739024
0.001110722263316638
0.0007327176006847824
-0.00013611736263629106
-0.0002938148712686038
0.00013503595171361166
0.0005215800115155795
-0.00027018552446927063
0.0010276706513337132
0.00022900755619613316
-0.0006221545813642896
-0.00010328336856040379
-0.00011896941415529601
0.0008622625523965351
0.0003617225096644614
-0.000287894714840104
-0.00024041250124793128
0.0002593142373993793
-0.0002200949240691307
0.00030250584587478076
-0.000822754970551014
0.000581318297028068
0.00042217844254672956
-0.00016230365342975278
0.00011546424637618476
0.0001589186920399891
0.00021360987173413268
0.0007506178353321669
0.00014521081332870156
-0.0002860655048478162
0.003044604024169245
-0.013041492833008782
0.0001730330414124801
-0.0003029703379500494
0.0006732932213065222
-0.0003679505641502001
-0.0011423701049288082
0.00039353060924872174
0.002552496943552272
0.0004336185031835656
0.0003015637853639943
-0.00031490366947054666
-0.0009903489311305531
0.0014089554254007113
0.00010545551395243232
-0.0003138077894574252
0.00010149909251276997
-0.0006239669462705285
-0.00020174311407505897
-0.00025521494578011815
-0.0010255528526889471
-0.0007592656200845722
0.00048562263722107485
0.0009759071734552172
-0.0002918326795945051
-0.0001950087621115259
-0.0005535681855002846
-0.0004390516053620191
-0.0001403639873215172
0.0003725156609723429
-0.0003479233140945144
0.0008218619937937814
0.00018415737726269085
0.00010958250726842493
0.0007766545848174464
0.00022534182741173943
0.00044424139583249065
-0.0002809295977557724
0.0005632449409797689
0.0001102121139314477
0.0007523350641184226
0.00024365150685135885
0.002579816833776305
0.0005616879719553144
0.012573156981288039
-0.00023687236282851949
-0.00023766278408134816
-0.000673384000956852
-0.00043796387933293723
-0.00022788825288058676
0.00033136943739510915
-0.00014371117345556518
0.0009188481865319142
-0.0024982225393148524
0.0003992609235158768
0.00014208142345482715
0.0008506619601617654
-0.001414087419002043
0.0005240983519365127
-0.00022659044144412795
0.00010840048478624528
-0.0002805446572787156
0.0001458847861451554
0.00025830477178696344
-0.0009378668287335681
-0.0007939874772755146
-0.000155713495675614
0.00042749184228767527
0.00021940282718243005
0.0003344472765410464
0.0003112403534639913
-0.0009394505164250114
-0.0006144205798324867
-0.00016252439203509015
-0.0003799166414344485
-0.00023329533068610738
-0.00010997635157673792
-0.0007876935850788749
0.00026477870281980834
0.0001464008822348256
-0.00023436602888139967
0.00044618122920603813
0.0007291713067101038
-0.00010263125796031576
-0.0005331762673579339
-0.0007237380410351148
-0.0003093168913008589
0.0001789899200911109
0.00037989691235589527
0.00011595612561281251
-0.00026894722843924594
0.0022439185478305684
0.012118209754992162
-0.00012946982039158903
0.0005402070502358966
0.0006021290757336132
0.0001891051973103556
-0.0003994001286177608
0.0007700115740748694
0.002437328614632902
0.00022231372674060647
0.00026193400971663485
0.00012395992932109768
-0.0002146171747663711
-0.000953858941518158
-0.0013511502071998703
-0.0003133274702365806
0.00023941326140985107
0.0002941080739900152
-0.00046181401187245165
-0.0003009391903382309
-0.00086532467317654
0.0007944643298977458
-0.0001500806354324251
0.00033739838444517457
0.0005541623069852644
-0.00030213496561345174
-0.000908300442885317
-0.00014693328712676531
0.00019967318979134297
-0.0001223243270018971
-0.00013005673266135474
-0.0007524394198071845
-0.00041072873892009353
-0.0007187712269351443
-0.0004965095812455563
-0.0002715840809031552
-0.0002260121216103704
0.00017840988019098136
-0.00014050992712068397
0.00018581445097853153
0.0003398740268319553
0.0002794843473059152
0.0006520807968433974
0.0002500721124295595
0.0002165428892382491
0.0003105207425359745
-0.00037498760955800847
0.00030819600372958126
-0.0019529825811625664
0.0008393412348482333
-0.01036994616879068
0.0053086994153768805
-0.0006669143111051539
0.00015974661519782682
0.00014391136451409963
-0.00015374844540621733
-0.0006482094257318155
0.0023597735638908506
0.00020653853217138796
-0.000543223795896956
0.00026328300462745836
-0.000134623984686926
-0.00020443073981683585
0.0002740710046879846
0.0006702595375198639
-0.0013764433845668109
-0.0004199030650762356
0.00021275505436377815
0.0001148482009022325
0.00024318515770291706
-0.000717413485024608
0.0004943030904233797
0.0008029543028393099
0.0005314220017920749
-0.00011025516317864317
-0.0008845254700971432
0.00020638246669227547
0.0002466599371860972
0.0001897303856852378
-0.0007293833851601141
-0.00039924193673562076
0.0002940040333414964
-0.0005001561393223362
0.000676887143598151
-0.00032709193101837275
0.00015498517457262142
0.00010531687700693988
-0.0003151208687938496
-0.0006703110682944183
-0.0002286053880026363
0.0001844089261857346
-0.000163209661602363
0.00035981419855712205
0.0004586648202914551
0.00038178166929988703
0.0001398048490627567
-0.0017781505101747705
-0.011246996100597545
0.00045451092799409675
0.00021847111900795315
-0.00026990884235079954
-0.000551435744666033
0.0023003025740308564
-0.00030101658905604914
0.0005009947356798168
-0.0002886549216889826
0.00024234216983136958
0.00017538619540110383
0.0002653908367701982
-0.0006538812516159629
-0.0013441378611391804
-0.0003398087423263745
0.0002043927136198186
0.0006867899698965935
-0.0008431207126029303
-0.000231775109988109
-0.0005090022454906764
0.00010906018289004592
-0.00015576701957141463
-0.0008257428139134631
-0.00020937505188576303
0.00020664392553617158
-0.0003822654411051524
0.0002865440463207594
-0.0006983437887064288
0.00026590311913304106
0.0003579760819511581
0.00032020204683281525
0.00029544074318534817
-0.0006532125866974643
0.00018459240939090252
0.0002569293709094789
0.0006451602556971333
-0.00036570447643874903
0.00011870246286089026
0.0004401410941919071
-0.00022578953192936647
-0.0001145642913072401
0.00031017577968734143
-0.0005283220537098076
-0.00015250041579960982
0.0001904132031498509
-0.0014920933385343114
0.010859605199500733
0.0002766251260053765
-0.00028543705171356446
-0.00019038860152610718
0.00046049315219134354
-0.002228099535142607
0.0004857111693455705
0.00029927558537480386
-0.00036518812578643234
-0.0003098481189936632
0.0002362165945902523
-0.0004653608443197911
0.00038921785948866017
-0.001270762697258319
0.0001715125431573492
0.0001411762675896742
-0.0005983237726182946
0.0008579886510925828
-0.0004872405330747253
0.00011987281509821911
0.00026375103723577615
0.0008040733190812575
0.0002754596437043916
-0.0002050628086616135
-0.00036261722035655784
0.00022197768304939213
-0.00021353997332774797
-0.0006780433353920902
0.0003068026669779773
0.0004459730310845572
-0.00015278666887224025
-0.00023816585373031627
-0.0005978912027976562
-0.000199730061829119
-0.00017801415807584196
0.0006258111211583714
-0.0003406196457923319
0.0004286042913943267
-0.000305641394011002
-0.00022383796783567744
0.00023131994133366045
0.000544363347099934
-0.00027036865734940413
-0.00130127906064251
-0.010480522974203732
0.00023139645939983334
-0.0001577000422496095
0.00038182288156881104
0.002161581176339122
0.00028088175829970647
-0.0004907003036873574
0.0003768100957222578
-0.00020801949716644496
-0.0003886673695860287
0.0013004656067127545
0.0002297714369645671
0.00023230261324771854
-0.0005104845130186419
-0.0008881047646523942
0.00044389772731829756
0.00022115052403348914
-0.00020512368238288455
0.00011864584397602264
0.00019261184360833575
0.0003450204827466822
0.0007785912273096751
-0.0001999921558477779
0.00029278689586094897
0.00016271316866175496
0.000650218921132066
-0.00044815290728585116
0.0001878630374201028
0.00042976029492093945
-0.0004473949969062631
-0.00017469413480269034
0.0003193727681688489
0.000577221764338347
0.0003251401880642416
0.0001767250462014017
0.00040768332878227337
-0.0003131860788396617
0.0001981288177399018
-0.000187892523089102
0.000530075252571495
-0.0011222796963796858
0.010124337480659204
-0.00016352685433795405
0.00031358678488179094
0.0003872191577485207
-0.0003065315044026197
-0.0006128254908773864
0.002047839631769598
-0.00027703209826119424
-0.00019088408338757877
0.000224228794919024
-0.0003272079630096936
-0.0012714379205970234
-0.00031214725235554784
0.000161579147821488
0.00010361259810606245
-0.00046079165394123883
-0.00045613784169524113
0.000855115449092273
-0.00013879451797959333
-0.0003463435447526607
-0.0003343577060526257
0.0007484686560299979
-0.00019742462008735708
-0.00015075448264485216
0.0006357667276771187
0.00026501321719925053
0.00032461576450202386
-0.0005965227921934202
-0.00031230719658581
0.0003295972021531996
-0.00015374729645994484
-0.0005870176185287382
0.00021570498071010145
-0.00020237250762744781
-0.0003708462919880068
-0.00022341252236305449
0.00013074422519766292
0.00017090327136725877
-0.00011135169684714287
0.000512348931829544
-0.00012874823584214725
0.00020784302828975846
0.0009620756275130574
-0.009749269988864747
0.0008989932566212606
-0.00022874014200680606
0.000312093830180707
0.00045255977341299007
-0.0001843941868388722
0.00029036985307512493
-0.00014500130496096316
-0.0020234411151167702
-0.00025485999019398173
0.00020808484336087683
-0.00026760370922187426
0.0012371633237948693
0.000145055594243191
-0.00028311801912368924
-0.0003918125496319149
-0.00010189558895718314
0.00012907502664301403
0.00010497492077048578
0.00037122175036132465
0.0008842492560918116
0.00021313838866989426
0.00011973403126521821
-0.00025967071744177107
0.0007294222955481675
0.00020027945195905347
0.0001563466960435507
-0.0004244568284594437
0.00015838572393500006
-0.0006037204715934128
-0.00012881985173892945
0.00022305284572644786
0.00022096450566098412
0.0005688205663596299
0.00032953097399148965
0.00017792205117558383
-0.0002693193937176342
0.0005114929102786839
-0.0004286143835699634
-0.00011826330584258973
0.00013450002056790246
0.00012330020229238078
0.00010282625302552216
-0.00012668415717142427
-0.00048627300689917775
0.00024619947515423855
-0.0001727930594756211
0.0008045925751712837
-0.00038059655179558554
0.00013201588382431886
-0.009469250289209419
-0.0001919252529878547
0.00010982768185834724
-0.00044009819280292086
0.00013194780774530615
-0.00022068688326704286
-0.00019705951321824213
-0.00024597804328922983
0.0019609735680079974
0.00021315067565021989
-0.00015366314978895742
0.0002087528477754127
0.0012048072213289157
0.00043501631052213024
0.0002657857755883498
0.00031619495787437086
0.00028471519508654544
-0.0008683865766545128
-0.00018078572256284618
0.0007010667579249837
0.0001769782819669301
0.00017089015168519794
0.0002271436360885446
0.00039427561970370076
0.00020205036569552207
0.0001250933976373155
0.000574494223738158
-0.0001356504282184518
0.00031231818275182047
-0.0005339271314516203
0.00017872520860834435
-0.00023766135009625297
-0.00017295782276581498
-0.00024254197789331378
-0.0003281816168471783
0.0005177973333132871
0.00010412118076485349
-0.0002001889157892963
0.000503928318677884
-0.00019780544428416125
-0.00013196959410347349
0.00028914982282139744
0.00028716993754502305
0.00036867848005756217
0.0005753071924399776
0.009084547001236551
0.0012626986885773274
-0.0003970327761222525
-0.00019754627108541903
0.0002571349767639193
-0.00019288962531743457
0.00014934785563052317
0.0019004830245279252
-0.00010842981314092558
0.0001281737430842555
-0.0011782261971001098
-0.0003765993164102462
0.0003952733172463184
-0.00014758649621772634
-0.0001723845972644566
0.00015967515325423812
-0.0001385145433831569
0.0001848823783421631
0.0008503215539728512
-0.00022335686560152342
-0.00013290144702197406
-0.00031602480219547176
-0.0006618189997336191
0.0001448925022656579
0.00035581930688529696
-0.00011743634486255302
-0.00010412293866164513
0.00016637438805344021
0.0004972351171085437
0.00010639349392955083
0.0002261967154403816
0.00028505923750851415
-0.00019291685133353146
0.0002490689824785443
-0.00015808610901316754
-0.000488497098742688
0.00017652625984726513
-0.000308889292390994
0.0001044739723249356
0.0005424455206827993
0.00024360259657840388
-0.00017944127725972903
-0.0002745183871427685
-0.00016239577238613158
-0.0003808165783494807
0.00014325843606039027
-0.0003450823727526295
-0.00023204878333153066
0.0003064721054371919
0.00011555790481146061
-0.0002656593366341833
-0.00030779644487461386
0.00022726216424097148
0.008802218706270739
-0.0008867627433500958
0.0008858371260446027
0.0003400511526509655
-0.00019482222588304438
-0.00016908334023593564
-0.00013784717113196355
-0.0018003946944265584
0.00018449033918160372
0.00037592792708802437
0.00024132919972132778
-0.0001088511396682087
0.000344514285727883
-0.00012159926376934268
0.0011418219702877465
-0.0002797682669941782
-0.00016049557954796612
-0.00018242643193621606
-0.00024748284854473246
-0.0002596130017256787
0.00036882295140892174
-0.00013000682257249664
-0.00025354616790013607
0.00010266317585461978
0.0007327845375000126
0.00012817088306075444
-0.0002324901883755177
-0.0006546209194402949
-0.0001386167902481301
0.00037703300807903764
-0.00011420365608806376
0.00010014883601135163
-0.0003044382145026957
-0.0005500500004985452
0.00011093498663083231
0.0005328968103117911
-0.00013013576094200607
0.0003168881832592072
-0.0001255150965022997
-0.00020942164658224627
-0.00020688187605322593
0.00024115191921087449
-0.00037641427514942065
0.00012286240770838087
0.0002182698745335757
0.0002536060028741597
0.0004961450357245238
-0.000356034675880584
0.00011899985191670415
-0.0002610907029394855
-0.0002385111097995826
-0.00014142319285021725
-0.00025704544911024895
-0.0004049348653754043
-0.00020051751864793668
0.0001442181881752729
0.0014716425500812382
-0.0010940925146786537
0.001936564360402302
-0.006032096991488011
0.005410541385664668
-0.00015077507080982027
-0.0009964903568082085
0.00015966507940678128
-0.000242347462577454
0.0013273130684042594
0.0008746317842737683
-0.0010118230686272465
0.00022182286063808125
0.00032613780513089685
0.0003926756949981875
0.0004226677691767065
-0.0002997647653028947
0.0010367221389623949
0.00018897583189077298
-0.00011862469643711926
0.00011541663567381539
0.00012029813059037115
0.00021951359714530048
0.00017089127590272165
0.00018993320837986687
-0.0007239783515657542
0.00013330510751267754
-0.00023358318938307044
0.00047788769197051244
0.0001359567806161336
-0.00040449953982316355
-0.00010664967575188045
0.0003735271539686955
0.00022188615084315163
-0.00013394996308736912
-0.00032063393466000284
0.00010737670597617304
-0.00025626683359893326
0.0004714048674161722
0.00011590528408614192
-0.0001120738270687361
0.00046442002009010645
0.00012720899255328947
-0.00028180465401174843
-0.00021717361178551627
-0.0003020881244215899
0.00023088485078057402
-0.00036547731821888983
0.00037249433115646614
0.00024162930442580278
0.0002890871411163368
0.00022002975274328993
-0.00015166260118437068
-0.00016223680069789667
-0.0003573148673496346
0.0004246574683883922
-0.00019150843939191232
0.00026823948864688785
0.0008147739268447822
-0.0002975440422685168
-0.0004644187455129114
-0.0007680985855336178
-0.000643523248338638
0.00781777935415226
0.0017455925456215683
-0.00019816363775709153
-0.0016227532495548024
-0.0002285234090411192
0.00038988445185388196
-0.0004944352756881037
0.000836495480030514
-0.0002437434064298398
-0.0003059459742049722
-0.0014792774926750247
0.00027642294350412885
0.0009414680035888083
-0.0001061865379435041
0.00042572939556636234
-0.0001455245709474562
-0.00027831631016325264
-0.00021940882245681832
-0.0009643704898496207
-0.00023379376270899984
-0.00018374967965936092
-0.0003581128023996721
-0.0001713374235692396
-0.00027144182911541926
0.0005013208302490083
0.0004340890400184764
-0.00032422187757587387
-0.0002655149678635691
0.000525496578933771
0.0005201280866691784
0.00019018453017927042
0.0001972770411897832
0.0001094864671743091
0.00011066589132368872
0.00029172832049329195
-0.0003384045154001341
0.00015856197861646135
0.00013688317861004312
-0.00022329502283927944
-0.0001246219216543669
-0.00020550835183104848
0.0005532160993105131
-0.0002961219471092212
0.00010643673948191133
-0.0002899578438733104
-0.00046700447176870866
-0.000202548684231134
0.00029546848024754986
0.000260400277205038
0.0002080969389112401
0.00012315693760135422
-0.0005098832050474943
0.0001758280519808441
0.00013282514544307557
0.0006654332268875456
0.0006345946340925049
-0.00013151251252585818
-0.0006401634720449639
0.00028785830873700845
0.00013347605800460984
-0.0007462256681144808
-0.000654888861577635
0.000618422389996479
0.0007439208467979493
-0.0004434087792530236
0.002431607580452863
-0.0004657833061599774
0.00014796398013733195
-0.007266377226389434
0.00034835175446642336
0.0012594538162105926
-0.00038378023922454237
-0.0002672246701298226
0.0003929041306476547
0.0010596209618706465
0.0012292473748969183
0.00020266883644120138
-0.0006554049766968578
-0.0002817668319042958
-0.0007001005714833382
0.00019607181226637376
0.00027776036549104086
-0.00018792462708376101
0.001048272925694797
-0.0001733889788264915
0.00018508196928203034
-0.000166811046669948
0.0008409357240685246
-0.00011122333870550597
0.0004703878178291138
-0.00016243655334281942
-0.0004265027227763129
-0.00024709265320537377
-0.00026256966572594517
0.00017805073714828698
-0.00015924203976488426
-0.00015760930039219342
-0.0005258551737699346
-0.0005594764653430655
0.00015583778242172204
0.0002224952258905378
0.00017322100136635716
0.0002653027819365427
-0.00046121961665534795
0.00033930351753436237
0.00018866910762642582
0.0003030219296191272
-0.0001400163045930601
0.0004231246547917766
0.0003339258576549958
0.00012576829301456815
0.00016143128731647903
-0.00014183113341769365
0.0006817779205982821
-0.0006732099036436131
-0.00023458503005470532
-0.0002451875474076115
0.0009347721870927884
-0.00606058442432072
-0.003922064211467013
0.0003304196032826308
-0.002272155679090884
-0.0003089664473323482
0.0005680261445775206
-0.001622339968591719
-0.00030713770286317995
0.0005292997032185926
-0.0010691514549713804
0.0007365290381130623
-0.0003868363570964849
0.0002778048221318303
-0.0005902481492470981
0.0005577125676229619
-0.0005995584386497115
0.0004054006999155593
0.00018814274563090723
-0.00038667664593193757
-0.00024161298948315927
-0.00037355729634653336
-0.000563783357079367
0.00040389008697990793
0.00037758774450264576
0.0003891757801791864
-0.0004460973898422116
0.00019894490677442475
0.00010077513511832503
0.00041332844910194094
0.00027899214960929163
-0.00016313950375335066
-0.00018858978012298714
0.00024927804392143715
0.00024101364715091501
0.0003460675769478787
0.00026806345589448283
-0.00011698719906201883
0.00021839841328742318
-0.00015877230422015607
0.00045484216491196804
-0.00013766606771780862
0.00023314894250256433
-0.0001259604465585946
-0.0003951416690024308
-0.00036582348150346783
0.00025696220209162925
-0.00030709125732269744
-0.0001451721869796896
0.00014628102390147304
0.0004888819614456769
0.00011160001526704826
-0.00021192228278614866
-0.00010517435875495904
-0.0001457655299978791
-0.0002964725979470105
-0.00020281001000517054
-0.0003685019377700484
0.0007527070150250163
-0.0009338992560286895
-0.0004396251036901226
-0.0016943923665057397
-0.00029006185515173516
0.0010461371453373044
-0.004460445215166438
0.0056221227123942645
0.00029755553687126757
0.0007956548366410559
-0.0004470971684971208
0.00017990193358385004
-0.0013739776442390345
0.00043274734803240317
-0.0004776074828325242
0.0003679893882792146
0.00043554944624172453
0.0005942604397174465
-0.000688252550109113
-0.0006219262612285041
0.0005646966562941969
0.0003583177853475381
0.0007335957468787834
-0.0001246937040071406
0.00015327197221332798
0.0003507935035794083
0.00015710682963750421
-0.00011694466351330379
0.00013372982972109984
0.00030403056322582275
0.00037878579889279656
-0.0002099875614670005
-0.00027660000200101394
0.0001266240544923079
-0.00020530429797527275
0.0003396518770428777
-0.00010726275685009288
0.00021029752575668035
-0.00040158377609258734
0.00020370724890272587
-0.0003755597664946601
0.0001376161266841102
0.00016247954324255222
-0.00014975593212796933
-0.00014770512281327055
-0.00018182798345985375
-0.0001721260844806953
-0.00020410576523797536
-0.00024911514286228765
0.00031233660891589565
0.0001126368333459795
0.00010900779352759337
0.00039901311463107393
0.00015003501689858002
0.00013198642451561318
-0.00039771760529009226
0.0001425474117819716
0.00010641226736449892
-0.00010926103725730423
-0.0002507854216080714
-0.00015874982675167696
0.00024110092307796894
0.0004472243610395522
0.0011061765322268025
0.00010375923115372104
0.0013422768840650088
0.00018951669368436877
-0.007175325898861566
-0.0003052062523703786
0.0010391201232888665
-0.00021046181371539056
-0.00021432233565222831
-0.0004264614443415703
-0.0001980290838441767
0.00048638387159529356
-0.0010192341742192115
0.0011757676480746181
-0.00019556569581766746
-0.00012130043658923812
-0.00016428215351009558
-0.0009730119717733135
-0.0002852409357555286
-0.00031679132380928177
0.00017177841403552189
-0.00024379448550847238
-0.00017825213891919313
-0.00019794671949100107
0.0005574267800213608
0.00031536252816392765
0.00014998270742179383
-0.00011754286643509647
-0.00016894922344514493
0.0005224891035023907
0.0003105327786545484
0.00041023923792205506
-0.0002655389104868715
-0.00018924438363121055
0.00010784307315301432
0.00023344630577448343
0.00012996590210832986
0.0002809497231739036
0.0004020309371112114
-0.00015058757977994656
-0.00016251328625419361
0.00035222975667031025
0.0001587309154616636
-0.00011435696734138133
-0.00023483812931812434
0.00015479266421812137
0.00042816148645063133
0.0003663694666894322
0.00013881707252263314
0.00015346674923651107
0.00020419355979409495
-0.0005892430215299969
-0.00014649247985459214
0.00014692680695480357
-0.00011761437381332418
-0.0002748924888347819
-0.000327961007564525
-0.0017488788729167126
0.0011617060174328538
-0.0008063416130861754
-0.0038308244211590152
0.00016196777073347485
-0.002689875255803172
-0.0050323370782285794
-0.000838578568285027
-0.0001046563963407387
-0.0005552084628816868
0.00027340346852194555
0.0006192439024753604
-0.00021886324310095364
-0.00022524235471855264
0.0014473314628642338
0.00017325062042080838
-0.00037096140483752836
-0.0009332311190810221
-0.00013966078177904745
0.00025026636292578547
0.0001261604717056776
0.00016910288317434122
0.0003515086786232076
-0.00011596645953878954
-0.00029659594956549245
-0.0004762324971769172
0.0004041146161857454
-0.0001363081732321267
0.00028237024611730947
-0.00032304021641779555
0.00024059352500576422
0.00018050190833814332
0.00012561183306383566
0.0001496887500376846
0.00012400706251222986
-0.0003352364503092043
0.00039730549805974317
-0.00011912914458049358
-0.0004921926522323237
-0.00012627559593223153
0.00019204933797888006
0.00010270594186641936
-0.0003426205347876884
0.00028488914922487896
-0.00011201588946605325
-0.00022444323084604373
-0.00026585967848601034
-0.00046941178924932397
-0.0002105111013596536
0.00010673053845350881
0.00012766623044562167
0.0007245549872420838
-0.0004371001756225
0.0001667374808685631
0.00017758554698114418
0.000264725837035298
-0.000941958950801058
0.006313006245440634
0.0028228483685311273
-0.00015084501146850275
-0.000782024073322545
0.00010579540832751146
0.0002487822488171536
-0.0006489671445774267
-0.0012911534697855334
0.00020604757694618733
0.001362454396021051
0.0006202371046049042
-0.00022108210330571527
-0.00043426360105601925
0.0009147701153206944
-0.00010381764368780502
-0.0002481389983176238
0.00015623177887596465
0.00018655626864280266
0.00011595957352677259
-0.00022883569376504217
0.000267720202722491
0.0005117159763552003
0.00014492073584583193
-0.00016046461636855076
0.0001411860031067577
-0.00039940962955786584
-0.00045534486109016645
-0.00011296107809238873
-0.00012129957872956134
-0.0003254570092080345
0.00042076261123243417
0.00016513098336877832
0.00012139692657355409
-0.00018580405904737105
0.00019065555156251094
-0.00036189644859998773
-0.0002218485602685337
0.00012206013078342995
-0.0003541920513898594
-0.0001435420916161773
0.00011267559492653764
-0.00016214282774796118
0.0001593774750538843
-0.0001674156745510927
0.00014421833095932225
0.00017378235815128764
-0.00031646488767130313
-0.00013336202984441537
0.00013711913493266321
0.00010667586884196603
-0.00020381160404198546
0.00026625497744105307
-0.00011119317631047741
-0.0002246494637876001
-0.00014794136399424288
0.0003253948062044664
0.00010141958749292418
0.0014326845765179309
0.006598262261547949
-0.0005157155208154825
0.0006758555284657193
0.00023412698483163391
-0.00010930117763046724
0.002110033373673789
-0.00020717313256475304
-0.00017518480496637637
-0.0005235416399838345
0.001419005389238517
-0.00015918251151077586
0.0005246711539172237
0.00010798340793292165
0.0002395674558391151
-0.0003541743559846345
-0.0007198797566677049
-0.00017574152344413923
0.00032834091616702944
0.0001604073379556355
0.0001272436069226796
-0.0002262171809510243
-0.0005723874562092227
0.00021617925585666975
0.00012212337300580026
0.00028648427071746016
0.0002442662850931986
-0.00023606807420258933
0.0003821632434851057
0.00016256141993961656
0.00020006909535539238
-0.0001233201474259931
0.00021986600567238814
-0.00011414497340095208
0.00016036650279283336
-0.00014239181087304312
-0.00030162466545315516
-0.00011396818294918017
0.0001799045627858173
0.00011160326818604212
-0.00010508373833360768
-0.00016215757508720923
0.00012648031195492226
-0.00010450084998492875
-0.00018962359602355485
0.0001242443493714606
-0.0002421662624056364
0.00014896088964443569
-0.001344773376604077
0.006364110469684467
0.001000984058988154
0.002967099438380017
0.000120262149160763
0.00018960364362179735
-0.00018636667014582768
-0.00019476156193342124
0.00036525550123638366
-0.00014433169881527985
-0.00010440403558000968
0.000271093666463435
0.0009683720031930297
-0.00011157349394633617
0.00012150180323168403
-0.00016489393870637906
0.0002707996372865871
-0.0005955346536600935
0.00020314615863592858
-0.0001651143446685448
-0.0001188742023017364
0.00037249096342165805
0.00011454400826574518
0.00015438220031463183
-0.00023020928592166052
-0.00036283537358775144
0.00016115428524699933
-0.0003423558528283403
-0.00013294977739758453
0.0002650440888478352
0.00010386032510114898
0.00035181469961046926
0.0001312058383396849
0.00015796092825240255
-0.00016899631433896754
-0.0003538997875782626
-0.0003145242716755289
0.00014694513347886232
-0.00013197497339431443
-0.00034017904347348
-0.00020984973917720785
-0.0001636225759741737
-0.00015189317363446125
-0.00025759496146600245
0.00012703082541520866
0.0027361307345668377
0.0006434085977305865
-0.006469765112918524
0.00032028997394162274
-0.0005489584353621181
-0.00029935794484076567
-0.00014260343467460473
-0.00013146036976174088
0.00011155662184821267
-0.001163703313916032
0.00040474994612988633
-0.00021958340330949786
-0.0008436883402617202
0.00011842789250999867
-0.00018017530162160172
0.00031950032650308424
0.0006766736100522527
0.00012736634765639045
0.00016877340848486813
-0.0002397272289571574
0.00010558645510225581
-0.0005279277740085047
0.0002701825214890581
0.00013216667111847584
0.00010001265566609694
0.0004971408377744827
-0.00011807638021142544
0.00010370272405391629
0.0004513900055071902
-0.00010898513569811748
-0.00017798876420417815
0.00015938829790797807
-0.0004105349115690045
0.00034811955476618994
-0.00010569276273912469
0.00033835869962759574
0.0002440218648480123
-0.00014542779471994418
0.0001871033411047372
-0.0001835875920425453
-0.00027351899970811034
0.00010674623302599817
-0.0012883034515559278
-0.004912473839882752
0.0010740291932940258
0.00018205037345856746
-0.004386901437305014
-0.0004499896707907374
0.0009397000874226222
-0.0017113260088783212
-0.00011843232335208786
0.00014893888591786637
0.00020200091483885355
0.00011864072651045277
0.0012471113181251176
0.0001969557536367406
-0.00010075833018329946
0.00031670420724741574
0.0007723901672466938
0.00013997870085839277
-0.00010963214769844791
0.0002097504192120622
-0.0004358804825363869
0.0001344893680236362
-0.0004807689717836226
0.00018831217762814927
-0.00014703933606264108
-0.0005063986657326814
0.00010120367598876023
-0.0004869909592125718
-0.00015064319059268907
0.000122175990402495
-0.00010589420658820825
-0.0002628189327189263
-0.0004056007590567615
0.00025213955612387305
0.0004044584661151624
-0.0001168585311627653
-0.00010164029333887719
0.0002384596371531196
-0.00012866822699853233
-0.00029530831522464894
-0.00014759410401379538
-0.0001564194316135419
0.007274517233334756
-0.0003015676329835934
0.00026234009708106976
-0.00015314660386219094
-0.0026107733119898353
-0.00024933918988996346
-0.0003188642482636994
0.00014865923664278074
0.001354200309113749
-0.0002250481349377392
-0.0001761214262545346
0.00032171712268556744
-0.0009991720755555295
0.00013544644809444857
-0.00016302117539631695
-0.000157671261511526
0.0007617700875475845
-0.00011168876522849426
0.00018322269300915744
0.0005935162693167216
0.0003570336595204336
0.00020484230060814396
0.0005711220433868152
0.00017847851408747537
-0.00010557264175195958
0.00017200647476026094
-0.0001307777002030464
0.000540378163146326
0.00013830547687095182
0.00034807506873845383
0.00014635098120480207
0.0004983217981991141
0.00010873135194331527
-0.00013551867252567745
-0.00012185915894218061
0.000127233233885964
-0.00010321050816491969
-0.00010439826469130297
-0.0003519437537252172
-0.00036036757059457837
0.000303115912572649
0.00011945798256058225
0.00013154670914057573
0.00043263449272869524
0.00010279813214976813
0.00022404673605602558
-0.00035687500150683994
-0.00012082584302605799
-0.0002570921126047665
0.00014841084897923885
0.00013843995575381788
-0.0001129865588337283
-0.00019399875779545537
0.00038890227726441433
-0.00015295198415347968
-0.00031143150270743
0.00013958687578065432
0.00021570816496376102
-0.0001074465749469128
0.00011127426909056349
-0.000291396918269259
-0.00020866852650543776
0.00021001205823134301
-0.00011786419133500648
0.0002795818959888512
-0.00015177726206819754
-0.00021963845959159747
0.0002697396737089318
-0.00016277445632379003
0.0001555967121260451
-0.00024051558515808535
-0.0001165972669605282
-0.00010376705113417317
-0.00014164842075962402
0.0001448014537082163
-0.00020344079029467333
0.00013168403772525236
0.00020412110921073882
-0.00020676499992031068
0.00012057842658785605
-0.00010429289693245541
0.00019928026767189783
-0.00010789733674028906
-0.00010341596102486345
0.00014582048964368515
-0.00010986303924904999
0.00019568871855922356
0.00013467038733754906
-0.00010367390528486569
-0.00015762071447478215
-0.00010325716256643486
-0.00010822799979402325
0.00010702974657253653
-0.00015409959417971486
-0.00011184873166999814
-0.00010868646605181885
-0.00017679025309877937
0.00010431719674399505
0.0001609429639431197
0.00016081501127275993
-0.00015001509357178775
-0.00014369725430698829
-0.00010001300114679744
-0.00012284512633997001
-0.00010649143086219168
-0.00010063105767397092
-0.00010461249251461086
0.00010546667917449234
-0.00010376300965722251
0.0001083969211260443
0.00010260571370464249
0.00010703680821573924
0.00011172335417383388
-0.00011244879951088034
-0.00011473739245682662
-0.00011560145899490305
0.00011788886423314706
0.00011811293170846022
0.00012067237927401843
-0.00011829548338171652
0.00010808035383221031
-0.00011594557755204443
0.00010760867285267942
0.000148162515905281
-0.00010395964920027894
0.00016398299990362622
0.0002212788430882188
0.00014427715987300115
0.00025380312953914155
