0.42209745669868826
-0.6094908241071822
-0.19138437929598237
-0.1165271606714317
-0.08433409596606746
-0.06577848633736498
-0.06175432607913641
-0.3883870174513261
-0.2770975584719802
0.06971758793184775
0.16421953642823622
-0.17257274609870943
0.07323333187891151
0.040161334854092325
-0.0696846173166061
0.10089725938758562
0.08003147240911228
0.05268817158577396
-0.046287283359778525
-0.0865289466528764
-0.0167988404424442
0.06148872903049486
0.006292067156890198
-0.03450499251911882
-0.038386058435662965
0.07268876447732216
0.01790083538548904
0.023635852513834335
-0.0003347620806713411
0.002696305077749023
0.0587282564304096
-0.02869301523719526
-0.05234861524233583
0.01877977606662114
-0.015118311784833019
-0.00015749744843904058
0.00022365559607684659
0.0019130410258861275
0.06845857663516683
0.006155923700369404
0.03141537248056766
-0.008116937683328353
-0.007201952374058793
0.002023881769895176
-0.006295359059545256
0.01953031190375802
0.020737106524095567
0.005950904950182096
0.022705217590986017
-0.019314599433403815
-0.05969758177521771
-0.01794656334467421
-0.0007557351086324828
0.0034208617069281123
0.008335890811006316
-0.0005587932112120597
0.004990140372178251
0.008404069372119839
-0.01319652772109665
0.009106898037068377
-0.0003079417570175079
-0.057634342579344154
0.012287065741312274
-0.001766392079736486
-0.005371649173210156
0.0017260497525365766
-0.024942366118307246
0.005515125656918722
0.006110731193721049
-0.00034419646165897744
0.012787023391951974
0.005463951117543082
0.0013164391986858637
0.005428773353273496
0.004181245457904076
-0.004466858539660074
-0.006992355372427013
-0.05070998927141787
-0.0013600061355748033
0.011678828546638403
0.00034345186990634644
0.005167383167012686
0.0013221984418637135
0.02243789972975127
0.010279519878157365
-0.002926914182592576
0.0016407680333567485
0.006739624271064176
0.003129041276871922
-0.003305225126132616
-0.0015431903100159327
0.004544446943910618
-0.04377833665256795
-0.010535503329100089
-0.0034600111710666923
0.005296988188180489
0.0047271045454381705
-0.000793141071353304
-0.0025106740007356694
-0.008506547391383882
0.007165854834421745
-0.006726240329832305
-0.003989015342380032
0.001388338141791341
0.0014370316172156216
-0.006165559996037092
0.01832719117660154
-0.0013037116854182605
0.003784052128605691
-0.004737652033135634
-0.010962560465465208
-0.036499836371285364
0.006230775856996211
-0.0095433241279529
0.0006455804995765538
-0.004364943709870969
0.0025434145677765935
0.004477217939104333
0.007309604472733141
0.006563811781362345
0.004949902308979875
0.0013088330110463658
-0.001837824434365387
0.0025256143662327206
0.0013593153371326853
-0.0036753123337636786
-0.0013922961834539013
0.011617852944460143
-0.012651204296051056
0.010256376846397262
-0.0047976690358619975
0.03355190015006647
-0.00349806394285212
0.002276056609408597
-0.001824757890455695
-0.0012106210464213718
-0.0045450763176592916
0.0007215406959860533
0.00222775985803156
0.004342461304129513
0.008297432371532429
-0.0009602882063927528
-0.0005534935084563732
0.0023131988659450035
0.003202668695598298
-0.000792002303775164
-0.0007582563960452477
-0.005643850524679836
-0.0005269797721588224
-0.0020035853447249357
0.011474246127954786
-0.02993639138832702
-0.0010454776341837953
0.012702513512441055
0.004578398831539228
0.0017580788372483593
0.0024116518637330615
0.003557203388544331
-0.0013858392078546656
-0.0004125476805719171
-0.002818036221616465
0.008244310666963087
0.0008925097020245719
-0.00075924245431578
-0.0021422960035800075
-0.0023357113756315934
0.0003156837052049037
-0.0015805141499541236
-0.0026346567545217133
-0.004281485405305563
-0.0005421395176783687
0.001619608547600156
0.00023599535678099236
0.002832376371597028
-0.002488288118554755
0.027668920479747675
0.00246085993407365
-0.001023508685828239
0.0043774997395090815
0.005007042917189405
0.012324760439166325
-0.0019947729839148325
0.002425992084462508
0.006946678430484239
0.003448524313861604
0.0006320433636509427
-0.0002875215764127111
0.002455583421447068
-0.001077168748365787
0.0003116821658791255
0.0006655868454200178
0.0017585920993626798
-0.004487123009863649
0.0018508602641098529
-0.0013910197204410194
-0.0002568235465263999
0.0004232431858992158
0.0005354208043176382
-0.001825436482343254
0.02483577099935211
-0.003600829660762988
0.001757496694753953
0.001112380045221416
-0.0006168457506571432
-0.0005667813157046261
-0.0007588281562257563
0.0019880680873915297
0.001995813255498805
-0.012479383404219831
0.006508225608421427
0.0020925319084195808
-0.000136013474878022
0.0014189967976816636
0.0005833844022443885
-0.0017572875589824595
0.0009923619183479736
0.002116817894182197
0.00381448217781942
-0.0012322093881731609
0.0001449288677752447
-0.0014625391608547188
0.00011296749286333709
0.0015231126449524244
-0.001315138757011967
0.002430280719289821
-0.0009162492249337702
0.022267747690419337
-0.0029585261203891227
0.0008642103976783467
-0.0008411588285323802
0.0006498638539574229
-0.00044038290926728626
-0.0024178142923313058
-0.005466507566843863
-0.002888551368904871
0.003244410884502075
0.0006185849229220898
-0.0055541004825593165
0.009569448982252208
-0.0008720746301132316
0.0011862437942326107
0.0017334163905427425
-0.0002053166783187893
0.0010321655910521654
-0.0035632251564163774
0.0006261228608712736
-0.0007260454536981461
0.000345861870362181
-0.0012178657856909457
0.0018264404498716457
-0.0025617516853641336
0.0002175301931464072
-0.0023908161147763065
0.005455073982062742
0.011827900450578247
0.015357150033411095
-0.0006303235999558776
-0.000888053031261599
-0.002097496004691864
-0.0013830058180881544
-0.00020905835131646092
0.0004916836217043079
0.005723492593372266
-0.0015195717316654337
-0.00048333736607906856
-0.0009248162307016885
-0.001977376666006712
0.01005451048499176
-0.002113774041560264
-0.001214832134201292
0.0031229141240958673
-0.0003437391415231187
-0.0006119086849604503
-0.0013304978835911201
0.0009057674415118717
-0.0015680529525523334
-0.00041897049558929243
0.0002400272443344392
-0.0020340089965182762
-0.0014641401489671603
0.00010483936558412595
-0.0009435494946048993
-0.018357993570480718
0.0005568649782488885
0.0012939196039282335
0.0017966984632084904
0.0012734327460744595
0.0005598185482633457
-0.005190801941681535
0.0006884203149117245
0.0002560415106586992
-0.00030653314874559245
-0.0015109816259402458
-0.0007203967472742865
0.0009305032101590122
-0.0007506377828698159
-0.004659121192313052
-0.006843887439702428
0.005476671720090987
-0.0014581702616710448
0.0013604124597379988
0.0011723966046637484
0.0005598953234677451
-0.000442486895904613
-0.00047820395435784965
-0.0020982056645897904
-0.0002026384475479177
-0.0005787849059060654
0.0005200571583720801
-0.0024014949912178154
-0.016637465996658607
-0.00015578959340576223
0.0002969301258574981
0.001722399036899923
-0.0005833972926532591
-0.00016976293672662466
-0.0002797050615577556
0.0003070444484438907
-0.000253754911551031
-0.000740351876513787
0.0047066809215099235
0.0005676501684768068
-0.0013497560794948657
-0.0011175059120708281
-0.0002892805706641113
0.0009860599861615095
0.0029282868519316173
0.001963006499793712
0.00025348454891477507
0.008593116888711498
0.0009770089517435287
-0.0005883525494544615
0.000577073774900675
-0.001934864036189763
0.00033477405124217546
-0.0010210888409636137
-0.0007153560539474865
-0.0012217961608043588
-0.00011421375392503723
0.015275050172000102
-0.0006137069895209894
-0.00018146645840075518
0.0015106202821239716
-0.0009358887507105086
-0.0006099524773766347
-0.000267940602952471
-0.00026454247662160464
0.001296625894839094
-0.004308156473928338
-0.0009844503713099368
0.0009131506645789131
0.00018220846967225763
0.0002064424329675741
0.00013223867150432945
-0.0005250719452700738
-0.0012542047378742353
0.0022921307604317565
0.0012594553877782364
0.0001989345439490357
0.00044365989128671484
-0.0009372273669800564
0.0013724801941053936
0.007988756175765731
0.0008973783101667741
-0.0016938540558119513
0.00048296624409345615
-0.0007229573488923395
0.0010413772542314057
0.0005792923417670289
0.0003666693917504563
0.0008099821485727648
-0.0011307663974432008
0.014020132687442361
-0.0008001274108355033
0.00043692701260047593
-0.00047571125269852365
-0.0003491165536542033
0.0007287136635869388
0.0009864268339996787
0.001120600355322769
-0.0005403996711638994
0.00394660837896965
-0.0004095481515727066
0.00012343785431027305
-0.00018498689189112494
0.00022782636326740982
-0.00030191015540780865
-0.0009237309946820695
-0.000735391287482939
0.0023944947014798647
-0.00010210833390847135
0.0004897602280776129
0.00019548929311275618
-0.000743151061955798
-0.0007835246011267612
0.0018784329101220265
0.00048470024964843904
-0.0062933639018783565
0.0017335874248978853
-0.0037774110466230314
-0.0001893786586048447
-0.0001627390656231976
0.0004919171638694574
0.0004462451965306026
0.0012427389992235992
0.0013113231438789466
0.001209931763884953
-0.012819736187523394
0.0003382658274361532
-0.00041014148398636606
0.00047009303563257305
0.00042569179131342783
0.0008735505057405596
0.0010250497110980506
-0.0004875292185229675
-0.0032737386805087106
-0.0016319695800765832
0.00046372153572880604
-0.0009763182165062458
0.00010203656429172688
0.002181785150683754
0.0008340550320192656
-0.0001869725916242411
-0.00031467143091676753
-0.0005878994265565247
0.00037949490715681426
-0.0001051051373733114
-0.0009026353035752085
-0.0015416102394928504
0.0005796628492120244
-0.0004055787967511573
-0.00033520788532865594
-0.0007128532986853926
0.004283698255616015
0.005396074195042605
-0.0011007623505575727
0.0011482741923606375
0.000641191686713504
-0.0005345866492958798
-0.0004328642998173946
0.0018263480866047045
-0.011810348419369008
0.000530856633063325
0.0004285590026033423
-0.0009477347856318262
-0.0003356382059998017
-0.003387275547611571
-0.00028514723504109946
0.000899265517338664
0.0006000483469730497
-0.00036530124837325193
-0.0005858854496301944
-0.00024227124075877735
0.0002637492182260304
-0.0001133297644595746
-0.002030306555742614
0.00011406027429631139
0.00016001849679806953
0.0008452284578780808
-0.0004529169948558864
-0.0014631993506138657
0.00013126950897845356
0.0003883075258948201
0.00023949776346176495
0.0006223831007723668
-0.0065350916926
-0.000826442144580034
-0.00035545974218428384
-0.0005695837104952224
0.0009077756394844137
0.0002373052333686001
-0.00035046302876482
-0.011050006611932383
-0.0002512712071730215
-0.0004559735610977615
-0.0006436620228379041
0.0004421086240519781
-0.0002663078670617164
-0.0003081797541942146
-0.00018757389438999006
0.003151032153150717
-0.0004945614869424929
0.0007974598456901269
-0.0002332131421922473
0.000635780970897509
0.00011877000062301098
0.0018639183425805694
0.000525397332717915
0.000145390265039077
0.0007680058391943381
0.0013400832210801181
-0.0003870079127307854
0.00016119275452195346
0.0005079874587177001
0.00046894706751705607
-0.000234810780959979
0.0008010996169436915
-0.0007411870958451856
0.0009378444501661042
0.0009027601312070889
0.0033048360709137547
-0.004983290052104985
-0.0007161129374478778
-0.0008408323041769495
0.00044138515888793317
-0.010211687108862671
0.0008042775226794636
-0.00037940780248672806
-0.00046046551870206987
0.00012600630667962355
-0.000640971060426788
0.0029351853863269495
-0.0006496904321901957
-0.0004399270884149245
0.00015281717615491287
0.00011138830323196815
0.0017704461368601382
0.0007049695582687416
-0.00022562784390691955
0.0004889203976087174
0.000633838024232512
-0.0012025932465881124
0.00012240883610757682
-0.0006609920083398566
-0.0009719241694405795
-0.0003320276983759658
0.00018778336880247398
0.000869088986286826
-0.0053890166283376666
-0.0018508859266640532
-0.0007067302505025194
0.009517849192931329
-0.00042581907791188346
-0.0001048598232794166
0.00037801219995578126
0.0002066139779214661
0.0003609922102362707
0.0005621658575468899
0.00012703481517794686
0.0007359929177403531
0.00020142296610354407
0.0027079262468483064
0.00015759193986211015
-0.00010273810422434967
0.00027762237242342326
0.0016386541796265647
0.0006502440378716095
0.00038613609878290463
-0.00047786054432322986
0.0011641208505481324
-0.0002260647775498903
0.00029887651937330034
-0.0005909347824061265
0.0001153936348354629
0.000819723041100065
-0.0003578728364334847
0.00011739711202263118
0.00015816091267377135
0.00021377046733191566
0.00010924949912418443
0.000417707676715218
-0.0007333650451231684
0.0004720188748611744
0.005127003575796548
0.001759764004466279
0.008826041168043067
0.0007046239179574347
0.00048694731971131043
-0.00012621144645419278
0.00044864337084622003
-0.00014360796372781044
-0.0006659320307738446
-0.0003193409234521463
-0.002527915558872474
-0.00012200753825032835
0.0003496104619788728
0.0006311888202026665
0.0015188792291725435
-0.00043773450272534807
-0.00034937707150652824
-0.0010949302988413725
0.00015487128716804604
-0.00010956093832269824
-0.0005502024328958064
0.0008178195739010753
0.000267448847994531
-0.0001925480428716341
0.0003525698859511135
0.0003508895126635162
-0.000676133769213345
-0.0001820496403790346
-0.0002293275216543286
0.0005651872308087952
0.00028553835039754394
0.008652058169036128
-0.004386123289059462
0.0005925468978466675
0.0006385541792491879
0.00012975401984392733
-0.0022169552529878417
-0.0008427776569067066
-0.00016564161310439314
0.0003285458190786523
-0.0002704955220532598
-0.0005951617663308866
-0.00040543462198962943
0.00011561692972870456
0.0013225798161852387
-0.0005172701998856468
0.00019490047554437693
0.001020084839201622
0.00023959054954346664
0.0005075953461703195
0.0002919977279999175
-0.000330048004165762
0.0007215435529057924
0.00034148615134049206
0.00016549715105554407
-0.00022977556099042595
-0.0003114364762344682
-0.0005544651930086093
-0.0004597678939371184
0.00010458405221331958
-0.00011522150429135082
0.007881303872118686
0.0006050642448881834
0.0013604137913764273
0.00370781543477381
0.00013754914401076248
-0.002331624980564167
0.00025055923323349217
0.00028405974530910867
0.00010401746457165753
0.00015494761837535448
-0.00027580255702473673
0.0022174255771630798
-0.0003773110317693607
0.0005365289138159848
0.0013304719955004693
0.00012278472603450947
0.00021470285075811393
-0.0009558714706148617
0.00047197151139337774
0.0002832123273397109
-0.00014324636373651078
-0.00033138534749853723
0.0002275546380239741
-0.0007241669477580898
0.00010098337781473285
-0.0001652608992059103
0.0004004432798013338
-0.0006048372302042835
-0.00021243057392098365
-0.007384460176126827
0.000548553028975512
-0.00026244874417652686
0.00026473870513631656
-0.000402168915131336
-0.004124346042558646
0.0012913936492695381
0.0002956473164640551
-0.00022371417537488927
0.00025950950243873694
-0.0020482906879191825
0.00040174005745561436
0.00020108678250889758
0.0005045531387006011
-0.00016315846998584283
-0.0011058753629183279
-0.0005695265719992601
-0.000104557964595935
-0.0002630753814175057
-0.00045317363565433697
0.00011877050469890539
0.0008843892604394925
0.00020584237803831048
-0.0003017381855464182
0.00022132106999768751
-0.00016409152836249248
-0.0006622397259710845
-0.00019047413331059086
-0.0003932921195155777
-0.0005503994143366363
0.00013522754660157875
-0.00020873234809232807
0.00028647687581245053
0.0005426557868869117
-0.006924963266247746
0.0003320266277353946
0.00012903737150688532
0.0001601880340762661
-0.0002635783330402463
-0.0005727531177998977
0.0005018018507264793
-0.00404981382427289
0.00014271969770031156
-0.00024016503442446282
-0.0005131107561022765
-0.0018812525255909472
-0.00046012265237666103
-0.0001269900655312969
-0.001177913715261064
-0.00015438629098374676
-0.0002470367983567183
-0.00021327088035732555
0.0004236845713837867
0.00027134971434283396
0.000840720661711115
-0.00016843795721033933
0.0006392905518244108
-0.0003677739293131571
-0.00020874956157571927
-0.000517018398638687
0.00027787050533238503
0.0001946379458063357
0.00015032549025741502
0.0004966628208108448
0.006519620720500841
-0.00020788702277079488
0.00042348160745335673
-0.0001668548535647628
0.0038948459612249253
0.0006341929431740252
-0.0016642541536059244
0.0006295289120377727
-0.0001520644836725237
-0.0002263765273687247
-0.00019818295359695404
-0.0011091986775982278
0.00027107366267417436
-0.00039864072587115454
0.0001671333871281152
0.0007890305919295385
-0.00010814610896615841
0.0006020588733317299
0.00012018278413261521
-0.00037255545470041176
0.0001373708998330224
-0.00017706912191426495
-0.0002556746907343394
-0.00048644935196395496
-0.00046582435392961044
0.00015281573557569865
0.00030341139629389447
0.006143200037775759
-0.00036652611794316575
-0.00012246340928790132
-0.0002157081529234441
0.0004555234009768238
0.00021714611658107735
-0.000261035540108276
-0.003987113834099838
-0.0007379388462883979
0.0002120050878076187
-0.0002656768308613317
0.0001448060817266697
0.0001024757922544683
-0.0010402946924373405
0.00026392823701226287
-0.00012144119522124758
0.00037190938272118885
0.0007265047693683828
0.0001795529251510854
0.00013367156954766774
-0.00019278645063315164
-0.00016046670969338645
0.0005698006710091861
-0.00032511431040171956
0.00022407669632309952
-0.00046110662658495474
0.00013471048669358508
-0.00043956603541044873
-0.00029229147673907863
-0.0001487170821637733
-0.00581003434157193
0.00019042027382117665
0.00015532661463340736
-0.00018945690920267987
0.0004031034073300479
-0.00018940987582361074
0.00019909192492620242
-0.00012103589106762307
0.001708751431158158
-0.0018753712825317062
-0.002661384089685852
0.0008851418355492766
-0.000770229563317641
0.0001288285661472167
-0.00012414035462534972
-0.00022615626863380512
0.000985885634670828
-0.0003434997826811725
-0.00012691703856267537
-0.0007075365122453497
-0.00014543195570116535
-0.0001642599436358586
-0.00028444305476558237
0.00011042346371701476
0.0005264208333624027
0.00024082844443743285
-0.0001417120188940575
-0.000434226859668054
0.0001203281796149537
0.0004918003766818864
0.00016557042572799954
0.0001181957709391121
0.0001360176370967467
-0.00018943681473536575
0.00013408200481297453
0.005496629232621222
0.00014207820104036886
-0.00037888679553718717
0.00010552865812748512
-0.0001014814828859787
0.001583041653355761
0.00035167746711929295
0.00014216763963575786
-0.0004467990465961952
-0.0002527648361745008
0.00325837156963203
-0.00034453154859320263
0.0009105156418551258
-0.0001345543391313773
-0.0001297103852248148
-0.000179011339388691
-0.0006682872412279633
-0.00010975922134494654
-0.00010070583141896851
-0.0002068955906200715
0.0002927400366883897
-0.0005062209865425086
-0.0004116220481614421
-0.00011036711285947735
0.00015286543090620058
0.0002540274409219775
0.0001311929524356861
0.0003796675148555487
-0.0001009850696370122
-0.0001804360241008718
0.005202170808132836
0.00029735724923254036
-0.00012485242309181582
0.00036443108540697383
-0.00015797473139040038
-0.00019848232950054142
0.0001045988182190317
0.0015124853494681322
-0.00018896343014145872
-0.003076757035907659
-0.00042749250770613865
-0.00047665609108152535
-0.0002658754482843402
-0.00015330692503668627
0.0008740718307553867
0.00011184834743698043
-0.0006250429531121653
-0.00019467857378497908
-0.00027420098788295355
0.0004789599207529047
0.0003878581051720922
-0.00013623673727422366
0.00014416278244097777
0.00024613217074143025
0.00014897085121414749
0.0003763898232412629
-0.00010596537342862557
0.004942920278878586
-0.0003365391811671747
-0.0002205729867177316
0.0001410259728050721
-0.0014264838312106774
0.00012423589864449513
-0.00014735552716423113
-0.00012198897412542354
0.00015618880787711663
-0.0003143867812526559
-0.0006531346224510153
0.0008041479928236849
-0.002800965700297867
0.0008177203970299502
0.0001781819232628152
-0.0005982826514441532
0.0002595408979341916
-0.00045381970093567273
-0.00011428155978174927
-0.00013970760626697085
0.0003687294747964575
-0.0002246672288782801
0.00016740480960228128
-0.00034686077621188394
0.00032310319288299434
0.004693878183543126
-0.00020460972236047424
0.0001324169742353613
0.0001252967189863397
-0.00015441923486555286
-0.001356266428551063
-0.00011292934091245751
0.00010444843050375581
-0.00029651918794285624
-0.0001718512714849286
0.001859074298806151
0.002165044436975341
-0.0006822405792976581
-0.0002487848045823966
0.00016491722916018802
-0.00015306142927275747
-0.0005680074997365517
-0.0002381968931791733
0.0001068563562767897
0.00012613980911545613
-0.00043194829032141435
-0.0003499931374688083
0.00015407320835879125
0.00021961664245200883
-0.00011444572843998469
-0.00031367295277523607
0.00010994265193767107
-0.0003064651421953059
0.00019147521836868002
0.004463975591817646
0.00016327430230251091
0.0012835580455533304
0.00028119000922490243
0.0001892006084833582
-0.0008458116959244078
-0.0003984991959431219
-0.002598396454630874
-0.000559507598156832
-0.0002196635276381787
-0.0005381220196414671
0.00012431450626569694
0.0004027959877720616
0.00014805404521594696
-0.0003328929646824344
-0.00020719154698832862
-0.00031758610439042314
-0.0001134418019226516
0.00017888451159117877
0.000287969359697166
-0.0001299174286470558
-0.0042478677711637524
0.00012441320319673136
-0.00012315815284906565
-0.0012449053327026614
-0.0001270381417626916
0.00014542576960955314
-0.00011765478437270123
-0.0007669397010128313
-0.0003565496074959179
0.0001959608153990718
0.002513551413410704
0.00034496529788623665
0.00020898232217622705
0.0001065509103009547
-0.0002068383726656853
-0.0005093253740191901
-0.00039096018026327136
-0.00013018624660139828
-0.00017885353126491919
-0.0003169660518997484
-0.0001035607515131067
-0.00030235067810297796
-0.0001683695320577267
-0.0001234711254914242
0.0002765989668239335
0.0001394083646718221
0.00026448290262479036
-0.004041891322997891
0.0002465908500691631
-0.0011658101679526587
0.00010391243750351118
-0.00016462511545488201
0.0007079284228158321
-0.00010580173990342074
-0.00019278006700186243
-0.00012971720318784316
-0.00010767857667155813
-0.00018535468317064903
-0.002458059439551573
0.00047947572231315676
-0.00012504882902149154
-0.0003709206212416173
0.00018191719313128074
-0.0003011889157530109
0.00013589437951142056
-0.000286022264148776
-0.00011521039099497609
-0.00016073875784095593
-0.00026256240966219033
0.0017186151335823881
-0.003462207440417736
-0.00023590231378980983
-0.00013649604056947487
-0.001112308211393291
-0.00011930364277198975
-0.0006801900717347906
-0.00023450021777294538
-0.0006231174021301809
-0.0022761024987343025
-0.00044625217134706263
0.00011654746015177186
0.0003540579747572687
0.00017176548690530784
-0.00028775705030590384
0.00027394717418211
-0.00015279891329219095
0.00024982068661425015
-0.00368945816220212
0.00010649263368436371
-0.00020833955873661748
0.00011562611904543507
0.00014630235338097355
0.0010620865469218518
0.000645501217370643
-0.0002122032835960972
-0.0018102451021862818
0.0013767446301711475
-0.000342666851469947
0.00010725849230400657
0.000333399443564717
0.00016182708411367696
0.0002617519873167343
-0.00025406808183815895
-0.00011545867632741792
-0.00015539408314763932
0.00023840603200882572
0.0035267611180204617
-0.00012877164447319664
0.00021927514888924133
0.00011512318797300254
0.0010113810714675324
0.00017022437595646907
-0.0006214356545981722
-0.00012173102774341114
0.00013374662063519484
0.0005219128588560914
0.0018733340826866175
0.0005241310234908058
0.0008019173874205629
0.00030855564784710866
-0.00022566093423927584
-0.00014514152341495412
-0.0002189207151774444
-0.0002213446555852697
0.0002602915776947209
0.0002470976332180201
0.00011602651794341686
0.0001040728316857749
0.0002277455833567228
0.0001115600493507606
0.00016977452338275156
-0.003369708840121964
-0.00022685446778957443
-0.0009692667065652122
-0.0001832460117984263
-0.0005828738754583363
-0.00010827338828657628
0.00011427012631730358
-0.00014859270849707667
-0.0004519999361428634
-0.0002177869592386949
0.00025439262244995994
-0.0020311841892863623
-0.00010491633999951862
-0.00012013952390972543
0.00029964997659790544
-0.0002476193038419526
-0.00023507744420073244
0.0001309825913431316
0.00021539583092152978
-0.00010871259891868106
0.00017964239280755264
-0.003224479960577459
0.00021079934128103453
0.0009333863279027327
-0.00016477083600829933
0.0005672273991869226
-0.00010285918041451644
-0.00010888480130807717
-0.0004128249903253194
0.00044468506110648245
0.001936674698280303
0.00028112690897656945
-0.00023524803298659823
0.00013351181668478079
0.00022977126535902456
-0.000208422105558865
-0.00011510549295252002
0.00013719652311069733
-0.00011550478905163317
-0.0030946881946796395
0.0008897932637566388
-0.00016416512683749656
0.00010798225689115296
-0.0005400813005054587
0.00011566451468865553
0.0003880716404221787
0.00012186006821822076
-0.00011760684009659004
0.000239194113573866
-0.00021655474450416393
0.0018807509244853403
0.0002900691807651602
0.0002232429834075463
-0.00010554693197920159
0.00021776940103437745
-0.0001953364128672709
-0.00010146091311058742
-0.00015716208586894094
0.0002138498015636343
-0.002938408039337115
-0.00032263983593802594
0.00014275934443578518
0.0008435184977899277
-0.00011303075373020146
0.00017052731550252096
-0.00012026821842252991
-0.0004902294084146255
0.00015927690736740219
0.0003814178351393213
-0.0002009949528800218
-0.00011338788661319821
0.0001279519403457072
0.0006887723966981075
-0.0014493440309664178
0.0006842292003261903
-0.0005408925887514417
-0.0002397028914784916
-0.00020913293623552
0.0001966016521613315
0.00014803392100025493
0.0001210938250581231
0.00015862247957838327
-0.002814605273724861
-0.00038489560588857445
-0.000129979699979635
-0.0001071888889142939
-0.000806020622886423
0.00020479547429446782
0.0004928438929004335
-0.0003644022972343957
-0.0001121532520297327
-0.00014749586593960725
0.00017198579758614718
0.0003421504305608885
0.0007405507816907708
0.0008244854862538012
-0.00131462651772277
-0.0002676437310928336
0.00018081514966325195
0.00017049142624330933
-0.00017205325301608711
0.0001025266886305717
-0.0001536484600087079
0.00013470667979606098
0.00016436038065032962
0.002685977552549375
-0.0003350304693948685
0.000227729288586407
-0.00010532791578358397
-0.00012577077819651416
0.00027177512303227434
0.00072261131871151
-0.00018406990852260885
0.00012468181266921726
-0.00026848767578639617
0.00042271873552090063
-0.00010396082445988567
0.00020378085830182724
0.000365537576477787
-0.0001743268529707071
0.00012668724780848185
-0.00023639428743048906
0.00021600254824682538
0.00031940821150407085
-0.00032616774478310404
-0.00033736200882859856
0.00019099396607493953
0.0015590826154808883
0.00014829929183204755
-0.00019844949907390155
0.00012895532446896942
-0.00013337628912286754
0.0001343313681608918
-0.00013033367757439183
0.00015029292513681669
0.00013299796137276448
0.0001230774514610073
-0.0025399119080164578
-0.00010527618140211903
0.0005042350096776801
-0.00014775104304661746
0.00019409263197506303
0.0001706894436188152
-0.0001523671688761916
-0.00028640270892220024
0.0007331140061935161
0.00017830656701784114
0.00012837380681150211
0.00021070937029450643
0.00046213291962236955
0.00016283405126449045
-0.000128379746023761
0.00015256224439684027
0.00011712923444421251
-0.00032681564177250563
-0.00011169020402657735
-0.00034510039007498765
0.00022098109483504775
-0.0001435826360230035
-0.0005179633475289859
-0.001483367589273035
0.00016178072594451415
0.00012317163828605795
0.00013399021981506178
-0.00012411679013783866
0.0001231674987035463
0.00013050674869754525
0.00014612167844646633
-0.00020382167843848597
0.00011869427204018114
-0.00033321688112683496
0.00011722840484963329
0.0021481444706396334
-0.0011356676248034758
-0.0004190956836371506
-0.00010030141844185594
-0.0001050911772178756
-0.0003864137698806056
0.0006803976449897259
-0.00012137090307671496
0.00011099089933083489
-0.00039905823885741154
0.00011394937575535767
-0.0001771715308137101
-0.0003386507700458827
0.00015250746394901256
0.00030734834572700056
-0.00011368687350689267
0.00021321838264087785
0.00016568947060749325
-0.00022212063220979672
0.00012003910086501642
0.0005769576034220097
-0.0011022490232766244
-0.0007222699964967841
-0.0002572347586620855
0.0002155524052540944
-0.00012138671590305608
-0.00016885316100743187
-0.0001053118234069203
-0.00012770287869971707
-0.0001260988886966124
0.00014155738444409204
0.00012566921537670092
-0.00014984723904050925
0.0003739642154469827
-0.0007865372374863926
0.0005029850649632424
0.001676515554408463
-0.00016672366311985877
-0.0013750815071675432
-0.00018804640315142013
-0.0006244999529711763
-0.0002556085554490304
0.00013384048792357996
0.00010572361153173064
-0.00035161966669568017
-0.00014031671703115895
0.00022430237373889303
-0.00015105242384702572
-0.00019748808523789422
0.00011422795353952608
-0.00019360089218172942
0.00022470210360917348
-0.00013078056091741586
0.00011829781888323319
-0.0002557521907452979
0.00010781497296682128
-0.00014978385074499226
-0.0008072566956157779
0.0011074055972041528
-0.0002779072136743206
0.0003660641174045662
0.00013746754311066064
0.00011818422464674736
-0.00017028449916774754
-0.0001271490796642432
0.00012466205287255008
0.0001517887064602256
-0.00015406323063671127
0.00010832002736513417
-0.00010360628464078038
0.0001292060898012645
0.00013094875197702715
-0.0003532488566422507
-0.0001532888491424943
-0.0012464639345594018
-0.0018380867121858438
-0.0003874363445217224
0.00010093026399372527
0.00023762989609758865
0.0001301515549764394
-0.00013691429199028248
-0.0006778672532604822
0.00013967926485918995
-0.00010620716622016726
0.0001493362129814085
0.00026061099788489113
0.00033404626354188017
-0.00014501571349100637
-0.00027427088654978336
-0.00010965370568420756
-0.00010397707824260365
0.00016924998027767843
-0.00012132488342418578
0.0001885618335323262
-0.0001317551541671269
0.0002598264171404018
-0.00014722281369352933
0.00022997980332232964
0.0004367948110885201
-0.0012245316556159006
-0.0003364507995398189
-0.0002184266435369878
0.00013146933439341454
0.00011784535079708503
0.0001136608155005592
0.00011194276308246544
0.00013486868689364337
-0.00011563499328527579
0.0001111198438685484
0.00011081831545036775
-0.00015836423397747165
0.0001247146242031509
0.00010918359437060616
0.0005728019884437564
-0.00016115315425242464
0.002034816363726892
0.0003868896095501239
-0.00041569471845185826
-0.0002900555801612481
0.0001323247461111264
0.0003705086962654204
-0.0002373261811148073
-0.0003915665672176486
0.00019991581008129385
-0.0001671858806929791
0.00014182097951290768
0.00011191320390262076
-0.00018766243200468065
-0.0003201506672545612
0.0001226743542143637
-0.0001522926878997149
-0.0002466070361646486
-0.00013576910858747646
-0.00023256924058156296
-0.0001984119675269916
-0.00010290853732134131
-0.00010235904442799584
0.0002381309923145015
0.00027686305960490247
0.000137283324248069
-0.000603925517559626
-0.0010357690284787458
-0.0004383200612439072
-0.0003118609182693142
0.0001358537450825706
-0.00010232020625165747
0.00011540580938937564
-0.00013028949101084913
0.00012631116060924052
0.00011245449000836505
-0.00012178400546246354
0.0001449375857018188
-0.00014412049269207005
-0.001168009988144197
-0.00011780152223557672
0.0015690075220687711
-0.0007664518821387399
-0.00011384733349861052
-0.0002578712063254151
-0.00016351471859674729
-0.0006257833112125984
-0.00023387586132491035
0.00010388136946230578
0.00034955036137544255
-0.00011456081267783319
-0.00022824590632470525
-0.00016559949843874454
-0.0001815276563857859
-0.00010013663620500263
-0.00016792181255567131
0.0001278944509894171
-0.0001857697193067875
0.00012912740105342196
-0.00027696663944044923
0.0012664453634869636
0.00018437337633687794
0.00010041070308740577
-0.0001232144363123033
-0.0001483983031194847
0.00021532933710184166
0.00011965453393247061
-0.00012431541203398644
0.0019071416714551365
-0.00019912340638299057
-0.0007037116504397516
-0.00017783640330043836
0.00023139756829539744
-0.0005268373655245789
0.00010480012565036578
0.0003838935645937022
0.0001474015279598105
0.00023651849965974307
0.00026976041177805314
-0.00018594289220043615
0.00013700796136971352
-0.0012681666119751594
-0.00011940185761216201
-0.00016279097658240677
0.0003680510489019322
0.0001741237798469622
-0.00034254522277249835
0.0016401334676691933
0.00043053964857356515
0.0007495581992223235
0.00028680259240178513
-0.0003037904199753304
-0.00026705786790017004
-0.0005664690218902976
-0.00023865055813836086
-0.0001245239917651451
-0.00026180182366231347
0.00010219258437588523
-0.00010949788799495303
0.00026115714776567056
-0.00014502112737674967
0.00016391604430857515
0.00019537672993397232
-0.00018621912637082152
-0.0004994966643017351
0.0005928396315721627
-0.0009432742904548583
-0.00011197800742755387
0.00013621753614301844
-0.000283788340570405
0.0018377079705216466
0.00026797986743466
0.0002450369703294571
0.00018882340593193592
-0.00016115082249086804
0.00013275809937612345
-0.0006016909508944342
0.0001299465673997773
0.0002556992014155512
0.00022445609707058044
0.00017217007583317608
-0.0001320947141122105
-0.00013733309035626116
-0.00011056687408843722
-0.0001425165705975975
0.00012253739674911475
-0.00012823602962777316
-0.001109198558627566
-0.0002873885376138976
0.00015960344601649123
-0.0001561054280267262
-0.0003845173741295958
0.0018401273607634699
0.000205275060820039
-0.00030032310493658407
0.0003630201627926198
0.00018327093446005144
0.00015394805147587274
-0.0001124504456196747
0.00028631997715989797
-0.00037549761249543867
0.00010996240866243903
0.0010076560870941153
0.0003179230831285848
0.00010608094551159529
0.0017621395660626447
0.00018750165494770246
-0.0001881242525969587
-0.00022976759975320478
0.000193649397937842
0.00022197028150206666
-0.00022641149279325765
0.00015375144304056378
-0.0001221673047992379
-0.00010843865731306899
0.00011279851384712556
0.0010819363649231808
0.00012016406080065601
-0.0003151344574530693
-0.00011119866216559326
0.001532998534712047
0.0001681474800876035
-0.0006221134340705728
-0.00034470830093205433
0.00022581134183343292
-0.00015974938464609337
0.00012954935827889292
-0.00012583778693640567
0.00037863970934591496
0.000960447761081531
-0.00016923897734394543
-0.00012586277198658677
-0.00011102565252566206
0.00010136372582951765
-0.0014667420278723696
-0.0004780228135070926
-0.00028268427160605693
0.0001992578164427375
0.0001500687869562573
-0.00012475511392060938
0.0001185678551908861
0.00010607642426225585
0.00010158043829660008
-0.00010345145578672527
-0.0001045132684959605
0.00010428390964661598
-0.00010602868854657292
-0.00011045496173575043
0.0001101614436017887
0.00010221366307028059
-0.00010953593529873659
-0.00010431071697205297
-0.00010725535091841592
0.00011553100018665663
-0.00010631523407444325
0.0001076937649862392
0.00010268128170394438
-0.00011823698889527606
0.00010831114207855603
-0.00011001568323121128
0.00010483734810360455
-0.00011509563378696365
-0.00011151520302719666
-0.00011317481861663434
0.00010742386788730505
-0.00010363115997911203
-0.0001159609990200066
0.00012079530228652753
0.00010882625636927084
-0.00010762121012425741
0.0001233149663041527
-0.00011801880684171519
-0.0001208346231585981
-0.00011156873954550064
-0.00010972345428515894
-0.000127073948713602
0.00012067003657357976
-0.00011961213808634097
0.00010217879891747846
0.0001140887368827412
0.00010949617314448627
0.00013539992384789765
-0.00011869799804027716
-0.00015318911616137655
-0.00016450646906949375
0.00019274837059404608
0.0002123602632342368
-0.0001526603052312122
-0.00019196860191501492
-0.0002441846682575483
-0.00018312670898709745
