-0.8679320094116115
0.36722427768673876
-0.22323045529120555
0.08039991768160067
-0.11781791419048235
0.11618126509760418
0.022119208871773235
0.06763540195155629
-0.07525004048727646
0.0007545769694696187
-0.008186671581474464
-0.04213189702657436
0.019620552824704787
0.052637288549478446
-0.006069247394006565
0.010910880571084455
-0.031912644080127034
0.006300987000684016
0.041118438413362546
-0.002135099940526124
-0.011597086855601773
0.01220843658858311
0.02568136004446398
0.005199682263783413
0.004093848690492516
-0.035288993875390064
-0.0023334802327232523
0.004265739602777986
-0.011994461537350627
0.022556279829040054
0.0060994748284643845
-0.0035923683366518295
0.0002866292347661933
-0.0032937878718663997
-0.00831821295745975
0.030686213351235933
0.0004098021509770934
0.0013106809838688894
-0.022075919964742535
0.0022917365515952525
0.001847704306905409
0.0006182248236999785
-0.0020109264821873687
-0.003907118549653085
-0.0017335570846830782
0.008280670827742805
-0.003321450144102932
-0.019250363435297534
-0.01589389494219062
0.020499178413276146
0.0014508286983805514
-0.0010004161886691856
-0.0015496338601823601
-0.0010626655148873688
0.0010012682293302042
0.0037240139486465385
-0.0018086429006769524
-0.005182737323409317
0.0011583092636482666
0.0016011035243180675
0.014138434823792666
-0.013867814070039671
-0.0032194992615895294
-0.01224257289858073
-0.015447294687537283
0.004071460255579236
-0.0029887706843774076
-0.0002887015601294456
-0.00012759788675015607
-0.0020322410951237116
0.00047466881598844573
0.004489480429699309
0.0013673820740081528
-0.0013243774720198037
-0.002144838296328724
-0.010820498301422767
0.006474736209964445
-0.0003710406686264189
-0.012232643850936729
0.0009541709139627475
-0.00015042280823044155
0.016946763368234724
0.002690286552918302
-0.0014785283792423144
-0.001353905726562213
0.0011714262808856435
0.003965630484799679
0.000510637843884418
-0.0016101260031378907
0.00012000922713667936
0.0007611844223984432
0.0009022805866567067
0.000575229773475108
-0.008657508369876426
0.0035930999056993686
-0.01134768240533854
0.002788400140166682
-0.0005298602819874
-0.0034226676394466574
0.014751131096392846
-0.001313230858346844
-0.0007449281180425988
-0.00047748618810868775
-0.0014783668779899293
-0.0032111405876747864
-0.0019454724155680548
-0.0004367046388923541
0.0003317461462217156
0.0004992315634677496
-0.0038313837896651595
0.006205148083260363
0.0005374317593617216
-0.0005597910956512664
0.010520624678758587
0.001106413248738286
0.003012823184676592
0.0028688842129496036
-0.011658272215863677
-0.005091036435523055
0.00136828360526924
-0.0015488513673038815
0.00329552550947409
-0.0005303551616515673
-0.00041602182951414903
-0.00019633725837526895
0.00043582285331684057
0.0011141825784363518
-0.000474946738874007
-0.00010822057744783173
0.0020092018009140633
-0.005628042229553203
0.009304041104639305
-0.000891746750556128
0.0002764407117242145
0.0003991189318519488
-0.0010670660869326928
-0.0003364932021010769
-0.0009296475705654125
-0.0009660727563472384
0.0050116485082565485
0.0029252416437835376
0.010332096849884042
0.003064861801734471
0.000609117363608705
0.00037440118297912145
0.0008643457429432357
-0.00035366473443910795
0.00166678151885769
0.00040041778746858873
-0.004759419526951709
0.00013780997402591753
0.0002991675826026576
0.0006366676317700228
-0.00821467359741741
-0.0006887405363712221
0.0009255715385661195
-0.00029432856739476995
-0.001061655537752876
-0.002302023279710898
-0.0005413446787234422
-0.0016933791668889181
0.008265644372473126
0.006505519569909971
-0.0008008904361609351
0.00019416118285976253
0.0008124482430033548
-0.00048479813965460585
0.00028836972404617264
0.0002560154650570206
0.0014378981522511593
0.0003336414687937306
0.00045522459987823785
0.0006519419744854241
0.003955354239602211
0.007092335223447233
0.002140033970009547
-0.0009133519626392593
-0.0005389466221240138
0.0003581122998351799
0.0002773888308802463
0.0015894551936606605
-0.0011924993565874892
-0.00203546518220489
0.0001247042543331647
0.0002811691185091434
-0.008535794861711172
-0.003924845542660233
-0.00019727451142000042
-0.0004332518108257958
0.0012596448743349199
0.0004935402110355823
-0.00010865542951725815
-0.000454696578328908
-0.00013196239930034578
-0.0012888146854768833
0.003071219403479492
-0.0006077711266896472
-0.00017084121253034673
0.006630819835433323
-0.0007435983828050674
-0.00012677446796833318
0.0005371851843914315
-0.00031832791041804946
-0.0004086968733750412
0.00015434672637989417
0.0012417593849588652
0.0003639377213208729
-0.0019547814114865406
0.0006460185187847347
-0.008476858354054479
-0.0004070106590834755
0.00034704793247664913
0.00022398868366974947
0.0005202451652965738
0.0011718533725976646
0.00012739897377593245
-0.00028234184621321346
-0.00010575403546596948
-0.0005302099143246559
-0.002920381886495209
0.000384162425845091
-0.00027448948985481464
0.0008846526625116832
-0.005914763700913535
0.00029698807726794506
-0.00032552990076444043
-0.001135171440731216
0.0017764131941479188
-0.00011697958234435996
0.0003219160140456372
0.0002567216963902237
0.00020438127481059697
-0.0004145174218052026
0.007377771752379408
0.000998029715840022
0.0014231365610336904
0.0011206909920698897
0.0005986245499361931
-0.0002918293248895754
0.0010430061657862187
0.0002972114386067634
0.0004727908706585489
0.0007567175484244684
0.00243428940278263
-0.005412717390717247
-0.00022923282260423771
0.0002936618245161637
-0.0005020293449666494
-0.00039058383728084417
0.0008062691239995837
-0.0016259373425607996
0.00027707278994157234
-0.00021272094511882826
-0.0005792220197576606
-0.00011806023347656106
0.0027149383316079235
0.00640208617263564
0.0009850008961616535
-0.0003069151911012014
-0.00017917338828004844
0.0002911839931862055
-0.0002740191110162323
0.0006563951782679326
-0.00022876009439405035
0.00020614395357043225
-0.0021034102670420053
0.00491433338405464
0.0003250483708565081
0.0002900301815056999
0.00044408360232085884
0.00030679103423107565
0.0006949374931001274
0.0014722170832469398
0.00010571329340358056
-0.0004343626140531413
-0.00013041900854609054
-0.00020059917161332515
-0.0007759497416076276
-0.00018731133132203172
-0.0010159447829911933
-0.0007944340373201493
-0.0062173208624330895
-0.0004791595945172838
-0.0003368911628637621
0.00016454202799960025
-0.00014614341135242386
0.0005902771792615482
0.0018482879486928202
-0.00010662825372460704
-0.004480223786756781
0.00027208661454331565
-0.0003265481339730567
0.00011074419310132823
0.00045266485269083084
0.0006001015380145152
0.0001527601240717746
0.0013350937320882627
0.0004122285459884942
-0.00010488480488261896
-0.00025907475851101136
-0.00018633296291494658
0.0004985682613453206
-0.00018544129222409944
0.0007367860755363319
-0.00027739283524801545
0.002269627526348866
0.005307356274814536
0.0005386989284301891
-0.0005371994862440814
0.00019011989603681635
0.00015042831247643343
-0.00029069083211220783
0.00010247516988501966
0.0016091056060273871
-0.00012857675789187847
0.004109759463792111
-0.0003816964816506875
-0.00016220834943323544
-0.0005247627607240003
0.0002303169510158453
0.0001985900751399448
0.0012420266594714217
0.00022314765210734296
-0.00021362150360560765
-0.00011432295634847137
-0.00038051136206272885
-0.0002732459460456315
0.0006825325822617407
-0.00013690407470151407
0.0003085516634190938
0.0002509048975525596
-0.0053094724092634295
0.0001084511196772057
-0.00011168439602802282
0.00018325988447163532
-0.0004917846656045082
-0.00025913761000520666
0.00014192412893358557
0.0014429071831675066
-0.00019171428496276007
-0.0037796695034706417
-0.000330542191931966
0.00016372146745975263
0.00021585793110574412
0.00042095703002339275
-0.0010231291479781744
0.0005004956243250777
-0.00013839539476006568
-0.0003022191835717908
0.00021805045494090847
0.00020510306419239485
0.0006510370144573522
0.000127549809415558
-0.0001905971061474789
-0.004892563752000446
0.00018471885253642985
0.00019495059956150843
0.00015415392544172756
0.00045144739184059757
0.00023723679413790023
0.0003408144497665684
0.0012467259047923833
-0.0034813796596558765
0.00010870751596243742
0.0001527408545280096
-0.00020660985452113255
-0.0002628496253241301
0.00010068221295340983
0.0003903447764787607
-0.0010505996132132013
0.00012089778757557396
-0.0002510239507170067
-0.00025087243559252724
-0.0005960153750907583
0.00016300809288017186
-0.00016448210732729256
0.0001085881721363697
-0.0002110768816200802
-0.00035618311443455237
0.002639057023787488
0.0036528248000133375
-0.00021227159912062826
-0.00042994742235564977
-0.00010139203866875492
-0.00030392073934102265
-0.00014846720036705707
0.0011103747811648799
0.00018942564305412884
-0.0031980196464310054
0.0003509304941521072
0.00010109351465627439
-0.00025105181524734583
0.0003456200856675929
-0.0009705918544692821
0.0002290995562677226
-0.0001030735491685983
-0.00015144161010248163
-0.000228761926594798
-0.0005373641960225749
-0.00013138385063602388
0.00021786998109388296
0.0003525924252771862
-0.0008966460697905883
0.0040865009169755205
0.0002529822792303082
0.00016778350037178515
0.00013525127508351003
0.0002793873415879815
-0.00011273944933948984
-0.00017431094382467467
-0.00098896581158162
0.0029763754043629215
-0.00017062650848885617
-0.0002539436030440149
-0.00030865864858402927
0.0008992264683544363
0.00019569368864885922
0.00012613073881957378
0.0001382808014032918
0.00018671572986937463
-0.0005120019455070847
0.0001894259750678954
0.00012234974086551895
0.00021248810409259984
-0.0003434184547624637
0.003886490947392572
-0.00012069944369722977
-0.0002571092375953195
-0.00016024821921619512
-0.0008879316415450744
0.0020878652483342767
0.0010907105657671078
0.0013688558716353403
-0.0005618274171911564
0.00010821671210245847
0.00027566798270586433
-0.0006891522794693651
-0.000439686332844092
-0.0002854577478880377
-0.00016408931284485757
0.00029228805878014913
-0.0003795590695868909
0.00017118565451325338
-0.00016093294852015857
0.00010455048614061802
0.00031987445543949395
-0.00015157547435301762
-0.00026235819405088796
-0.0006571321334130432
0.00354840937241665
0.00014487839511379623
0.0002417234156815844
-0.00016994038428132021
-0.0001373706599206044
-0.0007891030651687463
0.0025833974725862656
-0.0001256474756079013
0.00022945321889078737
-0.00019227595492613995
0.00022023490151448164
0.000393314153093584
0.0006434205656059696
0.00014639131639847527
0.00044246201010337194
0.00015837804661422434
0.00010508687653759478
0.00012706477512347238
-0.0003033549233810949
-0.0033503722368848957
0.0004354381204885076
0.000122519279304152
-0.0002235596644910866
-0.00016169271072698736
0.0007160125040998117
0.0024114570663211683
0.00012115336834651122
-0.00017068400579567071
-0.00021801668436726866
-0.0007297224868780408
0.00013259792356751606
-0.0001443231639301916
-0.0004126425167905039
-0.0001076851050918821
-0.00028327718499730824
-0.00013736191170090736
-0.0030113544047580742
0.0004957105068045944
0.000813592187437837
0.00020993630147603872
0.00015398953750648205
-0.0006553308240090413
-0.002256546575846162
0.0001577172026528909
0.00011338762378929099
-0.00016256806959696844
-0.0006816950118890114
-0.00014457446759312133
0.0001118926432672957
0.00011557911775472814
-0.00037063716341477016
-0.0002635719765984119
0.00011903453907188713
-0.00021835991710226897
-0.0029445878464587623
0.00027327447888372206
-0.00014448976875298218
-0.00010365291302878265
0.0005885093484651831
-0.002116509298587638
0.00014997969811990255
0.00017850655897299594
0.0006367204638305916
0.0001296025224687295
-0.0003645970263489638
0.00024665162537742234
0.00011058371570464984
0.0001151343607684633
-0.00019210925087458807
0.002772221870528692
-0.00013575698984252664
0.0005360576452226165
-0.00198678094769664
0.00012496265975696632
-0.00016263173480997816
-0.0006006642457603686
-0.00012379800800056416
-0.0003323729205375274
-0.00010459983210743544
0.00010195884624565721
0.00023031613599922677
0.00016920053256323238
-0.0026128901723276566
0.0001238192894704914
-0.0004955636293902583
-0.0018667581549288014
-0.00010511119404569462
0.0001475604847845039
0.0005648400730071768
0.00011430011653623219
0.00032151883820264864
0.00020961823704489704
0.00015630553682113602
-0.002462219543081722
-0.0001042889837985829
-0.00012364190277492482
-0.00044636768337694084
-0.00016431031318883986
0.0017558010362169923
-0.00013567596823716962
0.0005367855980227228
-0.00030364573592348563
0.00020514411611178245
-0.00015042526959309425
0.0001720720551119555
0.00023249382249488685
-0.002303018383132029
0.00011061693747413264
-0.00011403810909348276
-0.00041035686932460385
0.0016648922605641378
0.00010785537673197902
-0.0001175638573597752
0.0005025943719066898
0.00028579391257051786
-0.00019529214075790404
-0.00014148127602965418
0.00021943363901883695
0.00024600069600184596
0.002172596516494114
-0.00010858117498944626
-0.0003756974962508989
-0.0015739313302706082
0.00011166673994824277
-0.0004766571519071733
-0.00025702483336103297
-0.0001842511593512403
0.00013800694997345093
-0.00013200603776420335
-0.002076793854298289
0.00010066490942361965
0.00034804800797563865
0.0014905946745502501
-0.00010366964716581226
-0.0004510505407231921
-0.0002538140282838905
0.00017524459427869225
-0.00012091046850265127
-0.00011546630292632546
-0.0019702303365497775
0.00032004800252718904
-0.001413512556471714
0.0004281205553580863
0.00024175500873144413
0.00016560277599787115
-0.0001210588080853512
-0.00010605037192817506
-0.00012704085648293422
0.0018642144645388031
-0.0002960366947755297
-0.0013415659026154267
-0.00040560464540710645
0.00023108451348086118
0.00015744825927812073
0.00011495883296164724
-0.0005970342918823977
-0.0016713153412219284
-0.00028158557541374025
0.00016197745726445853
0.0012646449893991744
0.00038645321085254824
-0.00021937995601222667
0.00014948231645153342
0.00010939238950054778
-0.00017808540629057475
0.0007800252293001715
0.0014935823637426374
-0.00025365060265210483
0.0012134313932488246
-0.0003674602956967561
-0.00020871093593984995
0.00014612007842130113
-0.00010131479715979493
0.00010518586757671987
-0.00122238607102616
-0.0010493733939925117
-0.00023621459750444127
-0.0011565189330537187
-0.0003491183784888511
-0.00019761042367381597
0.00013411141735292294
-0.00010551587754069882
-0.0007910676492769726
-0.0013122572066165143
-0.00022022848985156463
0.001103256964493586
-0.00033382954275641143
0.00018970113742044977
0.00012952904472579837
-0.0014663690307054995
0.00020555774095014904
-0.0010530632635247432
-0.00031871515909547585
-0.0001807326353284882
-0.00010583142170702155
0.00012340814765755422
0.0013960344596384486
-0.00011740138317957032
-0.00019211438972275842
-0.0010045310995127532
-0.00030370203126767854
0.00017286035232106625
-0.00011776816867262402
-0.00010871350491892537
-0.0013393284703230163
0.0001799667734052504
0.0009623382830431021
-0.000291425124448715
0.00016476218884577397
-0.00011254326392823897
-0.0012839545984767995
-0.00016907435933369023
0.0009212703458287065
-0.00010483236819128569
0.0002788293203046269
-0.0001583392264784776
0.00010732941323385092
-0.0005446098673880207
0.0011056002907364785
0.00015924105102542156
-0.0008820041303943171
0.0002656122075221673
0.00015142737954810192
0.00010104801170988336
0.001175058990302236
-0.00014987908734621685
-0.00022953279893337102
0.0002524319256712825
-0.0007741993101853103
0.0002261961497575501
-0.00011892230611999655
0.00014401459204741704
-0.001133191742782132
-0.00011524222125280172
-0.00014252347082700824
-0.000810558468008561
-0.00024455603234729427
-0.00013857843074311637
-0.0010820396381640291
-0.00013782611936340405
0.000778147581381355
0.00023367068103256067
0.00013099840303864077
-0.00011320493986720759
0.001020652695899078
0.0002209882247855867
0.0001467979064225479
-0.00010661302271495491
0.0007388470429222113
0.00020310024796940142
0.00010630699060875943
0.0007165183118672666
0.0006978124736059703
0.00011652666366799213
-0.00018788640863069594
0.0001945496259314002
-0.000645793396889612
-0.00011625344306750178
0.00013840056120128523
0.00010611266170232542
-0.0001232058098752704
-0.00010183051214370123
0.00010061137364649523
0.0001367838640780355
-0.0003135149408708532
0.0008873796943693407
-0.00012575466246974272
0.0006587094286460163
0.00015954635583560354
0.00014769737741038785
0.00012379649404486187
0.00010979491624040859
0.00013717046843319267
-0.00019365834904186974
-0.0004762717149745259
0.00020226186843151246
-0.0006336946208729112
0.00029075057781128124
-0.0001340069191795322
-0.0001060243695093703
-0.0001458380945432276
0.00022132938119161469
0.0006120778224730751
-0.00019043221347657264
0.0001234980269931156
-0.00023191988306172986
-0.0007984013316300253
-0.00011594225723057698
-0.0001996064634414715
-0.00013356830601143863
0.00054669529096756
-0.0002666847955544865
0.00011498771054664278
-0.00015825868183769805
-0.0001108465900484847
-0.00016685116855021906
-0.00031027246773415094
0.0007180236700150448
-0.00023780127026593105
0.0001205237430219978
0.00019606067654746144
0.00023570663834278913
0.0005023558649879031
0.00016571896179097697
0.00018755390086755647
0.00010035728038866086
-0.00030618445191830446
-0.00016480511974475512
0.0006999875642156442
-0.0002352699896369976
-0.0001357402359891192
0.00011117792221606143
-0.0004184038124553832
-0.00024386634971135119
0.00025049734968058014
0.0001465940391203357
0.0001167421736067181
-0.00012488705941684594
-0.00013976558104129315
-0.00028535478338569787
-0.000448965078051392
0.0005704739764612194
0.0001086033996912122
0.00022845539227452248
-0.0005037781978674743
0.0001642601174289521
0.00010172006492900755
0.00012509872972263337
0.0001346865915333655
0.0007676264914798786
0.00010859061958975009
0.000502035465390596
0.0001363113784947311
-0.00017967618615430015
-0.0001103078131126336
-0.0007412696548828637
0.0005148183086091002
-0.00016937240110989092
-0.0001307804494352945
-0.000742510642078003
-0.0001018635320766909
0.000481658247734081
-0.0001275790122918328
0.00013382892872340046
0.0007259015209421191
0.00041951421780181354
0.00020823005647618034
0.0006828659033528522
0.00012293356992470198
-0.0003762035045114004
-0.00015196020681491256
-0.00013366834018046836
-0.00015532397745338152
0.00010567851546369664
-0.00010159864760242633
-0.0006373734199026295
0.0004111891968924819
0.0001427618209628585
0.00013677516258327015
0.0001012916795594779
0.000138945758361524
0.00010444244757300761
0.00010271504569665331
-0.00014112845750443207
0.00010377725606105842
-0.00010484708350925028
0.0001435308413115066
0.0001149302906587416
-0.00010384781627092532
0.00012057566831820562
0.00010765659322182293
-0.00010789194173978088
-0.00014867406935451403
0.00010893685736244097
0.00011026891429449934
-0.00015103001132627414
-0.00015424733027781342
-0.00011486775217343954
-0.00011371977477124582
0.00015677596393190793
-0.00011654458313452561
-0.00010704622868766725
0.00015949399095307275
-0.00011828513857303665
0.00011815141608369297
0.00016246139071672119
0.00011879695197304502
0.0001204166547919779
-0.00015464242615597807
0.00012320956796939734
-0.0001225487547943638
0.0001711608129213209
0.00012998213412892382
-0.0001242900537660572
0.00017190203070823075
0.0001305084504837245
-0.00012664716546630426
-0.00017464201636773307
-0.0001320081453742657
-0.0001287679676377941
0.00010259980729176982
0.0001741058396401543
0.00012298409086686452
0.00011646222742796096
-0.0001201555986883887
-0.00019670127821767516
-0.00020994637127611621
-0.0002154927595999581
-0.0001581218733348409
0.00019384397574240272
0.0002538165175356735
-0.0001948349852770756
