-0.9939646297899972
-0.07163755546397287
0.058047360577626245
-0.02106214349013484
-0.03295762390211241
-0.015324288451164599
-0.006103018260204887
-0.011266303635480302
0.02239537140778187
0.0022429910914046895
0.0015483283192618386
0.008084219019617764
0.007119778580820987
-0.014297765282770821
-0.002689030023349883
-0.00040211787912228236
-0.006416351956403227
0.011317058412794472
-0.0019531499308494417
0.003233587888067983
0.009854388727756437
0.0011085628509620378
0.0018606579262910809
-0.0005447733848580184
0.00014470851003498198
0.004058123590123464
-0.0032349132886972678
-0.001782406912918097
-0.0005428045932295715
0.00026047099553038226
0.00915497634073003
-0.0007919234615775929
0.0013203996958885485
0.0039714388496743065
-0.0002487982851087639
-0.00029766034387888093
0.00021665266123352232
-0.0016941343647724771
0.0003731198878117057
-0.00022797575274115554
-0.008247965983328472
0.0030642795637691516
-0.00019514860738133947
0.0004529809854379285
0.0002923632971727887
-0.0005294894596686259
-0.0014905132986753823
0.0005438600448909812
-0.0002849538148379688
0.007135014134560529
-0.00029296335646224317
-0.0003447100153145177
0.00027626183806464256
0.002436969864163184
-0.0003962350910666487
0.0013069092654668308
0.000556392394316791
0.00619180952712259
-0.00031147366518417867
0.0019274579207553969
-0.00029523542376201634
-0.0002558818322212768
0.00026447573912090263
-0.001096008499198472
-0.00018857058720423185
-0.00044981173353013246
0.0001692234589044359
-0.0003519371772418147
0.00023551870865377235
0.005370828764675238
0.000179821170920122
0.00014183931963343446
0.00022010128200800167
0.0015549489215616876
-0.000174089577701613
-0.00015202409933673012
-0.0009598897516201797
0.000117902372772813
-0.0003946384987871369
0.0003170909516164984
-0.0046901715258790165
0.0003985501105004587
0.00124987709383362
-0.00016761124716174256
0.0008251251554485813
0.00011897129985981314
-0.00010320705541701726
0.00032150746597762504
0.00010425835342570209
0.00010011444929323843
-0.00025822707561751044
0.00015224172325938823
0.0010882072998586252
-0.003990769934928633
0.001021277435307859
0.00015979080554061713
0.00036433160164838147
-0.000624684121540536
-0.0002684525330080991
-0.0002502839522753235
0.0036555946065956577
0.0008514234167401947
0.00012862860257268504
0.0006185128469737218
-0.00023435464678828635
-0.00021105322930316462
0.00010366564449908637
-0.003239594481634802
0.0002693975347670602
0.00010953227170953472
0.000111150927186297
0.0006989488595844721
-0.00011141861465209009
-0.0005455541646901597
-0.00019498495586611612
0.0001848179566007132
0.00010081134050688519
0.0029047234727691664
0.0005991657092061099
-0.0004819168976533385
-0.00016214750857087255
-0.00016869786915373885
-0.00013656850164296444
0.0026058142467914472
-0.00010896669303305355
0.00050395453800097
-0.0004298358174580786
0.00014372228544130294
0.0001495094625247039
-0.0001551602033099171
-0.0023499956352682253
0.00043105499693003586
-0.0003877027387212575
0.0001239560359979124
0.00013521079856937174
0.0021371646192884443
-0.00037304202262845165
0.00034597028822954307
-0.00010863074149108821
-0.00012190257770909306
-0.0019453646067747942
-0.00032203512321954863
-0.00031242577304872304
0.00011170507313388031
0.0017773549128937676
0.00028080542646642984
0.0002846407258054552
0.0016305736137916327
0.0002462746594677028
0.0002595907081019804
-0.0014836667966803964
0.0002310219583416862
0.00021646596233439524
0.0002377836518360748
-0.0013850294455952424
-0.00019246917655777493
0.00021792672875604305
-0.0012829857275751127
-0.00017090762915067056
-0.00020117531982323435
-0.0011444199989220601
0.0003284803133766604
-0.00015283398092603016
-0.0001864068677868667
0.0011083823472998002
-0.0001369847686596903
0.00017252679826453745
0.0010324029150293032
-0.00012329666142299762
-0.0001610007982445632
-0.0009668349637208123
-0.0001114309061093916
-0.00014989202360479463
-0.0001220768656618481
0.0008978974252420904
0.0001013448112384144
0.0001383610921882116
0.0008503567706317133
-0.00013134536796772538
-0.000799706960613055
-0.00010129229730654008
0.00012329991870544923
0.0007535270875893353
-0.00011594173155937642
0.00010434430937659299
-0.0007110832475994779
0.000109135539455726
0.00010695290571221717
0.0006718470242550662
-0.00010316561322069986
0.0006363529900784285
-0.00010946851690152808
0.0006036344211801665
0.00011205322435486682
0.0005727699602261388
0.0005445952806554081
0.00011396186813203055
-0.0005181529435259532
0.00011598421955410677
-0.0004938451401853255
-0.00011857588399644078
-0.00047044118452260834
0.0004499127249102988
0.00012025130974814727
-0.00043007937035758183
0.00012204754237125032
-0.00041155086385793115
0.0003941140066638961
-0.00012471117062157116
-0.0003778782003173415
0.00012625241682082315
-0.00035628164807728526
-0.00010115554437812998
0.00012725947241619837
-0.00034827436699394075
0.00010334038467697555
0.0003345410512218679
0.00011776002226371017
0.00032122403510175484
-0.00010622147361636284
0.00013210115186810322
-0.00030954396095224477
0.0001057313759634671
0.0001005642815281294
-0.00027545458492578945
0.00013275190499315536
-0.0001074419381517709
-0.00010474070601189817
0.00010576578733387221
-0.0001461357462001746
0.00014610891104021068
0.00010257399733506296
-0.00013518581358760732
0.0002715150270184092
0.00010932070490171823
-0.00010122332265052636
-0.00026184372341143416
0.00013683622622667272
0.00011064471222218847
-0.00010052869974371333
-0.0002528854811422632
-0.00013943642022550207
-0.00024310870184170895
0.00011292072549986916
0.00010391071105924916
-0.00014151097447726436
-0.00021148291750208478
0.00011116712487430511
-0.00011364555020817355
0.00010665534227443045
0.00014042883020520816
0.0001677068153138978
-0.00014385633251810524
0.00011626281389395496
0.00010782737840257258
0.00022575854750394927
0.0001458983296238693
-0.00021929179353888335
0.00011806080645442172
-0.00010913922699551823
-0.00020284230557854644
-0.00014798198605224538
0.00011985965941176062
-0.00011007052899941195
-0.0002008570529443565
0.00015044260005827817
0.00012157133131804473
0.00011248554548520072
0.0001531005954775623
-0.00012352571915585223
0.00011388035255835042
0.00015519951397096325
-0.00012568706622190156
0.00011630877729923038
0.00015782452701609048
0.00011966172825948347
-0.00011097026693203537
0.00016055424414394902
-0.00012932176351976928
0.00011970915581503312
0.00016325173058236647
0.00013195522153332663
-0.00012226404891058047
0.00016604313908620243
-0.0001330851847905925
0.00012565435370034034
-0.00016911568305791306
0.00013629623669696088
0.0001262612961778378
0.000172330572704332
-0.00013886926370382675
0.0001289254318791113
0.0001754189306639664
-0.00014141364421955095
0.00013158144393496274
-0.00017908911683695207
0.0001438024548099449
0.00013437066304147294
0.00018321131693544023
0.0001465156092554841
-0.00013719575067436634
0.0001862105814272175
-0.00014935617426415035
0.00014016339112228496
-0.00019103558575238186
-0.00015202588811982155
0.00014410520722011173
-0.00019612220336890686
-0.00015491604197330084
-0.00014857832628646954
0.00020118342607865485
-0.00015868583152869555
-0.00015183980467050215
-0.000201654860406499
0.00017027575741910644
0.0001532780161688014
-0.0002204495807723086
-0.00016150037189243866
0.0001905779355367262
-0.00026048415456595244
-0.00020422756167018486
