0.681077803067993
-0.2792243532519703
-0.10858798995569728
-0.0714161551418528
-0.06001407162256917
-0.10180821614984979
0.5209523988749442
0.02719653511520292
-0.16097275791114282
0.21043832570035442
0.0036744389304682666
-0.10775093030511429
-0.06132368625499728
-0.11460112027259368
0.06727953545598961
0.016415107984716275
0.09051175584567754
0.0480388286641634
-0.005073861825126408
-0.051775088412380106
0.013200970729309555
0.006657510635007258
-0.02609893382369379
0.07704950539360687
0.02862689661536507
0.01600796907499457
-0.012151820739408204
-0.020393769742606278
0.0007538157294192415
0.017943613230707468
0.07065187399272911
0.022090997484557003
-0.0022828183982719057
-0.00180640358594125
-0.0006734909514263634
0.0018532744238162473
0.06971578231697305
-0.001357264660457853
-0.003452857396113451
-0.0038147273272198245
-0.016361998379141908
-0.0032885547431761564
-0.0001466078863486486
-0.0008120527168025956
0.0025285908918443443
-0.00731559903138527
-0.019640738487290824
-0.03667053857111869
-0.04427975811781355
0.0005848044180457404
0.011660081668985571
-0.004716084993154919
-0.0071428590709180645
0.006973565386936654
0.004763685819821508
0.0025204000336113996
-0.0031746580476258598
-0.0023206333241098677
-0.010036711214305495
-0.0007663180207753221
0.052161013807123534
-0.0012753879157874966
-0.0012557725883272273
-0.007482864149008226
0.007118664956357383
-0.0005170837126845322
0.0006712499121611603
-0.0012047414574731434
0.004543131274327209
-0.0003885553665102965
0.0021773141545932315
-0.001845661543844467
0.004494160276930041
0.013652718054893334
-0.012579590583384483
0.0015369900956889156
-0.04335672156933177
0.003387839410722561
-0.008824112778238968
-0.0014838640123905507
-0.0007426839088622259
-0.0011821482441824968
-0.0011500376803442694
0.0035154583576071665
0.0011234621053459787
-0.0026942601519522697
0.0014468829960209283
-0.0012262566248546637
-0.00016996102772490402
-0.0073963081925828705
-0.01852537081443646
0.03190148877688993
0.016920658575371898
-0.005892655813099509
0.003479303187210947
0.006362174298168222
-0.003325917474879162
-0.0003866269377868422
-0.0007143946280712754
0.003722790860099561
0.00011438979978396237
0.00018340808487692358
0.0011450760151761104
0.002456281493870352
-0.00038839440470585853
0.00044050953625106504
0.00045960628754345177
0.0016871207307063043
0.0003710364946544128
0.0361615345675372
-0.004130786877961142
0.0025179048456229194
-0.00047920976232044356
-0.003940126124001038
0.00638572945042398
0.0028873525422926506
0.00012390624627197868
-0.0005995880505228565
-0.003180787768999075
-0.0010290998512856458
0.00031545832429257523
0.0002167581825977804
-0.002188559187236109
-0.0008073561323971432
-0.0007687037472811298
-0.0010937707041478034
0.0014799422780408427
-0.0018992824446465637
0.004100470353703711
0.01220413317566566
0.029240788116761438
-0.00022957905787402563
0.00021397206130018616
0.005103002838717655
-0.0010187792970661404
-0.002516310202369729
-0.003925307187916701
-0.0042846447996896945
0.0026142230390313764
-0.001655513062235802
-0.0008430453837481851
0.0007409970411674583
-0.00201958259665003
0.0006607438630014415
-0.001261001992188691
-0.0009043706419250939
-0.00078459844342841
0.00045893921977897356
0.003735974705785868
0.002198047537334468
0.0019139390346243786
0.027887228505724802
-0.0004182054203392631
0.0006813718504488431
-0.004031786801179419
-0.002960842865633727
-0.0008035199211404999
0.00011979542359582362
-0.0015114457917237956
-0.004847779162575007
-0.00010242581865364086
-0.003810667435336865
0.0019911911264125365
-0.0019040125365582215
-0.0003537181775037772
-0.0010229498338106403
0.0011100035638169827
-0.001239516977833243
0.0003851282770986695
-0.0006400553701099247
0.0007604026225709433
0.001993084084319459
0.001718328711933612
0.0054386433904473775
0.024230860566458765
0.0028998874935264813
-0.0009372331015253518
0.004437240198052522
-0.00020807301985909353
0.0006735319698383158
0.00038293346956460455
0.0005859765105098215
0.003415154100221406
-0.0009069295519770761
0.0015396625627228876
-0.0008090878472317185
-0.0004649942196662197
0.003037970931462219
0.003832255651326785
0.002679480301243701
-0.0001843431265411903
0.0007267338018200922
-0.00023463634879598212
-0.0021532030640796455
0.000717876291972428
-0.0007564718550695502
0.0009349161483736193
-0.022153430921562377
-0.0032796775368590034
0.00015973347860244564
0.0007264884782846623
-0.0038037970721858916
0.0003917793101467803
-0.0004875941415593133
0.0002145490017906883
0.003057803192282358
-0.00037688769175402766
-0.0010846712555571156
-0.00017854895245037166
0.0006181650655659221
-0.0005363051252050984
0.00018036895276861114
0.005249334032372549
0.00046487160599696604
0.0007069514962722785
-0.0012377436854877433
-0.002051154053147426
-0.0009114747070775762
0.001071167934606748
0.0014433150250421965
0.00048176647708627875
0.0005433878338928182
-0.00044988518004204466
-0.01995037881952225
0.0023289198095493785
0.0014054827668998526
-0.003155681903018021
0.00017773399248766263
-0.00034682658572575225
0.00041639058826778744
0.0007947877036479913
-0.0027516863642778914
0.0006724296884528623
0.00030875030356645273
-0.0005458059824361609
-0.0002681182508565853
-0.0002568110125770159
0.0001032238872674879
0.00021637200625020057
0.0010022395047247115
0.0019962130904297532
0.0017180807890345294
-0.0023119334965897506
-0.0003446843493690736
0.004361503773246431
0.0005502447191342295
-0.00015336013699578964
-0.0003716763890524599
-0.0053999054645987995
0.003398582313404606
0.0029880156198864413
-0.016677717363345373
-0.0018693927140628704
0.003041660528744121
0.00021149420789876152
0.0008689041000566003
0.00022474657278565192
0.00025915930048571776
-0.0006191898960678506
-0.001377281091039141
0.002067539856231604
0.0001556738749355654
0.0005267111362398185
-0.0006535319400980871
-0.00028700121731419057
-0.0015979954472514822
0.00012576712610837677
-0.0003345803553950954
0.0001293891241169472
0.004817772963430418
-0.0012697541809678656
-0.0009691301785753782
-0.0003410869604166861
-0.0008604134975223255
-0.0016056450895880956
-0.0022246115072436777
0.016218669472804818
-0.0011402405099509379
-0.002441325966603785
-0.001100580004085608
-0.0005592615977925237
-0.000862332920712682
0.0001820457515003687
-0.000314020231916108
-0.002321836302954604
0.000320830311819915
0.0003985156377592547
-0.0006901682789020836
-0.00014666198546955638
-0.0004188020178026562
-0.0012961192133752269
0.00010886204086824335
0.00027063030441943503
-0.0006747564371678004
-0.000530294568479383
0.0015393752952466446
0.003490102272960075
-0.0013320147329802536
0.002642673972360966
0.0022004782358028036
0.00016837674605097523
-0.00013645507654196296
-0.0021904785000673795
0.014650463427671246
-0.000998832265563067
0.00018868353275120219
0.0025517955843507413
0.00023606490050823826
0.0002482527896027752
-0.00013692575888167737
-0.00021217040235992765
0.0009335393878501796
-0.001976958813006019
0.00040016037253708933
-0.0005398938324165698
-0.00033922659228097723
0.00026051043217485204
0.0011786125866395394
-0.00013471090044539356
-0.0002888668067480013
0.0005615431342009176
0.00019748673852942742
0.00012192506484352498
-0.00027040450662371116
0.0010105707821374225
-0.0006938265546709285
0.0004808272010986159
0.0007723058396764009
-0.004344170650664518
0.0015613638852265486
-0.0014378792720926826
0.00026671187810614844
-0.011478372417146717
0.007041553062810093
0.0003238842615766773
-0.0008070052697550783
-0.0010358653076412516
-0.002341677214591466
0.00021463068716281064
-0.0001821133661184904
0.002051324374346628
0.0002689520897497529
0.00022581046633064677
-0.00021222943515314207
0.0005119941082033133
0.0001242580729197281
-0.00012520875552036377
-0.00021302020518637114
0.0011348289292858642
-0.00015859883097563298
-0.00012391362736401218
-0.0004257438876580403
-0.00018951789505844584
0.00031582313149793745
0.0008572728064363211
-0.00013244955425775217
-0.00020773186277110871
-0.0006839258980651937
-0.0007822007355099102
-0.004337104655543059
-0.002750060797008645
-0.0015949349332667776
-0.011132846964850673
0.004477555716293348
0.0013454638551570234
-0.00017759985780505265
-0.002118652211903635
-0.0002295961884123291
-0.00039217434226318244
0.00043154259697137325
0.0018434393392817332
-0.00028085863431463883
-0.0004194796981814182
0.00014023580354609777
0.00013892867960155992
-0.00043305467700149386
-0.000976213839945751
-0.000284063523380147
0.0003214353089497679
0.00023966523936873725
0.00021993291168151435
-0.0007743760510585842
0.0002633851704440406
-0.00037821038162694307
-0.00012104080249722258
-0.0002109818002851148
0.0003263478872964485
0.0016969877077815873
0.000977498152364817
0.004279831051173877
0.0015658773439851796
0.00679294930831337
-0.008718261917681283
-0.0014889064008899273
-0.000293292445317188
0.00196686724398893
-0.00042059620409027574
0.0003073770585505898
-0.000287400986605256
0.0005171864358837047
0.0005954658376328332
0.00154605410363159
-0.00040268297443052305
-0.00018891282668462642
0.00034679478344011697
-0.0008781645532088347
-0.00036075729884733323
-0.00019653876150416426
-0.0003829884702184932
-0.00010515255234865818
-0.0003786855198534284
-0.00018338439653052042
-0.00045036890658542634
-0.00043912092129654766
0.00030024571166996323
-0.00011565179456876057
-0.0001243518737179101
0.0007080079429821528
0.0001119972997391352
-0.0003283262839537986
0.00010392671624002868
0.010516868133438705
-0.0008994807821958888
-0.0038330415879177055
0.000572842245317729
0.0006743468207101431
-0.0018595415998742917
-0.0003925186522004736
0.00015878683744560243
-0.0002536333855536444
-0.001592070481904123
-0.00036434331329523366
-0.000382529292087085
0.00012897562421174355
0.00010593917052540828
0.0002769938595003044
-0.00020023257345433965
-0.0008307954829605697
-0.00033187410589010594
-0.0001037973537126315
-0.0003482457843056086
0.0006029168562932793
0.0002395839937909608
-0.00017858534261392127
0.00022521394722899916
0.000535250738828512
-0.00019595894122065362
0.00012990265911199422
0.00032859811314670147
-0.0003422629207806467
-0.010349188837386314
0.00010592062992253333
0.0001697333990075165
0.00020531669751646352
-0.0004613316940639101
-0.0017470681177560196
0.0012563011814396125
-0.00023536909847536963
0.00029236256550245704
-0.00017882663914423977
-0.0014845360561209673
-0.00010570509183395967
-0.0004783177739095798
0.0002472969599554712
-0.000103160375408191
-0.0004064840682559605
-0.0006961330351946154
0.0003053098429442258
-0.00032164554070415063
-0.0005435140513746445
0.0001833049271707817
0.0002520507690655971
0.00019582774798127363
-0.00020047947276864426
0.00019935949622524034
-0.0004321095145326628
0.00022357009042631357
0.00028288621575875655
0.0001137767192846835
0.00017617459074810828
-0.009515200374927124
0.00048560633982930686
0.0014741148324855485
-0.00169531217471762
0.0010795792040083616
-0.00016616596372347875
0.00041535487097022833
-0.0013336980100075368
0.0001110825549419639
-0.0001333274165579082
-0.0004119375849692998
0.00012596432566099248
-0.0007514791528245041
-0.0002603898423051159
-0.00013213847819807745
-0.0002908169346434347
0.00032437461167997137
-0.0004714364432206641
0.00024200935220544147
-0.00017358556594171295
-0.0002546747411399613
0.00041219931872829503
-0.00019278449389896417
0.0005827770500690977
0.00042293711314355894
0.008755912134540373
0.0006061092675288271
-0.000995481729479865
0.00025722869297488654
-0.0014586286979209801
-0.0016065797831579347
-0.0007029656768402739
-0.0006778217158201012
-0.0002651320718760045
0.00031911176424191656
-0.0008465946267098205
-0.000895134153034257
-0.0004115839247559592
0.0001258712134298389
-0.0007145043341726917
0.00018072982508028464
0.00031507997340018
-0.0001430577299791382
0.0001591626228545516
-0.00040845732786604777
0.0002923193207265487
0.00012475352631078428
0.00018329159791060664
0.00026074253592093687
-0.0003880479035051796
0.00014946384512480102
0.00019132400718021003
0.00015427620274353934
-0.0003734142140918383
0.00010553368358787816
0.004620982672905235
0.006719662546857767
0.0004823009022643718
-0.0001930259950005602
0.0009033138673537524
0.00027613767044142143
0.0004927570754415162
-0.0002930804624950484
0.0020558146409100303
0.0004204542828073768
-0.0011740700443945377
-0.0009427817419948779
-0.00010407699110906709
0.0004600469015015095
-0.0001368378214596248
-0.0003666414747141052
0.000602904601300222
-0.0001185724910987109
0.00029154121071271044
0.00011925919550575249
-0.00046656543742942065
-0.00019167706812306092
0.00024163108585839157
0.0003616065348785983
0.0001379582679099402
-0.00019640224742114123
0.00035200891005708303
-0.00026643954727184713
0.00046471483614976837
0.00021410364812605008
0.007598788660682352
0.0008654618094558697
0.00022388940212900805
-0.00042554830330426727
0.0003295961113909917
-0.00017930903528849465
-0.0017774987687387733
-0.0016286867395761114
-0.000461472333047566
0.0006016358406927765
0.00016813288029853392
-0.0003152393498333862
0.0005947562805832849
0.00026852212022980895
-0.0004424695815637669
-0.00016289687635835721
-0.00023186368341683632
0.00026862680918202005
0.00026517141055745763
-0.0001255629589402964
-0.00031141428060623035
-0.00020447655198056047
-0.0001898852923097885
0.0005692481610910945
0.007072405797289556
0.0005993409955770558
-0.0007911442491522139
0.0003686909742373852
0.0001267773347935583
-0.00023975732344139693
0.0003760060339454564
0.00019356802931231015
-0.0016447535881364446
-0.0014059901368172368
-0.0008782669016892663
-0.0006167576661896995
0.00019262302287217489
-0.00016759678375538253
0.00028536491003982304
0.000562219433210334
-0.00010670308170080466
0.00026048442200587
0.0004235178302255375
-0.00014245106226108914
0.00017450233257818368
-0.00014205269854813675
-0.00013936906066736252
-0.0003226134535030279
0.00010786657518898023
0.00021184092101432864
-0.0002682939701658694
-0.0001285221128727855
-0.006675466450710319
-0.0007608493376538158
0.00023606387225697244
-0.00028607359060062106
0.00021319660012825023
-0.00013298921337286912
-0.001365024205690468
0.0001978948418768836
-0.000555827795197606
0.0017578433102607412
0.00044118801233847705
0.0002341415917372767
-0.00011289991148205973
0.00013464538442517637
-0.00030863918943050734
-0.00042541221167189443
0.00026183916216749746
0.0002159210469808032
-0.0003661777791434127
-0.00021612309394438063
0.00030533490642225826
0.0001774713500736374
0.0002705254503083013
-0.00015419678477036176
-0.0006472045418334234
-0.006216821300184699
0.00043598948525478467
-0.0007310470718209031
0.00012704409244335664
-0.0003210482850046934
0.00014582486171066495
-0.00013692950695715623
0.0012106631383513953
-0.00017659565983788877
0.00022929763254821324
-0.0004530312403181898
-0.0008068244669823368
-0.0016061551328527869
-0.00041239537782572955
-0.0004400613139828423
0.0002769228687557032
0.00010138427158584156
0.0001911861526992716
-0.000312875380498567
0.00017987628385734877
0.0001673431053904071
0.0002941917105692909
0.00016033136004738356
-0.00025364124500012114
0.0001497468490115909
0.0002642128027563373
-0.0018320883337740526
-0.005592410890728305
-0.00026615157202028726
-0.0007232794912381119
0.00015167237128053
-0.00113130221509419
-0.0001469492268643751
0.00018154398547575893
0.0006859061295033952
-0.0017046338820072113
-0.0003734036564584384
0.00010845817110828544
0.000332589878724333
0.00010678849307371842
-0.00014994059051448133
-0.00034446348719315484
0.00015656043165713504
-0.000281608091095319
-0.00016000667118144
0.00010936688030018639
0.00023365795316761327
0.00024484418456727696
-0.005407243661082371
0.0012879080346619829
0.0006313876884723486
0.0001415187363351135
0.0001382096364802985
-0.00017350804620861227
-0.00012980654948590708
-0.0010111049744012726
-0.00013047751140357294
0.00011465750540183979
0.0002744985857351281
0.00022183365489028529
0.000118170206268623
-0.00023007839318606518
0.0002255964844182674
0.0016776907813586932
0.00043712850027386303
0.0004074631255877409
-0.0001888307117002191
-0.00012928469490063475
-0.0001667995183935287
0.00027269957705607827
-0.00015497910562316638
0.0002676194476069768
-0.00011489113269807823
0.00022139227526700488
0.00022425470097209706
0.00013245862046082582
-0.00034014815794187515
0.005232383427602641
-0.00020302045752107798
0.0005805322435983779
-0.00016138544768857342
-0.0001096598426387367
-0.00019482683712173494
-0.0009467011826681838
0.0001841462314894477
0.00019873975263404094
0.0001038091528161538
0.00015675748412413305
0.0009570898053544798
0.0012501817019713755
0.000750304044206879
0.00028548182585747727
-0.00010067902140424906
-0.00011685622432022751
0.0002777430621164132
0.00016533293956955383
-0.00012654102312768787
-0.00010641213460131856
-0.0002059217678343358
0.00010649136635701818
0.00017261076291664508
-0.00012386024931213303
0.00023837409726417931
0.00011431301963277765
-0.00029479258684977574
-0.004924400797468535
0.0005140005487769136
0.00015993148790189972
0.0005458179882164053
-0.00017114008873660424
-0.00012988894769025072
-0.0007256657867199317
0.0005745470539433657
-0.00010448511901920915
-0.00016562041502387904
0.0004363816502170983
-0.0005749176889363545
0.0004648999634772793
0.0008565727189340423
-0.0011609467621819373
-0.00012467254871836926
0.0002447490278364794
0.00013988198582642978
0.00024370815677612036
-0.00015907360856243853
-0.00013473172926603837
0.00022670539010464046
-0.0002001663132798237
0.00019746243873013678
-0.0005128962386996538
-0.0016532574663026694
0.004359799133120282
0.00030628595753735534
0.0004421053243318016
0.0003002081861814328
0.0001220864546217317
0.0008669117726213442
0.00011656315308664727
0.00017512942170487533
-0.00011419430898190209
-0.0005311488780839392
-0.000197964656163437
-0.00020825126584749943
-0.0006589488447186694
0.00012462948391576137
0.0013071246862225027
-0.0003277242654075163
-0.00013400660232064002
0.00022031875775518087
-0.00012148228408151808
0.00017007164948271036
-0.00012235400243530817
0.00020813422281139434
-0.00018968827094289304
-0.00011403537934272324
0.0001911041958339738
0.004385173615866353
-0.0008037334985729527
-0.00048081176405293246
0.00012131063742196293
-0.0008168985617506896
0.00011858135683756939
-0.0001239367023007379
-0.00047190225885558384
0.00016035331272690228
-0.00014561536276156705
-0.00012011977026844047
-0.00017350761729723616
-0.0013957510232753653
0.0003594130957189577
0.0002645751714492282
-0.00018030096328852657
-0.00019817205791734143
0.0001280369551124851
0.00018936391125536615
-0.00017255080902289405
0.00017020079470878702
-0.0002259377541405322
0.00422648506287154
0.00045428068154166424
-0.00010895257952458907
-0.0007756413015408772
0.0001360957536601959
-0.0003648412933811586
-0.0003106433287360461
-0.00011910469038376782
-0.0013449684609807557
-0.0004374323307533419
0.00030994505377057653
-0.00018976581129265225
-0.00016624990265202448
-0.00016274892639207516
-0.0001664219152951466
-0.0001003578088027116
-0.004012462504332091
0.0001861262393804377
-0.00037150909669427613
0.0002570664754586535
0.00010945284982403393
0.00018713387294784088
0.0007173860465962462
-0.00014352720238521125
-0.00043850526591593657
-0.00010181844311665015
-0.00020572181580992574
-0.00043138533235120846
0.0006469826622035204
-0.0009781065613563569
0.00012894924574194307
-0.00014493517250306544
-0.00010013703998700891
-0.0005388587047278123
0.00013063047976560887
0.00011317526492558696
0.00016823573374875878
-0.0001640414156652833
0.0001548390864871569
0.00014801835718336354
-0.00026603147149063
-0.0037876236442004538
0.00020633169985890377
0.00031438318918693993
0.0002970965738156421
0.0004032249059457686
-0.0007073666829341156
-0.0004097245540676642
0.00014658361430831888
-0.00015009090591615402
0.0003933433157293571
-0.0004254958300239147
-0.00023037510364525427
-0.0010340611657689716
-0.0004380530998370238
-0.000357988157315552
0.0001619262946302611
-0.0001530593108284944
-0.00014745412845397054
-0.00014286502000278772
0.00015724866751346794
0.00032561914960294524
-0.0036282867272773144
0.0003759790571910669
-0.00012463545730909917
-0.0006680656665900464
-0.0003601090688992702
0.00017121509378630523
0.00011679435541954631
-0.00013670468672588847
-0.00029953091825145117
0.00010057516344906596
-0.00012897707072052333
-0.000236080993895519
-0.0012243755185116299
-0.00014066845696836022
0.00014663242476305882
-0.0001240619302542019
-0.00013219300987943122
-0.0034746780384043224
-0.0003509080787391007
0.0001154362917649736
-0.0006011822990766693
0.00020223927225350834
-0.00036794611318573126
0.00011041681524603662
0.00011628103957104802
0.00027415756723628916
-0.00016355458070294122
-0.0001583781450449455
0.0008040021950852653
-0.0006010536633137624
0.0006576169216058219
-0.0001125109176519448
-0.00011328756306057279
-0.0001368269370849894
0.00013209607580159452
0.00011245837754206303
-0.00034001330805395703
0.0032916656133906213
0.00019427296195893232
0.00012075789170011217
-0.0003316519755920158
-0.00010633003199637829
-0.00011761780599764629
-0.00010625649156553518
0.000596840216878757
0.0003501407495961759
0.0001061633292832231
-0.00026774757074484286
0.0008828092998319899
-0.00046031148275925535
-0.000567755017356989
-0.00018436179090916853
0.00012295227734870199
0.00012305341499273362
-0.00014459548108694805
0.00012831050358771474
-0.00011244773760777271
0.00010930496063661454
-0.003166030446436041
0.0003039423834798756
-0.00015593676168273855
0.0005526894158187832
-0.00017770792020025555
-0.00033139747044719675
-0.00025267627898024187
-0.00014786008648975425
0.0001244522383001886
0.0004263418378214639
-0.0003106406228533265
-0.0009265428572630636
-0.0002952054329428203
-0.00024719329278559936
0.00011354172262373348
0.00011853811769264373
0.00010766719636092837
0.001863113056281893
0.00238820609640162
0.00011097793152658844
0.0003063377782745037
-0.0005531466304486596
0.00031561348974290255
0.00023002211870751889
-0.00017111750805599653
0.0002558382363220548
-0.00030593150099871794
-0.0009891511718868357
-0.00021264010130347247
-0.00017372876379693954
0.00010524531462746294
0.00010382612652905476
-0.00016081787120759308
0.002890939703215888
-0.00029246218644466825
0.000524129158842208
-0.00018727912109649592
0.0002341714045448066
-0.00016153586072698234
0.00014251932046318498
-0.00018286964704048917
0.00010928214977729301
-0.0002835465233885172
0.00012965721420873632
0.000594186864116442
0.0008223189090254674
0.00016012026327702985
-0.00010309891292964577
-0.002760825792423949
-0.00019969603675804595
0.00028175371880991045
0.00020037910825294614
-0.0004523555566691533
0.0002805209557074913
0.0001796071202133553
0.00011217115013937032
-0.00015992417340939617
-0.00016122083719099283
0.0004041482264154825
-0.00024277465737903482
-0.0008869874195117024
0.00011615491773474947
0.00012608850694092942
-0.00011510827972078614
0.0001142016458838457
0.00015904014138922446
-0.00011280473851013865
0.002588291106989762
-0.000263422074291002
-0.0004320263598795382
-0.0002870030910812869
0.00045540212533764493
-0.00016072766638102208
0.000122655712510958
-0.00023370154350623424
-0.0001718728143295965
0.00010041011118000172
-0.00014270476012900966
-0.0002267682606334792
-0.0005648361241920165
-0.0004679094019350786
-0.0004063887926128215
-0.0002783629584740652
-0.00015645066807124457
-0.0003769813243831282
-0.00013474340870704585
0.00012502439635771008
-0.00013745596591422727
-0.000100148339715012
-0.00010484414796765705
-0.0001463176540336042
-0.0025196872252764902
-0.00029180682150271777
-0.0004109381167134721
-0.00013095752412509154
-0.00013586753580197976
-0.0002455884565135473
-0.00010939397315623047
-0.00015832815067320133
0.00015369779439211546
0.000117865175435792
-0.00024004395302786182
0.00013074493932418727
-0.00011330784873978382
0.00026884308041282023
-0.0007647073467787217
0.0004747552164049528
-0.00016175374457776952
0.00021204160774351136
0.00013205925648542217
-0.0001920761937716926
0.00017360864298544552
0.0004621341477876009
-0.0001941286634900007
0.0019575663888935055
0.001224419765421141
-0.00033862490075677433
0.00015753467799444103
-0.00013476010505288075
-0.0002718989281041429
0.0002675237629553655
0.00017044886181222149
0.0001861130342207402
0.0002541742575288807
-0.00026123061813246507
0.0001645865438749791
-0.00012364550837146341
0.00015991766859455747
0.00029039579102141703
-0.00010407305731884976
-0.0002817799483410811
0.00019419811632807285
-0.0003872712672033597
-0.0001958032700604415
0.00043180235953242283
-0.000460228162761193
-0.0003590171009853323
-0.0001230628952368199
0.00010674284898584269
-0.00013497021955460978
0.00012596366039984092
0.00011105167734718585
0.00010331084771111043
-0.00011739582490166723
-0.00010047780820364555
-0.0006276211883747562
-0.00023512643146435927
0.0003149881815766429
-0.000797947717914192
-0.0016892379832416547
-0.0003508597732808253
0.00020373091456266803
-0.0006657995782955547
-0.00031278476728830194
0.00040586314016596923
0.00037829142243294664
-0.0001285790968205511
0.0006063848803005189
0.00012510122505933905
0.00013783479432408202
-0.00020298989967594802
-0.00036668928623197596
0.0002713948694375545
-0.00017211620244154073
-0.0002001300930577557
0.0001408580643027666
-0.00012637047639592284
-0.00017066199370347612
-0.00011359844301534177
-0.0002702478713542715
-0.0002869348025136662
0.00019461210608630864
-0.0003872882457641914
0.00022610205180844246
0.0003618010185410799
0.0001329365235669121
-0.000291609024568663
0.0002174945585822846
0.00023251969181723218
-0.00015424612991222657
0.00022668737140817713
0.00011901588840365264
0.0002778605546722632
-0.0002363457583417985
-0.00016777050387941402
-0.00019394773222025633
-0.00012052319299338306
-0.00011474204559926463
-0.00016093027682106056
0.00012454013371387534
-0.0006363814155993049
0.00020478047081636067
0.0006069355943786716
0.00019173326648326102
-0.0002517546229784196
-0.00012203734985484155
0.00023929824429091043
0.0017445961728413378
-0.00013000756820438149
0.0005958167229456312
-0.00010532195527356929
-0.0007595426902535171
-0.00029321307703011537
-0.00018926232947110867
-0.0002373427558369164
-0.0001454155972138247
-0.00015222493271548353
-0.00035124998841275863
0.00010900144097968823
0.00010309060037341443
0.0001358571043972995
-0.00011696773418641878
0.00017774087956597478
0.0002919731520173853
-0.00011331228354470383
-0.0003480450226294585
-0.0001570224559850978
0.00015995965598552
0.0001384250776610445
-0.0001428905917957256
0.00020958504868117742
-0.0004340376424911909
-0.00015001192742216475
-0.00013480778398965024
-0.00019787834023080397
0.00018195736503703544
0.00017685646818338673
0.00016330774688171347
0.00012318567207228494
0.00013477976036738867
-0.00010335000538662203
-0.00015727606442369574
-0.00034849564942148023
0.00019958599351792118
0.00010248063241657555
0.00020529756874545217
-0.0004124714642858919
-0.00011620670422309532
-0.0003677277211091063
0.0005789174665510525
0.0003703645311317288
0.0007025354542652336
0.00015866988022940695
0.0003180661342967349
0.0004806035852765867
-0.0006966078853949165
-0.0005868059098926299
0.0001912123466934788
-0.00016068397421728603
-0.0010493303565440215
0.00017089616057217052
-0.00024615858340629003
-0.000351774551171107
0.00034579601650665677
-0.00029614408352021356
0.00024024546726290641
0.00035112305500859334
0.00016499622645509403
-0.00020997324329654975
-0.00016358232271195336
-0.0001927991999062037
-0.0002202383009766403
0.00013852865823742657
-0.0001146893567754793
0.0003833173984959373
-0.00013285557301203894
0.0001512888988403171
0.00020328486676410683
-0.00011707423807228866
0.00014811326861203486
0.00020668624731115892
0.00010750576484019942
0.0002176549753798471
-0.0001326288460332485
-0.00027393241424330796
-0.00016878871578155703
0.0001032070867611736
-0.0003682636761745831
-0.00019851392708018764
0.0003564467700836252
0.00013552800408883433
0.00015826010474999304
0.0001159033658615864
0.0001225814573184889
0.0001664384251784637
-0.00045548011905753187
-0.0002796955611787862
0.00018535685890523366
-0.00022868756047693563
0.00017815385878600134
0.00031017677147503143
-0.0001679741378228375
0.00042130810973666584
-0.0010929887737890442
-0.0005292434097388342
-0.00039545643930825484
-0.0008910872384132607
-0.000273600796802968
-0.00036970040405554416
0.00034412402064811013
-0.00014675936228944277
-0.0002901496838746923
-0.0003113100902995989
0.0003451855857003276
0.00010104779600642754
0.00025566695032069013
0.00019133176884863183
-0.0005173329654476507
0.00031723867822386863
-0.00032484415578240387
0.00023639006382620312
-0.0002356984480366067
-0.00027196220410306973
0.00013709594622937974
0.00011064956334492075
-0.00022384944461077737
0.00032528221683082617
-0.00014794262775581513
-0.0002056734499016602
-0.0001915630098354136
-0.0002143245511939614
-0.00022966131934411984
-0.00030967175262102
0.0001408241858154935
0.00020344352877668055
-0.0002843597676733352
0.000339815956547426
-0.00024892475128277767
0.00016421262004669135
0.0002494894689668806
-0.0003317360415071422
0.00011600771492864954
-0.00018631902160865326
0.0005390135923788456
-0.00012393333820196929
-0.00010983726647166755
-0.00013174259520599494
0.00020308172814640488
-0.00013521403838409566
0.0007197758889899592
0.0006525028160085991
0.0006085164687129461
0.00037063326208709664
0.0001299899286768378
-0.0007242397664838281
-0.0005855352080755261
0.00011875360890723711
-0.00031716839242391584
-0.00019431695371363743
-0.00031495069105048933
0.00023961417841739097
0.00026142696374917214
0.00010987590742728215
-0.00023956411243615338
-0.00028414056913118413
-0.00024740310740744203
-0.00011330372034959166
0.00015358837571043758
0.0004979593813333681
-0.00024699675260496726
-0.0002638742051716228
-0.00023793353045658256
0.0003930860049630674
-0.00015715189952702244
-0.00013927033608849646
-0.0001816857220914767
-0.00021126883159960257
-0.00017411638598946558
-0.00021705618488296292
-0.00024450738538475745
-0.0001553820267559644
-0.0002271878905082645
0.000242142905369586
-0.00021260121349455155
0.0004441967451932632
0.00014356615618355293
0.00015939612906464926
0.00014485625020742432
0.00010133493098371929
-0.00012018427837725521
0.00018841639120586507
-0.0002944199726025834
-0.00012010057447235233
-0.00022453330277691813
-0.00011814590826375202
-0.00012107579166278722
-0.0001544621492382568
0.00030341436807641
0.0002147769658930577
0.00029493553063492903
0.0005003769030064069
0.0001293579277436044
0.0001270147718036354
-0.0002293664556640384
-0.0005980730763266513
0.00028887138720672475
0.0006897157171811246
-0.00021987054313502293
-0.0005050024966832803
-0.0005009444101645422
0.00010892587226559953
0.000355982479353541
-0.0005153120356092292
-0.0003205266106019264
0.00033174225465088913
-0.0007747990259760593
-0.00012480893798179614
-0.00019315760289471883
0.0003716449521639393
0.0001643661376184563
-0.00018747472034841032
-0.00013960988818761602
-0.00014425779110039451
0.00014277739010533613
0.00010147598115012379
0.00018038305235134472
-0.0003159144150657793
0.00017026843122606013
0.0001066904395151461
0.00010279763575164513
0.000187595893618643
-0.00030284955995346603
-0.00018141031048928528
0.0003141008026623897
0.00033596200724322976
0.00013292120702203624
0.00021854018610233483
0.00011954401170261549
-0.00013390774886302704
0.0001211738106318691
0.00019846579580557039
0.00039129610263257194
0.00029365398341473154
-0.0001794295676287847
0.00014280534955030057
-0.0004347985810048575
-0.0001264102092021216
-0.00020141264297284152
0.0004745812737521083
-0.000298825273959262
0.0005193478444790806
-0.00011866137588188505
-0.0004107886930504598
0.00015802560479189257
-0.0009860394566071021
-0.0003693072929550921
0.0004727736476275113
0.00020013426682555235
0.00014596123543555593
0.00045065666491104773
-0.0005197670862842817
-0.00017342985603698393
0.00015527350491630846
-0.0001535558474121785
0.00011890350689192261
0.0004639009224213449
-0.00010364207855054384
0.0001377663133134053
-0.00037911751118213264
0.00010259822033318725
0.00011565387222346423
-0.00013430885801157005
0.00014126720534677042
0.00016223221432555982
0.0001211086195016295
0.00020496921478583053
0.0002483377223957096
0.00024655183168246873
0.00014984569931382734
0.00013095572091466407
0.00045959531520431716
-0.00014445689890089794
-0.00023835780159828885
0.00011700638842221446
0.00013382394527393978
-0.00023507621796469393
0.0002163853880251943
-0.00024298699557780753
-0.00012687933183111544
0.00011471478751579491
0.00011498001351222308
-0.0007788117115652839
-0.0004896809880442026
0.0001858827761058897
0.00043022269713539657
-0.0005001763219709707
-0.000312290207484512
-0.0003349946538653118
-0.0005803618278656697
0.0004203728414017564
-0.0004938895938857356
0.00029171613508816
-0.0002163420066969016
0.0001663721852064576
0.00025253784662430945
0.00019751209807484678
-0.00016377626780908572
0.00021425056839654275
-0.0001634188190619964
0.0003966290483950241
-0.0002497983956908326
-0.00017956638820117553
0.00026351193798058986
0.00017604952577679396
0.0001316955002016502
0.00011505110987383089
0.00026552811915672974
0.0001642249682725105
-0.0003502466296698833
-0.00018918815169854995
0.00014642094028830994
0.00015330035218900407
0.00021538243107548173
0.00044200239161451636
-0.000300272691835844
0.00018724799265159203
-0.0001916873976714141
-0.0001039145788314659
0.00020207638005909328
-0.00035809395146170546
-0.0001404380349572212
-0.00014505139893354575
0.00011695136231005012
0.00012101554547093313
0.0002958963849878381
0.0007178377226283768
0.00039717074664536415
-0.0005413082023369512
-0.0006337639333809207
0.0007259928541397949
0.0003652098863604069
-0.00014875189962336373
0.0005142446159472219
-0.0004121965464926431
-0.0002900724451725688
0.0001023304821757649
0.00017937731794908258
0.0003868302929445868
-0.0001360565557657247
-0.00015240737835785893
-0.00013480522606045968
-0.00012241985167710085
0.00019435196875722114
-0.00014727210562024803
0.00014706363854044975
-0.00023842119319239868
0.0003223032088412078
-0.00017481092593603758
0.0003733239696184606
-0.0003388995107453292
-0.00016533756001280907
0.00020599463845942628
0.00030561850051401214
-0.00021044307799691268
-0.0003632411435708934
-0.0003199055658921429
-0.0001223207775854935
-0.00013851559695589763
0.0007490270415570638
-0.0001364567900855306
-0.0001017858933952047
0.0002814687504189761
0.0010209299088401714
-0.0004803238046245054
-0.0004943914115540728
-0.00010738958855428075
0.0001911052504290144
-0.0001357197803794443
-0.00013339024322627045
-0.00027349319733949244
0.0001946941091173455
0.00014266166068956443
0.00012999737764620947
-0.00019159792793235894
-0.00011580693576089077
0.0002433927397256377
0.00015659396391561406
-0.00018921289276907732
-0.00013027268059756625
0.00014335204383199884
0.000551664794146493
-0.00020912373677750407
0.00015143449262417112
-0.00012111271176244792
-0.0001674247201389273
-0.00011432971782097868
0.0001008840576724948
0.0001264629554407634
-0.00014186732183799742
0.0006779218780562524
-0.0011580912173285503
-0.00011240173619449908
-0.00048509624005568976
-0.00012829042380455713
0.00013669354768724906
0.00018511218993082508
0.0001273279073486596
0.0001304906440095687
0.0005631748425746754
0.000213190462661974
-0.00013059155963693694
-0.00011216069163549422
-0.00011221472413149699
0.0001990363415519067
0.00013544020501446826
0.0005521717832593564
-0.00014656469331134192
-0.00011739435812752578
-0.0011313873579322756
0.00016584100877121982
-0.00011729582931331462
0.0001346215445845593
0.00014183724229392995
-0.00023344269998475304
0.00015380117601723308
-0.0002137234747727237
-0.00012118000859305255
-0.00012711774883313563
-0.00016129975158414014
0.00018086230775704715
0.00042451820977669485
-0.00046407081981292324
0.00020048657150669523
-0.0001883732683150222
0.00013343270849049542
-0.0005701067433154901
-0.0001843972901259415
-0.00014695035688305687
0.00024672307500291156
-0.0008258699540743315
0.0006989651796668183
0.0001598763973022577
0.000151439381967495
0.00011684906462127665
-0.00017546428181777052
0.00015043773554277202
-0.00010643474229352402
0.00010882737385290098
-0.00013568863371310225
0.0001608917577594947
0.00010307999612015863
-0.00011018502836283923
0.00013371143967322663
-0.00018578636837219338
0.0001192560109459737
0.0001440100617771908
0.00018739980299051532
-0.00012663809361160167
0.00014260919454758253
-0.0001923574092552649
-0.00010744600908787356
0.00011995803047838574
-0.00014673560226512942
-0.00020127150239890383
0.00010696020293067906
-0.00012985804389740042
0.00012880445691824374
0.0002057776561374989
-0.00010004936103816486
0.00014586375779298066
0.00015531814587447154
-0.0002144271171973398
-0.00011903486578664695
-0.00013386279221363714
0.00011251580763133253
0.00011560899779047756
0.00021728394140963994
-0.00011783680254985238
-0.00013790716021883448
0.00016812201043760408
-0.00022369466933574986
0.00010059789675613284
-0.00012166010733238804
0.00013301606503500387
-0.00017197675072427965
-0.0002318501734768112
0.00010702917317255954
0.0001514584919364225
0.00017870633212447817
-0.00024015810331553871
0.00011114298784117792
0.00020431672400938496
0.00016951982667454948
-0.0002480276057403573
0.00010130411803194917
-0.00015054423390468844
0.00014420413090438964
-0.00018219849335541523
0.0002398343435066261
-0.00010865343569425291
-0.0001425871491378038
0.00015276283782851712
-0.00019486949837797525
-0.0002633663571149521
-0.00011646433613851168
-0.00013800210064095973
-0.00016811511194459412
-0.0001999566231855194
0.00027210364503826547
-0.00011854570950577844
0.00025029830628820637
0.00018694919321366583
0.0003194235217691434
0.00033654394963618557
-0.00036240714666049395
0.000372368334750675
0.0003872130729688242
-0.0002977399923197739
