0.8882050722291359
0.28666960604624453
0.17434063328919486
0.1623912100736009
-0.03973594161606888
-0.09694636684564298
0.08025294432061986
-0.07971393162501922
0.028342589886123655
0.06875068543513413
-0.07070526949890302
-0.046430576893493065
0.0016809623443113176
-0.02340222840316415
-0.05495822028726709
-0.004542762751007985
0.003286927629047959
-0.055835975413629835
-0.06002951413435022
-0.0034063346320744045
0.019288910501897752
0.0011474067013192612
-0.0026806738940508713
0.008243029776134605
-0.016132749926830947
0.005572509629775364
-0.0197281425185464
0.06760452895797762
-0.00030737748880321064
0.0006439975484758635
-0.0006044385875739271
0.0022565150499099878
-0.00022692169120584586
0.005536515189763552
-0.007067760989528506
0.06376637348507522
-0.0017999006404139696
0.0006303489719662315
0.002121683471009066
0.00046569442767319477
0.0019899407975932444
0.00031478479210236257
0.009512893204311337
0.0054598067445168295
0.004159030538552567
-0.05502979276802159
-0.0012755956578310202
0.005505460474967246
0.0005186536869725263
-0.002449566246210982
0.003221640529193678
-0.0004340770219310329
-0.0006829454222877636
-0.00011202467625711049
0.0005161867848706013
0.009061637601901361
0.0009389380114034458
0.01441212614051226
0.04640101488988212
-0.0020861388104316844
0.0005929884436145273
-0.0009798076987686374
0.004155774660634312
0.0006188587645831106
-0.0005466757455854317
-0.0004919162891425405
0.00019484644102137427
-0.0003383750491878381
-0.00811576407614126
0.0034563539391759645
-0.0010651523740311478
0.04134688576933821
-0.008391257380589445
-0.003929818448629699
0.0015688487627582173
0.0038888899890976132
0.0018894027979936756
-0.0009734438712807749
-0.00016685311255138226
-0.0005843567013244398
0.0002719564739843634
-0.0003733969758174905
-0.0004760983445208684
0.0005818764069639942
-0.0008560923693313741
0.007226873688105675
-0.002105709867505733
-0.00037991610086464
-0.003059784425000635
0.03677426603860653
-0.005036538746584252
0.0008921879974544638
0.0009389718321192183
-0.0037801092739579703
0.0024943339171865117
0.0002234117422556116
0.0004922558850328267
-0.0006028569406112757
-0.0004465039295148181
0.00028671628546242
-0.0010655197387971253
-0.005681566603039456
0.0035457919766827325
0.0008236108711268005
0.03276948452168306
-0.0005676599463618929
-0.0012584868139548509
0.001598952354084397
0.0017332894926495408
0.000358077870441042
-0.003925016814641473
-0.00108174597513387
-0.0003984277445228198
0.0002691812429881916
-0.00028448431481777953
-0.00021086206893287308
-0.00037244886824193613
-0.0002013622216439607
-0.00021596296932449807
0.00046288844414780627
-0.00031686599336067556
0.006103848291469779
0.0010647178574131537
0.0011549680321321413
-0.028783744751252772
-0.003853783016008331
-0.0001600950787054122
0.001452501175501027
0.0011118041576335023
0.0038122165717446805
0.00010204377013360244
-0.0002718930339248113
0.0005849490950048999
-0.0002851770855890011
0.0003641035945350757
0.0003289963413559292
0.0003289531778216661
-0.000364283978248846
0.005526667644799366
-0.00021985240744711693
0.00689373987408389
-0.007981347180474576
-0.02362278237982677
0.001369753444455485
-0.0005602126680202131
-0.00014430490356474485
0.003769573827834512
0.00035070406327506484
0.0004941300718421195
0.0003286150855061446
0.00019346886176149238
-0.0004567166257505819
0.0003607881494022198
0.00012747343887692088
0.0002064615703589191
-0.004946577092705735
-0.0015356061825708479
0.023036876288455736
0.00012945937408558695
0.0019904987321918872
0.0001528758912091113
0.00040111198678822606
-0.0009266513365050835
0.0034514540086817576
-0.0006390814253642327
0.00012813009426089917
-0.0003463278198650517
0.00030373776079753857
0.0003674344107418649
-0.0006281603970436435
0.0002478569880766515
-0.00010913189682335135
0.0001240132489622399
0.0003118371795358595
0.00022729391177296057
0.0032370011705853867
0.0029014901859886187
0.0012679898152152752
0.00024628202640098465
0.0207544605460554
-0.0014724005426501783
-0.0007621337061151541
0.00046934796403781746
-0.0007949101194905841
-0.001152995715619652
0.003001355925796085
0.00023714617323915762
0.00010850259238307488
0.0001755517540819334
0.0001877038543445318
-0.00026122055612728246
-0.0006655576465547725
0.00012171365742851323
-0.00012204300890016803
-0.0001436451276681194
-0.0001240930760707216
0.0001115393008764555
-0.0001546431827905811
0.003320481729328965
-0.0022464867118756125
-0.0006358677798466117
-0.0001507686300807653
-0.0015929673535853375
-0.01873541745363745
0.000828937209505113
-0.0002013411758221424
0.0010532227408424693
0.0025720915549012576
0.0012245219401159373
0.00017318447362726564
0.00010108327967732022
-0.0003095989844510677
0.00020568692490930218
-0.00037034884127662665
-0.0006183026129617618
0.0002378984708021688
-0.00014651307055976457
0.00010173015746663538
-0.00010140796789182264
0.0003729378359183304
-0.00020408948983779233
0.003647662795429717
0.016997285761972965
-0.0005300318797427672
0.0011940548452421486
-0.0008310310319016638
0.0007838998694557077
-0.0019844432976977504
0.0018857590173785993
0.00018562069871369048
0.00023570395458481834
0.00021942032048543334
-0.00017608738475610226
-0.0002629396341172034
0.0006060247160542072
-0.00010639708977891224
0.00017060585599992375
0.0008982637422413989
0.0026921560585963338
0.0017784068956299436
0.01488146260742242
0.004444110351343583
0.00043993537366602696
-0.0006351151460303444
0.0005461133654833304
-0.00042556592520325075
0.002469197259100721
-0.00022064665317577043
-0.0001791022840834596
-0.00011720987634308433
0.00023404430601689605
-0.00025625427017477294
-0.0005832916103650187
-0.00017409244266596724
0.00010529105542470589
0.00015062445335408084
-0.0001624089389993429
0.00012604076229059304
0.00015900211537279887
0.003047829039866267
0.0012990204436267537
-0.0061828720166231125
-0.012482854881904431
0.0019204868671877696
0.0016276145767474847
-0.0003975849296556553
-0.00116276923965024
0.0007232029141844714
0.0018530516810934675
-0.0004038659810444037
-0.0002432289847132644
0.00029365309630258256
-0.00054209699953232
-0.00011747112900366509
-0.00014203044755102263
-0.00020375560879215015
0.0005122242711090217
-0.0011898052219891108
-0.0024485470661993283
-0.00035460675701042476
-0.0004669821877493961
0.012976852908637052
-0.0011818387923621112
-0.00043880706825881195
0.00016052162922849857
-0.0002585032972661024
-0.0021223055404952576
0.00016399595379378707
0.0001903268566078705
-0.00016601837104461645
-0.000570964344482611
-0.00015497902271247168
0.0001437290717691523
0.0001823661986210934
-0.00014779056056106346
-0.00010541128566455065
-0.001940400436890297
-0.0016153149541776564
-0.0003267908949266837
-0.011999771102989172
-0.0002893884250060894
-0.00016394468228371413
0.0002923613286343311
0.0019308690673045508
0.00044314482625071327
-0.0001881212297890244
0.00019365127382671036
-0.00012506147322365494
-0.0005507430534785129
-0.0001022893555875003
-0.0002356069478754238
-0.00017410937585199182
-0.0023167413645228045
-0.0007356004430483116
0.01104458351328539
-0.00012476303149415983
0.0005751790905734357
0.0003378322620928778
-0.00010864933457708019
0.00013395779046132073
-0.000666048385718313
0.0017118836009208608
-0.0005306944438930187
-0.00010998686955324598
-0.0002409992489343508
0.002111919612803809
0.00028668744142472917
-0.010154664713513374
0.0014747455648015072
0.0003450069409856218
-0.0005842901715524549
-0.001577277513052897
0.0002840715913042755
-0.00012175705778486543
0.00010306748905639009
-0.0002129995649828568
-0.0004735549289553367
0.00012211117245705265
0.00014182632586743287
0.00019067256399321765
-0.0019030917277864552
-0.0004431361735182393
0.0001666727337523118
-0.0008189469022716675
0.0005658473689659381
-0.009456609483800843
-0.0008557057305454356
0.00020788351171511024
-0.0014708540359423129
-0.00017190926430547538
0.00014762613884273864
-0.00010794924466466803
0.0001721770113602266
0.00011810686976570736
-0.00016399723106869552
0.00023537826535244106
0.0003554095400153265
-0.00024600684954114615
-0.00010491381155886346
0.0002149085216955264
-0.0016253198418415631
-0.0007706626785763064
-0.0008299679709664028
0.002481949443417642
0.0023564497984963806
-0.008159863914076112
0.0011966026437993489
0.0006956962574298852
-0.00013256193387589025
-0.00015588276914109552
-0.00013963497640784894
0.00038615280541916833
0.00013656863604609963
-0.00013520518245813883
-0.00020507528435856467
-0.00010650570313204408
0.0016246212614568123
-0.00034670381835344503
0.008287570598986065
0.0001644908409441061
-0.00031263068825875944
-0.00014994052151483372
-0.001280701961436011
-0.00017870701624342957
0.00039286162882602336
-0.00010995054918401194
-0.00019963846940609616
-0.00011005312454004432
0.0001426291851947667
0.00021027464688708146
-0.0012139607183292496
-0.0008926012795819289
-0.00015996718422420575
0.0002504231412546463
0.0077513438610247514
0.0002188747219148452
-0.00014309180171866948
-0.00022526577195762583
0.00017931781581412455
-0.0011601902834262685
-0.00012758115465715905
-0.00036899590296710045
-0.00010366288295632483
0.000182027640632905
0.00012195806399513975
0.001269645677162135
-0.0006101268844038178
0.007023950643785601
0.0018872909782418758
-0.0002601410599776764
-0.0003055609793577597
0.0010516951616145716
0.00013735871179770953
0.0003384991272784679
-0.00018326520698534073
0.00010475362413868045
-0.00015586054302633057
-0.001298356439603502
0.00021518555207360662
0.006826839911796685
-0.00014363741063673879
0.00030876913025916123
0.00019312792452979874
-0.0009637695585997302
0.00012719396108465297
-0.00010630034625220794
-0.00010962093244520162
-0.00031545690305233607
0.00017649351934146423
0.00010522392912672442
0.000139784908238294
-0.001207624625815128
-0.006413911604201437
-0.0004920535469659714
-0.0001376388767674285
-0.00019270424524315996
-0.0008926816084541363
0.0001643170536409144
-0.00014044061874154062
-0.00012046362453735254
-0.00028665487826122396
0.00016880091210422771
0.0011319457427793763
-0.0020404198009333916
-0.005597963628568486
0.0011404498947404028
0.00012054487426375017
-0.0008431858459672548
-0.0001004048330485279
-0.0001248750154357842
0.00010194630348117432
0.00027451655385578533
-0.00015783555293620485
-0.0010535627771638529
-0.0057280558668445294
-0.00010206762106132749
-0.00014160880332802443
0.0007769867854917855
0.00014547586045870456
-0.0002562213573899506
-0.00016042766858983493
-0.0009714463480767481
-0.00021823652231294446
-0.005403063731865219
-0.00039188750215670256
0.0006976819240733137
0.00018995165598426582
-0.00016036306447730632
0.00023476120362536489
-0.0001331709735959633
-0.0008253937326201314
0.0003833524347828835
-0.005122983469535425
0.00033180056530224267
0.00011525594660917389
0.00012290109188340368
0.000672015877499575
0.00012155373839401609
0.00022242749025975887
-0.00012915904145219717
-0.0008466871311212058
0.00010307539800250053
-0.0005424003644156816
-0.0002855361951782739
0.004816646452750753
-0.00040195698978928474
0.00016479157717035588
0.0003567130393624761
0.0004989213790014443
0.00013581740678509616
0.000210867718641955
0.00012614686782169663
-0.0007946141583440737
0.004624313792861395
0.00012749523051698857
0.0001652798619268734
0.0005750180633056707
0.0001219300536609787
0.00020018924807901125
0.00011518033628720071
0.0007452480626504882
0.004397987763535091
0.00024015241930820303
-0.0005371197740951885
0.00013155700526905546
-0.00017143857609108135
-0.00010921297914530381
-0.0006953291033244647
0.004009254433885822
-0.0012293586470232072
-0.00012354493833364013
-0.0004953234656133883
0.00013562926598312998
-0.0001706099961581693
0.0001053435531942098
-0.0006548528251091028
0.00012170465752950427
-0.0038150768900739587
-0.0011946869876554723
0.00046276508163583206
0.00012275282950458436
0.00016033001735936875
0.000612709574201148
0.0007627645143553721
-0.003742997725344311
-0.0004316425720510883
-0.0001289596456333051
0.00015123963598349233
0.00010255038190760519
-0.0005790976590980359
0.0036346439299088148
0.00032115545184352624
0.00040216132663077587
-0.000129735790444143
0.0001403250853263657
0.0005480051860044245
-0.0034912866010636894
-0.00036996947355372655
0.00011663027157453985
0.00013510857108672286
0.0005176936849996005
0.00015536262390897785
-0.003341619594006974
-0.00034109550469485104
-0.00011547042348315333
-0.00012556333861888305
0.00010753889354009478
-0.0004909577164147567
0.0032065144265151758
0.000313582866133466
-0.0001146686812376025
-0.00011520891140816447
-0.00046653417617152296
0.0023375556421270536
0.0019686514156241485
-0.0002577671822928525
-0.0002522557545981233
0.0002647553767041774
0.0001089308476168351
0.00011170048979002523
-0.0001012369070163278
-0.00010857622887634209
-0.0004426121865350695
0.002941257953948485
-0.00030464497096990183
0.0002582941517058191
0.00011114797931346287
-0.00011560083084634141
0.0004237894594114797
-0.0028301484534482765
0.0002540151049120555
0.00022936927845661908
-0.00010935848357017698
0.00040171634901564195
-0.00015653127051010814
0.00020263034716464266
-0.0027153137571330915
-0.00013512586225356677
0.0001568315591362417
0.0001917767245523497
-0.00010790214682878425
-0.00015694653328002266
0.00035260825695726544
-0.002623283830770773
-0.00018620534497644633
0.00014138679413563127
-0.00011204347066339614
-0.00010156612841860909
0.00014684963147318085
0.0004007962459736182
0.00024659414892373363
-0.0021664145120320203
-0.0012177438701863508
-0.0003091439480850016
0.00013304163187126167
-0.00011844812698676864
-0.0003068428519935165
0.0010793225291352987
0.0001255986445104065
-0.0015601074251065735
0.0014479944764906173
-0.0001026776549041142
0.00020765828386553218
-0.00021923148225621957
-0.00019284600665538148
-0.00011660588215679185
-0.00017471542775240068
-0.00010385325750539232
0.00010243777157883043
0.00010158546670696501
-0.00016427064754132487
-0.0002523928903710577
0.0001015514895885801
0.0001978190617595273
0.0007423125320305823
0.000298687041560666
-0.00010982276093685055
0.0006015228111585005
-0.0010788430953914613
-0.0003366848743622798
-0.00169513297352636
-0.00024245314954920405
0.00038690496718620264
-0.00016805413033431542
-0.0002482019172260245
0.00010022271991323283
-0.0001661641171458103
-0.0001355513298615881
-0.00012378758233579684
0.00030733218781751073
0.000131645186145487
-0.000170491356020069
-0.00022891251393718746
0.00014215171115042693
-0.0001299359854945383
0.00012448062651250504
-0.00013296909677788582
0.0002835920289018215
-0.00014094243918612705
-0.00016013145081381162
0.0001623349414874332
-0.0002458487622950163
0.0002698006048050514
-0.00031262463320603514
-0.00011419590078973925
0.00012181432360503288
-0.00015979139050105286
0.0001528680480635087
-0.00033590992014297073
0.00019999047611195405
0.00011945644717208502
-0.00028727610100586116
-0.00030199695766337787
0.0006145891840793525
0.00010839939853611912
-0.0008108396957856129
-0.0007802923205081937
0.00015730950719122108
-0.00020601471504307176
-0.00042601450244896314
-0.0006305570670002987
0.0003973365161157637
0.0002634398612679055
-0.0002495272734873788
-0.00014755305298369558
-0.0007958980362715635
0.00019976161006401728
-0.0004896509313516122
0.00023396752618184944
0.000315255323054524
-0.000319967270088766
0.0005184676155489327
-0.0001083394854029765
-0.00012418733530061122
-0.00022841986614046127
-0.00010797644306998008
0.00023056723142850295
-0.00020756225779451772
0.0002495926725607959
-0.00012753622297453614
-0.0002132888163060866
0.00017781226981815378
-0.00026500612605085365
-0.0002377846397912198
0.00010687178066443609
0.00011057371086324454
-0.0001584275891079354
-0.00010271275456412475
-0.00015065046090710545
0.0003958075125078915
-0.0003137281841748631
-0.00019208377884243587
0.00048062438569151987
0.00011216632045516856
-0.0002961111022515704
0.00022744040371466768
-0.00023941372166448875
-0.00017129897621811517
0.00014448584373297725
-0.00011510112037925342
0.00023669973929747165
-0.00025641872680338897
-0.000995929815295008
-0.001195825045974842
-0.0006147692450731348
-0.00037122757253541715
-0.00017363818277028287
-0.00022377697729574717
-0.0002571478446993096
0.00015998083376345858
-0.0002058154027251004
0.0001799358872791934
-0.0002837701359590245
0.00015660032105893168
0.0002152404148172926
-0.00010135710158198821
-0.00012079209531283371
-0.0004512332966195723
-0.0002538141572231543
0.00023837485438603717
0.000256546149644263
-0.00010812208952067864
-0.0001909186579795554
0.00015151648817091168
0.00022304299667660533
0.00013057262700674903
-0.00010481134468938411
0.0001480976751285997
-0.00014959313859752135
-0.00015282951826086038
-0.00012488466926770042
0.0002439715137402368
-0.00022695172473518924
0.0002038904173170998
-0.00012275069138643213
0.00021120673680405906
-0.00037651020837083126
-0.00011628214571327526
-0.0005841538494148253
-0.0001755489466519372
0.00011003891673724665
0.0005471116462883366
0.00044077162953559256
-0.0001119825855571438
0.0010302999285361463
0.0007464343922156361
0.0004044378916758526
-0.0003189962777708584
-0.0008117671170102132
0.00023189106019468546
-0.0001077938806409988
0.00021732324831558544
-0.0001566026043574256
-0.0003289018680190612
0.0002607194990600789
0.0001658694278129521
0.0003799800609391162
0.00015479137076220082
0.00020152914171770185
-0.0001887869389941323
0.0001104950313464659
-0.0002097377887814553
0.0002334163187083028
-0.00015558779316384827
0.00011066934344325145
-0.000233764215094312
0.00013409996076074997
-0.0001425360224194782
0.00014095266516243616
-0.00019750779259970324
0.00011500702753149638
0.00022926375241544498
0.00018119477816070457
-0.0001120606119873311
-0.00016183696595873918
-0.00030084570203349205
0.0001472625174149406
-0.00012050954397484144
0.00015824829128441742
-0.00014499079695667828
0.00034455439041761345
-0.00021208313832907718
0.0002031700158172756
0.0002054543452069106
0.00010791326885840148
-0.00019706942814724465
0.0001789740349890781
0.000209306354858878
0.00011098090208028274
-0.00022191858204861353
0.0006070291506588257
-0.0008369060079382361
0.0001432267529398929
0.0004897548019182501
0.0006202455364973611
-0.0004031086291664704
0.0005107319670123292
0.0002814978491299127
-0.00043600543610914576
0.0004292846853322913
0.0004582857581139198
0.00028761732338053236
-0.0005842647896849675
-0.000248606082851426
-0.0002114109524392259
0.00011298007136473407
0.00015411570644985125
0.0002611138192382248
0.00018939499491374168
-0.0001836916667714224
0.00023018321248459807
-0.00019741867954852489
0.00017675288009937165
-0.00016550081678149412
0.00011300441185358012
0.00015854561160633625
0.0002654710305054737
0.00012129388871120783
0.00020551523210069926
0.0001042194216714614
-0.00017126932122874756
-0.00015108232932830294
-0.00018548945979834843
-0.0003993716768159283
0.00015764450616799654
0.00016431784329252566
0.00038908153660891843
0.0005530440788206031
0.0005906762886677284
0.0001998010802230244
-0.0008310420603362298
0.00030998082045939173
-0.0005968477779633336
-0.0003614332409614574
0.00059836643389601
0.00011916159762878418
-0.0002073103333657447
0.00026406212565081703
0.0005710257913900087
0.00024177148184236912
-0.000261722362617052
0.00010163989312735061
0.00010057101382929192
0.0002390644888745421
-0.00047488094203623727
-0.00029306820130000824
-0.00021856861670166823
0.00013137455494798236
-0.0003001780889415348
0.0001041105818848578
0.00011810296884755973
0.00020520419833643084
0.000131928377142191
0.0001194078116134122
-0.00016506936527925688
0.00010629393028848015
-0.00015256019197167187
-0.0001914539021030603
0.00016167589471502108
0.00019756504500333444
0.00012028876586059708
-0.00012733613402353096
-0.0002326745164721335
-0.0008804956435105091
-0.0013511967203421885
-0.00023352094273601696
-0.0003004162683267148
0.0005146833887676176
-0.00020174207755262866
0.0001510195065205764
0.00032108280088716804
-0.00011504691620262985
-0.0001874988014521477
0.0001463043155595787
-0.00010920137248808184
0.0001356942359899993
-0.00014500844060571767
-0.0001752516647717487
0.0001487751879405564
-0.0001905418028108849
0.00017335463851495005
0.00019096160976931964
-0.00011347715654413791
0.00011317662140915119
-0.00016627702853647602
-0.0003468696360232426
0.0003663034755016042
-0.0004778564754808256
0.00014932672075274652
0.0003451409244167867
-0.000306633406986135
-0.00026361933319816723
-0.0005977903670319185
-0.00027184175000650584
-0.0002698422648052985
0.0004164289450976926
0.0002518428579480819
0.00012872170222171016
-0.001092954661852882
-0.000298588552436438
0.00019466694950031455
-0.00015009006035016792
-0.0002122258357821954
0.00013496703011603661
-0.0005647228357356994
0.0001157972487103846
0.0001891827749405425
-0.00021445500076064614
0.00016008846737346633
-0.00014715399432657685
0.0003276014581991023
0.00019990875606230624
0.00015222302297879543
-0.00038176415778306904
0.00017287644101732737
-0.00015842170190081344
-0.00015061939396404544
0.00028450190039882466
-0.00018869492758978197
0.00014281878398458088
-0.00010947555581803956
0.00010856969591180462
-0.00019801071564534519
-0.00033451648042696214
0.0008947694999400428
0.00029029739175931224
0.000823502850813886
0.0010492421045719927
0.0002001803172054663
0.00012332812490487471
-0.00036815839000242987
-0.0001636221939858532
-0.0005523434282868058
0.00017020960225330901
-0.0001116849310906037
0.0002066198750101479
0.00010234271217019424
0.00013668992231690675
-0.00011176313186600461
0.00012013822680865418
-0.00017314584502486563
-0.00011414334648874492
0.0012522434921773034
-0.0005704530934425075
0.0004035383700610399
-0.0003882528633672324
-0.00019841047343640897
-0.0006732735287239106
0.0002480263055452099
-0.00012320309845158942
0.00028176361333296583
-0.0005534891412036971
-0.0002433976247213329
-0.00024141083195442566
-0.0001497379462666149
-0.00025152655539695457
-0.00010194065175008559
0.00014172500473788894
-0.00019310200474793412
0.0002289052337725222
0.00010411549197612109
-0.0013084718231671727
0.0003903644567015598
-0.0001848596350531039
0.00016132052888441517
-0.0002301711839218533
-0.00010133031624342464
-0.00010061329179041195
0.00012652933141542373
-0.00020578860016216626
0.00028827316126139
-0.0003270564252997266
0.00019320345832095129
-0.00010582389159547431
0.0001100975428676539
-0.00013206505371784203
0.0006624738408340396
-0.00012716917487620336
0.00011421867187849672
-0.00019945195944040168
0.0013650918795826777
-0.00048265499837812106
0.00030957053074744773
-0.0001289354591293091
-0.00015283792392436484
-0.00021054894518187644
0.0001050037931716744
-0.00013419431252431716
0.00017112296190876657
-0.00010684435800339251
-0.00010857139369442888
0.00010985179967666419
0.00018640655881972117
-0.00010088788792353705
0.0001176928916474941
0.0001445602335082378
-0.00019069234890423716
0.00013438081924175123
0.00013546072970210682
0.00019115184460774214
-0.00010881393571025727
0.00011191106464669419
-0.00015166106278149846
-0.00017890084969976079
-0.00010917262281604992
-0.0001284859693653496
-0.00014290264044162864
-0.00020647069898391244
-0.00015262530041431702
0.00015597826903495109
-0.00020965625585829314
-0.0001221134625967488
-0.00013107462473875464
0.00013566874040745144
0.00021580139620024652
0.00012002439321777502
0.000134939589653029
0.00016885278515571834
-0.00021094267150213156
-0.00012459829291146035
0.00012978245446897534
0.00017288060669619232
-0.00023386566671053423
0.00010581659136357792
-0.0001501207570510628
-0.00018076627809079053
0.00024049218077889646
-0.00011049347700594126
0.0001812212629048004
-0.00017733285955703288
-0.0002490235021236542
0.00015800766375213729
-0.00013739709524071298
0.00018264732406063025
0.00022570499179642918
0.0001511205931414594
-0.0001406422414123795
0.00019596032756932986
-0.00026395998478652893
0.000168822880407558
-0.00013704192633163867
0.00019993294554854725
-0.0002703573094945184
0.0001275486294022797
0.00021299898984276466
0.0002084386718122206
0.00029273343144539226
-0.00010968164157978105
0.00025017784053828933
-0.0001719601152544632
0.00010570642260272108
0.00024680885586477705
-0.00022363857779014398
-0.00011857148498543004
0.0003594054689246094
0.00042092643503112583
-0.00035556761511493
