0.9814985120476682
0.06103894214334537
-0.14502915144754835
0.021421300422283438
-0.02576345553196542
-0.06807416623844513
-0.006626075022122692
-0.008935253993183775
-0.015373509445720348
-0.04382703117006671
-0.00534881405563757
0.004365866913858664
-0.0016011790259514392
-0.010056148084777885
0.03148331611141348
-0.000124394725450106
0.0016544204037766514
0.004299913848614049
-0.02207459101492867
0.011030519135042827
-0.0008850299087655348
-0.0005515967452541396
0.009577350468599252
0.018382442027588968
-0.0032895262782604105
-0.0024089804046716857
0.0008458774554239721
-0.0005870821672856632
0.000143697567749185
0.00019499277075130583
0.0031570842088211063
0.01903825651324421
-0.0016552533122752454
-0.002709696234403588
-0.000253080810676327
-0.00047231798465011105
-0.00019335457882403985
-0.0004126601734583004
-0.00032119147064715826
0.00018886912728318726
-0.00035589440714824095
0.01702439953313345
0.0021343549975432865
0.0001760108363140063
-0.0003276788452324817
-0.0001371030177610307
0.00031185363906422554
-0.00026907062175466544
-0.0004390324436712191
0.0003809531144883546
-0.0005026430493379897
0.0001410217646920926
0.014629567219127095
-0.0009452954681788779
-0.0004342484971239412
-0.001694440687052156
-0.00041647376187266933
0.0001298828099123766
0.0003488772368085281
0.0001881504208235474
-0.00047479219446952716
-0.012607888636071877
0.00013783660225157092
-0.0002594675139738168
0.001326252218412765
-0.00039083755667584355
-0.0001724945815292122
0.00020039615095745385
0.000317781784497089
-0.00015041615394273487
0.00038320719018833626
-0.0001396329586494817
0.00013887171931215698
-0.0001521267918514751
-0.01088892410516404
-0.00013571332473040156
-0.000341862066910093
0.001074570853076044
0.00018796896670631645
0.00011646682461751131
0.0002819230129978074
-0.00015159607853817874
-0.00033291473676269276
0.00010159568937887758
0.00016335448895629258
-0.009434886638367793
-0.00023052459852213565
-0.0007427544762585974
0.0008651159080107961
0.00010599772235146751
0.0002505903917072961
-0.00014631317693026004
0.00011288144711076147
0.00027269025566028186
0.00013253585449444222
0.008281725328356061
-0.0007071739295772414
0.00012540163985764032
-0.00023222580685663955
0.00023109060215081203
0.000124652654469667
-0.007290493919115266
0.0005891039554212764
-0.00011309031259063308
-0.0001178743922517447
-0.00020645712226876985
0.0002008524003412548
0.00011137806786025832
0.006459599976548799
0.0004882833615198346
-0.00010373661096865459
0.00018477241520493322
-0.00016222008088550343
0.005757439261342319
0.0004118363287218663
0.00016727214473346119
-0.00013789023624719162
-0.005158272842067543
0.00016052494622561015
0.0003487070268639329
-0.00015130532573704372
-0.00011846557144469953
0.0007632270793734275
-0.004580261754225232
-0.00021961676506659895
0.0002980793902635005
-0.0001390900987218987
0.0001022684881957027
-0.004206987449991372
0.00025672532999736024
0.00012569334602029132
-0.003823702218062735
0.0002225549161106077
-0.00011539626555775666
-0.0034893767181071703
-0.00019403726656591568
0.0031964564104228614
-0.00017034361894947237
0.002938354849037919
-0.0001501171378825685
-0.002710028760429355
-0.00013089552967428974
0.0025069154232827033
0.00011828429183175518
-0.0023251983724114048
-0.00010570775115271358
-0.002162601271694316
-0.002015068880352092
-0.0018840476781823222
0.0017643314870121672
0.0016555595573550927
-0.00155640367252139
-0.001465966707496996
0.0013829904717497198
0.0013070221708159576
-0.0012369786224935267
0.001172380888206227
0.001112797262784323
-0.0010576543719919445
-0.0010063551331613368
0.00095881525603981
-0.0009144779588204854
-0.000872802808535607
0.0008346589830553039
0.0007986187079762613
0.0007648183551241276
-0.0007331482353422472
-0.0007033082286482458
0.0006748579521160638
-0.000648939081211001
-0.0006244009080513032
0.0006010778978856081
0.0005700889668072735
0.00010394327565727141
-0.0002339400192041955
0.0004483182598926601
-0.00016467891191952952
-0.0005371537081867807
0.0005189182118547903
-0.0004994617975342415
0.0004845219696424746
-0.00044749662080998456
0.0001298878053373083
0.00011321688227524907
-0.0003748678610360323
-0.0002300053787936323
-0.0004399153417314955
0.0004248548366592335
-0.0004077910427370655
-0.0003795096813642184
0.0001015932568362695
0.00010140138120556053
-0.00013030450948924908
-0.00010207724786573834
