0.522979457632707
-0.39323845658535406
0.12102032902304699
0.07170658468560992
0.0515942061868452
-0.04020552975527146
0.036343151007158785
-0.04056697434761155
-0.5828622412502525
-0.02643244998727281
-0.18454079425160233
-0.2324307325315049
-0.005496058008946597
-0.12177258630593289
-0.07191954877638555
0.12828578122639395
-0.08052250339658841
0.027803249792067962
0.07482285920596451
-0.0849971480645239
0.009267574880688523
0.06338757281375693
0.019269555952504794
-0.008866887420305027
0.04497985980994494
-0.07996571545280061
-0.03966513441664747
0.005375352194101154
0.005308096007849581
-0.005644252599381602
-0.08918651180007181
-0.01073695040041654
0.023187696083036464
-0.005593721923937733
-0.0037184093184745937
-0.0001795319355792289
0.0016330671428359724
0.001039209385824125
-0.08260323860518341
0.005049565838419371
0.0012752374858839828
0.015271534379299312
-0.000798344198035483
-0.0010943550204914067
0.0028826410112746973
-0.004637450983859459
-0.005867361288558405
-0.017070297328242078
-0.0650060434007126
-0.028057222859234274
-0.01778690739453312
-0.0009971238510625498
0.0015032675426319701
0.011528165434036002
0.0038089652316948288
0.0012951858683578309
0.0018936066770446239
-0.004106075574611542
0.00035117227203938133
-0.001431972561408864
0.011341475356905642
0.0015559348446795226
0.06520675572127936
0.0014672522341541783
-0.0005379088549550885
-0.0032378590819274345
-0.008631228799742584
0.0013227452843147165
0.003503309500989441
0.00868901903374563
0.002214514136503876
0.0019714080080676715
0.0011030356117205401
-0.0002833885986791026
-0.0054832991051910794
-0.0044892521803614315
-0.01940596649867938
-0.054260608685901816
0.004066668133249241
-0.0041974921323187425
0.007185453522412645
0.0023625403831487157
-0.0007391007583497652
0.0007807005110047824
-0.0014046337366334168
0.003966204776422301
0.0025996323182121855
-0.0020474011965365877
0.002252405716275854
-0.004329476192978046
-0.010976567110717372
-0.0038028106746814
0.008662407247281114
-0.03709150882539256
0.03300556796180313
0.0053754943720047245
-0.0009708765507081633
0.0025408124288904925
-0.006055232852266886
-0.0010789131826969
0.004712046878555477
-0.0006503548457948315
0.00037648483896948287
-0.0008985611556076219
-0.002282856612380746
-0.00017566330593211715
-0.0006439512942940465
-0.0008666088623149764
-0.0026487354873316825
0.0006087152624782253
0.04610417628425843
0.001840641629550277
0.0005310082779392388
0.002961368535526711
0.0006902836599983711
0.005780165819389575
0.000956182415065796
-0.0003442428747698893
-0.0013519737918043049
-0.00405997859878063
-0.0013429202879205952
0.0001398980726945487
0.0018948610051856326
0.0010221764241557362
-0.0010844779707325164
-0.0018223638049550154
-0.0016288420607385458
0.0031162218309482
0.013431669704368928
-0.031004530528748474
0.02281526366727151
-0.0007007781982204482
0.0005860358300746186
0.003517160454887022
0.0012849017599426637
0.0026304510546601204
-0.004860910944937228
0.0031247503598776016
0.003408863509400053
-0.0015377257351982673
-0.0003198275156827039
-0.0008100287428982322
0.0005978536576970165
0.0017699953238641028
0.000990811878260483
0.0013048024555634078
-0.0019283568475316783
-0.0005702211826616676
-0.0001777972562260539
-0.005846437884209409
-0.004532562532307247
0.002910169046249798
0.035519723279329125
0.000620368727145574
0.00015157465964504778
-0.0020683798338916376
-0.0035544217619741755
-0.0005529632621859226
0.00019557574678610956
-0.0013199434594038096
-0.004575813421726941
-0.004337775387130655
0.00021432950506067102
0.0006187112352856116
0.0031451786502562336
0.0015356586470567887
-0.0015028930465308763
-0.0016380166218987852
0.000946360415711664
-0.0002975760151107875
0.000663342552067624
0.0025125470790550407
-0.0029109795057903998
0.0270502811792068
0.017615227627680374
0.0017791723899764523
0.0019510505600534636
0.0002092480817674866
-0.0033176965523798205
-0.0010061630846237863
-0.000659298144752047
0.0038394768697291785
-0.0013808377611715013
-0.0004466091395007524
0.0004263806547609155
0.0006693716630686875
-0.0007752439120809198
-0.002567672223256011
-0.005386589159221071
0.00030664937939477426
0.0001838931137195027
0.0028961274631901348
-0.0006884969578256978
-0.0008461945499816152
-0.0023908006924887354
-0.028977694266954523
0.0027703898129739163
-0.00010335940353855169
-0.00032388265921795827
0.0014686490458905176
-0.0026259097101578453
-0.0002906358316687383
-0.0034063829299463408
0.0013149391321889484
-0.0006848232018302137
-0.00039302181268497115
-0.00041232216590965853
-0.0005751417987513384
0.00020866334856790034
-0.001005086804198061
-0.0008114361980087093
-0.0019362800387266255
0.0013229319131332548
0.0018311993129464695
0.0008905028961927168
0.004230134642016537
0.004033973024680727
-0.0022752438262017816
-0.0011436473439495796
0.0005601148251057859
-0.003023515587161973
-0.02594698431987914
0.002024640640616432
0.00016838526120377067
-0.0026100672174889624
-0.0001856363297854464
0.0005510963947476335
-0.0008971068019073344
-0.0032740548402520188
-0.0005912114934132548
-0.00030839625116981304
0.00027851101768007063
0.0005229921382252128
0.0006568452879929398
-0.00042106488525725527
-0.0017732141842976066
-0.00039680522906703045
0.0005736182276328771
-0.0006300942295614096
-0.001122365480435088
0.0002532823355604413
-0.0053292235382108024
0.0030951092397365964
0.012808118176368864
-0.017578821857717555
0.0029389892396175944
-0.008376099332308273
-0.003891127142149786
0.002278084941824637
-0.0008400550339872504
0.000709688035755178
-0.0002587864384864308
0.0004078112529728261
-0.002108513591048395
0.0020427857791989992
0.0006317241950644047
-0.00032153606980513783
0.0007439601201598993
0.00012889842705086278
0.0009106501550324237
0.0014084543412377908
0.00018197912479934187
-0.000360771557914903
0.0006061927915815983
-0.0008233243248357931
0.00047073921633599195
-0.0005054950682644687
0.0006571035429863691
0.0010070322851106783
-0.0003400277631545668
0.00013409950985070166
-0.0013312542766030521
0.021974911538102472
0.004043907700882217
0.0004997819809520556
0.00012943530316855952
0.0021661652501617744
-0.0011115920374625834
-0.0005045100281996245
0.00017555759443279727
0.0022903023240638627
-0.0015170804314476993
-0.00010231940440841845
-0.00039723031972560465
0.000691954521542577
-0.0001222355237280647
-0.0002550392632629598
0.0005719397956949455
0.0013119975580970283
-0.0007021650734881399
-0.00026811843443390315
0.00013908010875681958
-0.0008096929702172042
-0.00031350571952250104
-0.000627589177996406
0.0009371024878737715
-0.0001389015367158888
0.0010244807029534484
0.0002709865498548
0.000594993778572131
0.0033032574431309607
-0.00561421311038507
-0.019222508849167035
0.0007674594534109254
-0.0007086790305164233
-0.003016842063392415
0.0003671967011967097
-0.000656824840936573
0.0004483841630575093
0.0011825454947877736
-0.0003511203416078363
0.002489826808409792
-0.00047950359655850024
-0.00033151460755142723
-0.000495618375897736
-0.00020014285529815505
0.00021257869826053178
0.00015569366279731003
-0.0014276754259003807
-0.0003251646518453469
0.0002597386189526796
-0.0006051104724432208
0.0001511599822561309
0.00011678400955908911
0.00011154534491590593
0.0005699688248554399
-0.0009224378585141943
0.0003481913952791755
0.0007183819759953921
0.0009818092000527575
0.00039181966882316467
-0.00019837537867398197
0.018317773581313104
-0.001815068558045643
-0.0016759226203971217
-0.00048185624429858935
0.001100756531619291
0.000620384970788789
0.0013462837458985584
-0.002465668587359913
0.0028966835095277674
-0.000814020857158257
-0.0014674217296730364
-0.0001616949473516132
0.00015579132420920382
-0.0005277101974451021
0.00021038033433863043
-0.0001751616762675788
-0.0004559314568040826
-0.0009960216430044443
-0.0007587726135063115
-0.0005360005048844782
-0.0002465906323076231
-0.0005252625670639186
-0.0003308538643749571
-0.00035393295819067833
0.0009502443493812105
0.00027786023221028377
-0.00032245949450038046
0.0006355649419895477
-0.0005026541990396347
-0.0002715334633626182
0.0016242164995434254
0.0008711272359920697
-0.016807563444831124
-0.001430038442366163
-0.0005212305704704442
0.0011302905016155533
-0.001140823644543842
0.0002783089987039748
0.0005308907368742717
-0.0006659577394301344
-0.0027680438664937396
-0.002508981453667541
0.0005703574683000663
0.0007166045751504718
-0.00067363771704099
0.0005820312947135282
0.0006886208402981483
0.0009364109353913681
0.000459038739595256
0.00034444856867508117
0.0011309488909260843
-0.00018555829560604659
-0.0005220488804881643
-0.0003125082418210431
0.00018565782795553325
-0.0009722813733277547
-0.0002964619130642803
-0.0005945284118464523
-0.0002089187279560108
0.0003493482706548665
-0.0008795990069653458
-0.00011223605097272483
0.003986273258816461
-0.014228937085164085
-0.005014870775614254
-0.0010833499435546439
-0.0005157934535147508
0.00011366013067957662
-0.001042333596709989
0.000504363107478173
-0.0005412286136387856
-0.00015905897832767154
0.0019873803962315597
0.0014284666259156355
-0.0008017925431579045
-0.0006543841620140692
0.00236765173268499
0.0011977800615711664
-0.0013954857186738421
0.00022049555632504687
-0.0009961139898808913
0.0002419095801637256
-0.0002525767877307054
-0.000521714981188694
0.0002069438786174041
0.0005301096128797653
0.0003353807583784856
-0.0007686340675506721
-0.0001946692487109173
0.00010645419132293675
-0.0001628323039266935
-0.0005041445688215441
0.00014777775488331854
-0.000176432874131832
0.0007513552795893666
-0.0005784350813851698
0.0016291553144325073
0.0034528654578361287
0.013933905376817601
0.0005422067990045721
-0.00022669408590810696
0.0007884459462273732
-0.0007226210621824081
0.00034386726841352077
-0.00012786416588950991
-0.00011941713461416241
-0.00018101201169330803
-0.0022565279286540486
-0.00036513569685769833
0.0003715806795218074
0.00013255416583710542
0.00033835020864825705
-0.0005566650490172638
-0.0023488799144766787
0.001715000150841279
-0.00021414803615390246
0.000944112577105683
0.0006193310359721738
0.00037844538878389065
-0.0007139149692707801
0.00029302361325045823
-0.0007215877190733465
0.00041174832048434883
-0.0003050762352676176
-0.0002602063254211335
-0.00011495773905074963
-0.0002742414939020738
0.0005806337326494204
0.0003726445718401588
-0.0009515175723647141
-0.0002456531063086963
0.000620524544850575
-0.01334673434831304
0.00044833248703982347
-0.00015725403098152627
0.00042966386853548935
0.0008571780846516738
-0.0004151251209116366
-0.00029664259736834615
-0.0020719189689632745
-0.00018978108344499612
0.0004028607695744019
0.00027087671650204907
-0.00016670550584159288
0.0006238938555238139
-0.0013448406171967455
0.0008179804656550907
0.001432879363988906
-0.0021546892630970225
-0.00012614747874066737
0.0004892595188931135
-0.000391434923892966
0.0003407700250378102
-0.0006646494579903093
0.00021994853334693124
-0.0004130283670823573
0.00035467546951230814
-0.00010232252144692889
0.0005358508755128928
-0.0005312069114185863
0.00019331547858328452
-0.0005216360464346857
0.000454977131800819
-0.0001923932350938467
0.00343068330161368
0.011949438260519453
-0.0004557377168970596
0.0007529917538694613
0.0004753115085361202
-0.00013029887126122922
-0.0004079125138452161
-0.001900693672970527
-0.0003566129823612728
-0.00012352662688790503
-0.000192787273154891
-0.0002738872014308826
0.00017570415663209274
-0.00011625879841666611
0.0011658528919465802
0.0004424589498962365
-0.0001527100012561362
-0.00034534093362148863
0.002473678372664802
-0.0008771264445640031
0.0005086031780303903
-0.0007229664977980626
-0.0002769749631114564
0.00047512930940208763
0.00021542295050186252
-0.0004470787051989186
-0.0001490788689394536
-0.0003023568752228497
0.0004852919248885315
0.00041158858037779823
-0.00029665174300545153
-0.0004807384959322897
0.0006314296981993286
0.000541728879065975
-0.011507371807191904
-0.0010272269217283542
-0.0005452751262792488
0.0007462079705494755
0.00023795436747252246
0.00016498782261355636
-0.00035744025704499336
0.0001693415957738178
0.001741594141540583
0.00019329800568374864
0.00019496865115576115
-0.00024266782629843404
-0.0002532723675173538
-0.00010207394001628414
-0.001048899517410756
-0.00031555122103687697
-0.00019902390673343096
-0.00021181730930880835
-0.000333750693414958
-0.0006457249638923835
-0.0015843050048861167
0.0006939615295017056
-0.0015455929333926827
0.0006092572712326782
0.0004648955355168674
-0.0010711942992847944
0.0003131052275485265
-0.0004923492046450625
-0.000224415312792856
-0.00034334447683494104
-0.00010822510991342964
-0.0003726627610021201
0.0002286056690728684
0.00012077485327885195
0.00019697160108537637
0.000516300641150261
-0.0003684935194234939
0.010735429296364332
0.0011371404617554351
0.0005381912706687677
0.00026330629928260574
-0.0006620302998695354
0.00012923411655153783
0.0003720955789818454
-0.00012321668431700028
-0.00043517166621888804
0.0016105220891990178
-0.0002948783734052666
0.00015657240701998334
0.0004419099855157062
0.0009081837325411777
0.00019314463352613278
0.0002249272126312671
-0.00020346495829240728
0.0002080225248922237
0.00017711869708040393
-0.0008141586152559893
0.0001912304442650048
-0.0005140398823498112
0.00048682457044633753
-0.00038873155834748393
-0.0006286010853200375
0.002216683611744736
0.0005355628095048773
0.00027166511123975453
-0.00038694983500240423
-0.00014334855239495195
0.0004543043901381166
-0.0002500977430918143
-0.0004633723730931386
-0.0004905645769917731
0.0005845822945129619
0.002358170702540719
0.009817596156648211
0.000577026188954623
-0.00030036674332942876
0.0002266043192820321
0.0015171703140393965
-0.000492089823083425
0.00010299204044760596
-0.0002907348787448579
0.0002621446677184211
-0.0008351414051391704
0.00029536272472244213
-0.00012977173352906468
0.00017700491087262995
0.0001368229283575765
-0.00011045602241231898
-0.0006946947598845684
0.00033625661292914093
-0.0015699301730680555
-0.0012842934883572966
-0.001065098433417766
-0.00048239147355189115
-0.0005987268727111879
-0.00018561370541514595
-0.00046556427959634403
-0.00010715430794646352
-0.00024862526403487555
-0.0003697900453611682
0.00035955894316556334
-0.00025157667865946743
0.0005963992835658616
0.0004951788606057206
0.0002529959760788557
-0.00936611461286492
0.0012240610965564163
-0.00035236806170687007
0.0002620463798293542
-0.0005847927253806263
-0.00013158446151160177
0.00014363854026358948
0.00011708489486741573
-0.0014941830317357848
-0.0001573707980724361
0.00029334339940856417
-0.00012468327381775818
-0.0008179088244627144
0.00010181231494848536
0.0001516464328291693
-0.0001833296400922277
0.0006362650759478151
0.0002422211198120568
0.00014575668767919295
-0.00019251726295920109
0.0002046672721644909
0.0003719320401464472
-0.00014091952439977367
-0.0005852343426289156
-0.0005667672647761426
0.00038634984198081295
0.0015586144947241523
-0.00052325464123013
0.0002221056144866893
0.001335678448173552
-0.0004521783208894547
-0.00018571579140301079
-0.00036708459205477304
0.00023022294876144298
-0.00017806835520733713
0.000339159889219503
-0.0007291371825045063
0.00887181994918438
0.00017578420973729753
-0.0005188379147308921
0.0001157826186941547
0.00013709975635526703
-0.0013921838513353713
-0.0002850222146121274
0.00015583646943782394
-0.0002245178742279331
0.00017687544845110704
0.0007247519777825621
-0.0002886189861294079
0.00013610957924443565
-0.00027571068015481965
-0.0005460686415723478
-0.0001335680866533025
0.00021368642520248454
-0.00014147026480952407
0.00014709527329640176
0.00011676338920384628
-0.0005587697420087723
0.0002966393282187037
-0.0020116634226980956
0.0008400210672970009
0.00032376400603032103
0.00021716878999677365
0.00035064318128273983
0.00018369916785607017
-0.0003669840062651182
0.00011992869681405627
-0.0007743654478760316
0.008324384392958024
-0.0003377235182814336
-0.000470763692366622
-0.0002094451928737204
-0.00017029511048542424
0.0012640864928573292
-0.0004202928282353773
-0.00023118310934928151
0.00012184762919891718
-0.0007664436140421949
-0.00011337214927830219
-0.0002688943656221708
-0.0005330345018030423
-0.0001411881103679447
0.00010469747455094874
-0.00044053817490411726
-0.00015964265094577993
-0.00023557323870540802
0.00023636620579592152
-0.0002756454997940199
0.0010629796321505998
-0.0016975303127791538
-0.00020890447182754586
0.0004179862696628433
-0.0002693004739779809
-0.0004962693025263747
-0.00020933482349674165
-0.00028668254988123973
0.00027220331621907615
-0.0004556409354671521
0.0004410402815368595
-0.007844110974825607
-0.0004102399736443823
0.00018164392576699274
-0.0001413868821408501
0.00018182790513049526
0.00046065398094262096
-0.0006936421921231907
-0.0010339186315682315
-0.00031784314122344976
0.00012297777469626897
-0.0007109287699628758
0.0001522112939908848
0.00021623248311277224
-0.0001341035299088621
0.0004874246507629178
0.00010147775532469341
0.00040668837273770593
-0.00010881395683001774
-0.00021541644844713735
0.000133593076462947
0.00017272107788968556
0.00029181783399180274
-0.0005415129403270643
-0.0009751598694961526
-0.0013265456089536602
-0.0007559505029513843
-0.00094312755732821
-0.0002864402646930065
-0.00014157386872698632
0.007411356698644244
0.00047399449173391134
0.0004188853798993985
-0.00010200418513168671
0.00024491084745280616
-0.00014452126589612285
-0.0011797971841466526
0.00010885480249396725
-0.0005046726144455237
-0.0004043698913944069
-0.00023931658581878709
-0.0001358035102081617
-0.0001681190297344826
0.00046248100467871406
0.0001658325157662215
-0.00010580020007164782
-0.00038162743952748645
-0.0001846322409878171
-0.0001114014948925547
-0.000124396202727338
-0.00010114189435920688
-0.00014059347579190395
-0.00031446872434671194
-0.00018748807055060608
0.00022231900266351165
0.000790752227169517
-0.0016629395531995664
-0.00048732130907163995
0.00037881438583300974
-0.0005749876391300003
0.0002763086132727014
-0.0041099508362524755
0.00567061647243653
0.0003207893684422571
0.00014032389923246535
0.0003951067416478164
0.0002195191739885739
0.00012136635327356919
-0.0011196159862558548
-0.00010557732432820487
-0.00013724520986736698
0.0006415049430604671
-0.00018345421678059727
0.00046592895461620266
0.0001030827998485592
-0.00016710151579983225
-0.00031675049075330423
0.000183474089043063
-0.00014789695433305885
-0.00030951261723266755
-0.00012962359690690258
0.00018959744905360854
0.00030165845104853354
0.0001965953236924996
0.00036149252227449024
-0.00186726055306348
-0.00012181281676829688
0.00017114265629913848
0.0006850502771406287
0.002436250503658731
0.006138186310522588
-0.0001611616299931846
-0.0003445403810370217
0.0002591269398125883
-0.0010594208500762754
0.00016993581180917201
0.00011386466939442525
0.00023990189613832345
0.0005690180130349369
-0.00016048272330571755
0.0001144730744431474
0.0004349382270353526
0.00011614310143897713
0.00019559705500111127
-0.0003276968831762415
-0.000277353335252426
-0.00010072922311581181
0.0001793593036500662
0.0002761753158689079
-0.00010848174434139992
-0.0005233941248081115
-0.0009343307963042573
0.00014790316239037514
-0.0002800915460601046
-0.0004340324574645376
-0.0017384258255661734
0.0004849421301365553
-0.00012156851450132642
0.006175356639079485
-0.00032550253120792956
0.0002480632050253047
-0.00015655745695774702
-0.0003810351509983088
0.0004033096814336596
0.0009339318168517957
0.00017976334780511099
0.00010127471497062545
0.0005668596760175819
-0.00040667183249446285
-0.00012097396554323474
-0.00017535995835050566
-0.00030689934072047464
-0.00024879918151706073
-0.00013006802630554008
0.0001501889137528859
-0.00013014717955581715
-0.0002699517299420611
-0.00015130637651671
0.0001807015599475186
-0.00022885958854138716
-0.00046008772930636907
0.0025195526146945557
-0.005665700486821324
0.00011834978687504528
0.0003790667296559977
-0.00011915236578787563
0.0009634242527731556
-0.0001783784514863858
-0.0005439983563248211
0.00011318385420615293
0.0003821374814713719
0.00010850658266827021
-0.00014359428181383912
0.00029594441834812586
0.00023550351814184638
0.00014894630900288524
0.00012074599928069661
-0.0001529165518036209
-0.0001572509905035188
0.0003761382319401414
0.0001996143345528477
0.0057249565796657475
-0.0014370098515817048
0.00023183684737358438
0.000343157013216503
-0.00041571673445027073
0.0007649711306123879
0.00028670896039023527
0.00017024775468073178
-0.0005151796607746212
-0.00037547930728825773
0.00013662513263201916
-0.00027486952206149344
0.00022961276651538057
0.0001578907274774654
0.00013792511515304243
0.00013258235462600457
0.00012373775200670928
-0.00010988048161968022
-0.00024162897919583073
-0.0001798722279525469
-0.005542087081717571
-0.0006960027987233702
0.0004603075853831087
-0.00019134661730595533
0.00043771227169524875
0.0003216902731710608
-0.00019604180577817724
-0.0001695721604515055
0.0008652955072088699
0.00014733637170278753
0.00016412511271202113
-0.00047205104928557554
-0.00012616361308166634
-0.0003607832691517544
0.00021870703060646827
0.00016888012489996515
-0.00022137085762219708
-0.00013890781776307353
-0.00021544110926356076
0.0001328420987849705
0.00018618504828655006
0.00010879274222302985
0.0001236582967859265
0.005220297310184417
-0.00030832148441615315
0.0005611044428206947
-0.00024180926103030067
0.00017719898265420003
0.0009720874385630258
-0.00017179582841971418
-0.00043726462223182377
-0.00053511311941034
-0.0006173458503040374
0.0004688927450103048
0.0001341719502637379
0.0003319365133400203
0.0002608104649440133
-0.00011607731871281461
0.00020922372055467785
0.0002011395949776216
0.00010910554365243232
0.00021491833073812025
-0.004394570564076425
0.002178620398448895
0.0008752651793570026
-0.0008712495647750523
-0.0008624955419681103
-0.00012765929662994244
-0.0007482916477896698
0.00010358295443560015
-0.0004369569605084219
-0.00013380057205319198
-0.0003208702756929131
0.0002477877446157326
-0.00011504278171378507
-0.00019912541934210653
-0.00019269876350100587
-0.00011353498462923656
0.0001846855965930165
-0.00016548615503804795
-0.0001925875278148093
-0.004731722521320378
-0.00010673820883364423
-0.00011566070609174157
-0.00020658469070460131
0.0003662307658081601
0.001174011750575664
-0.0006973201059953401
0.00010379659092012268
-0.00028396652994971006
0.00031694813883365275
0.00030452487776397937
0.00023412157375116027
-0.00019239462526985553
-0.00018227760416614558
0.00010750680035520289
-0.000166771778000661
-0.004513033337018794
-0.0001281497885747493
0.00011968727876741382
0.0001144190510487901
0.00018805049015431033
-0.0002051157787255136
-0.000494850456277646
-0.0011774146147184629
-0.00013809369015543765
-0.00042049748201980177
0.0001798450658921174
-0.00014866109807310724
0.00011906836702271412
0.000401208817342537
0.00011073017749510285
0.00019413947239401637
-0.0002186451009349981
0.00020058726588195893
-0.00011836698032628767
-0.00018114233254369592
0.00017654348292787662
0.00010395140197003172
0.00011973615208193787
0.00430662247469545
0.00014524907949170287
-0.00013586830692677667
0.0001471019243763081
-0.00014723527671446437
0.00013836723079407143
0.0007296693331603574
-0.0005944350473025096
0.00013046788731913535
0.0002522041154009779
-0.0004891044606822431
0.0006965569356599539
-0.00037618263065513496
0.00038317496747536123
-0.0002782722469786537
0.00010826352306471435
0.00020933736705639052
0.00017513740587852113
-0.00016230037250265455
-0.00015338183442952777
-0.0003992758660565506
0.004097841166078182
-0.00016299185323199458
-0.00013232667220724984
-0.0007516196815462951
-0.0005247425619344995
0.0001980414983098013
0.0009112725660436939
0.00022343477420892622
0.00036440991247170513
0.00026511781276178045
0.00020530934786691557
-0.00016521930136876575
0.00017713691778499144
-0.0001344867451185473
0.00012824183119864666
0.003930059553550744
-0.00015324485748446237
-0.00012049552173927385
0.0001383928593737431
-0.00011792465139493477
0.0006969265610042534
-0.00015031581755407214
0.00019189226233608508
0.00010315152041907692
0.00045750062214189763
0.0009118039259866148
-0.0001257948020002857
-0.00016453335123168224
0.00034943279993265803
0.00017808378542913888
-0.00025298160373851106
-0.00019491163226813108
0.00012052757388629029
-0.0001049268716733112
-0.00016033595371511472
-0.00013536568990729075
-0.00011802956765614242
-0.00011153834597514819
-0.0037140451677804406
0.0005803481835159501
-0.00010241059327286374
-0.00016570458994733808
0.00015466666335828833
0.0002451811671558178
-0.0006077957361514811
0.00011079913717943366
-0.000433882917324847
0.000686325704993847
-0.0004922298121462775
-0.0005382975079396295
-0.00016805645993324124
0.0001971896767396127
-0.00014429842857405112
0.00019914106031990593
0.00018181228200176395
-0.00015320955794394014
0.0001069017897625225
0.00012633224332287614
0.00010135512668484506
-0.00011664973177042266
-0.00016424425623301123
0.0035800552026196255
0.00029931411460621993
-0.0001530123372665702
0.00013314662768323666
-0.0005971688202602696
-0.0003165719149727674
-0.00023507027451986342
-0.00030728620568918
-0.0007477733989314625
-0.00042805723438059937
0.00013818056743485088
-0.00015385118192458473
-0.0004638210517919331
-0.0001237044181968833
-0.00014065331918223768
0.00014409265427625174
0.00010148874548938927
-0.00021230296079955812
-0.00013737930531578635
-0.00011977840309127865
0.00013408275425016137
0.00012436656916151612
-0.00010612002128817307
0.001258926168544989
-0.003185105398684817
0.00015300374976535099
0.00017225407854008814
-0.0002593650917090194
-0.00011830422341903221
-0.00028527825949981457
0.0005207640357731693
-0.00024109463805102097
-0.00012407478726883688
0.0001701962198700182
0.00017770043921867606
-0.00035204101813704643
-0.00022441382136292775
0.0005029200724106246
-0.0002663125074983716
0.0007271632665327756
0.00010773255730148898
-0.00010159304733560077
-0.0002765064679290623
0.0002172543491635923
-0.0001406987083484648
-0.00012809685375650886
-0.00013990468147983607
0.0003668404710984581
0.0003941324993955975
0.00045824448447868494
0.0013062845785941726
0.001977766198983484
0.002074896687920936
-0.0002850806068303865
0.00034970159877719087
0.00017179726637363835
-0.0001048519809257516
-0.0003107884773377156
-0.00035428128089545367
-0.00033146789968750955
0.00042134026137108117
-0.00017726686010727317
0.0001933855100584006
-0.00019743645717522004
-0.00012919024747480364
0.0005454647053244753
-0.0001814244163000529
0.0004636145546157678
-0.00021967381688413066
0.00015899886212990714
-0.00037224291006324677
-0.0005157905532942879
-0.0003479449497914418
-0.00026975911606630566
0.00011128141618398533
0.00010710769474187971
-0.0004006031864185356
0.0004636207670929085
-0.0005354508345747653
0.0006475127500529064
-0.0023109760593505767
0.0011977502437514648
0.0009941999243281245
0.000475852300094912
-0.0002686621705319594
0.0005403071078352719
-0.00016670570385545093
0.0003284690842812271
-0.0006437004840408951
-0.0002424892478505514
-0.000156266505442149
0.0007045677738489761
-0.00018633438761275333
-0.0003591535936574511
-0.0007124642893459081
-0.0005734985307828921
-0.00018795505093459737
-0.0004037518192800359
-0.00013107645350503194
-0.00011543294257663781
-0.00012804921760901006
-0.00013443655224865418
-0.00013163374546621342
0.000127203886612679
0.00031112246517209853
0.00021447045969531358
0.00014793651673532815
0.0005193793816155641
-0.0007151415519023789
0.00011356455408787431
-0.000521186627669372
-0.0005570272495576593
-0.0008039471125464352
-0.0016894912539419339
0.0018489573156276503
0.00010017177454713151
-0.00010966074024820838
0.00046901944057140406
-0.0004352244020550684
-0.0002523428346116681
0.0008180751379816432
-0.0001737308179183711
0.0001885630844117481
0.00020174907602617367
-0.0004043565499165396
-0.00031113111171400103
0.000386408472165688
0.00015317567389721892
0.0003890825195070708
0.00011913448353450664
0.0004949424825886977
0.0002307935799493146
0.00010471693913225177
-0.00018855765345406945
0.00022198646817420532
-0.00011758565753960635
-0.00013731724762734837
-0.00010400016647666297
0.00017241674401989712
0.00016433474604665607
0.00021654169835453785
-0.00024372077145222524
0.0001254816749041784
0.00030588235784387177
-0.00022176623472025986
0.00011373781959855452
-0.00016077259241541972
-0.0005430136896727502
-0.00013343291908057706
-0.0001482377770579429
0.00016888826617213437
-0.00032435499321906125
-0.0009455791833608963
-0.0005984242116429133
0.00010189992333353155
-0.0002531961956548998
-0.00011095849349607104
-0.000540568178886527
0.0007892524831599763
-0.0007564978510444228
-0.0009740658581602036
-0.0009013121359816612
-0.0009013017039749583
-0.00012074888116543968
-0.0011893280577548885
-0.00010353196520483746
0.0002451897582337666
0.0003217095474141337
-0.00039577327590325763
0.00043694072390046515
0.0003260767991136813
0.00043569990740724727
-0.0001542921744745099
-0.0004075204969753074
-0.00022115006331572374
-0.00017122386506712183
0.00014205174991653347
-0.0002631438985038085
0.00029502515534457767
-0.00034274779667166995
-0.00018103012356171389
-0.000342668900292305
0.0001817300464864535
-0.00030866845988563045
0.00014678952929711748
0.00017046475176979767
-0.00022710295173705082
0.00020085348784341955
-0.00014542336725243164
0.0004103262044177401
0.00011203947285671314
0.0002534952784012642
0.00019796992040588358
-0.00014947574402034508
0.00011878985419251955
0.00015354501708975666
0.00015263067943450758
-0.00030728129421835456
-0.00019391598070147463
0.00013237789469650241
0.00047365767926385675
-0.00019023628735532463
-0.0002299377020813729
-0.0004435282289861092
0.00021629211438295537
-0.0004672345426320791
-0.00012513058495632537
-0.00022863352753421824
-0.00029382491044086575
-0.000301341250785362
0.0002787186374791352
0.00020391176927307347
0.0008172160514910202
-0.0014181174641738365
-0.0011341895999673834
-0.0007707930304672682
-0.0005677761434445868
-0.00043281727826931135
-0.0005565470333037285
-0.0001754457804672494
-0.00046510781130646144
-0.00018827484269232653
-0.00016040552337712833
0.00014933045961029837
-0.0005232376281549915
0.00038039537354936565
0.0002935407919720901
0.00015309483418099684
0.0005571080133381077
-0.0004018794699879372
0.00015156675212907073
-0.00037660473540876394
0.00010537535746866853
0.0004057766836549311
-0.0004156985523261072
-0.00019702419081408758
-0.00037080288102992793
0.0001386907922103364
-0.0001739341298214161
0.0002140892303859604
-0.0002380033501898195
0.0001788907783651484
0.00011275451810016304
-0.00010795396717439637
-0.0001831262840543358
-0.00019927666085846647
0.00016468233269697013
0.00012121373513048705
-0.00042798641753595524
0.00030709058688129073
0.00016319009245913728
0.00011755573192633797
-0.00017502491739390907
-0.00010979333717999002
-0.00019934440595953398
-0.00030772310161410155
-0.000197300812144501
-0.00014247655522748315
0.00029467700524186827
-0.000231019063773035
-0.00015341928146754314
0.00044315739354190876
-0.00021746154233273076
-0.00023965196993965137
0.00046249437333221083
0.0007243038383758061
0.00022664000365164294
-0.0005346878926405997
-0.0007487923665418828
0.0002712730756232604
0.0007885767915352795
-0.0008973354770953929
0.000882930290229788
0.0004438284360541293
0.00010715887130960574
-0.0009511828724532267
0.0004130418635819811
-0.00038179038433456836
0.00041397356976584723
-0.0002041986266560065
0.0005336679202728497
0.0001699750209970239
-0.0001245879979939442
-0.00015813803752695889
0.00034536518900698664
-0.0003706975656358761
0.0003404248791803158
0.00010415963749469878
0.00030876588167264523
-0.0005052048367228131
0.0004403778388635648
0.00011757855040829181
-0.00022507550470745019
-0.00011727777417205237
0.00039390790343814437
-0.00048141839244732177
0.00012601386700239275
-0.00019879986792929215
0.00040453354556694394
0.0001363140133166515
0.0001065529490053492
-0.00014644915015572988
0.0002794238137335755
0.00013470735097315052
0.000197437388675888
0.0003003477402032205
0.0002099455177096911
-0.00011248291626741558
0.0001268394686144261
-0.00024356030535027496
0.0002548077892307847
0.00014093603704561425
-0.0001927866089854864
-0.00022644953740624728
0.0002640296858199827
0.0004980704362234715
-0.0002842499502251622
0.00028471529173178386
0.0002912159805373271
-0.00014460549019637895
-0.00040916145011807634
0.0005231468668033728
0.000322681966751289
0.0004531200073693783
-0.0008066301355453186
-0.0001375347057053869
0.0005880371660963754
-0.0011687656198548322
-0.00033305542859376786
-0.0006516111882092798
-0.0003814723056286936
0.000636946608535895
0.00025092494655311093
0.00020411868755558472
-0.00017011879434053557
-0.0004808462906718375
0.0010796828788041423
-0.00020534810237777984
-0.00013176928984608496
0.00018764755004362367
0.00016088030908635486
-0.0004886751870761555
-0.00013966512151081356
-0.00020091196082073988
-0.00023449320178031628
-0.00013063388520559915
0.0001471343564589206
0.00016795403800365426
-0.0004896956633933179
-0.00020324714523131288
-0.00017113040258389452
-0.0001422575787051606
-0.00029840758757607286
0.00029871924404431397
0.00014230023468872696
-0.00012636163143450374
-0.00018936001912167328
0.00027918930404840646
0.0001838567248812591
0.00016533750526573547
-0.00016687310096466534
-0.00027890782912941465
0.0003227408957078232
-0.00024185979046907957
-0.00011660926908482964
0.00020255005564731262
-0.0002436961477818071
-0.000353323633864983
0.00011596780600629023
0.0001494142316512463
-0.00011529704279979393
0.0005449668828659782
-0.0005154686461157005
0.0001662510208318906
-0.0003496373202585597
-0.0005678809871490988
0.00015908099833996693
0.00020918596432575412
-0.0001310123735759727
0.0006393073761078498
-0.0005315582419807309
-0.000478277632418147
0.00012964137163694306
-0.001484628604516242
0.000561632716213767
0.0002856044555099786
-0.0002929914394149888
0.00018587865350722265
0.0001358042203749019
0.00014703444149551724
0.0002298491656546265
-0.0008026194535244074
0.00013175842440844529
-0.0002904497404567011
-0.00019992719388280879
0.0004040908411214344
-0.00040851873231433766
0.00015602235036979296
0.00021890387715891828
0.00024362787217090484
0.000303884871290757
-0.00036871956979131953
0.0001394913523629274
-0.00016971437257924172
0.0003683571652044788
0.00015433414152228914
-0.00023205709169437107
0.000192246318019873
-0.00015414300895335938
0.00013528763942817945
0.00010465072166356305
-0.0002262227313207707
-0.0001590878097808875
-0.0001786251137990852
-0.00014078070261283482
0.0003177979463084951
0.00017776120453006977
0.0002103942407519834
-0.00010736518703537166
-0.0003940411810491311
-0.0002572241913832775
-0.00022297808794735245
-0.0002811144622430837
0.0001280433649440684
0.0001790374068546599
-0.0010965839996122896
0.00023148896368117483
0.0002731819355297186
0.0007081041589355153
-0.0004544211222976153
-0.0006050213870853958
0.0007991772537729267
0.0004500566183230489
0.0002482666483647774
0.0001229642055234774
-0.0006782001784495794
0.00012189262861522355
0.00031223617601939564
-0.0006187352951564967
0.00035189969013277463
-0.0003301454959159193
0.00022831785555145
-0.0002821511998336291
0.00021673498536627862
0.00034345559956194984
-0.0002833653392348234
-0.00021061034256450431
0.00012642326714422278
0.0005356184736913013
0.00027763929912505474
0.00015405155488658725
0.00023533334428969414
0.00026671558261244353
0.00019472310271929157
-0.00015976915126007858
0.0002463733247840153
-0.00013049844828742
-0.00021192400836821966
-0.00012055687465213651
0.00027321108496660676
0.00012623117556028832
0.0002739168677050816
0.00041827866846844147
-0.00029132968168550514
-0.0001962774309539515
-0.00010190378145777578
-0.00013131971210011072
-0.0001466116207174122
-0.00013479697516853
0.00018943990018548322
0.0001402884285871435
-0.00024903660166407555
-0.0001014769909481305
0.00010953559154952281
-0.00026588912783503813
-0.0001305405626882768
0.0002567818114966811
-0.00035091216850050596
0.00027234918580519346
0.00023888805321540315
-0.00020503654950460563
-0.0002679299469678065
0.0001382788712195668
0.00018046114892572522
0.00022204193113272788
-0.00028018593141040964
0.00033029161332366695
-0.001196147770357523
0.0002856111963170291
-0.0005536563892580058
0.0004544285259789765
0.0004808629035347625
-0.0010655087716855756
0.0006430021296799748
-0.00022240910302048528
0.00014501460391347465
-0.00039115697587063287
0.000613435346968517
-0.0001524448227951683
0.00011136363683414537
0.00039322067160555573
0.00019075457588523762
0.0001425806099619982
0.00045814764665058074
-0.0001613272279681448
0.00017462769588441715
-0.00019709602334236595
-0.000206433323403147
0.00027007686903712634
0.00018757282823371542
0.00018011495191362173
-0.0001455884491692295
0.00014823781783661517
0.00010751803520048308
0.0002905119824736952
-0.00022793104078769832
0.00010086011273866429
-0.00022670130465757656
-0.0003874701537883915
0.00017608093863579591
-0.00013910027509086455
-0.00015988899628312033
-0.00013345039498453324
0.00027229371133555996
0.00037858085416090054
-0.00014627162819735254
-0.00022191232929998778
0.00015468844499534105
0.0005322001180687694
-0.00013533608751436753
0.0003806805581025137
0.00014455472095484587
-0.00010653502172540886
-0.0013201660290267086
-0.00012744137521968893
-0.0004936578358528304
-0.0012094220528113763
-0.0004479545729499452
-0.0004593233246674872
-0.0001724915955556803
-0.00021753768044027917
-0.00023271287749513736
0.00016238142780484213
-0.0004020779997169259
0.0002393269614071657
-0.0002754771631677577
0.00011128047321022703
0.00025415229472033055
0.00017451993083063844
0.00011510712015044024
0.00022094637467764706
-0.00011358397491741137
-0.0001388211474307317
0.00038539912159618844
0.00013689752661634846
0.00011359792174621592
0.0002759438842523514
0.0003345796565469056
-0.00010531910188698554
0.00010715063033382625
-0.0001501544390731221
0.00016081636244160831
-0.00010593044997782228
-0.00012411529098325773
0.00018628340280767245
0.001289990650293505
0.0013911520689681189
0.0003530049258460436
-0.00037331167905457215
0.0001250331540410133
-0.00018928966711448603
0.00010354401121645269
0.00014390744173784295
-0.0002883246744511374
-0.0007375967088837581
-0.00025169625590769443
-0.00011480375954580893
-0.00013748304846835984
0.00010985816047321271
-0.00011799322329770705
-0.0003104421876542613
0.0003688690514366568
0.0002085384065953422
0.0003020433801262085
-0.00010325630656307458
-0.00010196834322649076
-0.00011882106324689747
-0.001555093383950453
-0.00013509461352886914
0.00011161071862265216
0.00010807679542107402
0.00010238687165110739
0.00013571650906303958
-0.00017127646563774772
0.0002391041270394418
-0.00022892260706542343
0.00016167416894389617
-0.0002240637275547161
0.00012328081978534998
0.00022778001865672524
-0.0006913650149411011
-0.00010676528886009338
-0.0002785395890136073
0.00018413346025581253
-0.00010168853683932817
0.00013545707083484248
-0.00012706889514064077
0.00011046650921064734
0.0007726884927606445
-0.00029557261807293677
-0.00016062401058387115
-0.00032597543776411445
-0.0012485914748414833
0.00030451944600098197
-0.0007395042756092926
-0.00021063475005050913
0.0001092124761128919
-0.0001358167351250563
-0.00020234053313562684
-0.00013609072322028008
0.00011208767821152928
0.0001273533252734728
-0.00011219449631720186
0.0001117862205422443
-0.00012444558728662273
-0.0001649020641571923
-0.00012163445183996755
-0.00013519592510250167
0.00015749491702412118
-0.00010583084038348227
-0.00013048852306945253
-0.0001756315648823941
-0.00012697050253991264
-0.00013030455404381777
-0.00017723693047629082
-0.0001335788344589736
0.00013371761554543287
-0.00017395333908874652
0.00010143692491190864
0.00012501210230794792
0.0001465931266332313
-0.00019725510556551504
-0.00010095512707928833
0.00010922052713976818
-0.0001371365378657195
0.00015400615879740712
0.00018279985123438583
0.0001020033038659271
0.00010790203855141088
-0.00011426674826862194
-0.00016280090220931604
0.00019663447240584768
0.00010736478298209273
0.00011314252844878683
0.0001449039039985641
-0.00016341323758981688
0.00020657221048696705
-0.00010534963566943058
0.00015010336908129253
0.00017576034881342355
-0.00021569108584033712
-0.00011279461517071205
0.00017196772946760609
0.00016800988683635332
0.00010067314580038265
0.00023277129471251185
-0.00011191923154944705
0.00013805969080505964
0.0001568957206857547
0.0001687313656002781
-0.00010962561672616594
0.00022674290465391812
-0.00012293797178222142
0.00012808206008294623
0.00016084026052441206
0.00018970152999535058
0.00010017236328773039
-0.00024301566958070532
0.00012506543227537513
0.00012795157065642596
-0.00017401846474586577
0.00018601776226010626
0.0002713800344194163
0.00010855500693102328
-0.00026472752024872325
-0.0001596672001902037
0.00032173924414363936
0.00034091457196551786
0.0003615086334146178
0.000371240634986864
0.00038141747440551135
-0.0002898515800704092
