-0.985509267534648
0.1264168965841048
0.06358012710617039
-0.04671085387166601
-0.0386822741878362
-0.024710138034253502
-0.012868382597710224
-0.02627368592540477
0.024598990412101833
-0.014543423091102443
0.0035368902444454817
0.019502739042406805
0.008637848436075232
0.018892634484310233
0.0036769924538789913
0.00031256858955047056
0.0006433034813207412
-0.012516503419069073
-0.0152731149968993
-0.006445772789824207
0.007455746499040562
-0.00719220029476366
0.004724942634010975
-0.0030780257126765244
-0.006703740376687631
0.0009541502193847187
-0.006578520301008698
0.012942594745032367
-0.002601905692306791
-0.0005025426935690257
-0.0005130114179656721
-0.002168264074836556
-0.009665676813947087
-0.0034297647711767874
-0.011946637163980766
-0.0004622180090310491
-0.0006313797115146136
0.0005704460011186344
0.0030209658119033783
0.00023277607307454592
0.0002593611490382581
-0.009543683026216066
-0.009622075457850172
-0.0011453532976661346
-0.0003900883338977629
0.00015777669020541538
-0.0009321314842557042
-0.0004787793538113504
-0.00101398545574815
0.0028890414841152394
0.000534439344420812
0.00018055006312978625
0.0002590855365855675
0.0004781156929315083
-0.0084937896815077
0.0007044001592833928
-0.0018630125116045428
0.007723060571432649
-0.0007355922038102832
0.00021250178494493504
0.00010400798335697286
0.0009312417692790942
0.002580600239168279
-0.0002935150608628887
-0.0006569991996356106
0.00011477009585618454
-0.0006551419074597047
0.007554481647630911
0.006514732992587746
-0.0002824584117174936
-0.0006697632590356877
0.0005226939972124234
-0.0007465993146138531
0.0023341430842869935
-0.00030244793042714897
-0.0006220607255417219
-0.00020804904877992858
-0.0001570115590582
-0.0005839347192747435
-0.0005094806049101907
-0.006514149311808882
-0.0015659121532497797
0.0007546611259031158
0.00011278043617197218
0.005371434351948398
-0.00033768222648237524
0.00027521435487538534
0.00037104951568531615
-0.0021721606484022605
0.00023402959336227706
0.00016115375723007834
-0.0005897282111163133
-0.00022415439321942735
-0.00014035204686933632
0.00015495639485380768
-0.00011990895302704868
0.0005352101213343871
0.00019081926417026217
-0.005840082754236678
0.00085095017108463
-0.0012077732676721892
-0.0044671545463042285
-0.0002820133801380949
0.00017298345147998296
-0.00033917526729605133
0.0002536358736738725
0.001960634076489509
-0.00013861985577264357
-0.0005201410237601139
0.00018518212874508682
0.0005241013109175251
0.0001350821525773795
0.00021750790944217457
-0.005397247003719805
0.0003052808514127751
-0.003728709956752457
-0.00038354163330298204
-0.00019429581095377056
-0.0004941990199443184
0.0016729214289294403
-0.0001079616370369367
0.00047751144552680275
-0.00020056596378592923
-0.00012727893797416365
-0.0002783496687253834
0.0004145516405592355
0.00012156333708675684
-0.004850452569031632
-0.00018376576372202015
-0.0003643277433638968
0.003147030425777763
0.00015659237585524842
-0.0002253218225587059
0.00023661132990596085
0.00015479822895949247
0.0005129877240371321
-0.001439939973475245
-0.0004424030602105814
-0.0001315902063984092
0.0004404122173999563
0.00014451903405628857
-0.0002095295364962064
-0.004357474071442011
-0.0004920041542001677
-0.001410247510538831
0.0022818911100539593
-0.0002564257097960075
-0.0013671795762410573
-0.00016016314066364995
-0.0003758879811024981
-0.00012528266590494034
-0.0001244634738397616
0.0004088291762637162
0.0001383473587711421
-0.00019540698633141595
0.00015582487047413742
-0.0010257525233475925
0.00383129347492465
0.00012485695838780557
0.002300165267359906
-0.00010727216662589644
-0.0001969674742622561
0.0001240543322835975
0.0012150700907218141
-0.00016847465384518595
0.0003035013974849708
0.0003758162390334747
0.0001349872126843506
-0.00018808637447337583
-0.0002899110294487321
-0.0035824095431387
-0.0004054859569474411
-0.0019666402549497423
-0.0001560179775934509
0.00011641573484976234
0.00013746120303398832
-0.0010968540087236854
0.0002945661586689696
-0.0003425105722461288
-0.00012699460526786015
0.0001778183577273857
-0.00014067117002541357
-0.0008941125533106747
0.0031742269754345327
-0.001702200251671125
-0.00014452208747910955
0.00010420551736079789
-0.0003109958207166132
-0.000939239837730847
-0.0002583526118355183
0.00031865066930235455
-0.00010892643629973142
-0.00016938095538739315
-0.003021044177614571
-0.001358624937546126
0.000604288214625194
0.00012615901074575933
0.0008906425338331915
0.00024032963054096404
-0.00028460816211404365
-0.00010728480585871496
0.00015710187688098212
0.0027737111269370307
0.0012980966980252727
0.00011028422823829745
-0.00011434890500636452
-0.0008054013344907987
0.00020919417643912742
-0.000262602754022337
-0.0001391245398852141
-0.0025412021719354526
0.0002439197392269116
-0.001137054405771667
-0.00013088822268468863
-0.0007347072398091847
0.00018660216967177615
-0.00024184127164811282
-0.00013190760254200488
-0.0023497032467692624
-0.00011354668984724263
-0.00013911873030054725
-0.0001569805394457479
-0.00012354298807887862
-0.0010006243497981163
-0.0006728742763610968
-0.00016712831004571236
-0.0002090533804257569
-0.00012301270820393593
0.00013616931851379922
0.0021823816185515396
0.0008933431246135464
-0.0005622407553737434
-0.0002517588902926282
-0.00014991938170157918
0.00017826355360842517
-0.00010657439379601462
0.00011097050334430817
-0.0001535125207071723
-0.002023597014865804
-0.0007920614519079687
0.00010699367524438175
0.0005536916558148991
0.00013685978968581563
0.00019292491059445246
-0.0001064400853538931
0.0018880261258979163
0.0007072422829520522
-0.0001040058490279476
0.0005209696025683667
-0.00012299708939964214
0.0001774761327131615
0.0017606719243216506
-0.0006395056026780311
0.0004831004738743196
0.00011103149732821333
0.00016558151014439023
0.0016459356747264315
-0.0005762077230333613
-0.0004468038988709342
-0.00015491953194786805
0.0015275339649917865
-0.00019458832718076402
0.00052029570905394
0.00041448608855866137
0.00014405729423669177
-0.0014471271150259697
-0.0004721983742290397
0.00038747868416899253
0.0001357255485065197
-0.0013610595576619973
0.00042909589248854254
-0.000361305568975897
-0.00012660927703103423
0.0012806096290488493
0.0003910392448832048
-0.0003384014070352933
-0.00011841987354637516
-0.0012077250686500353
-0.0003573414672445851
-0.000318736572530947
0.00010913549507533593
0.0011402262724568128
0.00032188061792251505
0.0002996723234430931
0.00010500668065434139
-0.0010781397285277727
-0.00029940002996552747
-0.0002815881030354552
0.001022003063400737
0.0002772069112726957
-0.0002657957845755524
-0.0009698115944976943
-0.0002556471589849312
0.0002512475911721716
0.0009202144184799495
-0.0002358565551560105
0.00023400510881843443
-0.0008761539568302371
0.00021880170977261275
0.00022513726804581984
0.000834583769736128
-0.00020286995792642145
-0.00020689065861509401
0.00010578003685248446
0.0007949770192492805
-0.00018883960268357554
-0.00020306545317187445
0.00010458858270275199
-0.0007558528719503661
0.00017501740982266335
-0.00019294264731234634
-0.00010776589691762514
0.000723807145032548
0.00016404339960042648
-0.0001840088180103816
-0.0001023537612426513
-0.00010129208847794954
-0.0006934253049469702
-0.00015318571832566066
-0.00017535210200894294
-0.00010878863456958646
0.0006637107567681765
-0.00014350811992684036
-0.00010542434661202103
0.00010388379223124688
0.0001674110088551947
0.00010112107480395861
-0.0006357257807221268
0.00013455514924156866
-0.00016008478021881597
0.00010894705521282732
-0.00010758852339553804
-0.0006094848921195304
0.0001266359318328421
-0.00015165806076353056
-0.00014204766507084845
-0.00011158841693182641
0.00011042257892494698
0.0005848096839249391
0.00011940233921539691
0.00014595836251287696
-0.00014087117061157612
-0.0005603894335535076
-0.0001132632895974802
-0.00013963482106029023
0.00011441987794783202
-0.00011272483250534114
-0.0001419959049982964
-0.0005400227851876279
-0.00010757840534666249
-0.00013291059637156896
0.000117730047988562
0.00011609508887992173
0.0005181466343738292
-0.00010513617917909267
0.00012633432531652776
0.00012306446403505193
0.0004844355070033766
0.0001069026988584355
-0.0001237730260221269
-0.00011694846885818923
-0.00011729293358583082
-0.00011548531838718754
0.0004660684024701853
0.00012769257113062147
0.00010911179753290855
0.0001198381486401265
-0.00021622033767527583
-0.00010134068862784641
0.00039888443423268503
0.00013200316671034012
-0.00010034009749246774
-0.00013014172732872466
0.00012367939551633368
0.00021090561393213975
-0.00019837559441929505
-0.00013790165284335498
0.00015845129739945342
0.00012459580952236963
-0.00013577896625209673
-0.00015447514565281956
-0.0003895981766992839
0.00012837747751189544
0.0001250759832079137
0.0002825978124681211
-0.0002246435140247806
0.00014423007032482706
-0.00011378651831432563
0.0001307027790398223
0.00012882334400684116
-0.00011354670994271556
-0.0003308573546643561
0.00014718006481114027
-0.00014940496008219501
-0.00010261459082487151
0.00010450251230921099
0.00018619736780811454
0.0002614315734452853
-0.00013403450353695218
-0.00013141968804332194
0.00015372503719271346
-0.00020530694867094555
0.0001623645662629947
-0.00023118430665289524
0.0001277250696414557
0.00013270334061352837
0.00012411567937232367
-0.00024156619688119925
-0.00014842487411240705
-0.0001501550821147551
0.00016411351219353408
0.000140236194629363
-0.00013748712085079014
-0.00033123210192199443
-0.00012794466329975795
-0.0001761979209570097
0.0003402014593342126
-0.00014232732360630327
-0.00013932291627696022
-0.00028036973982926056
0.0001579765230877231
0.00013591656890477692
-0.00014510057144868197
-0.00014233090260679183
-0.00032215429490333814
0.000175267925540044
-0.00014810152270904097
-0.00014457600879984222
0.0001451142466682145
-0.00013071499361449467
-0.00015107450456656104
0.00014751825867854567
-0.0001829443997870129
0.00015448677264203356
-0.00015064103438021685
0.00017371726968163853
0.00010460118289565818
0.00015530777503962878
0.00015344900895161964
0.00010154015783152085
-0.00016581108257476102
0.0001604100521151215
0.0001552951004978865
-0.00019231139643282564
-0.00016400665201182638
0.00015976914708897233
-0.00018482778901410428
0.00011051173795177877
0.0001438012244447416
-0.0001631144844720241
0.000210304625576002
-0.00010187510738434104
0.00017058475254341787
-0.00016610984757996442
0.00020811615359343162
-0.00010401801115495122
-0.00017472027959512787
0.0001698652507986588
-0.00020501490398878105
-0.00010608443252680078
0.00017857627001002612
0.00017364186114733076
0.00021612947739176326
-0.00010848904441986553
-0.0001809610690400299
0.00017697652037836374
-0.0001875470054834222
-0.0001503671381479624
-0.0001109059708760859
-0.00018631489351677934
-0.0001813657280522836
-0.00023472380745740576
-0.00011347820829908086
0.000191749485478342
0.00018619049078435996
0.0002468678730529815
0.00011618150395306853
-0.0001966397526911413
0.00019061787587618074
-0.00025479100137649677
-0.00011931003032426057
0.00020217672461655858
0.00019559411978023122
-0.00026173997975923407
0.00012234223146165066
-0.0002088181663024245
0.000201241205152007
0.00027244844525426673
-0.00012574129230281123
-0.00021699322041233328
-0.00021101471040771059
0.0003114345467067566
-0.00016165578481570342
0.0002930647399181672
0.00010716170370792995
-0.00035706603063260546
-0.00028387013360826733
