0.3624089751370568
0.6064041813568612
0.18611310696354777
-0.11364738958609763
0.08213902334174436
-0.06308946621624191
0.052904183550906994
-0.0538852905153931
-0.4152000211491172
0.07065007615121961
0.28947267046100394
0.17726335150218228
0.18224400188471418
-0.0807058382562134
-0.08101885736379454
-0.01077951369971336
-0.10508095270088604
0.08815213799176681
-0.05667988810471279
-0.050209595880588084
-0.09676582964380405
0.04728676870234664
0.04411892987506962
-0.008022206822160803
0.034559408240666105
-0.03841455477847655
-0.07820184523203287
0.02003092012858175
0.02636121054294995
0.001014683141702781
-0.002963476628314179
0.06408631688172431
0.05592315034249789
-0.01711428386877054
-0.013517744838924909
-0.031203945317258758
-0.0002208920388881142
-0.004315112113001628
0.0019799648813215325
0.076578764823137
-0.004871545663230818
0.027259321886651266
-0.014011345921852825
-0.009292869180341794
0.0010817411937776324
0.004347945860748719
0.01597580860688467
0.002198006066739114
0.018675011697023368
-0.01929198973364242
0.06920598989906172
-0.012397230303088272
-0.0025256336047749925
0.014986469250351074
-0.021589777640192296
-0.007358210535079468
0.0009669039703226689
0.003635147965683692
0.010886375938662035
0.014288357449938047
0.010120396721706929
-0.002285826002240577
-0.06397616366339763
0.010621543366448055
-0.0011319496681363392
0.007703885742437998
0.005011244906176211
-0.010584057094530253
-0.0027350430430106163
-0.0010854342703021111
0.015853238014498183
0.006515884768967432
0.0028847835483619094
0.00240251784593986
-0.003497012680963509
-0.022615053192776215
0.003762247321845929
0.010008260068916764
0.05623444895666448
0.004400867854646722
0.0019416100994521961
-0.011222846107886106
0.0005875106148641439
-0.0007684573786915043
-0.004730930280650677
-0.002693004015625996
-0.014396755962565707
0.0017340606011261796
-0.002381846157130513
-0.0068018940570917655
-0.0008029210186812159
-0.0038528298699855032
-0.001136369707923796
0.004046470534316754
0.05037916935712695
-0.014121941824233228
0.015199681026838024
-0.0014576613025921827
-0.0045811670789786966
0.007307466468679566
0.0004290941257066431
-0.0030300780940373732
-0.013070516922967668
-0.004081116332193628
0.0035772664126796218
-0.003675494441140767
0.00039329724482171853
-0.0034604978615992003
0.00018024481537021945
0.0015333110680406437
-0.004875360631995044
-0.006244328101136435
0.009626337612353963
0.04313248733080793
0.002194623418983195
0.00862405366286346
0.0011275958326934271
-0.0022745743976412772
-0.0020732707407914116
0.017805948778021094
-0.001311904073730777
0.0046555625435993975
-0.011452801091699497
0.003136301067710798
-0.0021665277219596207
-0.0011806822058126171
0.002889259880125289
-0.0033566839782038908
0.0034156608312914294
-0.0008139926597717624
-0.0066386271393346135
0.0021332703435293643
-0.00843211955524515
0.0024536737801808114
0.03868828800251123
0.001655915086010791
0.0015038775086237822
0.0030010795748496607
0.0006374629178956817
0.00552660297024276
0.0015671134939334733
0.0013130185814451574
0.01101287470104233
0.00212778281459137
-0.009634084411448257
-0.00019531602708216963
-0.012550691649656224
-0.0007965549438751915
-0.003629417877825247
0.0022861689731537667
-0.00042887049617045474
0.005877627558746069
-0.001575714785634258
-0.0031790456040262953
0.01296589078222419
0.03282977409816645
-0.0015920481024616951
0.001503175233337161
-0.0004028744144621894
-0.0007507523631465056
-0.004596213059629773
-0.00030257411478573377
-0.0002087496197802991
0.003233078635666568
0.00953448148006303
0.00040177160498585627
0.0009066683634108057
0.0026077909413465277
-0.003433914791940255
0.0006634064863387414
0.001135594458039014
-0.0143723095358515
0.005320588638414714
-0.0007381460979952796
-0.002149587663184481
0.0026663148064831324
-0.001956486013374776
0.002339496722177857
0.012101863126402827
-0.028961004468469716
-0.000697425828877101
-0.0034550544478107173
0.0028477585707985024
-0.000538547079443357
-0.0007007919967633907
-0.002716090802513246
-0.00875356700000504
0.0015782939761176602
0.0005123539623340364
-0.0026212150894209026
-0.0013155462876822776
-0.0009611483773607672
0.00033382351724375365
0.0004211649096868728
-0.0021292977954573186
-0.005345171305863057
0.002467447449879405
0.0010011893129820582
-0.012369928172543688
0.0014858433841213846
-0.0014943623252922933
0.004475486240859971
-0.0026379672294736672
-0.028109694938482806
-0.0038017781999112694
0.002000877348623821
0.0009246190268361142
0.0011890774949385296
-0.0002525069146007145
0.0016998413219375878
0.0007524650209677665
-0.000453811932463543
-0.007738875570242507
-0.0027877963830513523
0.000769284468897374
0.0006620299868670365
0.0020166191838930547
-0.0011416431161061257
-0.002392871926741067
0.004490198728450534
0.0018480984048384877
0.0006483208817998386
0.0003737300427503925
0.0005396004251293116
0.00036649302415335614
-0.00251549644272497
-0.012766911106206369
-0.002177650212689307
-0.003566212253266772
-0.02502300185808729
-0.000442481940193434
0.0015066056133875526
-0.00016542256024026434
0.0006451297410633693
0.0025354691747031875
0.007061724069823508
-0.0006530473313385019
0.0020622351823335397
-0.0005215371125170381
0.0002833381712557392
0.0007467207370959079
-0.001211231642774862
-0.001781612529089338
0.0009167146522475096
0.0006016180179941895
-0.004192773152064072
0.0007977979695374622
0.0002451957210802451
0.00013861341839440595
0.0014521773559662652
0.0021361863902324423
0.0030560100002877907
-0.0008783335300978712
-0.0037528302747197235
0.02243439373020104
-0.004791363303728847
0.0034013134257968934
0.005302189316181737
0.0069651388622636754
-0.005393060768898541
0.001528254200672829
-0.001953539817774241
0.0015271569716337635
-0.0012227234168072974
0.0024068744101059373
0.005840749482122732
0.0012177414656426855
0.0002616627657536328
0.00030358551228010445
0.0018444018202389155
0.0007883012774447702
-0.0038127988181434888
0.00038371579925534693
-0.001294107669449294
-0.000700546031864932
-0.0009969042129889195
0.0017907096294129646
-0.0008353794481135207
-0.0005660569797003702
-0.0027881904817490238
0.00029841714875701765
0.0002381488814016229
-0.00020119411737826582
0.000807375362216493
0.021099912409350132
0.00015377860887032558
0.0006251684246538114
-0.0014968972782722985
-0.002148054123729297
0.0020949807064190346
0.009349037657002636
-0.0030247171934913134
-0.0056444001824983905
-0.0012430855282721082
0.0005158521871830605
0.0005525463695655892
-0.00025083101033737855
-0.0016898330628193888
0.001072151306429499
0.0001141348579155987
-0.0014433712703108487
0.0034548682895337115
0.0004481561225011374
-0.0017191283086086637
-0.0003148038434273102
-0.0009046045622781853
0.0007195523280051603
-0.0024314409023051967
0.000352307765669977
-0.000693914153145057
-0.002435036225699232
0.019164673632679034
-0.0019002788935132344
0.0005241680070045769
0.00046329298927995453
-0.0006576583259348107
0.0009015105766509859
-0.0008846860027095731
-0.00027470026771373373
-0.0004382012319914756
0.006734078896370802
0.008021875929609516
-0.0017383829622757752
-0.0011369495167272317
0.0009232050698427418
-0.0012709204555360688
0.0003678643605280329
-0.0004746197475428523
0.0009229366355474985
0.0032331463316448176
0.0013074015046282779
-0.00049697137752199
-0.00041026694979308105
-0.00011485717998402912
0.0005577729259873403
0.0023353399500848186
-0.0010670252924488218
0.0005708226368360947
0.000649635645470144
0.001415247384115196
-0.00014190840151194074
-0.017576594619847438
-0.0006471238643677586
-0.0013349864706693826
-0.0011180274472419433
-0.0009637464157034705
-0.000545596567289205
0.00023902407261393256
-0.00047463211896088916
0.0002704236530068511
0.0014636657476093027
-0.004999738328082887
0.0012652376398148712
0.0021363254178805103
0.0008945910040188801
-0.004754895811480307
-0.0066409606204422865
-0.0002982614070972034
-0.0003562926780458275
-0.0009836354971133401
-0.0013265573471037732
-0.0028717030016296033
-0.00016010933088790979
0.00028760287958327
0.0007212388958066847
-0.0003810842694723307
0.0001165263629319619
0.0010272587208430158
-0.0021215261283488033
-0.0007396409155730996
-0.0008973056554635485
-0.000511404551032041
-0.0008279400586150363
0.0001561397442458122
0.0016773258556743388
-0.0004042388329392123
0.01613890282414379
0.0007647534769986127
0.000453340636328279
-0.00017813690128821197
-0.00040144975699675983
0.000764750115316901
-0.0012379334904303015
-0.001316337610631443
0.0005832078602004409
-0.004521580702225093
0.000690031953833096
0.0004382138213857417
0.00034615939417565345
-0.0007829174111240846
-0.0008325804461189794
-0.0006190505629451079
0.00224890822568398
-0.007034551188737324
-0.0028273777807939424
0.0025940720749150926
0.00040251115900515847
0.00019374006361795918
-0.0009818500346303165
0.0007478121276752044
-0.001999726885677006
-0.001067503572861789
-0.00021293020813644383
0.0001996683142285209
0.00020695863481466753
-0.0004257890322949484
-0.00030863009654325663
0.0001575571624955879
-0.001490813243163286
-0.001204733729840631
0.009189381241910191
-0.01168131466158071
0.00032051055874522796
0.000652325847218757
-0.000306623839694425
-0.00104724275469372
-0.001194659329104262
-0.00015564596525907993
-0.00016901425552325522
-0.003866008649470309
0.001130528958437957
0.0013961390430089634
0.00046478182707583495
0.0002608738885012271
0.0011437174102685032
-0.00041858392638510213
-0.002611626313793178
-0.0013027851254524768
0.006518101674770283
-0.002450189826326951
0.0015341736481748333
-0.0009495313461688134
0.0008398370162030538
0.0005371407259687364
0.0010249343790702877
-0.0004778882186778999
0.0017824440869126353
-0.0002049672888181374
-0.000546825413681663
-0.00023567020762141428
0.0013924880832492433
-0.0007569469975490954
-0.00043309226047708754
0.0005816170786741442
-0.0013091589978406208
-0.013714973056669359
0.0007140921427923847
0.00013731310044190736
0.0006003422945894027
0.0009459463726981508
0.00017358184092613167
-0.0001685552449299896
-0.0038035116304025326
0.0008921599579658793
0.00030560459018864693
0.0002389622067728627
0.0010469204631687293
-0.0008355092058180144
0.0005271543637314786
0.00046033904381570577
-0.00030963423086587886
-0.00199209928356028
-0.0012991980142247367
0.0005667718435969223
-0.0005810381744861791
-0.0024447802063533946
-0.0037879982404093685
-0.0031170380380952894
-0.004077077224784797
-0.0005285003033550811
-0.00037618885632493025
-0.0016351442685320686
0.0002421043469129446
-0.00032414795090730857
-0.0006589809821361427
0.001274883112816906
0.0005922086010275685
-0.0007965322421334735
0.0004738738769449344
-0.00029421384146907653
0.000243070513366388
-0.012757315133603465
-0.00019725899810553582
-0.0009554722343354968
0.0002412943474161287
-0.00017918003909005254
0.00032099353472239006
-0.0001835593617920309
0.00040047677302502244
0.0036130453128897797
-0.0005982150053333455
-0.000989577312158261
-0.00018473246086370075
0.0007365964689563723
-0.00016678610616102882
0.00032615381284512555
-0.002250028666876883
0.00028942100059076484
0.00024890998525918496
0.0009139893968970692
0.0011005252041890467
0.0004427885146593783
0.006243939569704901
0.0013707506539834984
-0.0004189219483989822
0.00021815352248614168
0.00033981014877083226
-0.0007477675774277032
0.0005833608594248839
0.0004065595285980658
-0.00012006175232555805
-0.0012209023671877718
-0.0006797467553719929
0.00026498604782716317
0.0001866126545725311
-0.00018708565897730277
0.0003717892153867447
0.003893379907823932
-0.011186405273224549
-0.0010771386451964252
-0.0001473515348100692
-0.00023263761864207217
-0.0005578835521542392
0.0007411798816054418
-0.003375154292760298
-0.0007428071129189006
0.000546280867466968
-0.00013564366916913163
0.00019835692950539085
0.00015658615543365735
-0.00011293074464983358
-0.0002425858764996344
0.002044607103172812
0.00011722064116552454
0.00033944230264960516
0.0007837895040913594
-0.00011317147993468397
-0.0002721231533321356
-0.0005550413813648709
0.0007208230943807779
0.0013935236860408624
0.0008269516222413192
-0.001703936538041877
-0.005616475882202867
-0.000409559969804407
0.00046171977917256764
-0.0003544282975896396
0.0006253357198339051
-0.0011014642576942068
-0.0003602128483947107
0.00016375175056856903
-0.00012025709139901059
0.00031805830549550674
-0.0008820684874282144
0.011033976747336664
0.0005199805928381397
-0.0002958810017431729
-0.0001947327930153866
0.00013716692921297543
-0.0004458564075546525
-0.0006579014559444809
-0.0008188454105273726
0.00036480456278852595
-0.0031091837879293994
0.00017356815602754657
-0.00011483255386422968
-0.0001482578138226422
-0.00017509228198269263
0.0001415377477831902
0.00032067604175106896
-0.0018990826277319422
0.000778036563019189
-0.0004658943640234326
-0.0005779996854969472
0.00014943561134125676
-0.00014427298347200745
-0.001372939149045938
0.0005687698182765931
0.00025542075441061245
0.000332517348265875
0.0008489698519391349
0.00550323033572307
-0.00028135481839875435
-0.0010196631645547215
-0.0001934047840241854
-0.00033738250012575196
0.00022090594619122756
-0.00040565521587719247
0.0003384622357352581
0.0008459086795147272
0.0005197292177534863
-0.00012523222889660506
-0.010285740818474477
-0.0005974872374754596
0.0005256986998720313
0.00019787085311233926
0.0001375480793244929
0.00018309739557753081
-0.0007738935173417804
-0.00032432433212924183
-0.0011252178106612328
0.0026869035044359696
0.0001910159301309368
-0.0001759407449698632
-0.0003925105815658816
0.000748077558049709
-0.001760023007304325
-0.0005328466627286273
-0.00043717135780226273
0.00012046730055333634
-0.0012958620202306616
-0.00014751202255842364
0.00016143843388887082
-0.00012911464221046365
-0.00015879709450576586
-0.0006735883165983598
-0.00023553794828531645
-0.0010172989950307354
-0.003950925750801362
-0.003297597123893799
-0.00047411279485234974
-0.0005996421450666744
-0.0005617950151119927
0.00045202019518064663
0.0007991217649180151
0.0003028862713790373
0.0003614711071275695
-0.00032114518322920297
-0.0006139083480788279
0.009493128853827184
0.0015653931245738766
-0.00010564297118932437
0.0007333080140306487
0.00011133574544487592
-0.00011877494029656454
0.002710181593134243
-0.0003387179894121977
0.00018477324596105502
-0.00039357016237294174
0.00010400121348715094
-0.0003108040023003473
0.0007050561254520242
-0.0004871085018670654
-0.0001979581954843425
-0.0016279057247603696
0.000316384988741384
0.0001270931654486229
-0.0011931256116892964
-0.00029991881407758115
-0.0003822978961531074
-0.00048601246956525313
0.0003593323799655061
-0.0003964230714644036
-0.00017372683971429844
-0.0009365804810481974
0.00035553967743270096
0.00046790676498962463
-0.004843820609722415
0.00020146918764647712
0.0005229608022468743
-0.00043188597783690895
-0.0002612995025396539
-0.000692754018490762
-0.0005151305778730678
0.00020170484881940756
0.00022622335322968734
-0.00038506544236563655
-0.00010496540123281987
0.009018057897934539
0.00010552243999680975
0.00012066815912474321
-0.0006780873165260092
0.0001452816128575932
0.00031908200795815024
0.00024885792563714295
-0.00017209916968669888
-0.0003581119934199022
0.002556041991799258
-0.00045539807535339603
-0.00015960858852665828
0.0006210046014781562
0.0015430833572886561
-0.000293421468968355
0.00013062271588279412
-0.0004084162244098788
-0.0010401322663152054
0.0005718373810724278
0.0003528827595799635
0.00017465533580374558
-0.00040348638494682403
0.0003069596210771533
-0.00084376777182447
0.00018512910619271797
0.00017383105618886806
0.00021157091808368894
0.00022436334783959393
-0.00028208677922977453
0.0006256395589425375
-0.0011185517232753398
-0.004505237714481683
-0.00019138075623296045
-0.00031880043119752777
0.00021259001133296166
-0.00019547791445182822
0.00030971062862956847
0.008471957933278143
0.0006343723776969513
0.00031190049572999356
0.0003160906313131141
-0.00012641242136887925
0.0002833202684144762
0.0023611670046936816
-0.0003177275759544399
0.00045503999178805974
0.0002428435078766097
0.00059085359051292
0.00010986521475681248
-0.0014381865236053055
-0.00013898574413052613
-0.00020569955694383233
0.00010630329392117658
0.0003217638280373425
0.0005398633418797331
-0.0010484152712011998
-0.00023764794562653192
-0.0003690180692028522
0.0002799694931073544
0.0002991487958571138
-0.0007192903388093842
-0.0002213406193512981
0.00010189033824030152
0.00011983443204732037
0.00023981598372260651
-0.00048003571352491967
-0.0006534605512560181
0.004220095519736143
-0.0009279714080095004
0.0006295858179762047
-0.00014089204824384728
0.00034354810661626497
-0.0004041447967984535
0.0006322987966275826
-0.007966791726996884
0.00011857432619046023
0.00022385408323118489
0.00012092117560173774
0.00040497538130824303
-0.00016618545916486375
-0.0022462469026230144
0.00023923072006692858
-0.000560176621265349
-0.0013685382924863419
0.0001883904600277487
-0.0003066396806462307
0.0002623814602871778
0.00050534164244822
-0.00034576148362160266
-0.0009856000762533813
0.00022021184452808003
0.0007535187944246275
-0.00044389862200017226
-0.00010217240392285691
-0.0002570254582570395
0.0006133838700868091
0.00012946937184613735
-0.00036567272779604125
-0.0002500980809679265
-0.0002743344617005161
-0.000283037426886975
0.001531305767888225
-0.0036840305439306414
0.0010446429353279333
-0.0005748982809842755
-0.0003136565676287335
-0.007499802069044759
0.0003837260873537729
0.00012734574192567683
0.00017969529837014316
0.0005701854734621759
-0.0021092692115333655
0.00018570661704270944
0.00027426458771063355
-0.00024861408109615684
0.0012892369169323755
-0.00014832087381348087
-0.0002844609312175967
-0.000488447833765079
-0.00019411072478187747
0.0009233000230766938
0.00012240897357099244
0.00011096904116818338
-0.0007087408937605764
0.0002903899525675329
-0.00021633877630128088
0.0003249909818045
0.00017210985156493878
-0.000226455279905924
-0.0003145070391152843
0.0005729443191618842
-0.00011716853220365875
-0.00010845067049142824
-0.00013831685867366007
0.0001034514793937788
0.0001877086216619757
-0.0001723163334446121
-0.0005893100233051729
0.003926589855220283
0.0001402086707165145
0.0003194694937057283
-0.007072289081301355
-0.0001319889023949914
-0.0004957566428213836
-0.0002137554190963064
-0.00027469335656406593
-0.00200577645530299
0.0001823326513708659
-0.00017374016664405915
-0.0011883979603940285
-0.00037341636448506567
-0.00015477161808148706
0.0004401932428094015
0.0008654384777533198
0.00011358289755002548
0.00016633318282335553
0.00023664483301576652
-0.00020512667768379236
-0.0006689011395969523
0.00039267914727610396
0.00028180637527656043
-0.0005163210208471978
-0.00019920630211114725
0.0001816315396422334
-0.0005143939939364652
0.00012525380885185138
0.000273452642768438
-0.0003148533310606927
-0.0013034937350177786
-0.0034983931067180812
-0.0016135093683789484
-0.006483202405959429
0.00018879734919147225
-0.00014373864232695215
-0.0002631210537028117
-0.0004645890178270762
-0.00016590126674410414
0.00013801501304793
0.00011215635720063034
-0.001893165710096941
0.00029403439730921817
0.0011497286876639944
-0.0004168405897335986
-0.00016055828210589639
-0.0008295634857131748
-0.00021341935814637045
0.00012194725126936949
0.00016258601175050567
0.00036929772065832814
-0.00028412261164348075
-0.0005474964026622715
0.0002712261514135436
-0.0001321331694114657
-0.00017467125143324211
-0.000129033820245103
0.0004981269166374835
0.00014967536354026136
-0.00031034271692913354
-0.0005039163278248097
-0.00021147936940394524
-0.00016646259911600004
-0.0002591455691413078
0.0001539359464273366
-0.0002529059159278233
0.00043319441092398584
0.006612602264852258
0.0029106892241033983
-0.0002722823287915427
-0.00017913767813595635
-0.0001725730111371435
-0.0004364872524608805
0.0017910595474271058
-0.00013946037931903972
0.0002804560278794414
-0.0004002083631002331
-0.0010798107699192218
-0.00010161594623002857
0.00010116945805039878
0.00016557282851709486
0.0001702104073434241
0.00015831123427105786
-0.000782817846361306
-0.00012083677876673435
0.00012676524265245925
0.0002533414406227086
0.00035485132523489326
0.0005961992532552553
0.00048632649622820943
-0.00013915858010695516
0.00018892525996736236
-0.000308403946337906
-0.0001670671434904954
-0.00046182307472438395
0.00022798840087584385
0.00010147603623515207
0.006052440611979553
0.0002306239645297393
-0.0002103375975113575
-0.0005827091015832235
0.0028214202314337483
-0.0008435642630543601
0.001231357471187031
-0.00047383085264902914
0.00010784134225737773
0.000255075052826307
0.00021226190223420086
-0.0016850774313151276
0.0001633496774467693
0.00015587494396626504
0.00015963802495353726
-0.000304032504103715
-0.00019624535218179878
0.001029522344032085
0.00012152065576885141
-0.00015396868140055665
0.0007410409432469251
0.00023816898881006654
-0.0003318238250004293
-0.00012591905522782063
-0.0005644109097919495
0.00045602390586822874
-0.0001743144221273068
0.00015712320343873863
0.0002793091564343269
-0.00011787685789793579
0.00014296056189848618
0.00014794658757113068
0.0004026535029636829
0.00020998201895441616
-0.0001266662923807884
0.0001340803012717969
0.005734972497676896
0.00041185672690769034
-0.0002882379813674889
-0.0006235123611454621
0.003051961726072279
0.0001559459879381358
-0.00012228809143450834
-0.00014651590684190553
-0.0016070648846651236
-0.00010841772213961535
-0.0001954981169509156
-0.00035315150628554724
0.0009766198795575069
-0.00012171844863627004
0.0002222742012916234
-0.0007034202863440645
-0.0003123675562045588
-0.0005359090286664633
-0.00014271209816393206
0.00017223186118684375
0.00043509501329028416
0.00012892914963934777
-0.00011128885729204383
0.00027876398363231613
0.00020791445138744724
0.0004147246105611931
-0.00011396255212525736
-0.0003904775161634818
-0.00543981513709229
-0.0002591091556294991
0.00018008404206192524
0.0001609344651042617
-0.00038381294382293493
0.001540849122034661
0.0025307258152222206
0.00015390084089826183
0.00027686308042470034
-0.0015016889516428177
0.0003316211404912875
-0.00011013101925602063
0.0007895616785106777
-0.00048560779328764937
-0.00021368550230230972
-0.000667721604993544
-0.00029492030091467583
-0.00013401726429870125
-0.00015654437911030527
0.00010431821818223099
0.0005070377408248571
0.0001251024507251443
0.0004133627676755601
0.000169991688006931
0.00026963023977152856
0.00010390899245376582
-0.00038391796890420915
0.00013632722732443727
-0.00011829418311674332
0.00010762463630197095
-0.0003685652756922889
0.00023882254928742083
0.005171085200519976
0.00021280155011576564
-0.00019770827981507996
-0.00017352205969013886
0.00012658473544216697
-0.0002652514681160935
-0.0012253737396508346
0.0025627617686756177
-0.0014255459595237828
0.00012380487169586573
-0.00029208149626239183
0.0008760910005431728
-0.0001986464255899222
-0.00012491745913655549
-0.0002686686734380253
0.0006366837623744598
-0.00010531369383538572
-0.0001550410127079537
0.0004791085285465941
-0.00010132240998346923
-0.00018375930123239455
-0.00039229652340111074
0.0002541947929050628
-0.0003776934889977869
-0.00011734866648148707
-0.00011204430913880139
0.0002444353634318588
-0.000349291151643638
-0.00016769784251537812
-0.004921216505602314
0.0001551057481482019
-0.00012319436333777501
-0.00013206204780948755
-0.0027545346593330824
0.0009548753584703131
0.00026130849244165866
-0.0009153927667469515
0.00010024935009642687
0.00015592654398940278
0.0008382814859748153
0.00010310851145667633
-0.00011200490533816909
-0.00010218863028022888
0.00026643921300841905
-0.00060399299819724
0.0004619160499689333
0.00016833892296571685
-0.000235888521382992
0.00037477061953295675
-0.00011012724727576922
0.0001297903146784047
0.00035898434468903195
-0.0001023196523691321
-0.00020770665437574312
-0.00011192513200548206
-0.00010936724969744657
0.00033300657882818813
0.004628753667577694
-0.0005544706845567816
-0.0005563806254641745
0.00031742481610084377
-0.0001335457262958315
0.001385395310410795
0.0020391175401372657
0.001542267711213224
0.00025390386752238616
-0.00013058770313302496
-0.0007965954443595278
-0.00010544384985316984
-0.00025246565498641347
-0.0005745249938478905
-0.00015843883541712323
-0.0004391617602731332
0.0002224969801104009
-0.0001051796997795956
-0.000356971918635523
-0.00010321868730595855
0.0003393988236606986
0.00014359602701439304
-0.00020352007754824742
-0.0003142528130151902
-0.004475124354407462
0.0001146001316556134
0.00011325537535235206
0.00012882113988461682
0.0002901813896405035
0.00010149166152276024
0.00019451095320705618
0.0012938961042660419
-0.00023306843546038868
-0.0002167800737094682
-0.0008428887312252232
0.002092678033883522
0.0009676421330663072
0.0007547251846210067
0.0002069180193212053
0.00011420104961018566
-0.0005478126879933081
0.00015212279393595526
-0.0004185478891836695
-0.00021013853571732704
-0.00011578413821461072
-0.00034093977279304967
-0.0003255994474992247
-0.00013894519397103893
-0.00019274550921431579
-0.0002980284800167671
-0.0001013952935126583
0.00010111158700891603
0.004270209774138871
0.00019737415381264374
0.00027197360493485905
0.000195124283361859
-0.00010979730990243744
-0.00010348090031176353
0.0012258995027474805
0.00012126519351071091
0.00016687965608742724
-0.00015077182377395976
0.00016617336397262028
-0.0003188321707621966
-0.002321704756098304
-0.00022012355893129333
-0.00015453370218788492
-0.0007137083019669862
0.00021650887384445146
0.00013415181927304697
-0.000502476814855376
-0.0001383389233770878
0.0003879994303732995
0.0001909539383883434
0.0003237065016812408
-0.00032521008484228477
0.00020146299584300616
0.00020431727558563973
-0.00020024494802108416
-0.00011515478263629585
-0.004084183459826098
-0.00016510113367874582
-0.00026716827819238864
-0.00012581321765181832
0.001138823948172222
-0.00027245244501635576
-0.00012688706026116708
0.0003036439605367516
-0.002262109983111523
0.00015373468722664963
0.0006657565343506981
-0.00012842245393580976
-0.0004970326843264025
0.00018260318533614843
0.000382442088355585
0.0003090473607389096
0.00012250654388961597
0.00028816116205939097
0.00017328844351170334
0.000273626012987612
0.0001451702380178992
-0.003896925079372421
0.0002540891940194348
0.000294275949998371
0.0011194652612954404
-0.00015066022868577263
-0.0001150038431331712
0.00018509777244187723
0.00029492642515583885
0.002181748412630733
0.00017769579164071363
-0.0005363216147032042
-0.00016897345969599597
0.00010109738519912044
0.0004731637889527938
-0.000180392284044932
0.0003631534635018693
0.000294805218805676
0.00011687354685530602
-0.0002785427807568665
0.00016230247966215583
0.0002583894392462268
-0.00013582550745663559
-0.00022120737401968687
-0.0037404379039649716
-0.00012344946631717173
-0.0010768282036949987
0.00022225027349236011
-0.00017968437579847084
-0.0002214283765744375
0.0007327576819529148
-0.001958265757987278
-0.0005474534771447502
-0.0001828420273408181
0.00045008617333730923
-0.0001645957276415812
0.0003458759364761338
-0.0002818912934281381
-0.00017015228410521816
-0.00027528906224547246
0.0002534819942196641
0.00014345869828481648
-0.00021302631217353572
-0.003582092341662082
0.00011216244480343395
-0.0010277852302024166
0.0001279228780647921
-0.00015847830750293298
-0.00013815527114665365
0.00011188118953341675
0.00020569768215287522
0.000660359481820254
0.00031947004119215513
-0.0005059817495631594
0.0018142030121303027
0.0004972097806485498
-0.00016478216484765827
-0.0001721517243761051
0.00042430879757940826
-0.0001433932006801717
-0.0003314914226270174
-0.00010797030193125887
-0.00026678939472949385
-0.00012130735167821229
-0.00026364792268925453
0.00019260665933046675
0.00014103530670538884
-0.00013439705999044379
-0.0002003611948272213
-0.00024657242888845114
-0.0034204317913293543
0.0001625752728123175
0.00015427205135881437
0.0009646870527847661
0.00019502746385000196
-0.0002931683487997492
-0.00011452423061021001
0.0005823778115578663
0.0002318260634970876
0.00011424287154362871
0.00010572624255409146
0.0014395571867940175
-0.00025860695485521804
0.0012216151434433645
0.00023008704613011077
-0.00011300762129409176
-0.00038337163117719626
0.000132966619738013
0.00013893138880906214
-0.00027001998865137505
0.00022514326484482898
-0.00013009379968412547
0.0002389937654087611
0.0001090061555889739
0.00018037768291813958
0.00014871921415432344
-0.0001229105915957049
-0.00018414938760247723
-0.00034394175654643006
0.0032712013386480177
-0.00018059171937400982
-0.00015858344953750985
0.0002707316934925456
0.0008928375327617724
-0.00025266369840819345
-0.0001566077228402987
0.0006000108486522845
0.00017027146009735108
-0.00035373444126696505
-0.00044882622776824674
0.0016520156719205584
0.0006247900912510898
0.00034883117279846295
0.0002674946573351822
0.0001301668285659593
-0.00022061150463956124
-0.000135405606880292
-0.0002125463753523713
0.00010375306478679806
-0.0002024720169571032
0.00018654870416255946
-0.0001998743212355449
0.00011166883561901508
0.00021675487806466608
-0.002929140269400023
-0.0010595558826003678
0.0003851274309267236
0.0001367846427246892
0.00018806007128043922
0.0006002171478149734
-0.0006442559581382524
-0.00025614302723671393
-0.00022485934826787891
-0.0004974526371089597
-0.0003759025719209159
-0.0001174249775344624
-0.0001924940288192051
0.0001730182263807723
0.0005660334947055088
-0.0014561169377281995
0.0008756372675211362
0.00022579972194004735
-0.0002697904626916819
-0.00018830598147708696
-0.00016744882080810597
-0.00018438066711738344
-0.00011237389451555504
0.00010012688972441138
0.00015664723177996606
-0.0001583386030768404
0.00011998340642716774
-0.00018589568273703598
0.00012953576188232954
-0.00011024509012570474
0.002977237377293004
-0.00017970144029876215
0.00043672438447137204
0.00020086753988525182
0.00023773382448747694
0.00011076495435125228
-0.00015807435906329517
-0.00013939856864083166
0.0003432943733031103
-0.0008664240969529559
-0.00015112581029193213
-0.00029333377367858507
0.0005449231971249417
-0.00022078172501407384
0.0002288950102294225
-0.0003454366167571177
-0.00019266301026823812
0.0005695381653735634
0.0014247472749092448
-0.00047095392509572575
-0.00040889496054453614
-0.00012967698935221545
-0.00015596443908463532
-0.00023372417594812108
0.00010130816486920753
-0.00017745708739444287
-0.00016965521978728332
0.00022452405174422873
-0.00017125822960683412
-0.00018046996964003937
0.00010225966991619034
0.00011571574995894975
0.0002441927224111885
-0.00012054619991784189
0.0001417591353807073
-0.0005047113321485009
0.0001220641906520305
0.00014201548561711117
-0.002689700361847684
0.00015462623625640796
-0.0008966019750886512
-0.00010702613140744061
-0.00010355735214822452
-0.000400570067030978
-0.0001230126457199715
-0.0007658881756254174
0.000253815117240667
0.00012935388863385814
-0.0001355699413426443
-0.0002828155859188706
-0.0003963164722821191
-0.00018106753345792161
0.0002610935749311736
-0.0005540308145662581
-0.0003317740689788061
0.00032981365882710586
-0.0006544696443859282
0.0004655092383397127
-0.0004174769202937037
0.0002406042102509631
-0.000985072508292028
0.0005453191521898692
-0.00011158000485605025
0.0001937872776325023
-0.00010194019439264928
-0.00011474733742664609
-0.00015881429228739428
0.000140381209191173
-0.00014210996828346832
-0.00021510701344942555
0.00011645654067068246
0.0001252327596154259
0.00012567016525138382
-0.00015796876653318326
-0.0001820766603569978
0.00014256676368275964
-0.00010879101319065546
0.00012579761811387096
0.0004197726225783216
-0.0001550792970949806
0.001002278674306282
0.0008939983391902872
0.0019892983685650843
0.00019918230079469466
-0.0012993895746387769
0.00015135786493677926
0.00019231793441167047
-0.0007120346767299425
-0.00035959574090932515
-0.0001534908021162289
0.0004105788273883587
0.00013127124538617036
0.0002608280681728148
0.00020094851961315855
-0.00024437552666047957
0.00016769126906966285
0.00010045830907503634
-0.00017078912403077363
0.00031882227277336983
0.0003690536649093936
0.00016841386481729318
-0.00019217497913835645
0.001362859027706703
-0.0004070230347335395
-0.0003805142078125895
-0.00013709045527725945
-0.00017188104939683496
0.00015487240671450565
-0.0001581798963019971
-0.0001817717836333951
0.00011647673105672792
-0.00011759620167473518
0.00019565590440692311
-0.00010078241367125322
0.00011730918782987805
-0.00010477669472208275
-0.00017274456004450682
0.00011383532203357682
0.0001396740333324826
0.0004999935550039214
-0.0002738401688599631
-0.0011608727347067885
0.002236607561389207
0.0005809476771941641
0.000376645893237635
-0.000757863484671151
0.00014797558344966348
-0.00013897196874820892
0.000204863785765783
-0.00012247176491358213
0.0003496964419047712
0.0001485394257628133
-0.000291271337703033
0.00020319675672284042
-0.0003146268271383733
-0.0001429005767517459
-0.00010381689506025353
-0.0002251976862980498
0.0001935669841954514
-0.00015052963556577681
-0.001435606325079654
-0.00013929936735145005
0.000243412773833351
0.0002195509284524196
0.00013734060774497236
-0.00018957653027255617
-0.0001898429499087035
0.00011343579466078615
0.00016501131401342665
-0.00012638975252424864
0.00013723204627135824
-0.00015876631738689519
0.0002007917974674629
0.00010714788774140827
-0.0001527120684642354
-0.0001100291979081066
0.0005867758632159964
0.00010919500899607937
0.0023430719365786323
0.00042540698351897966
-0.0002083655796249269
-0.0006138780387033652
0.00025141450626191714
-0.0003327001021514038
0.0005313413700262143
-0.0002792130744322617
-0.0004055954582413514
0.00010308294058549893
0.0001370456703706313
-0.00016122993212419273
0.0003242532057114649
0.00032398492894802466
-0.00016350599180837123
-0.00011190814102498328
-0.00028111287160190174
-0.00019735989568818517
0.0009513504642956632
0.0007986379058273113
0.00031318488753643686
-0.0006473744785324207
-0.00021132318745465902
0.00010398511024338375
-0.00015778032908739673
-0.0001135612165766971
0.00013751769011413593
0.00010529470992041239
0.00011611930586903833
0.00017443317382040153
0.00010289455063922361
-0.00016605615233162923
0.00014331812532383787
-0.00015014664033584978
0.0001711864835435474
-0.00020933168029889962
-0.0010311623170107186
-0.0021306688718971773
-0.00010507204014182034
-0.000554138103154482
0.00010752450858670535
-0.00030914752591912353
-0.00018659677736184295
0.00026818501361538084
-0.0006837501797478308
0.00026635837226426283
0.0004007428326408545
-0.00015785579590289409
0.0002740961152889833
-0.00015050885777543276
-0.0001979022156059892
-0.00023649036489637704
-0.0008684107726173886
-0.00012652283108724314
0.0009727197878558339
-0.00018402839998701238
0.0003267756738232431
-0.00014795717176475007
-0.00010097240737120188
-0.00014039850391385153
0.00019282913644307233
0.00014755728252925364
-0.00011461707142890881
0.00012582267753520398
0.00016251234601714697
0.00019327858464698755
0.00024092866980817974
-0.00019103252602770305
0.00010883595581799014
-0.0022452087399462365
-0.0003968174063073477
0.0006246592090905428
0.00019500458805747859
0.0001074179568954229
-0.0004185854299570356
-0.0005028469249381786
0.00013466259879325136
0.00044866119759550706
-0.00017226559658134246
0.0003022012575456357
-0.00012120461301026785
0.0004216976457373891
-0.0001570065517397446
-0.0009438064567103556
0.0003276190165709411
-0.0005718094676189771
0.0002521794881291213
0.0005243908201508589
0.00016277678272674662
-0.0001515259929829202
-0.00010463616661468691
-0.0002027804702697117
0.00042340492527483435
-0.00011310254379013863
0.0002305340843081885
0.0004516546998952899
0.001907481939302325
0.00044618654814734837
-0.0009347129003834133
0.00023529824821725862
0.0005519300578866644
0.0004566983717545611
-0.0003607731139924661
0.00010098176266142
-0.00021337235010634556
0.00017498144769405706
0.00031521105769913705
-0.0001532057517075693
-0.00010138454171295724
-0.00023850166723990185
0.00012592674559913481
-0.00010390480949282112
0.0012830710537865204
-0.00015993559035653066
0.00013577636786074279
0.000107015668081818
-0.00010230690958851438
-0.0003583851499722266
-0.0020754760094725917
-0.0003812577314384546
0.0004761394809432842
0.0001823022219304286
-0.00035821902785739733
-0.00030041058667853565
-0.0005639868928262987
0.00013172461864401387
0.0003676789225430433
-0.00016521476291314627
-0.00019246993391046867
0.00010749229098348089
0.0001263557815045602
0.0001844756399027454
-0.00016758187180199212
0.001234900334329864
0.00012071857729365352
0.0005447950110220244
-0.0021066691730089403
-0.00019474704716596953
-0.0003355202014998625
-0.00040595408711411305
0.000200672702746537
0.00018648686239512155
0.00024533406222647185
0.0011741511188107158
0.00021203239443772992
-0.00011063600741280118
0.00011249955993995925
0.00013701465166337265
-0.0003357357599786735
-0.002008450361396299
-0.0001463949408330886
0.00020391604142058867
-0.00028459460664178053
0.00019662827964223682
0.00026844892249936836
0.000268779571116848
-0.00018678507987092064
-0.0001362661722902572
-0.00011631875364986861
-0.00022352962882080953
0.0011496128652898178
-0.00011534748546817047
-0.0001675076799998281
0.00017659004022406953
0.00012514597012351815
0.00010800667172891431
-0.00011197194280547562
0.0017662571189329197
0.00013955209354555182
0.0007228398360727713
0.0003994309817487162
0.0002602027528697636
-0.00017629292513613001
0.00017640440467138406
0.0010676818006095418
-0.00017009143696237843
-0.00016237328448324574
-0.00016337877063726726
-0.00014658141516436657
-0.00014419480070917504
0.00011225130750960738
0.001686343343142852
0.000543862154588421
0.0003242269525866322
-0.0002304351660644181
0.0001749785093390873
0.00013937535710024704
0.00011380371601540892
-0.0001264249816968753
0.0001114724269233708
-0.0001017260961183487
0.00010366447965498004
0.00010535488864260587
-0.00010346591332855673
0.0001093979713681274
0.00011182412559844854
0.00011218974640725453
-0.00010056505448414138
-0.00011493761657271435
0.00010292439171721348
-0.00011760656054974422
0.00010531316732305546
-0.00010256060079520022
0.0001203351808375009
0.00010727420431217055
-0.00010506864317456458
-0.00011945138820401686
0.00011032534739603323
0.00010162851613817834
0.00010783856452211117
-0.0001121438008776582
0.00011464190198636265
0.00010440810007046357
-0.00010012748380764675
-0.00010909546019030203
0.00010312018946816163
-0.00012631539121662108
-0.00011687525058533121
-0.00010369612823050937
0.00010331568635096429
-0.00011193309464400487
0.0001053383184019696
-0.00012986674252697805
-0.00011959676819428822
0.0001030765197749197
-0.00010690248969609699
-0.00011453447256938451
0.00010565154069473034
-0.00013727701813161147
0.00011825544171251047
-0.0001471776000930394
0.0001591063018202593
-0.00019051633870678875
0.00021154616741996262
-0.0001513356460196055
-0.0001912386176246308
-0.00024199006975735593
-0.0001806602099849816
