-0.8236352120527544
-0.2955019642903724
-0.22429536529413532
0.18439864898808755
0.027801488630569075
0.13887664782500447
-0.08861594364883989
-0.10434205481547096
0.019484297899681993
-0.10377911455504954
0.08899587755577137
-0.05859751565841069
0.0013448771534011821
0.020277776698971663
-0.08712753903532211
0.014849242083251715
0.06478059338603427
0.010801004010916828
-0.09548959967443577
-0.011284409255795073
-0.01909790526489765
-0.005994716962805533
0.014913539771484888
0.007323409645433762
-0.015969098053143605
0.00768971431056305
-0.013558307237798684
0.10249982867099601
-0.0005852177355665412
0.002384308281938547
-0.00022525589056150025
0.00459868698214499
0.004884503217086337
-0.0033454372276467983
0.002568585700996557
0.09648089417177967
0.001084115497869891
-0.0013845642341994546
0.0021250486666263614
0.002219167871571546
0.0009051392343778736
-0.0025289602746365923
0.00096770220744338
-0.004577443163630556
-0.001997278585669788
-0.0026074687606563733
-0.08101607875017043
0.030396587770688082
0.012732702217397028
0.00010344403496997896
-0.003479632297251751
0.0005390492647683046
-0.000334717801333646
-0.002065144263928806
-0.0014900706101325634
-0.0007721069874931322
0.0012504331490880457
0.004751854385649785
-0.0010202927943461994
-0.007768231406007972
-0.07847515468936306
0.0003037964670561398
-0.0024868759513987353
-0.0023453686419858412
0.000344700084894073
-0.003573448990035245
0.001102903796246526
0.0010466227086407154
-0.0020387781011175304
0.001059792234004591
0.0006289066405043004
-0.004168547603397217
0.001218702014946978
-0.0035957363030055915
0.0012991397055198562
0.006210101744695544
-0.07054329589038641
0.004594214678235827
0.002494150386807945
0.004744988657552162
-0.000878050766974163
-0.0004805279402437134
-0.00037875937543561114
-0.0010907638947144263
-0.001779424310467154
-0.0012694214139356754
-0.0009063554969000655
0.0017039552196520813
-0.0036329923923017152
0.0016931565438359144
0.0011813655821198493
-0.0017738252713955266
0.004024524597992749
-0.028637374017095395
0.05701653529592873
-0.0022299298155192154
-0.0018274710272513474
0.005935560664765322
0.0008658647110097746
-0.0006821177116587359
-0.0013164129233446211
0.0019096107832924608
0.0008553603062369919
0.0003055198998980687
-0.0007901297056705542
0.0002599738813827853
0.0009329906928357126
0.003460062651300533
-0.0005027233518259826
-0.0011486467716711871
-0.0019210650585502697
-0.05728840241524301
0.0018949274548775185
-0.007202858303752837
-0.0007721784054694182
0.006659674125636544
0.00021612052795879066
0.00023569733376546632
0.0006584250209190267
0.00031253209101908194
-0.0016641617947956641
-0.00045947115574230266
0.00041767388350329236
-0.00012986870116994548
0.0005776620713735603
0.0009355722861428739
0.002565264895310163
-0.0022707626159334288
0.00116231369171972
-0.0013468803886244566
0.003998565386315173
-0.008649364325693843
-0.035685387602906585
-0.03697684728654252
-0.0006710933709317976
-0.0013475881229310762
0.006822483860357087
0.0009312337797978577
0.00017101684095177953
-0.0016192572237023039
0.0007294682625625648
-0.0002724283462168412
0.0006707781514075819
-0.0006161812631646583
-0.0007443636759804002
-0.0001489303819158981
0.0006897963068571069
-0.00016398630185471673
0.0021682539136755495
0.002313062209947192
0.0007877127939663591
0.001974060846395045
0.0019797747032302697
-0.047341721129856955
-0.0032786104758645174
0.004110366820285444
-0.0046044809949584795
0.001495246442872119
0.0009505895469832049
-0.00014049918332417494
0.00018535225198329763
-0.00020765775059585352
0.001353304116460817
-0.0006111546777761991
-0.0006365427460296389
-0.00015075692630057652
-0.0004992856144543623
0.0003847811509846778
-0.0008156054210923336
0.00036291846383536573
0.00025873977353311914
0.00023623955327157643
-0.002561547912833527
0.0011754805303408567
-0.0013034880479329083
0.04100707121406915
-0.013018414396019166
-0.003338806367329923
-0.0003007296701741951
-0.0022177904164137462
0.0028402538083125662
-0.005930874825730248
-0.0010493008771747107
0.00046684754968941166
0.0011746353441309436
0.000777845043838572
0.0003421614237600702
-0.0005933592134729992
-0.0005655426908232833
-0.0003022679756609283
0.0006785926959588434
-0.0007643633145867338
0.0005253940285420162
0.0008626960794372343
-0.0021184635294678247
0.0003393845809229663
0.0003390320540279098
-0.001544899455237991
0.0007977075358353665
0.007934960341023043
-0.03846397122640267
0.003013849009622591
0.0025656453009638702
-0.00626987867320847
0.000263708753039602
-0.00029974332016406707
0.0004234104129431324
-0.000205682872365863
-0.001027324282191796
0.0006960418193847374
-0.0005850681284569339
-0.00028215046036542205
0.00011427474281910549
-0.00040200344126516406
0.0008857101755765877
0.000303386470892303
0.00032825561113060566
0.00047571940070443506
0.0019151333694903084
0.0007751340471068989
0.00044208541725851875
0.0007015317352098088
-0.0011842305939099053
-0.03587275418460636
-0.003951274959859473
0.00015855918614821372
0.006316928817376805
-0.0009118412901844194
0.0001939020544990353
-0.00012160002863358342
0.0005243204666880062
0.0002467108136171989
0.0009723083044879509
0.00040320530344257013
0.0004412361614687736
0.0007314357102376138
-0.00043842316705464785
-0.00019329845831443413
0.0002815353469276913
-0.000686100704925192
-0.0005761641197247566
-0.00017198775303034464
0.00035529708335085944
-0.0003809100349437593
0.00012612045419410712
-0.0016853308367004202
0.00011207577467867916
-0.0009425439246081058
-0.0009712989110936764
0.008178769162137825
0.03194854667523979
0.003062744150944282
0.00048707061327038417
0.006140802716091953
0.0009061988697065726
-0.00040433095945909144
-0.0005207008603720759
-0.00010628865828927464
-0.0005888186337000907
0.0007491892795486261
0.0003208821653535288
0.000882699333889742
0.00012254018680998347
-0.00012148899374936594
-0.00019028011507221912
0.0006750958995050007
0.0002009670993585587
0.00030972184765082437
0.00011046946205795497
-0.00025620502188802467
0.0016837377544990902
0.00032144266122509764
0.00016545387942793833
0.00020958104325002072
0.0015895962444486475
-0.0018119548590105874
-0.030305086494660596
-0.002287800995958527
-0.001135152252009183
-0.003193474353776166
-0.00499583683763503
-0.0005799281629349387
-0.0005215998343965471
0.0007709722203554637
0.0002222881489521033
0.0004858967914380697
-0.00016772716186253718
-0.0007797142753277291
-0.0002543142939222692
-0.00017625907286432117
0.0003153943396587947
0.0004825437192994539
-0.0003480027988311896
0.0004371189766533719
0.0002760244678249875
0.0002713036359920389
-0.00046064345979741623
-0.0015202204500244
0.00032466832559468155
0.000856191381809523
-0.00022122966307803904
0.0011193420949899872
0.00026303911395927687
0.02806292041267962
-0.00218254225317533
0.0054708095426441354
0.0003598478896605259
0.0007287623857703152
-0.00016718328376922638
0.00022295872245442074
-0.0006070771217807962
0.00045625859759194963
0.00016420265587825574
-0.0005615095949717064
0.0001615090993832361
0.0007018539545852405
0.00020720805151648057
0.0002365675975969987
-0.0004533513119771941
-0.00044524568904815315
-0.0002405408691311836
0.0001272623855532802
0.00012875084356985347
0.0004066055334349213
-0.00020953704249333154
-0.00029818599105565634
0.0012277737594261293
0.0004723704891638747
-0.000332563507682098
-0.00034946478837559805
-0.000949576723949407
-0.026041038612377453
0.001263309575575517
-0.001773692082390881
-0.003423498169443495
-0.0033479112680205366
-0.0011025219888945398
0.00016829866312167532
-0.0002918191546424689
0.0007315075489747467
-0.00015080548679127111
0.00016370031952000615
0.0007728465730864505
0.00017404797476507043
-0.00029733243646587096
-0.0005331375538446727
-0.0003699779753449476
0.00010223319233982677
0.00015768759502526102
0.00020651132089522209
-0.000332375064964318
-0.0003267500411842943
0.0001986988045047103
0.0010832538167285508
0.00047065813006899577
-0.0002902539152986821
0.00044183601631447357
-0.001476913281108581
0.024059080709945217
-0.0008231354250094474
0.0020744216533832615
-0.00034703118030978114
0.00487801482606893
-0.00011044877377934084
0.0005531365445606444
-0.000396224506680044
-0.0005367360393009756
0.00024339472165433695
0.0008130264186713013
-0.00020796282347555767
0.00020488393072374715
0.000232493800222102
-0.00015202621415959128
-0.0004278853846258675
-0.00023667081220310284
0.00030162394647130703
0.00020487301463611277
-0.00011846076371756506
-0.00028305694943104383
-0.00028096184789426514
-0.00019287462438930802
-0.001009458202194233
0.00015948768227325017
-0.0005217391587576533
0.0003446340192700227
0.007816649620119426
-0.01978284784941903
0.007238749402476646
-0.0010250629162487353
0.0009629631611248577
0.004637117139387431
-0.0003464100259769912
-0.00022219600592300612
-0.0002459269995174153
0.00044847353210984654
-0.0001977890692560941
-0.0002736575956764613
-0.000344028403376395
-0.0007034414985600898
0.00021356830101238787
0.00044138423807856935
0.00012319544687020522
0.0003176305786419988
-0.0001656149056942954
-0.00037190033536054835
0.00012593032408685098
0.0001904700066206163
0.0001820669177076772
-0.00011767898610972996
-0.0002305276144451457
0.0010248235409049194
-0.001038022433548694
0.001264393981674948
0.0005942298092149801
-0.02089623533261187
-0.0005257698255363468
0.0017467058785629115
-0.004075602175411801
-0.00013107725327368602
-0.00014542860657411867
-0.00016070976063361405
-0.00041618087840186686
0.0002281132563247234
0.0004499459678870985
-0.0006508574395518868
0.00023057227915290683
0.00010609218317653408
-0.00019464968937692593
0.00036114026906489485
0.00021246977438831887
-0.00029102985724745113
-0.0002339130983499169
0.00019468869096633218
0.00031922779678177933
0.00015807051353015791
-0.00022487693800830695
0.000898881929121518
-0.00039693614342567663
-0.00045201052085380033
0.0008868680660653736
0.019490275356932284
0.001949191688508137
0.0038575282152641267
0.0012276224534907363
-0.0003318608285411815
0.00028785127967940924
-0.00024789375947552013
-0.0003120277458179947
0.0001952685516233848
-0.00044715658183931716
-0.00010603431611672971
0.0003114430781040681
-0.0006481077398405535
0.00012123742822131098
-0.0003244448345846359
-0.00017835834263278357
0.0003182556533259879
-0.00017129097631855714
0.00010717171412746325
0.0002651972393854168
-0.00016996048750914943
0.00014060719843406695
-0.00013865995167337223
-0.00020592629961246862
0.0001151621316226983
-0.00012590426759650974
-0.0007675744429252117
-0.00017150489303433724
0.0003497396341153855
-0.0001603487782483411
-0.0003103791295844139
0.018355091874675267
-0.00010947806870371099
0.00380227593863779
-0.00038703507449573286
0.00042643516816886275
0.0002482991681608728
0.0003207135340427085
-0.00042347632040744574
0.00017344440195713275
0.0006460264276333016
0.00011512804513495159
-0.00030700561988663004
-0.00026925688721988404
-0.0002744482013430997
0.00016874871177168616
-0.00027762987674636355
0.0001659071119371791
0.0002544322141777622
-0.00011810309339286183
-0.00018801441151274445
-0.0007144067228350285
-0.00034678939299880664
0.00027023473969958766
-0.0008162701793897702
0.017182495760203465
0.0002328636026691268
0.0035170228929043016
0.0010867468354772395
-0.0003372729641195336
-0.0003548796961079073
0.0006277169941552483
0.0001670835283719232
-0.0001868490314167999
0.00028573859421253476
-0.0002796884563716339
-0.0001326093507293713
0.0002453099673711322
0.00012098841494191698
0.00014625224283486673
-0.00011944072329041291
0.00011571022698951823
0.00020404339302626932
-0.00013872115287422122
-0.0006293516841355709
0.00012733016015205152
-0.00016872852029506546
0.0002105299837877407
0.013984890626026229
0.008028858630980337
-0.001293745828493201
-0.00039065891872459927
-0.0034059784809664915
-0.00027710238031521567
-0.00011827823325498493
0.0001276677819632423
-0.0003200086621051138
0.00011430531592199902
-0.0005626374625668713
0.00013373328219406534
0.00013079836076151753
0.0001950023484826368
0.000264265313883142
0.00018630507957431694
0.000278208950174843
-0.0001802177643597911
0.00015031247979859096
0.00015324864891696783
0.00013810878822734392
-0.00010313494791624396
-0.00020524232878248736
-0.00013174814755321875
-0.0006271967373498921
0.000173610374160027
0.00040928335065851354
-0.00012776918852207291
-0.010217768385830973
-0.011278074839791779
-0.00024293528374691418
-0.00013997644948742316
-0.0015242712841001802
0.0028598692365430943
-0.00021450370539523325
-0.0002573983603474791
-0.00013010942407272702
-0.0005569699869031909
-0.00011536855881758073
-0.00021758126292377523
0.00016133331710153288
0.0002502983086108411
0.00027927781747098
0.0002563098795738112
0.00011169012234812135
0.00012990976178102313
-0.00018883544951761626
-0.00012184423231398334
-0.00012263039180871038
0.0005568085481753698
-0.00015808451399548893
0.0007503820874527933
0.014188065350940289
0.0009988261948808267
-0.0019494077565929489
0.0003454799989709637
0.0007239859340672695
0.002823314934698959
0.00041309411387715274
-0.0001321631459951265
0.00017447555024758447
-0.00015216022401047625
-0.00025390807425946154
-0.000251037052008175
-0.0005300408481164648
-0.00017445680245266584
0.00022055925946671526
-0.0002685994633379864
0.00013687058145701845
-0.00016985250608971033
0.0001331591698485786
0.00016768430646876324
-0.00010425032146723633
-0.00012181557074894321
-0.0005064413219412881
0.0003302147871679601
-0.00011558035551958621
0.00023027761176623292
-0.0016604692907237057
0.006366128891767749
0.011840840453349624
-0.0010048740019889797
0.0027390161754196987
0.00010860028035102416
-0.0001578607427903924
-0.00012734295320947174
0.00025029650913169715
0.00026059387015634253
0.00017210360500946514
0.0003798688184074103
0.0002784443417862303
0.0002005151547066
-0.00019116007600959462
0.00018949274478811007
-0.0001685900508513204
-0.00011535936966619372
0.00014628781208216656
-0.00015951296780749853
0.00014153607097211395
-0.0001332012472532272
-0.00046514273305738545
-0.00018145552390167586
0.00010136513301560438
-0.00011347688963231743
-0.00013057935722106712
-0.00011231741542975802
0.012783551311516548
-0.0012590360580108113
-0.0026001834881365297
0.00024412866933999004
-0.00020327126346686338
0.00015803782876720558
-0.00031924477559290923
-0.00040617415601485216
0.00022232420882985646
-0.00010185536487479096
0.000169789669937596
-0.00011339020510455443
0.00023323069581286763
0.0001278971118680938
-0.00017230993929146036
0.000137365053517557
-0.00013332939479456863
-0.00011450151009519401
0.00045460587065206776
-0.008853055514768038
0.008341958761315599
-0.0006326676144349244
0.002391277121417125
-0.0003263809592938874
-0.0002420360561213336
-0.00020996653867368082
0.00025376156088578327
-0.00043797523919643377
-0.0001252037889687034
0.00016157156436636666
0.00018064659038899417
0.00019413968432355336
0.00010665954289865397
0.0001549316922445661
-0.0001458687059596434
0.0001322798475789686
-0.00012520400562421807
0.0001438891821057972
-0.0003785110943660432
-0.00010077131836302689
0.00028025697327204314
0.01154686659695878
-0.00031891937208386814
-0.0005284246747555632
-0.002221236150568669
-0.00022404652032676392
-0.00017274927630347336
0.00013371980849894544
0.0002545016440934828
0.0004136883103677013
-0.00020081225804882897
0.00013639507832872093
-0.00019511147518190233
-0.00014087798228546448
-0.00014031312581503467
0.0001154457057852153
0.00012046102834911706
-0.0003805438050245924
0.0006163308298718355
0.00012102575443780357
-0.010943891940433277
0.0004431452189997514
-0.0003286735173123837
-0.002170897308457889
-0.00018117424233365714
0.0001920405745502216
-0.00021846928285440648
0.0003890436314906102
0.00014382195645026394
0.00015697269969821884
0.0002013606599144229
0.00012387971371598225
0.00012032392817292444
-0.00010906766426428428
0.00010012468842277749
0.00011230472765525631
-0.0003483140886515986
-0.00016869118043885624
-0.00043524781414180377
0.010417741248784624
0.0005883003046021821
0.0005940449176236796
0.001959728045470806
-0.00019949525951607532
0.0001271605337589229
0.0003514133177587656
0.0001215379541629886
-0.00011552966084507385
0.00016499749209305633
0.00019610270308127799
-0.00012717309376633962
0.00012535510108935237
-0.00011916566336808764
-0.00011282961200347993
0.00032325324050224216
0.00021179409608967516
0.00012762357341568814
-0.008658374775153391
-0.004755184512334757
-0.0012479155628785355
-0.0018672712119768892
-0.00011420338262072684
-0.00013832862096311787
0.0002013443020921127
0.00034297238135905066
0.0001317267003612022
0.00015810763296218288
-0.0001844512987024493
-0.00012146189893243106
0.00011767341021743558
0.00011241569250761503
-0.0002950997599871186
0.0001604071000668805
-0.00036993607286274884
0.009281286063634549
-0.0019721475111799656
0.0017691416451042895
-0.00020704167003458246
-0.00018649855510989805
0.00033441169034729854
0.00013207515460519046
-0.00014317208645807521
0.000176446593129224
-0.00011758752375709284
-0.00010971111095039486
0.00024675406309295346
0.00019392548941872902
-0.00010176243145417988
0.00033703054340879067
0.002260720116144845
-0.004628323288763789
0.007458081508703844
0.00024400226124799662
-0.0016424606780167212
0.00010576466100575867
-0.0001817897507540797
-0.0001775141806628795
-0.0002944913816052415
-0.0001324477815619886
0.00016634943549075074
0.00011123803978930691
-0.00026589929620976434
-0.00865629262263751
0.0005526137375598711
0.0015499582700480659
-0.0001530269932972483
0.00016539744345983793
-0.00028722747233165933
0.00012907061654021562
-0.000147489452989651
-0.00011652857399116022
0.00010740027237570985
0.00024789131759904074
0.008304912134734704
0.0014343772858927742
-0.0001022716336633783
0.0001377056578539201
0.00013346233437779018
-0.00017937593038035502
-0.00026899669647187016
-0.00013308644446545406
-0.00014573539739985356
-0.00011124309432641553
-0.00023028322619041554
0.00795404264152621
0.00015927706194068746
0.0002083769383186456
0.0010563126890653996
0.0008225990365467891
-0.0001518155334394373
0.00016086739406387466
-0.00025194569683355196
-0.00014216926277184675
0.00012166429479050106
-0.00010267039418011833
-0.00021974446839782174
-0.0010833505984943592
-0.007549379597238507
-0.00028604585835150876
0.00026828689969426593
0.0001804351010712509
-0.0012244932913813573
-0.00017343738764006995
0.00014114179863371958
-0.00010570930494182129
-0.00023850148785620204
0.00011846116004215774
-0.00012681868227876962
0.00020172156490593863
-0.0001312311883587309
-0.00015158938046273547
-0.0073243370862085475
0.0003787947907245601
-0.001134851509714715
0.00013640321674494805
0.0001694453123491152
0.00022046623137213868
-0.0001095405435942802
0.00011950964922773482
0.00019669743370350883
0.00016449490182943722
0.00590299478140567
-0.0008662720596437424
-0.003746526671776062
-0.00017599140009772843
0.0002928267154763555
0.001040605292746643
-0.0001644440191957971
0.00018937295063801402
0.00013026633544505696
0.00011183614529337532
-0.0001843508573557783
0.0001755115293243726
0.00017660660144934483
0.0067827297663896014
-0.0002477186631820845
-0.000936667534725271
0.00015273024071461397
0.00018012090946434365
0.00011928453343690206
0.00010369505791597828
0.00017808716962263362
-0.006540978733888606
-0.00022215512230234122
0.000819128810848118
-0.00015677557400391054
-0.00016170466389944015
-0.00011622699522252685
-0.000174586573547776
-0.006282414495541486
-0.0006219339565613677
-0.00022185306696516604
-0.0001658602948906584
-0.0006666988090947665
-0.00016004333958591658
0.00013895326029646877
0.00013134228956025485
-0.00017546222773173536
0.00024146744105416865
-0.0004511961466886921
-0.0002427347151802464
0.006077382483417425
0.00011862094063207619
-0.00047473469978142523
0.00012316451587684064
-0.00011337162597460754
0.00010113358781147951
-0.0001294949570058462
0.00010537331022802611
0.0001739583715996599
0.00020011349306200672
0.0056984088770795855
0.0014966365727373822
-0.00030438895833136343
0.0001242727945566122
0.0001713079700343933
-0.0001324493747752477
-0.00011276945484889088
0.00023279357640678896
-0.00012527151927573327
-0.0005625742996747226
-0.0019984482273039763
0.005202114712434176
0.0005400649552158907
-0.00023658566711147808
0.000622486164350107
0.00027983229582022713
0.00012261470358253203
0.00018735279012518607
0.00010592559953156307
-0.00010014531495880822
-0.0001600425936525193
-0.00017169749329124594
0.00017198379725517172
-0.00010712984795261551
-0.0002559651434674434
0.00014195260403853917
-0.00020521182055331663
-0.00016406346788919152
0.0003642568534943452
-0.0006054815609333647
-0.00032692149109106645
0.001509892512113414
0.0006971422905422943
-0.00015053293871083648
0.003352722758486748
0.003243353420780247
-0.0012443859968239023
0.0014284483345221957
-0.00011270619102729639
0.0002236569938866661
0.00015212096200788356
-0.00017028097521867155
-0.00030391551918091937
0.00048726965455318967
-0.0003638623557861839
-0.00027753366827189886
0.00010773178323080804
-0.00010420985719717672
-0.0001772385347233536
0.00019082524628218314
0.00031445111747649597
0.00010492311471264727
0.00016460750161370952
-0.00020987211040764586
-0.00013033083309476094
0.00016245753816288412
0.00016728059248369788
0.00019897727442748774
-0.00011630920734862243
-0.00012001044001201978
0.000278921503222428
0.00017011037319860655
0.00022447753498098155
-0.00022727046939698923
0.00017091095397115335
0.00031106431414102873
0.00023592549150321725
-0.00014228040231276798
-0.0002775810925348179
0.0007791070789985027
-0.0004986051412466269
0.0005651609931323251
0.0009285218492477061
-0.0004364252379680591
-0.00065724320796152
0.000816179275125932
-0.0007900626446655616
0.004284151284922448
0.0016011836586959415
-0.0005723229499223951
-0.0001760375085741617
-0.0005233236027678493
0.0005733123789513319
-0.0001909303640343377
0.0004076562670299908
-0.0002807713608759094
0.00035790658633004713
-0.00021936903502381788
-0.0007703318577286295
-0.000728852723119157
0.00040000917912891385
-0.0006108975020223868
-0.0004254777748200517
0.00020201235450062496
-0.00022480171897858926
-0.0004003456424199736
-0.0001521084169394428
-0.0003311867884473587
0.00022797957744453707
0.0002919739683715247
-0.00021909632481735222
0.0001282678415987242
0.00041307552880958477
0.0003518579668191387
-0.00018928496047051666
0.000197415991354462
-0.0001169240600977587
0.00034749263353976793
0.00038415235485746786
0.00016969961958749125
0.0001896504649307656
-0.0004327425866304331
-0.00012353164080835605
-0.00018990050762252895
0.00014540608386239378
0.00016230382411369824
-0.0003494013299981623
-0.00024413533145193098
0.00021778441801417514
-0.0001859494353903377
0.0006610540401923849
0.00026953630970449714
-0.00010949052069997
-0.00021582114347124687
-0.0005181985175443089
0.00023398080719902047
0.0001195241094024697
-0.0004737447997698085
0.0005528626782811822
-0.00030772342127308503
-0.0003860724633261101
0.0002173651916753081
-0.00038523232923128384
-0.0005989768184518797
0.0015245201919405905
0.0017443051879200424
0.0008397805471613862
0.0007229883596218017
-0.0010486337365647586
0.000422609064296809
-0.00017509423162055505
-0.00026059205079085365
0.0013616852057418045
0.0008318832904365536
0.0004874515257002793
-0.0020797314122564118
-0.0009098624023110113
0.0017523978906692076
0.000767535418603551
0.0003676362123809719
-0.0005661648820801179
0.0007280631283590861
0.00043078274769124653
-0.0008785718273636527
0.00023427095249816616
-0.00015197712773588423
0.00016427184360889025
0.0005411993203240722
-0.00013017632470729422
-0.0008149254007512519
0.00029196525058743344
-0.00019025126657911388
-0.0007449842741676615
-0.00013444232993257326
0.00020490072416227723
0.00012931151857311125
-0.00028904019386362905
0.0002468349506356071
0.00017617829759464118
0.00020315685275024871
0.0004904853808696888
-0.0006309756326101771
0.0004180236973067386
0.0001350203898007623
-0.0004699723892258611
-0.00031248360319279835
-0.0001295702867009536
-0.00017841856056678457
0.00020471901221812722
0.00015007682872115853
-0.00012782783422903314
0.00037443499940627967
0.0004597276872146264
-0.0007965998072121326
-0.0005020488693812228
0.00027017472621017205
-0.00028509336899146693
-0.0006308107673469105
-0.00013936534723209347
-0.00019103634570038526
0.0004730613113143421
0.0007991878981251419
0.000302756317458179
0.0005300668522648034
-0.00034402887236679986
-0.00044699626252886205
-0.001078881948594863
-0.00028818761339276044
0.0004044730631305199
-0.0003298494224544443
-0.0028071646196735764
0.0007636456934480188
-0.0020061928363537544
-0.00019387932813865114
-0.00024104207325332204
0.0008676378053406122
0.0007019542903837561
0.0008798334977248791
0.0005625080094857026
0.00033273339284961063
0.0002078745068005719
-0.001147536771366574
0.0005370446883721868
-0.0009871698006149226
-0.0007663044981592318
-0.0003388149656550052
0.0007363968183679657
-0.00010183259671442682
0.00027983047296576606
0.0003267317132810128
-0.00014498015587192004
-0.000501324364073399
-0.00011579901307166233
-0.00041009231894904516
-0.00016092250160677695
-0.00012703705589342483
-0.00013041503285373708
0.0002670778745760303
0.00021909791265360663
0.000276120282478687
-0.00022407434990850234
-0.0005337475124077649
0.0003970432064344888
0.00044469111829472334
0.00016927665391008084
0.00022614988114356773
-0.00014469079246180006
0.0002827804784627343
-0.0003520544560585093
0.0004548740359426463
-0.0002731524010084118
-0.00031245004397243803
-0.00021335938378715314
0.0002097723056837666
0.00019301463231836589
0.00017395519939328232
0.00026638009995790885
-0.00026186210106072665
0.0004093688192991482
-0.0007717230198810282
0.00024239818470179537
-0.00021002725595772455
0.0011230261939204596
0.00042307875224995104
-0.00023978103405894704
0.00029565110921560007
0.00027911507091064647
0.00021540514663761782
0.0007467223126519398
-0.0006260450814910589
-0.0004875361430937308
-0.00023105573836663558
0.0009784572096197138
0.001793258375821422
0.0005636705571532961
0.0010770551836371458
0.0014090556288715178
0.00017613780331239792
-0.0002731943235452717
-0.0023749806101127226
0.0008719995079990001
0.0005920489325941639
0.000339521457635377
-0.0002581406275295432
-0.00017868692771222145
-0.0008239945122096786
0.0007464511993730792
-0.00014911612096266672
-0.00037170227297589966
-0.0002708041871880116
-0.0009750987160586624
-0.0006967473065409557
0.0004537182830035665
0.0004138541539460339
0.0001827426914349132
-0.00019967661528666385
-0.0004496241819365855
-0.00015024316739872736
-0.0002789720988464209
-0.0004885917470382785
0.000114878653898058
0.00019579492239583113
-0.00023037795748066965
-0.0003654250006275745
0.00013834991594786705
0.0002915524440097676
-0.00028217203774631575
0.000300693586821194
-0.00023406721883853306
-0.00018853679110646546
0.00011382377561303365
-0.0003704413507306665
-0.0006012827504827883
-0.0002919723580759227
0.0001497701388045808
-0.0001647635432206053
-0.00016263225957008253
0.00040150445333122326
0.00012498883070761509
-0.0004979251339915783
-0.0005627449182615785
-0.00012978282812250666
0.00028117194223854796
-0.00014698819569756115
-0.0001677485834189486
0.00022500721862776007
0.0005076188094618792
0.0002945645570961266
-0.0005444959831257042
0.0002096951645548067
0.0010253428258954606
-0.00021341520681356603
-0.00021606242740878758
0.0004605806875580383
0.00012111368059451654
-0.0001806794777620813
-0.0005741865832870544
0.0007078901678329928
0.0006984283140441946
-0.0006911840181062997
0.0011816305208667644
0.0015950102645804507
-0.00036603365960993035
0.0004106505378043264
-0.001469945765570651
-0.000414333907226556
-0.000318730562602124
0.00021228813015747934
0.002247393956926602
0.0008121250362475977
0.0006532732946539875
-0.00020841450105476826
0.0012027697893503438
-0.0001006908556753795
0.0008523987171159624
-0.0005199704917135233
0.00014914316205588438
0.00035337750220668963
-0.0001748736358332597
-0.00014347463562745065
0.0007116778719490492
-0.00023901419785389368
0.00013579626892741415
-0.0002500612912363475
-0.0004737987254949003
-0.00024730133604414624
0.0006137136603113067
-0.0001463363346489297
-0.00012283094760887975
-0.00014861046425483965
0.00013366421721830817
0.0003061603404662161
-0.0002804836263664683
-0.00010814861147619434
-0.00045650984378336226
0.00012363297678779305
0.00029855740144877534
0.0001576158554626303
0.00017885337339543515
-0.0005159318147245541
-0.00020118876795817965
-0.0001349827492525171
-0.00016976932683043916
-0.00027568256141457387
-0.0001970070334593668
-0.00035322319966087464
-0.0001579698406556862
-0.0002806041019075133
-0.0005883960321696472
0.00016679846943577604
-0.0003391434522308676
-0.00020022383918762946
-0.0004989176591485088
-0.00043358027686325555
0.000475779183644763
0.0005142437078666403
-0.00011875783392954864
0.000397165588806412
0.0001286913628171338
0.0008513152937696906
0.0004886883487593914
-0.0005949645754047378
0.0003228606791555123
-0.00016414502507072792
0.002058113889673065
0.000347060760814838
0.00012717426751386173
-0.00045198936899223436
-0.00028310421345213304
0.0007661797679833064
-0.0012887458073653237
-0.0006849819895765101
0.0005062025620194684
0.0008577413710633129
-0.00022628586217248093
0.0013861565099542387
-0.0005078570933284581
0.0007547624389217586
-0.0001435122500958713
-0.0016383348204309658
-0.0007131856525890416
-0.0006826304013735602
0.00015052577119071433
0.0002109555908848099
-0.0003478128864948621
-0.00011290316951208
0.00010654963730456512
0.0007466935073947905
-0.00019762522648163696
0.00010982399756517601
0.0008800366219521291
-0.00013284664512690006
0.00048562704397463993
-0.00030703727893892986
0.00022706855014933448
0.00035031679590927944
-0.00024384822356659654
-0.00030557668715253903
0.00015720061960284958
-0.0004954992952815528
-0.0002121107246722214
-0.00034266130353608615
0.00045255940157198427
0.0003526059842068313
0.0002737411628357888
0.0001018445964651206
0.00024875596764701934
-0.00021129520156944044
0.0002971120890491167
0.00024348166340669867
-0.00015846240245495015
0.0004696175507352989
-0.00013377756332052867
-0.0003359548105303271
0.00013430688151093228
-0.00010529758750171158
0.00034127269002521616
-0.00041181382943457156
0.00031270518991074905
0.0001206695190807955
-0.000655036273613994
-0.0005554771693559986
0.0002818776182655603
0.00027849068363203363
-0.0004522091781773829
0.00012477786085936387
0.00032173202720204165
-0.0013170095945995548
0.00030593355366285616
0.00040748247398856793
-0.0011112096148761662
0.00010704187267444633
0.0026827452748232343
-0.0001626770215619364
-0.00045069092156702393
0.00027674277097929404
-0.0004929351744032143
-0.0012240858053534772
-0.0012523338986494556
0.0011345919017868543
-0.00012077800680148726
-0.00012148316720636682
0.0005012978434408091
0.0008319574535994573
-0.00015002182727665825
-0.00033783469381897945
-0.00032944796626352163
-0.00015649682021403612
0.00012296955770654765
0.0003087341989218032
-0.00011480511685642221
0.00010190968586916692
-0.00032534668363753695
-0.0001837727144735673
0.0002674367084031124
-0.00030595009310278284
0.0004251633387366531
0.0001275364014993412
0.0001204552908829411
-0.0001344435178426687
0.00047352956898354234
0.00015104862202873072
-0.00011418431726006618
-0.0002592913246409018
0.0001487884583101827
0.0003040238849425439
-0.0006148039830925859
-0.0001221902661159457
-0.0001967932775726142
0.00027677620228114605
0.00011647023116046574
-0.0001270898314504567
-0.00022805557030259016
0.00011995677231382879
0.0004288856306150019
0.00035431389922980063
-0.00010805614174974809
0.0005691198461141656
0.0003312764089550102
0.00013933447964401078
0.00012816418009735413
-0.00032835028608795805
-0.0009563026704764656
-0.00024583693581971207
-0.0003545266656008571
-0.0003548004430002245
-0.0002030806483832639
-0.0008224826385733713
-0.0005205791820600386
-0.001494079630257431
-0.0004385954685819551
-0.00066317446704106
-0.00027353586293705356
-0.0002977659147181014
0.00033520327187424865
0.0010611922090000918
0.0007980949364726456
0.002146852257987882
-0.0006513321909401317
0.0009642424960949745
-0.0006268280234398622
0.00024002015363548592
-0.0007571460110706791
-0.0010232916837070942
-0.0009567183464389939
-0.0006217292050372396
0.00020049594915357867
0.0006430626740290453
0.0005538770509441317
-0.0003949375020191067
-0.0002571993644002369
0.0001045528859916812
0.0003395785030260675
0.000732454152327857
-0.0001015775058774387
-0.0002890444068029571
-0.00012337177140976419
0.00020828356535614848
-0.00012513069688570893
-0.000152655129804239
-0.0005696998817252352
0.0002619419043409641
-0.000408619657435533
-0.0004591197717348248
0.0002057297305227006
0.00017486844402216822
-0.00036761763673508
-0.00010882711744694057
-0.0005460955364008466
-0.0002169145386435902
0.00021716465567231196
-0.0003183261150451009
-0.00011673435704045543
0.0003894541534609478
-0.0002965415475907272
-0.00043297804692157837
-0.00016622744975747437
-0.00011545585339492188
-0.00011057192269765908
-0.0002208130963866467
0.00027363572894338487
0.0002072113951244177
-0.00014203368776456
0.00015225324563403488
-0.00023398287395798702
-0.0013013443390478621
0.00016308771231266593
0.0001059718467874045
0.0009663612893106197
0.0008072142878989203
0.00039067339086069447
0.0004960510800603207
0.00015536814475917724
-0.0026974485178923977
-0.0005983972789376586
-0.0007955434394538926
0.0016164771938338702
-0.0006853048652018841
-0.00010322815555102746
0.0001583626195827809
0.0005567903574059575
0.00045415658731413086
-0.00018006289924741464
0.0002737936162289037
0.00011577593157368925
-0.0009424319649610016
0.00011785788421566589
-0.0006058916082286622
0.0006425106891376041
0.00023933957742803633
-0.0007275093323967917
0.00030471193772954407
-0.0001373501603648181
0.00047044997974035716
-0.0001001428693967584
0.0005017197164700177
0.00033598475983829965
-0.00011412262841534881
-0.000303670783480744
-0.0002452475620979959
-0.0001306021120894618
0.00014870330821832318
0.0001191300590261553
-0.0003559669109832677
0.0001018772852451522
-0.00012867002831015636
0.00011416921662951422
0.00021063416633588464
-0.00013746180313659894
-0.0002515729176554805
0.0002030450635393606
-0.00011424778293282757
0.0027857507349402454
-0.00030724159788665233
-0.00024135946763682343
0.0007735568754137587
0.0012878092608681912
0.0022923235117783625
0.00018916860620311237
0.00012628549530277613
0.00011773313621437326
-0.00012149598801360705
0.00012555275974055982
0.00013659456098156602
0.00044020861112018005
0.00010429117241085025
-0.0004261377615803867
-0.00019721703755850412
0.0009456261333676438
0.0004836561263709201
0.001282012055416308
0.00015679737878374157
-0.00017787481469309053
0.00014757691648708968
-0.0007987487967669152
-0.00022491030034584071
0.00011717559335990303
0.00035747611281567365
0.0003886771983973396
-0.00031181898308656794
0.0001219858460531099
0.00015564606784222807
0.0005143254767795449
0.00015056267118920426
-0.0001148906917006897
-0.0003090582140281284
-0.00010652597359734624
0.00019922698673840625
-0.00015956309383595283
0.00010468710680546105
-0.000437855580143906
0.003234267248568729
-0.00023081198759209828
0.0002858447581050379
-0.0008342923320457325
-0.0001930538710638432
0.00041157097371125853
0.0006896284392120206
0.00012001132118831366
0.0005254783280536253
0.0003975256980587896
-0.00015836100244424374
0.00023707723898665502
-0.00017968490699843656
-0.0004827177234209121
0.0010559433329418607
-0.00011809550637677352
0.0002923142932834472
-0.00016039501405639415
-0.00013379116393384222
0.0015608615446456118
0.0002760618175601507
0.000303160111963044
0.0003505873091054904
-0.00015862134632074358
-0.00011990424370331943
-0.002967773006599725
-0.0013146413694291475
0.0011049393768748697
0.0006117800957541614
0.0003906964380244663
0.00011039810407367873
0.0009319803846433974
-0.00011630326354005797
-0.00028702495061335895
-0.0001188663442410925
-0.0003094287174864365
-0.0004921635615713448
0.00011592230680582516
-0.000303945164780538
-0.00012294143668534663
0.00010508140405264169
0.0002589178131819788
-0.00031204993215194494
-0.00027488867493616424
-0.00015351796226104007
-0.00016602941253755915
0.000187924864250995
0.00018034914564366732
0.00017363248320295373
-0.00010305724756215251
0.00010834393043858671
0.0001475280733926175
-0.00012470377094502306
-0.0001323119855498339
-0.00012501890250193025
-0.0001231399648352021
0.0001378846399580667
0.00013851441196084527
0.00010178279187857097
0.00010160139207500935
0.00014333546201546362
-0.00011128923606146818
0.00013924090464909912
-0.000145561110898354
-0.00015613297291758055
-0.00012894322915064314
0.00011805663941014635
0.00014011031948474266
-0.00015770801591583565
-0.00010099523425804262
0.00011324933306200784
-0.00015699274240653182
-0.00016133119981091043
0.00010107161076164687
-0.00010232295984115144
0.00016343652805155413
-0.00010172971119272243
0.000103660343717731
0.0001681587320403044
0.00010809098070955618
-0.00010588101935630012
-0.00012346816374990592
0.00016018868824359852
-0.00011656322531422061
0.000165891810464051
-0.00012914048911576642
0.0001990238453550612
0.00011802700733274783
0.00019057507820806352
0.00011309969743572595
0.00014788250715888247
0.00016946640442779887
-0.00011147303694697527
-0.00012469261824676187
0.0001934623823830937
-0.0001010836865993193
0.00012742839446240102
-0.00011412280498636746
0.00016672394433668252
0.00012063172603046267
0.00010209493941688462
-0.0001751604155248084
0.00012092731260404678
0.00010998612797951735
0.00014824370912578725
-0.00017809016120980166
0.00011111436924969556
0.00011008874695387437
0.00012107599527004711
-0.00019645551342739554
-0.00012154893240028262
-0.00011739564112204397
0.00018721542806742291
0.0001504805192738278
0.000124624969335221
-0.00011366254115051337
-0.00014564529444030834
-0.0001696855216913186
0.00017807998600931837
-0.00013509309235391057
0.0002591933128685167
0.00013508244825648685
0.0002396379094376126
-0.00012225991017774472
0.0001313304960673446
0.0001410030221468709
-0.00022582601888509712
-0.00015841808698822637
-0.00011019653917370579
-0.00029617317874801064
-0.00020548535413079713
-0.00043258714074658524
-0.0004004750783327774
