-0.32410153049753854
-0.47996360688519696
-0.11956600495447911
-0.06889235541310249
0.04834829304668661
-0.03640595509659639
0.030578551939184434
0.029631570099557518
0.0278132834518474
-0.026291350888160498
-0.027829593056514747
0.6232924367138811
-0.014562628755802299
0.20588004686869668
0.24336341802962957
0.13043002310770793
0.08699015926381212
-0.1359093527900085
0.010222396511521833
-0.08641962540070126
0.04926900764569821
-0.07984803109182038
0.08908412465283708
0.0710089333672121
-0.019369817217535442
-0.010369225662859685
0.04204943236822936
0.09345730171118985
0.04459967187581443
0.004787285601963085
0.005236497145248557
0.0018292316907135653
-0.00032687723050394123
0.09982718165047813
-0.01366623497887691
0.02514250626912252
0.0020297745593420187
-0.0019056638396188325
-0.0001526106440226358
-0.0012384797790669548
-0.0950773465304309
-0.005764598975291793
0.0019694866575490355
0.001124577605892436
0.014211330541645712
-0.001413794209363921
-0.0035769218866495913
0.005242486579767288
-0.008794478962220393
0.057358965958087926
-0.060254745088976436
0.012804993425524864
0.019848090199355326
0.001022752816985428
0.0022679768568038008
-0.009850284273965854
-0.004756800899038777
0.0011649528378666393
0.0025644058967155842
-0.004371131386360706
-0.00014532409477449775
-0.0012897227922395683
-0.015355835824799898
-0.003388350025396477
-0.07599934365471414
0.0012590819562021103
-0.0020043857619643363
0.0005205174397526322
0.008159878028846417
0.0009668732441433708
-0.0019712353021896995
-0.0060453443693396225
-0.007373569722839047
-0.0020070579001978616
0.0001570722665176643
-0.00464459948649663
0.007295361991415117
0.05393730665147837
0.04207868759920365
0.004462812499378091
0.0049534103780440155
-0.004453887753632505
-0.004737570945967946
0.0007247040773657209
-0.0005558183131741184
-0.0032475543242079
0.004104072178951058
-0.0006372916307926494
-0.0019497021452578845
0.00011777646523490106
0.003572820982041254
-0.0026886545739834666
0.0014148184355106726
-0.004990714696065471
0.060533895229077386
-0.01202433834224084
0.004925660338842224
-0.002662576194716104
0.0002465448538181853
-0.002798331095534331
-0.0054577894317373215
-0.0007665906816871166
-0.0009419275077052518
0.0052024139872471
-0.0009767421278354248
-0.0010137404696453967
0.0025719497696885993
0.0013554093993193115
-0.00014600006717196176
0.0021476242848552933
0.0005012014696314128
-0.05518620627989308
-0.0031444501817356053
-0.004110654610423654
0.0004893204701142585
0.0037947285479051547
0.00020081253323000548
0.00114367272169135
-0.002450863870746091
-0.0051197507179556526
-0.0017721488020491058
-0.0033062110761667325
-0.0045009965106138725
0.003183581930867795
-0.0012644380130125536
-0.0011492299247732789
0.003038264378312037
-0.0009036403075603453
0.00719791989850272
-0.04615109102815364
-0.012427123967777412
-0.01011774465457778
-0.004836690343695853
-0.0007626766962688536
-0.0004089468479859103
-0.0030230202911835833
0.0025056220008360035
-0.00015073538551827904
-0.004526240097900354
0.001798404331436686
-0.0006401144218652988
-0.000271062036179452
0.001597293473155665
-0.000175588946656959
0.0026843668633845423
0.0017731037206427003
-0.0004837009811067253
-0.007508727150515734
0.008228792526377687
0.004694833756235323
0.018402670679675978
0.03937239134283798
0.0004939060757706411
0.000362433347826647
0.003422150461007357
0.000491771874121646
-0.0006933821269065806
-0.0013613636880154666
0.00426303355829534
0.00021869969452560192
-0.0013239237344852964
0.0008724202889527429
-0.0009519556698141925
-0.0024187883240820262
0.00079339665348435
0.0001706719880507456
0.0009183717549424695
-0.0019303787867726064
-0.003867671066555703
-0.04004188196525247
0.005238418749507116
0.00040414840740631827
0.0026947323344835776
0.0009808006635369706
0.0010575685771942061
0.0006969819951434031
0.003853177492454256
-0.0009927967681576972
0.000832607035897716
-0.004102489442058572
-0.000901899090934304
-0.0005676813689807543
0.0002892247799060585
-0.0006393272309852544
0.00011715131074106679
-0.0011344159441513467
-0.0002917674646453789
0.0021415048749498784
0.000855794193163088
-0.0001730264024518334
-0.0017106059535823396
-0.0019611209235838103
-0.0007505917419112474
0.0024402289583901958
-0.03652661575635549
0.0013851989836754462
0.00033269438837190383
-0.0004970554501131097
-0.0009256998490579007
0.0019096290552572416
0.0007148583208330724
0.0002587098822407673
0.004530300507555973
-0.0018945275231090372
-0.002856522612790353
-0.0024504890064287674
0.0002408593022187183
0.00031842977412712374
-0.0003769309787462656
0.001514267824791813
-0.0012060298651385534
0.0007239922899796772
0.0019182711998032046
-0.0004303834448526328
-0.0015008256611219674
0.001072314108973421
-0.001432978422486172
0.0016811982164000533
-0.0019642347293769005
0.0012255057121847485
-0.008453484829079188
0.032013696140876464
-0.001862163774964446
-0.00012498464498894124
0.0005654100014039091
0.0016725759992368364
-0.0004424745958402231
-0.0006377240610086536
0.0012183693305524662
-0.003920373396919737
0.0005311421555615935
-0.000720318975511501
-0.00038272291130480224
-0.0004008634556914159
0.00024504333296942625
0.0004915496673959266
0.002442664270212781
-0.0004095328779646258
-0.003466894491120146
0.0024018764813835505
-0.000528051650370893
-0.0011704026728503985
-0.0019102050767650775
0.0012397945459392545
0.00038092262418577236
-0.0015111377564101505
0.004789426022702133
0.02951033239395905
0.002836783613933491
0.0030168930939558415
-0.002802207607425832
0.001226961779697866
0.0013511132746276268
0.00038566695352398037
-0.00028070317446671157
-0.0004628155875598149
0.0033724690826877064
0.0011579040476243684
0.0005044408181127822
-0.00018858611506019054
0.00030002497266042624
0.0008708150638341921
-0.00014976026498370067
-0.0018624248389341688
-0.001101071288216907
-0.0005767121762336244
-0.00021803994600138693
-0.0002927738044716626
-0.0005422554589774991
0.002171668613023118
0.004004556796605049
0.0018242299005521944
0.0004556618691788386
-0.0013424764900462328
0.0007789213503418003
0.0037375534395485397
-0.012143134892872599
-0.02460258376857494
-0.0005221817854956983
0.00020652504785141927
0.00010009160764953774
-0.0008190133623593196
0.0015050409599930582
0.00019401982386076599
0.000776594250918167
-0.003212829779743581
0.0006455847277949929
0.0002419242921201866
-0.0008649776383009642
0.00021544257200223148
0.0006030906325513929
-0.0005796729080303341
-0.0018112767196924982
0.00029815346981932483
0.0006332746988713693
-0.00045764173094374374
-0.00032409829156126183
-0.00016501313231765514
0.001358515181871573
0.0009035914275336801
0.0005277765139414295
-0.0008637393639843347
-0.001895670773499416
-0.008710137102955783
-0.005758256468825333
0.0033239535730923936
0.02329939820020967
0.000591599345977063
0.0012234441503644613
-0.0005437752953328983
-0.0004451099552670423
-0.0005866472374356774
-0.003073008119732013
-0.00044357464697044306
0.0005149750003618004
-0.0005073907018800027
-0.00032805799922829725
0.00010914350251051642
0.0017798881345972792
-0.0004961823867983823
0.00030363117657496174
-0.00012483971977815888
-0.00042498000334984974
0.0007775501780293376
-0.001216813896432507
-0.0004189818002678952
0.00025940668731272545
0.0014335006072561452
0.0006812917324832271
-0.023550734320148516
0.0007977462121365361
0.002205407534445514
0.00030240134980519663
0.0013635190046545635
0.0007669239893258901
-0.0010255387943983456
0.0014403283811968805
0.0014484253636810513
-0.002371798245287405
-0.0011502352015487342
-0.0002871752602456928
-0.0002142713489001109
0.00040936618498346055
-0.00020057203062424575
-0.0007928097187558993
0.0014477622459455942
0.0005664966947057347
0.00036525522064354877
-0.00019099090829840086
-0.00032892543154709145
-0.0001507902570670067
0.0003332585969447204
-0.00048028929583295607
-0.0001633704395164991
0.0012326028104013794
0.0003714471386245068
-0.0005831991803690795
0.00013629680171679172
-0.0008422686819637588
0.0005253782505182479
0.002075142904938405
-0.02029749344342072
0.0073764420210325
0.0002311246571824768
0.0010396210620465497
0.0011687974731187305
-0.00043946407581541653
0.0002270857921698735
-0.00015190099503016534
0.0005666229327309685
0.0007448805563421908
-0.0035894398116236765
-0.001989418769887763
0.0003300845627240838
-0.0001704560145508511
-0.00018915794763134708
0.00021255968646659155
-0.000634655098918984
0.0006282108543643159
-0.00010096762469057649
-0.0014346531851552277
-0.0004446354700605923
0.00035318937020259607
0.00014880203794724597
-0.00020549874807372924
0.00019882444731272677
0.0012684501010562742
-0.0003639276733377997
-0.00019018996717784278
-0.0001012982115615422
-0.0005961594965067044
-0.00025765089110748126
0.0005487394664282411
0.0012733853353169276
0.019922614559586094
-0.000808429064549413
0.000699777047483047
0.001954433737831597
-0.0004640138195545443
0.00033674592363546466
0.00046024236036020357
-0.0005994267529174511
0.00021360583109310993
-0.00034730305371205675
-0.002636420052401547
0.0007501080510777648
0.001199926001394991
-0.0007532974651013913
-0.0016251952396481193
-0.0017663179222313962
-0.0012520314713667844
0.0007916004601290325
-0.0005838493619374932
-0.001270264019671119
0.0003587253308422613
0.00030762662091329373
0.0002111428910286006
0.00034434197528373806
-0.0007856279693591042
-0.0006189389020931535
-0.0007987782689845058
-0.00017007111636196164
-0.0002338092800519177
0.0002005634571176747
0.00047627920379783904
0.0002832049395646903
0.000266483340682754
0.0007359815096941734
-0.0006892341605692669
-0.001127401717020195
0.0004528578035919678
-0.012985769927895208
0.013243018348564218
-0.0006874987437907034
0.0002523863737267463
-0.0003874497147090529
-0.000604340874096404
0.00018429673957462135
-0.00020775729992967998
0.0010419513891352609
0.0022595227490006557
0.000859403759308721
-0.0005723460351147942
0.00016279224860501319
0.00041596569459989596
0.0001388508317183355
0.00043541287537583094
-0.00044082106031140023
0.0010256850364272828
-0.0024172037336937418
-0.0011330379263978653
0.0011993461580266562
0.00035403074162245287
0.000659325306291354
-0.000873593844033022
0.0009224666421414926
-0.0002611783067183529
0.0003625897764702105
0.0004818937658729863
-0.00013904700965395065
0.00020137586973824245
-0.0008554303696547532
-0.0006396179447015458
0.00019671376188052904
0.0017014191417178935
0.0035413526059266745
0.01681834919043002
0.00040051672221999704
0.00033313376191118746
0.0003354163734071951
0.0004928339071555149
-0.00026882223887914807
-0.0005105331860979356
-0.002362201634603016
0.00027779912250400717
-0.0004602605565314327
0.0003453486690418579
0.0002968480255361273
0.0003939223709745721
0.0002955720338306272
0.0013662034978557743
0.00045673753714155023
0.0005197735181995304
-0.000781759555158876
0.0002268204883429354
-0.0023355779409608077
0.0007304233001412401
-0.0012001458684829925
0.000768316029519356
0.00024366899348606633
-0.0004134241563975318
0.0005036369625556206
-0.00021443400321627027
-0.001016748446007658
-0.0001421239536710247
-0.000156023512282666
-0.0007362800539113652
0.0008736940818403046
0.0008986438748431556
0.015760013422582916
0.002559507705211688
-0.0014331459832279808
-0.00021059724501627832
-0.0004253380479583677
0.00040179385829139293
0.0004244542835317811
-0.0022263775283605796
-0.00013974482164983104
0.000458597552415511
-0.0002954585000426275
0.0001290894450824098
-0.00018714580303884896
0.0012853284856134436
0.00027409721707337246
0.0004699437534975219
0.00013204767623349625
-0.00012782388562873614
0.0003795135556496412
0.0005560632061726453
0.0010855785567702146
0.0014229597180110427
-0.001959962755093563
-0.0007775830759038419
-0.0003504705700631345
-0.0009691851483791971
-0.00013921755999659084
0.0005427312884876293
-0.0004206849223556648
-0.0005463144016529032
-0.0005145512764086823
-0.0009800166492000822
-0.0011405605594332652
-0.0006863711852090615
0.0007452146184298841
0.014896404213206257
0.0002793071778316128
0.0005341624632623379
-0.0004400169851121975
-0.0005216315896102904
-0.0005339631392777245
-0.0014508632842348086
-0.0013525780697951455
-0.0001583544272762241
0.00021927633747005043
-0.00023663481523279202
0.0001598078012242854
0.0001884142396610425
0.001217096314890548
-0.00037034994871342766
-0.00024323132108462658
0.00033266993630657064
0.0001422141552136345
-0.0009735358312251756
0.00017662236961308003
-0.00028638518684912884
0.0003924033682636216
0.0002334598263757932
0.0005946746825743168
-0.00022130992404444498
0.002449285336889929
-0.0006490382066348941
0.0006950828574719672
0.00045334263166264105
-0.00015280860995346883
0.0006319598722629993
-0.000550767829881471
-0.00022427799968882626
0.00012738927412485524
0.0006865767955555872
0.0017305674169415025
-0.013890246581809037
-0.0001561856642146694
-0.0007238408605034171
0.0002593793501834172
-0.00033931490196997187
0.00020708792495652744
0.0003767904463862023
-0.00011417857347758574
-0.0019239641712520401
0.00038841301169888296
0.0003182845875488713
-0.0002048776192344753
0.00013316663917401753
-0.00015119937015077567
0.0005154076603166687
0.0010704406080662998
0.00023187207297261617
-0.00026896394342262154
0.00011197009161334865
-0.000791715772404852
-0.0003062462902105535
-0.0003582239717089752
-0.0002778168594862255
-0.0006091582517628648
0.0003992176444970293
0.0005176034895920929
-0.000871158078706922
0.0013689333161939514
0.000585470418211165
0.001895685444640123
-0.0007454221519594182
-0.00037023753756625875
-0.0009245530692993023
0.0004732012812308535
0.004461489225901015
-0.012080272669293927
-0.0024167166904714103
0.0002567638737349255
0.0003747956819022408
0.00010151483395617584
0.00012790261912543652
0.0001752500108332421
0.0018337279244453621
-0.0002602992998658085
-0.0003136000999290438
0.00020610556026596821
-0.0001738791709159779
0.00027327630248189503
-0.000398874944438774
0.001009245899361297
-0.0001338685257689099
0.00015340825110277752
-0.0001384171378770835
-0.0007926861706145168
-0.00037305294344667725
-0.00020961483962539577
-0.0002719033631386615
-0.0006043709088223487
-0.0002839868812040264
0.00013200363599888895
-0.0003167458714174929
0.0005068326734410694
-0.00044033409843039574
-0.0008206630064426586
0.0020006483419721965
-0.0002930023582918596
0.0014133662592468647
-0.0016123193112788422
-0.0020635740989063257
-0.002980070266951329
-0.011657342677691269
0.00035320375623378
0.0003398224912297922
-0.00032123276598299043
0.0001842544221063096
0.00013715801229186527
0.0016140041598723608
0.0007200468150683037
0.00023148234729433918
0.00026693859001068884
0.00023644248825547656
-0.00013034182639363445
0.0009833485110776483
0.00016521306251828427
0.00032869247432387326
0.0006895034465604482
-0.00028601254982070615
-0.00010212603690820097
-0.00015335263059314993
0.00020654418518357027
-0.00014547482727995635
-0.00020174701078699484
-0.00043839771108604696
0.00036634998589531523
-0.00011423432969500576
-0.00035550847815173797
0.0005398116966702244
-0.00012292543385697356
-0.0004891598433320825
-0.0009087492365449022
0.0028667862032739576
0.006251112138718493
0.00932711894923418
0.0020668269976699236
-0.0009265946294585846
0.0002914799137364821
-0.00034600269660732926
0.00039497442826023124
0.00022825253668693764
0.0016108729776333896
-0.00016022771576204724
0.00034588675443995224
-0.0001907991241823939
-0.0009027451187901315
0.0001961946088909178
-0.00010744198500978197
0.00012147219710838253
0.0001336322828658963
0.0003452421762284726
-0.0001358983876200511
0.0006738554271878848
0.00017772915138984915
-0.0001577008591863779
-0.0005304870518737913
0.000100702943887467
0.000106083463337301
0.00010743667754944933
0.000318132444576586
-0.00045810567374690277
0.00018794811458420116
-0.00029295627726279555
-0.0009865628340267533
-0.01109867835419943
0.0007097464986356733
0.0001792934170776721
0.00010710586741043943
-0.00028247616712599884
0.0004751060160918927
0.00011317771602946691
-0.0015511556253082364
-0.00023441372145043723
0.00016547382006057096
0.00022065730344609247
0.00010521387548102696
-0.0008299489446514624
-0.0003508150313764282
0.00013623522048235583
-0.00038018671324859633
-0.00010220318737179359
0.0006068895258906869
-0.0001912862467482113
0.0001025329752209524
0.0005148063284956997
0.0002757771341232685
0.00011484613661932812
-0.00015546807251927089
0.00012773822965511395
-0.0004011992276119937
-0.00019470984573844057
-0.00011122789412671795
-0.00018352328361832877
0.00012021356369982005
-0.0005293260121149656
0.0007770522889594155
-0.010366850369409809
0.0001047667386906762
-0.0005582074184451645
0.0006823850879151455
-0.0007259946155518033
0.0013351259466915337
0.00017896748462989414
-0.0007214707564555518
0.001294804862727035
-0.00020069184660666966
0.0008405970071017699
0.00017093269221520594
-0.0001299617690367867
-0.00020639958089545748
-0.00021074115146889656
-0.0002521949367906279
-0.0005531594009433405
-0.0004868169459405825
-0.00016671376735922347
0.00025807848782777537
0.00011099941503019741
0.00022259173747220956
-0.0004011691083663953
0.00043037454119909484
-0.00012433528815448575
-0.00032525472957277825
0.009790946335342554
-0.0005768209025676712
-0.00015281694697262627
-0.00025476381280612777
0.0004597696550431153
0.0007740943440357233
0.0005287121772318941
0.0019447319667613512
0.00038886786813802565
-0.00010728864626834863
0.00021454631116564626
-0.00026027353686672083
0.0006469804387076021
-0.0004165564687667466
-0.0002753452541643356
0.00012086552669277649
0.00043566236621812637
0.00036329363053292735
-0.00013620544093509383
-0.00012393240122584367
-0.00047143549349692396
0.00024108098819557432
-0.00017350048409870813
0.00037871590359901875
0.00010084379978179115
-0.0003850330346711449
-0.00011769367067225722
-0.0002583769881502031
0.00014349200288827938
0.00018985882897198383
-0.009217007564386887
-0.0009266361603837413
0.00016042035441726654
0.0002475421310231875
0.0002874839660765388
0.0002691427203535628
-0.0013961200472537396
-0.0005913275336009113
-0.001241409250815627
-0.0007673802745229971
-0.00021577263694873034
0.0003440519527805819
0.00029895961489389883
0.00040080877139935444
0.0007341485376282964
-0.00023121971674294766
-0.0005359172968216568
0.0001971407788681243
0.0002880137050363449
-0.0004145836092250638
0.0001310466784565088
0.00018425070621746597
-0.00029896183859977105
0.0001180741323318137
0.0001972898826914464
0.00036090505101871574
-0.00014208401121981184
-0.0001879086825418825
-0.0015717384717785778
-0.008594128799318061
0.0007625217103913135
-0.00018846295966398817
-0.00011302977057200824
0.00026381123869073246
0.00018939452940855628
0.00012766399649537252
-0.0013358182481153311
-0.00037350896279227965
-0.00036596256930767186
-0.000476595804113276
0.0014721898764982696
-0.00011323618196598125
0.00038753030266968166
0.0006771722074884292
-0.0001949055253398863
0.00014244187589789869
0.00010204272723736902
0.0005122360205435061
-0.00013434372372383605
-0.00023877362893145413
0.00040631098519505304
0.0001467209519251022
-0.000308138079926291
0.00012287486093610174
-0.0002239839864592466
0.00033980540854623313
-0.00016256468814314937
0.0001926919396492007
-0.0002741774967703045
-0.0005519113686877406
0.008278683282053856
-0.00038162843360887327
0.0003556294297829296
0.00018154170154117014
-0.0001245778323843104
0.0001229989648941918
0.0012378326801199017
-0.0003634789303287754
0.00030697354001550474
-0.0001353680224603256
-0.00046577249086468645
0.00033113285514952903
0.0009323069641642754
-0.00032135489321863874
-0.0010366984761513282
0.0007274613373017503
-0.00016938095710279747
-0.00013001396491443644
-0.0001696650794172786
0.00027809674065668933
-0.0004324039561471984
0.00011638573530934178
-0.00012118574730219437
-0.00018272357028220948
0.00038457015980167795
0.00013478470646134563
0.0003077331872641387
-0.00020999046236171748
0.0001290330667638384
0.0003250841857668455
-0.00010304096654159579
0.00015730769560394625
-0.00029219121672600533
0.007884599637212006
0.00026311716289631026
-0.00012092733486682183
-0.0001848703400334794
0.0001318057674729543
0.0012124342942374184
-0.00011609707584199159
0.00016234792019397502
-0.0002478525936010334
-0.00021998750761214879
-0.00010991744330114195
0.00017681498254004037
0.0007301108888872429
0.0005866854111775279
-0.000603569997212337
-0.00014311479496309496
-0.0006140829627029634
-0.00018946123359627625
-0.0006800306062202532
0.0008203901027474691
0.000432805583843366
0.00019971821574175285
0.00035486711205471265
0.00011501710652497836
0.00020234411981383613
-0.00022811099621523832
-0.00021638557158390177
-0.0002992904767571256
-0.00041096320833770926
-0.007494534366173939
0.00016482909237352576
-0.0011330855358479862
-0.00020615218720762852
0.00010620035482003158
-0.00010290492389755657
-0.0002871570714367458
0.00013787109161239778
-0.0006689863909759775
-0.00014810861795189374
-0.00032466562112532123
0.00012011719608388711
-0.00020446848269580468
0.0002368540421037639
-0.0014216355765157094
0.0002818376472680469
0.00020545026421015766
0.0002249061025746323
-0.0001432003641958296
-0.00010438071959671091
-0.0003502474145757651
0.00010897171239979231
0.00026360943802476857
0.00017742066745857722
-0.000279266479042863
0.0002906326672589483
-0.00021640246214363549
-0.007129447289874506
0.00011090188479471643
0.00016531180602465668
0.00016971054447230963
0.0010962540258093166
-0.00019329816392486173
0.00013592780816974024
0.0001271552842222937
0.0005632192891916399
-0.0003290663366152675
0.0001878929655713334
0.0001364485373915936
0.00011302995093570284
0.0001608653007884734
-0.00018407235013580628
0.0004922291294852539
-0.0004344709800518995
0.0004237894028634434
-0.0011360400700109804
-0.0002959128477993668
0.000388480225300407
-0.0001888339329780515
-0.00021708957484077633
-0.0002686188810293627
0.00016523318938137417
-0.00027696139086834945
0.0002355799096766335
-0.00011283226248464451
0.00010199188935085057
-0.00016602465550065213
-0.0002879075253220181
0.0001107232795381229
-0.006788176848307146
-0.0001017084544950012
0.00012382550971075246
0.00021473018793066194
0.00013317991383273697
0.00022051197811404736
-0.0010347282135464097
0.00012138433468049979
0.00014241771675451052
-0.0006054842453312505
0.0001557932647390849
0.00014861225613303243
-0.0001199585477292003
-0.00019334208130339982
-0.00010393978123386462
0.00048444729020263335
0.0002120765263821263
-0.0001594311017452338
-0.00032809918064591987
-0.000741618591661004
0.0005378383274942532
0.0009286537170868566
-0.00020567179417189442
-0.0001054088857161788
-0.0001561065105528724
0.00025075536571437417
-0.00024031141700649568
-0.0001204794773220431
0.00021287439157717633
0.00012024105468192175
-0.0001858049194466727
-0.0061083029641592805
-0.0021080039308566264
0.00023421190764706575
-0.00035444089802028213
-0.0002049659114240096
0.0009873241582767057
-0.0001306335392359558
0.0001576676590702676
-0.0005662716324619629
0.00015893150309732597
-0.00011640093029598646
0.00013335782584723634
0.0001720963399554476
0.0004152548018860076
0.00014942615383861768
0.0001017641326795964
0.00014739487205062523
0.00019687133013743548
0.00019514233696604506
-0.00048780698009174607
-0.0007978079699239935
-0.000933443195044862
0.00018885863777936066
-0.000253142342744319
0.00023270178849328955
0.00014095714116528366
-0.0002330824611099265
0.00011302710651095912
-0.005583480164614329
-0.002631928848828063
-0.0002356878066382048
-0.00012663479085476916
0.00010132590151016361
-0.0001916765059102366
-0.00012490673909227408
-0.0009531373316721667
-0.00010134630131779278
-0.0001454005528385655
-0.0005367587770243308
-0.00018431390263106613
-0.0004051607766550767
0.0001723274559222522
-0.00010639424344629182
0.0003309394622668469
-0.0001994647253938484
0.00020503561391869204
-0.00023957469989514845
0.000848822025496829
0.0005502828247367071
-0.0006669868855896168
-0.00023514615768731938
-0.00013329303691631922
-0.00010861052503249347
-0.00021546393523725596
-0.00013019755580533408
-0.0002182237549433677
0.0002838914354379581
-0.0058937621608262224
0.00012021445520650999
0.00011725428101730826
-0.00011480976193273899
0.00010233921222834342
0.00086561095558043
0.00028067518489246004
-0.0005280409259750986
-0.00017874341806706996
0.0003137262262684032
0.00012688025770502535
0.0002046682800324966
0.00015358492016181302
0.0003080542633431343
0.00023842340157746137
-0.0001626476649223004
0.00011032563330428792
-0.00014478870509338713
-0.00012865213408314637
0.0010969441288635595
0.00028346668316549126
-0.00022413273921936222
-0.0001224203574703371
-0.00033169004091522465
-0.00020224481963882396
-0.00020542274633700432
-0.0001097535498113866
0.0002045183271386847
0.00011261822906792064
0.00029377921838366633
0.00042614221829518175
0.005610048511091324
-0.0001598036506677446
0.00011110541056309475
0.000224509754033305
-0.0008643621972624284
-0.00015704260061191912
0.0005060493272845908
0.00010538987487051753
0.00012618795749740034
0.00035480243510789317
-0.00016210610320334582
-0.00029719027187941993
0.00013340402408724034
0.00024219370675989776
0.000270411181260844
-0.0011086963365417371
-0.0002753666993388529
0.0002203641297534244
-0.00012770811804205321
0.0001732845594095841
-0.0001859747184045695
0.00040706879512691143
0.005373040884383511
-0.0002302618850111659
0.0007331248566169519
0.0002909382910137679
-0.0002580679222437069
-0.00015079424173754943
-0.00048572613737264296
-0.00011911341100778637
-0.00032791681538009594
-0.0001356866596784337
0.00013880920019092514
-0.0002867559604137496
-0.0002371159101914913
0.00016403062910015084
-0.00040139388491163794
0.0007859541075849364
-0.0007388578117632518
-0.00018797967793923422
-0.00011734141796938791
-0.00011293894338816699
0.0001255184022230165
0.00018100343613464828
-0.00016589403033420125
0.005150673517106913
-0.00016973322318057893
0.00016712045649297248
0.0007687431383273716
0.00022591848364479644
0.00011357191872732638
0.00044631980518714177
-0.00012563045422659338
0.0001046823582702817
-0.00019213222951377097
0.00028043973056750553
-0.00012570683520524254
0.00024215140103376703
0.00010886910527719628
-0.00012867656082494474
0.00023660777615319936
-0.00011247775819701631
-0.0001314375234903431
0.00014983746525076104
-0.0004298907716658586
0.00038698910610585584
0.0003879524062306462
0.0007663602772063973
0.0003268664449054262
-0.0003290880800214161
0.00018761702064506297
-0.00018049029415182963
0.00013845352065769973
0.00010215648538592891
0.0001600180958151364
-0.000651575747006746
-0.00395445196132449
-0.002858716906165071
0.00033554892282573176
0.0007490978427628217
-0.00014698126354733046
-0.0004329443844846977
-0.00013442922660179384
0.00031407231261789526
-0.0001002680479412842
0.00013549290083549623
0.0002532800502277761
-0.00015253359639404347
-0.00022157962161554028
0.000205266612889818
0.00012233337651739294
0.00032104518321597776
-0.00032495442970512773
0.0003734764703895162
0.0005809478534781693
0.0006986055787787954
-0.0001705931190193469
-0.00022104330432247638
0.0001647555789020123
-0.00010984892341216956
-0.00011434227464725021
-0.00012941502373335254
-0.0002312141914270534
-0.00020792038178590584
0.00010336545596207231
-0.0007933558898346169
-0.004640210448850382
0.00015877721991447126
0.0002042982959989605
-0.0006592542251467258
-0.00011864310136692476
-0.00019777956099924245
-0.00016403406277572694
-0.0004260323103312901
0.00023620663618772374
-0.00018101719926570084
0.0002149774500819051
-0.000223250288847025
-0.00012336032483719605
0.00013147544041439648
0.0002087585419928931
0.00013410688822113178
0.0001525023718942304
-0.00011024103186839433
0.00019286241515348388
0.00022168295199456145
0.00046282013492384853
-0.00025822711324370064
-0.00022844734764682878
0.00022429745122570747
-0.00010254312139374006
-0.00023475011601108373
-0.00078897238296034
-0.00026321740717448927
0.00011702458732715061
0.00014705813151632475
-0.0001338965464695563
0.00010563343428952751
-0.00011326122321333845
-0.0002845079194663324
-0.000399088356176436
-0.0044673755927109645
-0.0003644963219864842
-0.00017004559882660193
0.0001249616890535513
0.00018093883404393863
0.0006955460253865583
0.0001363831678237726
-0.00011660168126574642
0.00032481007217425017
-0.00024570675272303716
-0.0001555454072113143
-0.00025148723487596026
-0.00023434852859659876
0.00021184075684823098
-0.00016700252144601066
-0.00010079678105922393
-0.00011258563081482714
0.00018554266535934232
-0.00018138737974252085
-0.00022711330600534713
-0.00025724500977513667
-0.00018998613215017243
0.00010232152493188485
-0.0002838404589390496
-0.00020944644313051968
0.0002738224724708938
0.00016117771982443406
0.0002190133917537916
-0.0005274131206394725
-0.00023351227144020436
-0.00046988383104365727
0.00010803015780696759
-0.00015442907796137502
-0.0003046032954952542
-0.0002715605599990601
0.0001454626819813206
-0.0004226416977647179
-0.0002684631958430278
0.0005158856608350102
0.0006410283421904903
-0.0035903745104471016
0.0006324097072568523
-0.0015317155396851036
0.0013862313115510989
0.0003973424985445752
0.00012141032502780784
0.00017050223671046295
0.0001327737512231247
-0.0004216431258363387
-0.0003085860028594215
0.0002042248151577922
0.0003207504045170535
-0.0001530840344509193
0.00024025414714885703
-0.00012806353994371348
-0.00025943835179035923
0.0003014825416941133
0.0002502458595111835
-0.00018108143522257592
-0.00027544358402267885
0.00013408146615446502
-0.00021967378100766225
0.00025813987232443437
0.00032565742813039233
0.00013921675217286924
0.00014857768962839863
0.00010026847701260883
-0.0003122462431037394
-0.0001500294750037741
0.00012846188399017228
-0.00024579616985357576
0.00026853946109364437
-0.0001620788781832624
0.00011955542910356911
-0.0001566016528821578
-0.00013035222191479673
0.0003988976730671413
0.0004506480843588376
0.00022541055306446057
-0.0004372537632577043
0.00017165702245385437
0.00012110191758722685
0.0006075137603999964
-0.00021879136852381858
-0.00015524656055132096
0.0002530904722273887
-0.00033293604939013547
0.00042590766061542765
0.0009971184633945107
-0.0005861984707955417
0.0030734767339575895
0.0019039865653943013
0.0011568443585671824
-0.000364230968095163
-0.00023765054692802048
-0.0002723972526702028
-0.00011415058568032527
0.0003904391446917239
-0.0007403285353974636
0.0006400266930147759
-0.00028076654350939683
0.00022469087977303534
-0.0005166343026194624
0.0003503818501736096
-0.0002853625574448246
0.0002002557612298244
-0.00016167420558483333
-0.00017590516060756736
0.00017303589107058533
0.0001350581819637149
-0.00012967324532408515
-0.00019176526777971525
0.0002810450567963918
-0.00023837605380680902
0.00014699510933433745
0.00024167360135180828
0.00011486628137804331
0.0003365168461763451
-0.0001430153420534476
-0.00022735679881912132
0.00024376342379200242
0.0001664742984208656
0.0002107975147551952
0.00014144952071213696
0.00030304297101173863
0.00048229677463221916
-0.00019946098688180782
-0.00038417416657856744
-0.00040223836899112766
0.0006082830225265651
-0.0001553366508948365
0.0008008656459570514
-0.00011354716222936989
0.0003624368419926684
-0.0008246283183871687
-0.0005792534685174226
-0.0005455791419528928
0.0005719793017056167
0.0003751782188614608
-0.002285538759718926
-0.000783400194674536
-0.001979667544622863
-0.0006741019066904109
0.0010758123152078167
-0.0005505295399580799
-0.0009432439187191755
0.00023174368659774458
-0.0003043067190160868
-0.00019353644969476348
0.0005098434358866224
0.00040511181750080684
0.0002617298944714185
0.00011052868541426564
0.00036562221682385316
0.0001418334714774556
0.0003677015998664932
-0.00043990824605705627
-0.00020941413142722107
-0.00012800137922622652
-0.0002129289843957482
0.0002941365021543913
-0.0002511824425048986
-0.00017662711123041076
-0.00015765712641556943
0.0003448706015527929
-0.0001314541916912366
0.00018659081717960858
-0.00023945649884871836
-0.00034089146597386926
0.0001558506220441338
0.0001368694719726254
-0.00024128109713634908
0.00014574329742499608
0.00010737496735115951
0.00020005956991768817
0.0001528734671984571
-0.0003836311863811818
0.0007343326308148506
0.0002708044050242415
-0.00017568445071281262
-0.0002627649207825345
0.0006640809207408974
-0.00023067452566939326
-0.0004194927498857392
-0.00037299520093975777
-0.0003873913130554808
0.0009204101899166065
0.0004508441722696197
0.0005528882891087059
-0.0008456701391580629
-0.00030806095857386723
0.0006643111377197496
0.0006861967277659599
0.00015506193280191504
-0.00023760967088482717
-0.00015345857275498483
0.0006458094131400142
-0.00033074352065298485
0.0020359885514981716
-0.0008256633560115931
0.0011252610794485589
0.00020292370560688998
0.00013344590050483953
-0.0012462482356326665
-0.0002630159431689651
-0.00041230921659059423
-0.00039773857511976027
-0.00015642846077302018
0.0004832426577355327
-0.00012594251038908617
-0.000707879796894457
-0.00022908446249382463
-0.000260240340529145
0.00017316683767699858
0.00010687424978118874
-0.00011519622422499831
0.00012879125781561113
-0.0005865143168132502
0.000203066646500418
0.0001447315326345609
-0.0002834423862055614
-0.00012965889116142357
-0.0005022118839064708
0.00011008541164978921
-0.0002735164577913587
-0.00022180793151758046
0.00017382854376179587
-0.00020600266257930373
0.00014488930184935724
0.0005549644977936879
0.00022858565303129344
-0.00015949375598325432
0.00014388698571886246
-0.00010174520722276672
0.00017663275859926237
-0.00012976650053799524
0.0001989146767140861
-0.00015608575084692994
-0.00022850009379599836
-0.00011856993034523439
0.00017326827196636612
-0.0003474020078848255
-0.00013832493791231137
0.0001106690084825027
-0.00030309785805143015
0.0003475843133693021
0.0005192616725460034
-0.00017637309450524392
-0.00036135592833928056
-0.0001389413460641236
0.0006551313839022752
0.0001454350249514266
0.00020599412070017715
-0.00039223852948291226
-0.0006916372024265948
0.00015387903853456854
-0.00025037983944119576
-0.00038427896355257453
-0.00035097292141110173
-0.00035795926732046815
-0.00016817826757448603
-0.0004231679218295523
-0.00202997908101099
0.0009094487914076163
-0.00011069077770794928
-0.0008388970089791198
-0.0007499609802179701
0.0012760507156200326
0.0005718875590282568
0.0004848228592345752
-0.00013409105662874572
0.0008238547887912213
-0.0003570219539632569
-0.00041223877331809786
-0.00039929255189153723
-0.00018593082275375082
0.0003486717692021542
0.0005616995755801334
0.0007525897707650691
-0.0001489731915433327
0.00019781892474598825
0.0002854361130698677
0.0006912734209604068
-0.00010672897152833331
0.00039649310320060284
-0.00039075264574079446
-0.0004242735782814691
0.0004136436702670858
-0.0002924550574360421
-0.00034200560713518104
-0.0001067216135528706
-0.00014202329310861636
0.00017818094991057756
0.0002579080988685447
-0.0002862100298929832
-0.0001030498476951646
0.0001324067434877143
-0.00010007951064221803
-0.000596840176736084
0.00011066789790562724
0.0002484485013463705
0.00016981882589004423
-0.00027155191959654185
0.00036663657797665324
0.00036153198037951916
-0.00021524445749871593
-0.000270549131548791
0.00024819376017013996
-0.0005098501231624567
-0.00020470293674343268
0.00024102706846330915
-0.00041295410424976045
0.00017567267857757036
-0.0004074812069921426
0.00015622719926533136
-0.0004259406465816004
-0.00011776867198683804
-0.00018252830717465466
0.00011201839014741856
-0.0011071896120680494
-0.0006948179033644591
-0.0006756774209034329
-0.0007272919139099577
0.0008939516252892093
0.0009931973931573388
0.00016872445617192178
0.0012342047308828586
0.000418009769340978
-0.000888653277176722
0.00010234468720750648
-0.00124432055799004
-0.00012208673110306203
0.00013794539056084516
-0.0007567695022969164
0.00031542537473711936
0.00032520203305473557
-0.0007330979087573278
0.00012393781582761647
0.000522405269254789
0.0002774216769531466
0.0005264341181688981
-0.000149776685105214
0.00035924714108120974
0.0007177280985374317
0.0003461668010012768
-0.00044007340958462715
0.0002659669849184453
-0.000162144494752208
-0.0003316039654035816
-0.0002499351386978009
-0.0005129280269987246
0.00024375375214197756
-0.00037760833538386595
0.00019164001973200737
-0.0001622078472424921
0.00015400204909248337
-0.0001464511007665099
0.00016114372166253402
0.0003383100205562862
0.00012873596419712573
0.0002669057792614029
0.00043289242621959666
0.00021692821252699141
0.00012129860143268933
0.0001189264217079928
0.0001568774467414022
0.0002670250301749903
0.0002729807476377018
0.00015776951720267187
-0.0002600553373700115
0.00014081152499291973
-0.00045508804113748136
0.00016326012701864805
0.00010000107795182649
-0.0007737157523677069
0.00054271076906824
-0.0001024172815870981
-0.0002218041362829064
-0.0003245352256897613
-0.00010457647785754032
0.0008119088764218394
0.00028158743085407163
0.00038499355481748447
-0.0005897570971975637
0.0001649404706341939
0.0009055548748075553
-0.00025225763783818237
0.0021469229417757437
-0.0003113100010309171
0.00020696048450219253
-0.0004631595804696508
0.0001862414769618338
0.0003059686980544244
-0.000464117134317501
-0.00011606739693329234
0.0002584136243580607
-0.00027091582524534606
-0.0009462446678859811
-0.001187064686112347
-0.0002460456427832235
-0.00013327825074950056
-0.00030945072585177903
-0.00017429796355199428
0.00015913074648552972
0.00038349029709805726
-0.00019079471724707178
0.00042404395221244554
-0.0002339392247781894
0.00012805821555237905
0.0002542261580261769
0.00015180783493574438
0.0003527356485791198
0.00014854237944574177
-0.00021122623089816359
-0.00013217187975543736
-0.00011706535675450765
-0.0002956778630093385
-0.0004079559589018582
-0.00017354351611796056
-0.0001340089459027443
-0.0002362033640702298
0.0002540124127143944
-0.0002753331224829383
0.00015893248749880982
-0.0003343755686800809
-0.00014256129426095713
0.00026202231815575136
-0.0005539512232084419
-0.00027162372789497457
0.00023738151303391821
-0.00019991720764547916
-0.00041429099620032535
-0.00015631213303880925
0.0001462398713201358
-0.00017399087029880793
0.00019031344355285325
0.0010351261113978351
0.0002425059029940023
-0.00035475436836809594
0.0002198830557560003
-0.0005485487405603736
0.0006672472881376226
0.0003271281226740292
0.00023853859040986618
0.0002093005918342926
-0.0006124232871394621
-0.0003795145701409069
-0.0004791886241372309
0.0007439416003302761
-0.001724848337779131
0.0011455027784076626
-0.00020479677560268083
-0.00018785455045559413
-0.0007165162293505188
-0.00025458532508583335
-0.0003363959695319812
-0.00017601634254699476
0.00015819200310869712
-0.001025081866518879
-0.000174169034698879
-0.00019063439141716183
0.00021434822683952386
0.0002430468603657746
0.00014144604256761863
-0.000646171360122088
0.00010197790841026509
0.00016959995265139282
-0.0001360807911158107
-0.00010384286241176226
-0.00016489844018036473
0.0001244650862868532
-0.00010114175011230864
0.00017199568434403186
0.00021188728383269307
-0.0002593633615165749
0.0003403780597939579
0.0002289625176518781
0.00014442045815384646
-0.0003152823944546015
-0.00011420931217766565
0.00012117447947024343
0.0003702945315981547
0.0002030559877793448
0.00019079550813542467
-0.00021741571383724858
0.0003185515702961081
-0.000153014228737298
-0.00015128633477028852
-0.00015809718028577408
0.00046080289643315634
0.00023170474093056517
0.0003399113486286606
-0.00022789995892254997
-0.0005460256040831768
-0.00038379403656223953
0.00013164828370089535
-0.0002164627212742064
-0.00022921078950202293
-0.00010526944040714603
-0.00011391125109234447
0.00020835496316327085
-0.0003818335724275287
0.0013529472176723038
-0.00036502374217822525
0.0004658953702602405
0.0009001004727612501
0.0006320719991899582
-0.00031759899105507437
-0.0007523104613687874
-0.0002026846769918105
-0.0010792642314114455
0.00033652973530820345
-0.0009574215926142809
-0.00019853254054625095
-0.0004210095819665407
0.000308231911499099
0.0009001230466282467
0.0004676998706111024
-0.0003448653615796649
-0.0003923915780710252
-0.0002091555230622285
-0.0005398540805772596
0.0003421233974727094
-0.00011238902823481035
0.0005127152327871784
-0.0003297975353810193
-0.000329683380556967
0.00016657037528375343
0.00017982167376798903
-0.0002167116534798033
0.0002988046213000255
-0.00022435917111334134
-0.00018438911667213316
-0.0002707501334037965
-0.0003235665333376734
-0.00027154863667466246
0.00013297324891195817
0.00022007952661132514
0.00039812661552852616
0.00016907079561753028
0.00010342361911077202
-0.00015223113645703283
0.00034171688525293063
-0.0002094444089256399
0.00010098523701943386
-0.0001122787375234394
0.00014804471772706095
0.0003190171422126524
0.00014566121754729417
-0.0001677036611110581
0.00022014152977585706
0.00012996993154366123
0.0004690557979021457
0.00017287721844479062
0.00024380892669412276
-0.0001232951782931813
0.00015684355453843732
-0.00033863093919517636
-0.0004106879436107064
-0.0004969440127606102
0.0004983898130769978
-0.00026740643899792756
0.0003161089598049184
0.0005044346686646924
-0.00041997777154218765
-0.001350447563085458
-0.0011115280149506398
0.0004921180152580547
-0.0001499556546904131
-0.00033032526683253124
0.0017736558131388306
0.00017250996049481403
0.0005230284748008565
0.00020400997463801304
-0.00021001398702434366
-0.0001957553164054127
-0.00018582042258557735
-0.0006402143270999175
0.0003264514261942026
0.00013286491559850238
0.00045188968715717873
-0.00016512002380174022
0.00012238770085367797
0.0002439457862949227
0.0003404555103778858
-0.0002124806350538169
0.00011620603942197578
-0.00012468890560603116
-0.00012587992023117478
0.00012523450124760197
-0.00010866664549337054
0.000135633704414447
-0.00028203999291500574
0.00019712969265858721
-0.00013792518139427927
0.00023800575834501798
-0.00010257021329722292
-0.00019282538905664713
-0.00045902574904297153
0.00012099693322886493
-0.00011650754650614217
-0.00026206284897338977
-0.00026886039233071495
0.0004383970476570551
0.0001642851909102706
0.0006439103964003442
-0.00011180447206581998
-0.0001320485440075709
-0.0005204475383070626
0.0007796010057527942
-0.0001852656788449055
0.0019337071599314804
0.0002764616976586608
0.0005555621805440633
-0.0015369899202894082
-0.00023288217763626766
-0.00010507845890532276
-0.000164949724167486
0.00022377628989373182
0.0002725893886195614
0.00033543196231702643
-0.00015777643740551647
0.00018387701135449014
0.00010454298700544787
0.00012888774040350692
0.0004654443064589693
-0.00039658752190971727
-0.0004239337099518724
-0.0002411975888605084
0.00012199645265525726
-0.00013965112693575807
0.00033178658846092646
-0.0001493602706031043
-0.00022074279858845888
-0.00026908216851530774
-0.00014113198933436683
0.00020691902914513237
-0.00021659632380274823
-0.00024486364088468826
-0.0001315196538957613
0.00012746650746232633
0.00017408888508466697
0.00022926771537224935
0.0020288163570972096
-0.0006651083817650266
-0.0012998422349784237
-0.0005143877868464134
-0.00013740489594748118
-0.00032069165161234173
0.00024419242101825884
-0.00011259598074754668
0.00014599651708705386
0.00046025407821442154
-0.00014011321668840412
0.0002245273870572432
-0.00011878457259116709
-0.000197720384701718
-0.0002665797853815222
0.00014169228970275103
0.0002833723968795652
-0.0008686301788237301
-0.00030442640856279086
-0.00019394973579531393
-0.00011171462318900993
0.00012309781765869782
0.0001458163454242233
-0.0002481452345248778
-0.00014125180357984417
0.00020143187823236218
-0.002011230104528143
-0.00014781527711238808
0.00031562687075904777
-0.00024297172775728873
-0.0003508041134641603
-0.00012574407147791848
-0.00042170029019187206
0.00011256426533419708
-0.00021767138947272296
0.00015176536007663175
-0.00021993942297013791
0.00012993594403791928
0.00020258668442390106
0.00011357626802218563
0.0001297701409928036
0.00010918871166447178
-0.00016213284658754974
0.0002773114577149474
-0.00016130111689588743
0.00024402345056450588
-0.00045652003627928077
0.000344524766921822
0.00024445808289871873
0.00013576125428135254
0.00011239182628289981
0.0001059365603903513
0.00014031388235495102
-0.00012305618784385527
0.0009994161730299018
0.00043056799625226306
-0.00010801244859884906
-0.0001684594734599193
0.0004240796726233485
-0.0017490906701536273
0.0007463805067396015
0.00041826336797977544
-0.00024492887189660125
0.00011844152243122773
-0.00010650604592642796
0.00011407806749055567
0.000255857214056608
0.00017948352961363678
0.0001291541528513402
-0.00011505418320461317
0.00010031714757806753
0.00012726323974613719
0.00011630561846272345
0.00011655572734783569
-0.0001184142252191716
0.0001269053875516866
0.00010937529526881048
0.00010922383910179924
0.00011623494701842551
0.00012873346668651613
-0.00011116549118827874
0.0001323082731107357
0.00012030156129750953
0.0001353259095055876
0.00011189302131688937
0.0001317375087170517
0.00014201194658227065
0.00014571196410460114
-0.00014240131711991513
0.00010157495725307165
0.00014864545983924062
0.00012632819853981817
0.00010197544445169954
-0.0001360453239096724
-0.00013352117509626152
0.00013303242238346948
-0.00012154944820184631
0.00010023332181157252
0.00014729289559827112
-0.0001432182904182785
0.00014737940517087385
-0.0001459806036784378
-0.00010465666627375464
-0.00010674438041196646
-0.00015402741942694253
-0.0001378462417309534
-0.0001540525926099467
-0.00014056076910451493
0.00011615473401199691
-0.0001460512848068965
0.0001633578039317349
0.00016043327314986308
-0.0001574955423688637
0.0001096081233063882
0.00013154696590847825
-0.0001349501649407651
0.00015048210086127171
-0.00010733996305297116
-0.00019165159520509215
0.00012391411975353313
-0.00010992839724347806
-0.00010008237640671588
0.00012940788947163242
0.00017664108783180932
0.00012440055080553032
0.00011679579506032837
0.000170229579024321
0.00013262771273057827
0.00012648479254918012
0.00011785401647757344
0.00016964361984009118
-0.00017370400741928838
-0.00010676141875631726
0.00018964338728248234
0.00015411547041090855
-0.00012394194352826935
-0.00010062727344856334
0.0001207304074865814
0.00018400680071698473
0.00017233422483401312
0.0001063738147193138
-0.00027119057552866036
0.00010075575338642048
0.0002823810007237538
0.00011379171209315313
0.00032015143694883174
0.00033878064305409495
-0.0003594923566966961
-0.0003692784912910699
0.0003742461511192773
-0.0002805538313642886
