-0.2229185324002124
-0.4895628385674875
0.1088078909341202
-0.06320210275092517
0.04465882218007327
0.033745455352351225
-0.027976590657581065
0.026955775248760267
0.024978004178342096
-0.022625717929945666
-0.020664008406613796
0.019440526627375786
-0.020105504423684174
0.6429607116483493
0.007448052626729827
-0.21595563642761634
-0.248614863372514
-0.13781808896424128
0.0955212805706285
-0.1349087654405306
0.09176962989915145
0.04546277305304786
0.0871202316783219
0.0752355517185763
-0.052538123838463124
0.07554089385616775
0.021782783924377387
-0.012631885401986963
0.04691123096748679
0.09548713958781983
-0.04757465095981216
0.004915751944622101
-0.005871585778347709
0.0006400084517378627
-0.009094724619938797
-0.10552820300787316
-0.024531264872832543
0.0005274564906638283
-0.011555189013184891
0.00020151555369343988
0.000914108182707505
-0.0008366110050062035
0.1010994404248106
0.00588809549185658
-0.0021649553579653953
-0.0012192886100691478
0.013660543332112874
-0.0013913795387922514
0.0036875950050163954
0.005216203469148513
-0.014653934091125122
0.08348575038682454
0.029944015123903024
-0.02346685284775758
0.0012452398441528205
0.002974830581340068
0.008165160103087519
-0.005772354363355988
0.00044499362140649866
-0.0034514852731669194
-0.00504063807802814
0.004701631304174023
-0.00656520976995535
-0.001849748689356306
-0.020424579488312177
-0.005182135665852849
-0.08095475602933691
0.0008585318064237918
-0.002654528730936173
-0.0016122126295095153
0.007397180450623659
-0.0008759565370517398
0.0006389225149312608
-0.0018655872517859063
-0.005441424449945544
-0.0009419783522765543
0.001271838271924042
0.002556163782458319
0.006442085753835996
0.0717640163086935
-0.02162448274642641
0.004371003203716108
-0.005262390247169991
0.0006012914210767694
0.005383618196448786
-0.0025513026817212243
-0.0004779510613145675
0.006503713361426903
0.004634195885906316
0.0017182122614237006
-0.0004238812851309165
0.0015599234483238535
0.00023792743820682998
0.003982249992391409
0.0036890573415788675
-0.002465348052907793
0.0016971823646088446
-0.06706429711428387
-0.006034300723692724
0.005479951457747841
-0.0014518972255059045
0.002125175620053194
-0.0042684023235108285
-0.0004238671928479652
-0.0014318813166305712
-0.005789230323170197
-0.0012180743689926507
-0.0005203141943972853
0.0005635533676514672
0.001704644098451933
0.0005021295015604274
-0.0007992450234942023
-0.0011638476601274646
0.003570310341346996
0.0009716267937123988
0.05693568601573327
0.022362328823265637
0.001654883953536687
-0.003563933944311047
0.0004062161972760794
-0.003539003895848129
0.0010903211923414921
-0.00022487938091235413
0.0021850123480292092
0.005137780695907465
-0.0013737137722745992
0.00023220245244159706
0.0010299600025410133
-0.0013325415661209984
0.001553112306136994
0.0031702311208426917
-0.0009897554327380023
-0.011553418697192012
0.052810848190001196
-0.006838263350944208
-0.0017931735331499618
-0.008287893089177356
0.0007203322983003617
-0.0006388295702832725
0.0008737378570822189
0.0031991260555851763
-0.0003810256836589342
0.005510812465202778
-0.0038011812628285045
-0.002109014013722794
-0.0020233527882764788
-0.0005503365579884483
0.0009959082767736493
-0.0005604874372066733
-0.0015807290521857283
-0.0002137282518826452
-0.003020506580230362
-0.0005034341545809541
0.001184967181221855
-0.0013272760598785796
0.0032298904405089267
0.03456451445410564
-0.03573939005503601
0.000869790431075422
-0.0005581951685654092
0.0010341165937001646
-0.002711082075029757
0.0005087810076567322
0.0007740370654343054
-0.0023840497598416376
-0.004274419246420425
0.000643011932590651
-0.0005487119368206613
0.0015195694424924712
-0.00024820546581700345
-0.00039861948689878584
0.0008631157132150609
0.0029543142435780666
-0.0002097201071853128
-0.0017885833439658314
-0.003713455989975878
0.003287875363887036
-0.003085197315500553
0.008241908349609176
-0.04421071919941468
0.003141334896630368
0.0012103828417680108
-0.002125163066598343
0.0012078032820937263
0.0006236371316149884
0.0021494353532985526
-0.0001556582784689581
-0.0008335505754081798
0.004581564324613957
-0.001025009583327527
0.0008364948594105162
-0.0001308524572351215
0.00042285854423331653
0.0008968895455730688
-0.0005210719937385805
-0.002421987789014303
-0.0010159184478618836
0.00016067237542759092
-0.00014509596323373128
0.002808555948548563
-0.0015478392948397302
0.002320866510676901
0.041198399129542256
0.00041659006114274196
-0.000539686608832912
0.00025750066254520015
0.0029644189024025168
-0.0006093148723355684
0.0009766316899335597
0.0023096268083097897
-0.0008762419083060225
-0.0017665676637291245
-0.0036149863774661106
0.0017886504519991852
-0.0007703264539081534
-0.00018576410344993793
0.00016493071587479104
0.0013118532242283323
-0.0009480862908992251
0.002139898632452906
-0.00023157838829135797
-0.0009632805651311545
-0.0014091793358707847
0.00164528094716451
-0.0013570628685273631
-0.002533873977091814
-0.0015897039633295303
0.03556703377691044
-0.01169929376789767
0.0004624277416504665
-0.0017715430998668708
0.000823199402874354
-0.0010885251098612693
-0.0005523607298446143
-0.0007458388856712126
0.0013447588741873633
0.004302471605144218
-0.0005110057797749563
-0.0022421368216660525
0.0006234514983086304
0.0029893508308307614
-0.0008454033984669016
0.0013914811747355142
0.0005477960421338703
-0.0019985175072335716
-0.000979796444417685
-0.00017339276967948868
-0.0008884451487600998
0.0012900802818340766
0.0014888272072766764
-0.00034918103071411794
0.001869540478150241
0.001612356512361603
0.0341362812994023
-0.0017970860687875061
-0.002549526732009852
-0.0023529353652051665
0.0015682719476540303
-0.00041827438976401935
0.0004622977703238115
-0.003748774768270362
0.0010364095651124437
-0.0005282988039285168
0.00045172513153125886
-0.0007777141140647583
0.0007380085376864559
0.00014097370903802948
-0.00010285784203700144
0.0021857710577553673
0.000634594325313098
-0.00146502091452853
-0.0004695063882034846
0.0033665515550441983
-0.00014714901676929126
0.002298844725630235
-0.0008188921401343826
0.0019021777959239044
0.0004148785934125891
-0.001166512442543893
-0.001143609055270016
0.005142979930210374
0.028354752505900024
-0.012770705438381607
-0.0004702639901602868
-0.0001183966567436152
-0.0005562584711145355
0.0009415095436304144
0.001007583618722709
0.00023721680575190316
0.002281625884162203
0.002823642621003892
-0.0005925589067147695
0.00030589574205766313
0.0009373917750631377
-0.0002631400853072751
0.00030746961741039033
0.0006634274192586407
-0.0012769456465670564
0.0016538765162103202
-0.00012370345958016412
0.00022753518997524757
-0.0007212840086241042
0.00031024514154239066
0.00031354679929793437
0.00020698738664008112
0.0016357736531643786
0.0012864001903703844
0.0013743280038601396
-0.0010730399380820843
-0.003977232011069933
0.0008928024446503067
0.005438590846742403
-0.008347256307995824
-0.000973418602602685
0.02723147188353559
-0.0006096772420056453
-0.00039483559552241346
-0.0008725999817087984
0.000617170813054593
0.003359534978535188
0.0005618706845745756
0.0007329625895980297
0.00016330223724765367
0.0005578711331194921
0.0003701309974160797
0.0003105832536847
0.0019567727487243133
-0.0005541959509614252
-0.00028833351485332663
-0.00019642445437938888
-0.0003166276426023698
0.0004493006982515288
0.0010705736255531221
-0.0011734949996076824
0.0004085493862878404
-0.000813127547889042
0.001651627977512221
-0.0010462845971164875
-0.0028384332348279314
0.026717846965161503
0.0008417918762822377
0.0023484947602189126
-0.000304394841227699
0.0014812276485438982
0.0008445201069000706
0.000599351522343079
-0.0010087816137262918
-0.002236900470114917
0.0022103952839942474
0.0010262576628031787
0.00030868088338215516
0.00020317888736239362
-0.0004943700503143866
0.00023818242679692897
0.0002511565485675363
0.0001557580112741357
0.0011992089934813649
-0.0013495148520557296
-0.0007564865524027574
-0.00017043375959288008
0.00019072473421964268
-0.0002569437389429561
-0.0005358054245353883
0.00041344482725727956
-0.0002471357900593168
0.0013731499768258458
-0.00037119753099217837
-0.0007372646567203265
0.0001499445221780566
-0.0009752702013637823
-0.0010002272793453526
0.002316987617108141
0.02457154354100127
-0.0008922648140811258
0.002709490055218025
0.0009107698502089559
-0.0011612730620701535
-0.00013672684594785717
0.00011617450588733987
0.00015394674755667565
-0.0005709456697265094
0.0007478646855075127
0.0031811401619800043
0.0028259367687545824
0.0004586856264673521
0.0003391196922553671
0.00015252140511626847
-0.00025940696876057177
0.0008246123463760505
-0.0005318373501516647
0.000554559652378731
-0.001495647461147939
0.0005338283334870587
-0.000209003842893788
-0.0003458105734597545
0.00015155178024311945
0.00011472152492168827
0.00012128160910263134
0.001434830902854834
0.00042039738684928696
-0.00022969416454629308
-0.00014095129525342037
0.0006384450942970373
-0.00021759054688588682
-0.0004286264393478216
-0.0017273447911551265
-0.0004872780749467182
0.022920632329790535
-0.001265477185760422
-0.00038785944769968657
-0.0013934825220416555
0.0006577340260680538
0.00038002190451292634
0.00035535196939941426
-0.00044382712885663396
0.00040176113654838403
-0.0020403032247511554
0.001993139406223279
0.0004395685059938423
-0.0007230434677402472
-0.0008498030991322886
0.00096417438206337
-0.00014907111225554898
-0.0006459620223619388
-0.0008966877117951325
0.0029932913671790176
-0.0004712118946139752
0.0005853742725342215
0.00011996173800780234
0.0002725799383235098
0.00018760136282825935
0.00029344278842147393
0.0009333019634750202
0.0010709397937369411
0.0004220872398645838
0.0003740666331524191
-0.00019494206916582143
-0.00048556238158925654
0.0004367451853919427
-0.0004064287963981351
0.0008018597638885022
0.0008320561496585991
-0.001581298019223963
0.0009184295733544118
-0.020837552457932167
-0.004526303551640694
0.000649485618071751
0.0003462611755216913
0.00037353382172580275
0.0003101481804687019
0.0001500802944020615
0.0025024142003778884
-0.001183167381981231
-0.0005746104785449801
-0.00042976212945061313
-0.00040745554175555235
-0.00022480171559017246
0.0005888682263776618
0.0003285982188146254
-0.0014581211963092646
0.00029253551476548617
-0.0007989100265097203
0.0004634083234693947
-0.0013161948888472702
0.00044856968919373665
0.0011100228141217548
-0.0014157504624145154
0.00018526515924096405
0.0019391009349782123
-0.0008059311756558208
0.0002920485617536537
0.000513053343178765
-0.00042439443828727586
-0.0004165422796664673
-0.0003339059217274217
-0.0009815475024360146
-0.0007892647557474806
-0.00028585351408998963
-0.003281894292055693
0.019224102290682367
0.0040885159395527655
-0.00010459491135595053
-0.00032081189597586577
0.00019474351738833654
0.0003601249889406309
-0.00024161294722976388
0.00015186235437404042
-0.0020770564045821836
0.001602998859281421
0.00037872909773712266
-0.0004244995014938634
-0.00042894858232630904
0.0004247498474991635
-0.00015354297717679353
-0.0012511066308887897
-0.0007857545390126577
0.00022129123048869706
0.00020434304668843188
-0.0006165882804236448
-0.00012585042122905047
-0.0011105189312018828
0.0005915798854757373
0.0006657086227672838
0.0014520220750590912
0.0008419621038203484
0.0012895942725298858
-0.0016731884677356175
0.0006726183497889936
-0.0011274220077552668
0.0001792612215721522
-0.00038862652165939286
-0.00041443268397197265
0.0008914930220457501
-0.001534434392945443
-0.004269661986928377
0.017895663165439894
0.001739024908172751
0.0011500971769677958
0.00023640959254195572
-0.00016585657942403363
0.0004499819508978506
0.00013290809804536972
-0.0004111622840510855
-0.002407794064791644
0.0003936669020115009
-0.0003809065225225945
-0.0002183588574291432
-0.0002091646799722453
0.00034752680764812445
-0.00028201759018923426
0.0013693234989167503
-0.00011385699413879234
0.0005227977536914394
0.00010151010293429303
0.0004875528407537854
0.0009367057917951162
-0.00036466408128702334
0.00034262951457516845
-0.00017809762087967092
-0.00013585745503585508
-0.0006585398872759523
-0.0003223313593198931
0.0008049568202862064
0.000902102712187512
0.0025844211419776106
0.0010786336198831826
-0.0005674534080285567
-0.0009003031123005686
-0.002169537402570714
0.0025127055720319787
0.001240086529467767
0.0169732975871185
0.0002807949134576471
-0.0005347192717690497
-0.0001222830431763662
-0.00015344330728052976
0.000216800178041771
0.0006076374459572397
-0.002191686848575313
0.00037003204864357296
0.00022648785551984666
-0.0002063248294133638
0.0002994986662933665
0.00020583323978947527
-0.00019817565744170655
0.00019675138757198622
-0.001300585071321093
0.00038351257055060895
0.00027464187282724044
-0.00039126534548164927
-0.0007315374100388815
0.00055403743635657
-0.00040386033480825217
-0.000152796466380275
0.0004782795752403025
-0.0007792717646345484
-0.00010019298811695182
0.0004337859316332063
0.00014245469028338894
-0.00017727918126907613
-0.0002321303571071419
0.00022033121315209395
-0.00052781780055597
-0.000982786456392065
-0.0033955242966058935
0.015832298586028592
0.0030597260858590348
-0.0004914619235467371
0.0001512643811330598
0.0005117488492320816
-0.002114826037475804
-0.0002335769265515945
0.00033624530919475546
0.0003416188521285279
-0.00018153279409411299
0.00016100978767886773
-0.0005677579196237271
0.0003911522191623235
0.001090098840426085
0.0002346897137540024
-0.00029051135564462125
-0.00011886632097568543
-0.0009048276110209055
-0.0004211941934361586
-0.00017139582405657352
-0.0001649662273056983
0.0007131357507367123
0.00015357409423132255
-0.0004157838788451184
-0.0007275783239805034
-0.00038950559594064916
-0.0004764350866002709
-0.001294379434938194
0.01505640022792756
0.002716014716809665
-0.0014232583468209684
0.00011080079181730032
-0.0013631259965050137
-0.0005685561557033455
0.0004324586556041228
-0.00012341871248603326
-0.0008244036089951012
-0.0018559147486134568
0.00021125708431964045
0.00029098517012521384
-0.00023100158932077284
0.00033868567068712425
-0.0002715599376264094
0.00042631351665232926
-0.0011112242381488072
0.00011673783473513952
-0.00011285931995191301
-0.00018788812891649154
0.0008171630144863947
-0.00020426554951526068
-0.00041092273535566084
0.00023581933803656563
-0.00033833403128354463
-0.0006506428921881822
0.0001501507016035552
-0.0001377614202038163
-0.00010013708933015697
0.00015513197052191224
0.00035253351267982755
0.0006018712377084521
-0.00011211502188518765
-0.00026403392090195707
0.0002447329425085234
-0.004813866710431232
-0.011893972953306438
-0.006455148919747028
0.0012765170242884834
0.0004193797426803562
-0.0007030091015066179
0.00020270296272347524
0.00018005635508740493
-0.00011110646029852367
0.0011358874026440198
0.002490207459174832
0.000383798038099849
0.0001050308658578943
0.0003714908104689681
-0.0004724072392276287
0.0001375617303600388
-0.00010736417478214272
-0.00020698664775889246
0.0010450885103553676
-0.00011949771927033182
-0.0006105076553893359
0.0006284311649248538
0.00020610230830484286
-0.00025010952046737096
-0.00028986065468805704
-0.00022655906808050007
-0.00010180915212333615
0.0006211989738990465
-0.00014519614043186313
0.0001493509406128593
0.00034754469127101155
0.0005839843350392646
0.00018532341886420492
0.0005032783741176152
-0.0005605031725303596
0.008554721976223055
0.01044096937294812
-0.0010660743211694092
0.0006206085997688471
0.0001283842506315075
-0.00017727429760601237
0.0002703580257529058
0.0008353224033236837
0.0017986779493006499
-0.00010829370333338451
0.00044293807366539364
0.0004744602323502429
0.00045937684339363987
0.0016661836885995575
0.0006443398705535779
0.00024863395896935174
0.0010223481710090743
0.00021461434928828874
0.00010911152774502964
0.00022564925814108494
-0.00013564543529806132
-0.0003889801921903089
0.00017473928402498475
-0.0007539793664121829
0.00023542334223028232
0.00018891414401872215
0.0005877025449771692
0.00010652421779093605
-0.00011161243647474417
-0.00033251111152267024
0.0005236292282703727
0.00023028331527842556
-0.0002833625669849347
0.00016514088750477956
-0.00016831032080268798
0.0005647929112007666
-0.0013656588808307448
0.012688564140345866
0.0005393191143377542
-0.00016852707479447082
0.00022973544675367627
-0.00027026330372258996
0.00013511417783075157
-0.0002456427377313673
0.001796150938237867
0.0001824440054768134
0.0002192747711089738
0.0003179392416272752
0.0005757114438670958
0.00037029912994813546
0.00012077066073871682
-0.0005085656413158605
0.001084114520946558
0.0013369523158444211
0.00014004935173529714
0.001058049944421984
0.00029230313132007455
-0.00043979688230750386
0.00021063354912605238
-0.0006868688024448839
-0.00013141570478060892
0.00014374301884115107
-0.0005534272425137299
0.00035569144469724116
-0.00012625292210688833
0.00012900656339520004
0.0004855829864448051
-0.0002538610474075164
-0.00010780786887782141
-0.00011464135700757867
-0.00015592051505113405
-0.00026372650555004257
0.0007267068123909797
-0.011788752213904118
0.0024492376689634306
0.00032724567367793
0.00026022694640927523
-0.00012181496473227407
-0.0003555126779110173
-0.000724053434542554
-0.0015429143475085322
0.0004018568684914474
0.0001213165963924653
-0.00034495244476700723
-0.0010404078734655591
-0.00044195156278330883
-0.0002069754246720798
0.0010472443493024525
-0.000147660979638977
-0.0006367179232231211
0.001293028712995405
0.00045403842895444003
-0.000585622271705562
-0.0001549754654432216
-0.00023915015044748494
-0.0005287489789744632
-0.00017813265182048028
0.00019455818257647835
-0.0002726355730161697
-0.0001126234919868784
0.0002416882200441434
0.000466003739582775
0.00013478693493854942
-0.00018387998399132458
-0.00031051591497290146
-0.0004409663711323718
0.00019578884488797416
-0.00031050898999676423
0.011374920706283593
-0.000610791332345143
0.0004406983874834778
0.00011167274793924587
0.0002615537004456653
0.0002648591783799331
0.0003353435438649343
0.0015574007227939053
-0.0001578275380873078
0.00011229521603465893
0.00030888376451841275
-0.0002190644945411255
-0.00012627356721614186
-0.0008793100644719808
-0.00034730807003555304
0.0001328039121101831
0.00033963253910102936
0.00024570555112874863
-0.00020072010822952836
0.0006221446132887692
-0.0008391102764951152
0.001064106754210748
0.0006131354786387919
-0.0009425801401034056
-0.00013681225050750053
-0.00037588750427954205
-0.0005287551290361913
0.00027810889281865
-0.00024300138446176897
-0.0004379866955620078
0.0001171112626639247
-0.00011931742061016625
-0.00012174959810747281
0.0004440704862917372
0.00034905211828169724
-0.00021457918991047296
0.00037839871525251325
-0.0005048873618172051
-0.010754313865300704
0.0006408262792877997
0.00021385129161248843
-0.00013798431602603971
-0.0002804245593282727
0.00012118155425574849
-0.00150699429641655
0.0001354232328600449
0.0003501319246774288
-0.00022787322270378103
-0.0008845518707654812
-0.0002474412992209898
0.00012920864652125208
-0.00017840353494680532
-0.00020301706349377656
-0.00022229467761172202
-0.0006065582574031231
0.0003448468236469048
-0.0001684022152581345
-0.00012354031362603004
0.0003815869700000451
-0.0005222816234928188
0.0007371490005838272
-0.0013451471033026497
-0.0003901783325403082
-0.00043226959001283816
0.00014314663654171094
0.0001031936149629055
-0.0003786708444936216
-0.00010642745434899119
-0.000433985291907873
0.0001444218384990675
-0.00023946632261058611
-0.00019264662380992514
0.00016579070988278225
-0.00041751071052849927
0.000220017313644412
0.009972702090021848
-0.0022409411010191668
0.0004384945910568027
-0.00014789974807842289
0.00022459651776676084
-0.0013743593198641368
0.00041903621993592474
-0.0002816094059094981
-0.00019271662329172916
-0.00023987433408540824
0.00031085594926029924
-0.0007979610791784397
-0.00013548357689336887
-0.00024387830617345424
0.00013109814452586609
0.00018865510964476674
-0.0006105058963632475
0.00015527659342091162
0.00020620729342253776
0.00011053750865249048
0.0001976706313350238
0.00033756780671567044
-0.0004887863649354361
-0.0006201548921476119
0.0010620423469168533
0.0007221566567091781
0.0005843360924133141
-0.0003327063356471781
0.000648804942278619
0.0002179636866974082
0.00013417705737561844
0.00019437149678444663
0.00016610912094289896
0.0004070545451152846
0.00022492960367210624
0.00021761340116445587
-0.0002634089969773332
-0.0008457900164410775
0.0029296043053472242
-0.009208869557441397
-0.00020600222890843238
-0.00021181657986864017
0.00022338328573409818
0.00014758616314086942
0.001347046855887636
-0.00013105583622456327
-0.000247571633249597
-0.00013453281041752677
-0.0002452401370873647
-0.00023546623257126068
0.0001768380831320856
-0.0005080661901623617
-0.000583891592944654
-0.00011699644187993121
-0.00016946274164148902
0.00011796058287420901
0.00010504443356440747
0.0005759510395485726
0.00011025632486544074
0.00012677468533744594
-0.00015439012813063391
0.00029894105592834106
0.00044514261930214916
0.0002566539060713022
-0.000333565289198129
-0.00020223763526410884
0.00035299557031043087
0.0008660068085383587
-0.0012707843843821594
0.00036896797498688
0.00023199040879565963
0.00014855978094622705
0.00021936914605279949
0.00039940759287330574
-0.0001942961220112235
0.00019555752268462278
-0.0002290774779756008
0.00045910425951062946
0.001390333854367728
0.009087781867798562
-0.0005181401689938337
0.00019956907933076532
-0.0001333727279544737
0.0012084945081203362
0.0005297407711743194
0.0001030730691375248
-0.0001584586237940217
-0.0002482161721020887
-0.0001983043965474449
0.0006952231658069233
0.00027234456541206146
0.00017747388677558982
-0.00016232434509300852
-0.0005525968159955031
-0.00024532780884680604
0.0004460275320418156
0.00010047873352542539
-0.00015867508819759248
0.0001409257342760862
0.0001515157099467083
0.0001033101879390865
0.0003450997732825311
-0.00020610315177596112
0.00023452992547333385
-0.00040815353259164285
0.000662766150645879
-0.0005485886403681283
-0.0012073617198697776
0.00043462491113622787
0.00032498002994269995
-0.00020295635153306883
0.00022842456122542016
-0.0001700861515777748
-0.0005222543761719245
0.0002966814835214716
0.008747376260475791
0.00011424350126223721
-0.00010761000200402784
-0.0012417492424708291
-0.00016662232163655886
-0.0001536487113766727
-0.00020677094520678963
-0.0001232473173682833
-0.00016095288128457812
-0.0001244385293215956
0.0007000835501019922
0.0002196719268349616
-0.0005350018297689682
0.00020310519170242694
-0.00010383678247222437
0.00015699373550679866
-0.0001083147127370897
-0.0004076204077729473
-0.0001222337053807393
0.00012097009491067473
-0.00010596017010384915
-0.00029691897088194045
0.00013035556929523302
-0.000278143574741216
-0.00017147428317566414
-0.00022654167012307565
-0.00022754343525933888
0.0009684577958504258
0.0003673853646805558
-0.0008733201549450038
-0.0007478502047664476
-0.00017289770603824166
-0.0002015323526271574
0.00020499628267811308
0.0001892969511895937
0.00023869792309972823
-0.000263761582393933
-0.00031399372013924017
0.008329989058685882
0.00017889363683127774
0.0001032760338153314
0.0011971002261281433
-0.0002230370625421776
0.00015026063167563724
0.0006951242001470184
-0.0001306887485161012
-0.00010519075458241893
0.00021558501106095767
0.0004565793032235487
0.00025156950411763304
0.0003505067530943201
-0.00018533574816811827
0.00010370762983752587
0.0001525683112508207
-0.00021135400114947979
-0.0003214073020349187
0.00016263389605480514
-0.00010342388704123338
-0.0002760166632777344
0.00023524253729006
0.00012001828037512892
0.0008659002456295212
0.0005420235528099628
-0.0002241839324860966
-0.0011240220363103346
-0.0003780430763811498
-0.00023657142697175386
0.00024222545672361202
-0.000489768485862578
-0.007917913416194824
0.0001142533564351371
-0.00024130733152443877
-0.0011326344901715743
0.00017562601736501168
-0.0001113192832459854
0.0006309607360191191
0.00019745350612900326
0.00012022963815354504
-0.00011145915147224096
0.00016794048280018147
-0.0004660382735925458
0.00013245380311321413
-0.00037860546885110563
-0.00015267080262582048
0.00012458358389765022
-0.0001775824793268722
-0.0002767023427631971
-0.00010971031269684119
0.00010996093468619435
0.0001331995015615219
0.0001079077498289943
-0.00010071521566466419
0.00029148505359896806
-0.00026833598298111716
-0.00010492213543453271
0.000277299038033231
0.00021335193393685903
-0.0005124828680539154
0.0012871250975348646
-0.0006665723859613927
-0.0004820382745636607
0.00433482889907602
-0.006167048752301682
0.00031206584204658143
-0.0002034494143552142
-0.00023136843788980105
0.0010708255467137984
0.00014364114545900982
-0.00016430445101650346
-0.00011062650197391418
-0.0006137345511486807
-0.00014312328253005476
-0.00011301342904657111
0.00017176433003401274
0.00045677188392863306
0.00010493544828488055
0.00035573474666357344
-0.00018145719579409745
-0.00011465143510821633
0.00026351026334733
-0.00010831372815382939
-0.00014029391953483905
0.00011050404483834797
0.000266300979201184
-0.00011655183700549431
0.00022228384597626993
-0.0002820996759441569
0.00024251194807921412
0.0004448792053031199
-0.00018788382600456302
-0.0035827867324685907
0.006414844695748797
0.00012185718379966431
-0.0003035473369788143
0.00018959696298231313
-0.00012725728544726823
-0.0010360571010842737
-0.00011168577487065039
-0.0005986151736586163
0.00018754216698972775
0.0004390651820178752
0.00014427795347539296
0.00033961707358309167
-0.00018119980764512458
0.00012172151195118973
0.00027259131522168565
-0.0001053847095607849
0.00025159849251038427
0.00013154718610874637
-0.00017637160821021424
0.0002445682880381951
-0.00013288504326545495
0.00011085807411605777
-0.0002788122257456437
-0.006987238616848364
0.0007590305436971946
0.0002568446617179874
0.000203762688793691
0.00024377045639959835
0.00019240874763997004
-0.0002079413020378249
-0.00013730550409659205
-0.00014432856216654394
0.0009770030464388315
-0.0005770521469712597
0.0001783867962673878
0.0003752492937501964
-0.00022813155919505285
0.0003130579224319963
0.0002052371025054271
-0.00026237924254399
0.00024364582903792082
-0.0001616260992053489
-0.0002381170874343489
0.00021222645375649918
0.006641855080201375
-0.00020140811590288926
-0.00023582983391167665
0.00011626552199552193
0.00021460246466008877
-0.00029937887861082764
0.0003316630130305005
0.00027373138716952006
-0.001005367238989171
0.0009019419830183085
-0.00010851746825634786
-0.00015261999849751392
0.0005346144455255813
-0.00011306104087068368
0.00010694288648959195
0.0003981483510074202
-0.0001495419297261521
-0.0003153811546645631
-0.00024955318949649414
-0.00010314958755422072
-0.00022903782496577955
-0.0001520300572433372
0.00021941868793597276
-0.00013900214699193216
-0.0010868019980033907
0.006255031033641612
0.0001498527833939537
-0.00021007346492514788
0.00019911832674653798
-0.00046604124359853424
0.0001906238949040786
-0.0010389304964298109
0.0004923374383506074
0.00025323640881804295
0.0006969404685790851
0.00014696637047100766
-0.0005217614603927114
0.00012680549449996223
-0.00037928498927419763
0.00014718806399172853
0.00029675229672625187
0.0001578754619092888
-0.0001923946728214041
-0.00012674663425891097
0.0002063986382182899
-0.00020801888313374937
0.00013166552762650086
0.0002150286212570254
-0.006045418563168653
0.0004358341315374748
-0.00032559059141035656
-0.00011571838764995649
-0.00011387907858979789
0.00010271524071681819
0.00024147846684557567
0.0009846049132168006
0.0005562170108734317
-0.0005646874100984819
-0.0005452279261624489
-0.00038500980332267684
-0.00012189474943713007
-0.00035552157988452747
-0.0003795838931068752
0.00011506946844587548
0.00036680261406545555
-0.00013298452431348987
0.0002701564849743948
0.0002330135145285956
0.00010942258862511008
-0.00013707288225615148
-0.000117008625101731
-0.00014543465656706006
0.00013750552496325603
0.0001958816931891712
-0.0001834263137686989
0.0006064729203929843
-0.005750639675786044
0.0005382453205638141
-0.00016759721247075251
0.0002137021080332196
-0.0008668374147074241
-0.0001251263908338567
0.0001325133841158007
-0.0001399611613148758
0.0006080452891693784
-0.00015857679050379462
-0.0008369590557522986
-0.0004887614526813595
-0.00015140076449730858
0.0003741922044798404
0.00024206854092076918
0.00018325218073774344
-0.00020230640203418635
-0.00012100576956501395
-0.000284884850511889
-0.00022803044013977944
-0.0001552869648643337
0.00012478572462457264
0.00010518893849292157
-0.00017284796386094446
-0.0001259960703220404
-0.00013731490687878315
-0.00022962101253996869
0.0009224220893357313
-0.004985043355617363
0.002251887827654214
0.0001995355959009521
-0.00023256450847825613
0.00021208927673452169
0.0007416587133157962
-0.0002679954574444508
0.0004882904642350648
-0.0002630746316874921
-0.0001343753742581603
0.0005230282732872319
-0.00028331474003892473
0.0003900587625701492
0.0004683204945026225
-0.00020045637145491282
-0.0003031989270944505
0.0005090297942880376
-0.00013675635037900595
0.0004026315281240998
0.00016393823932429563
0.00034913813439640257
-0.00012517778181682674
-0.0002324004338429393
0.000211982442658197
-0.00011440370166584733
0.00012300631858568344
-0.00013297604412197252
-0.00019198321931465407
-0.0001243290362040046
-0.0001008679339814292
-0.00010294410592746197
0.00019898879963085387
0.00035347955082030204
0.005276625168277937
-0.0002233354921079546
0.0003125947017917031
-0.00041791835861038827
0.00022015113282568594
-0.0008272716657240874
-0.00023454030886347645
-0.00010511116975025278
0.00031023488726059035
0.0004834072834102838
-0.00033773020264213756
-0.00010163091489543152
0.0006190647721455556
-0.000239444274400188
-0.00043033882961210514
-0.0005497367705485864
0.0001918563532987282
-0.0001579227464493183
-0.0003596659002683605
-0.0001096075355063609
-0.00011429528777285053
0.00018001001189914972
0.00017606680871234476
0.00016166501516939996
-0.00018930787010414837
-0.00014404021592351532
-0.00021145007577516893
0.0003262251421472282
0.002126017533400943
-0.0019055784030315537
0.003967691810861053
0.0011454456010319633
0.0004937057538467477
0.00021652425825340862
-0.0003173399010037449
0.0001837395014805703
-0.00021975568554481883
-0.0006268657180521466
0.00019963058729698138
0.00020800114885922372
-0.00021457172253324506
0.00040375203796032386
0.00012847474910124079
-0.0002710135795221912
0.00024192751467111791
-0.000534749390428665
-0.0003580737092605041
-0.0005342138814210948
-0.00018454943352667853
0.00017416041506911246
0.0001488445040638612
0.0006788026228278422
0.0002847666989180163
0.0005098644318227166
-0.00024657194477408227
0.00023723925678650881
-0.0003852902951758221
0.00014006381441998946
0.0001351115246256399
0.0001359137914180583
-0.0001329291865653027
-0.00010031724640333604
-0.0001471252939386677
0.00022407188218753684
0.00013240650578509459
0.0002573556689083701
0.0009032049463161563
-0.000416151614571387
0.00017226852441019574
-0.0026551050454760756
0.0035872500569830105
0.001281827403222991
0.00027595384148779563
0.0005125878838541923
0.00015547554068243917
-0.0004476060322030068
0.00012535101286998402
0.00045815400268095345
-0.000980581005377973
-0.0004931844134952779
-0.0003975803065351997
-0.00022066635394090995
0.00037167621946154603
0.00010046585210002267
-0.0006599678113674214
0.00030539988778802233
-0.00019198177466799168
-0.0003275356549620553
-0.00010556275600007645
0.000344745819833962
0.00015526661750018004
0.00020448698936325528
0.0001745138149147976
-0.0003023280975235045
0.0002276639505737779
0.0004158117680544061
-0.0004595593769278995
-0.0004115684838435289
-0.00017191057845367664
-0.0001396331030491165
-0.00021427918875428998
0.00027222081756162955
0.00012271353327091645
0.0001245207989541145
0.0001101496976598532
0.0002310735207411661
0.00011940787235036864
0.0002322573413809834
0.0001353505671460796
0.0001942420526271565
0.00010756772496797927
-0.0004015282257041445
-0.00011573915129421855
0.00023893252370498793
0.0004511280994478929
-0.00044463542107712556
0.0005268368254495286
0.0009678213406003644
-0.0004842896367876837
-0.00011461578291586263
-0.0036419041633392493
-0.001159796183176482
-0.0015319104398795762
-0.0006476943689578312
-0.000612091456407071
-0.00017257791971331493
-0.0006059271346378215
-0.0008773523709627404
0.0006445744366908808
-0.0002648656108753634
-0.0006721849994995803
-0.00046953192730312993
-0.0004423270737088315
0.00016371778629581618
-0.0005051087501322557
-0.0003946625265811695
0.0002054028338128711
-0.00028605286752241823
-0.00012184558374470585
0.00010357147351260773
0.0003006739360523039
0.000433494594409093
-0.0002774187278008167
0.00019302837925499924
-0.00014579135522926429
-0.00015916202137722672
-0.0004051839423724736
0.00028301485210517315
-0.0003724073104856643
-0.00016022375550758884
-0.0003402174409582502
-0.00023092541096372541
-0.0001270126363001185
-0.0002271803070681132
0.0001392515866530234
-0.00021486595034796944
0.00017906061818602094
0.0001662931403341346
0.0001746967172611965
-0.0001060449079425195
-0.00021513248623449582
-0.0001464234541825628
0.00012159120832893
-0.0008085407590407482
-0.0002263974219125009
-0.00045295292294182383
0.0003576993573387453
-0.0005090835790157735
-0.0003229266749418229
-0.00037406599388342557
0.0001181242179505164
0.00029492914749643605
0.0004854128354901835
0.001214005282854254
-0.0013038082180685572
-0.00016111407235673287
0.0005540139057563276
0.0003241462559432532
-0.00047968785806952994
0.00021558023690442722
0.00016671696245830044
0.0008964398619065504
0.002756343422105845
0.00041506120517926544
0.0005860315643543651
-0.00126586215015896
-0.000192225448682219
0.00040113655068354603
0.0011256495894586796
-0.0006211486623754574
0.0002681671822244959
0.00011093113449023027
0.0003204101893119623
0.00013271487923328327
-0.0005658580241662259
-0.00021729405358204295
-0.0008690981508073061
0.0001529574774189633
-0.00021678815276279657
0.0002144626324313409
0.00012784739248180966
-0.00014885620777694737
0.0001606362772952644
0.0003564117858398238
0.00012138226693849344
0.0006507381720604595
-0.00048163431845821226
-0.00010349110999789881
-0.00017640918008468914
0.0005878158008373481
-0.0002634504243126588
0.00026705914765815593
-0.00046558075961716577
0.00019705850239460542
-0.00016577660701205137
0.0007600766206889417
-0.00012336711815407825
0.0002395763637793007
-0.00017567257279169635
-0.000198210338641885
0.00030595985904121985
0.00021973081540408004
-0.00014353694807221697
0.0002753987150560894
-0.0002449893883146808
-0.000130993636120341
-0.00042711504700676333
-0.0005348203416138882
0.00042996175128794985
0.00015441815146855279
-0.00018789854760787128
-0.00014740697322031184
0.0007943863826317273
0.0002304405978128228
0.00010354041905424194
0.00045263630931929833
0.00012809656156113731
0.0007768982198540035
0.00034142264246427245
0.00018492563903875852
0.00036103144804487767
0.0004900422352136297
-0.0004586400672124561
0.0002931962934068926
0.00010380673335497075
-0.0004030029306731483
0.0021905116033980134
-0.00045206272958273075
0.0004333339129180045
-0.0019656670716264074
0.0012066456729012197
0.00030614564048681616
-0.0007198364202744025
-0.0010990953608211087
-0.0007306298587482603
0.00041288236379479425
-0.0002665582919347058
-0.00042218964023462606
-0.0005022464370987928
-0.000987149529906208
0.00018175355276931951
-0.00010070167635096911
-0.00016705872918301186
-0.0006777444229170793
-0.0003080626142109648
0.00038958606977410406
-0.00040197678188883207
-0.00024857139974954884
-0.0007341523864544976
0.0001996995309506718
0.000537720538314609
-0.0001297375092201039
0.00021861157785664013
-0.00024656187333796316
0.00020913209972062073
-0.0001108530469181316
-0.0002555065853200902
-0.0003335854196882585
0.00019007488727427967
-0.00026325048346581445
-0.00017502792859540276
-0.000100474515356579
0.00019563665426336653
-0.0008223987407089968
-0.00011949069310087984
-0.00012948509963517618
0.0001235389012451488
0.00035966274942448966
0.00030445663712525955
0.0001554351501177206
-0.0001436706882873086
-0.00039896776868954693
-0.00026040491779162676
-0.00035924570243396
-0.00018621250766865811
-0.00015316044359685232
-0.00018600921961379907
-0.0005028149720116834
0.00038594092183343536
-0.00017417854231420953
0.000281746702338851
0.00037759179375838604
-0.0001436019836092169
-0.0002498466889697513
-0.00029622257348078555
-0.00019449759701418995
0.00014810436319329483
-0.00022347801852840246
-0.0001286780481239278
0.0016290102045990373
0.00033438606806529086
-0.00025573463035276654
0.0009088818552069134
-0.0009406822390607602
-0.0007639499941225324
-0.0004101700779453825
-0.0012412664153733683
-0.0004119588682482158
-0.0014439820573798536
-0.00018176966322212072
-0.0014802592407348817
-0.000233229421473091
-0.0009571134688281948
-0.0006632441444182493
0.0009015622142075036
0.000582458452487223
0.0004522196389121382
-0.0002646925845251509
-0.0006386201539761449
0.00029070309379991853
-0.0007733645345567884
-0.00040166022819327566
-0.0001257613337853666
-0.0004240459347292306
0.00025576056527735374
-0.0003219885782042986
-0.00034484939954806915
-0.0003734581959480454
0.000548921635369271
-0.00035698019968867945
-0.0005044657063179262
0.00021880174444168565
-0.00013181422617331067
-0.00028590090103960524
0.00021430812683017377
-0.00018728636554965123
0.0002668984079155436
-0.00031541970463511685
0.0003468050003914668
0.0003442468081392673
-0.0002282378764734619
-0.0004905716627209014
0.000347512537347373
-0.0001233063101102502
0.00015134768351746718
0.0002648921963137773
-0.0003070498511410803
0.0003247934830777032
-0.0001112164951439468
0.000251896554044582
0.00045268820419201174
0.00045029585159536765
-0.00023838722583803217
-0.0007659197747382066
-0.0001841651957439699
0.0006850619822149706
-0.0003412757680399419
-0.0001422171135612503
-0.0007385137668078718
-0.00048278179815099744
-0.00014709565048103842
-0.0002534507407356135
-0.0007967494579601966
0.0006879678654650648
0.0006839956758745333
-0.00020912977797835988
-0.00248914597899352
0.0006827829410290564
0.00020363473237641235
-0.0003326804227505744
-0.00016440537682241077
0.0006446911584498765
0.00032690006303162417
0.00041111825351883584
-0.00039886076961047925
0.0003554648740955572
-0.001108833301529739
0.0012879191680961895
-0.00025385906567965084
0.00012341069019308269
-0.00031470001524454185
0.00016024746549145576
0.0005206204112047066
0.00014822117827996404
-0.00014605481052803586
0.0005352624204935974
0.00026210116170351884
0.000221568927796718
-0.00020266558804438707
-0.0004297998817359222
0.00023365426479423642
-0.0002909020147562424
-0.00011100336611639925
-0.00022702838670049958
0.00025580596979783205
0.00047979649176187677
-0.00017170999304050877
0.00021769105392164276
0.0002083833469409372
0.00011037645549488045
0.00016539460573986928
0.00015506485961088232
-0.00026150255948805554
0.0003339643126900654
0.00025411184636413997
0.00021414152929152843
-0.0002685710469450144
-0.00042302799771413746
0.0005535206539643721
0.00012907890736572083
-0.00031942205457316405
0.000511382488251544
-0.00010913220743410048
-0.000342575000021715
-0.0003608537443968314
-0.00022612103620339255
0.000348435270338988
0.00026251963302419335
-0.00013538917421195517
-0.0005962768081222131
-0.0010804341503958968
0.0005113055310683569
0.0002788032036279914
-0.0006870677008636306
-0.000665626146418497
0.000266089662142068
-0.0006088714710635849
0.0002523219069519345
0.0018940060718166387
-0.001840779316054418
-0.0002828668682128201
0.0009985869039220677
0.00020877189317987068
0.00024406707780732305
0.00024163655815900967
-0.0002623255774787801
-0.0010685652900546596
-0.00042308965177131105
-0.00015273086065729083
0.00028315240380797556
0.0004835733684169041
0.0005328141713444062
-0.00010725295805964553
-0.0002548880430749508
0.00022380755902632913
0.00027626208635745704
0.0003263233931290449
-0.0002478708216699875
0.00013213146416323282
-0.0003655565613218206
-0.00013014699203230917
-0.00026937238884218586
0.00027163081858819335
-0.00015521859138062526
-0.0003093935767303368
-0.00018966746303025932
0.0005805970658799602
-0.0001459362840966508
0.00017500695478994262
-0.00019865701021185833
0.0002703044421439037
-0.00034363699801693795
0.0003415987245427799
0.00039577654716334564
0.0002519542119537659
-0.00028001793861388066
-0.00025458334132003204
-0.00020497916292578825
-0.0005941923979759884
-0.0005187067873326608
0.00039010534328118773
-0.00026632072245735914
-0.00022634560712030664
-0.00041794285415858255
0.00010309398948902092
-0.00015436070595814376
0.0003975402877650894
0.00025664288014533683
-0.00020954778643013876
-0.00011974068070145924
0.00020374219404786158
0.0014260526027230454
-0.0005021492283048748
-0.00020603795908938745
-0.001410914862021308
-0.00028439377140794666
0.00024125958232613814
0.0002051921852402914
0.0005978331841108524
0.001225995278038757
0.0005891064494336836
0.0001756610480813761
0.0010967415445883827
-0.0007751527969128192
0.00015449669692636344
-0.0002112551980767138
0.0006519981181490689
-0.0008925742156368465
-0.0005129921380114879
-0.00016196138609870692
-0.000628564299077736
0.00010442547998612347
0.00017108302737831255
0.00010929510210182011
0.0006936091715226212
-0.00027749918943964513
0.0005935487310202842
0.0002963962240465692
0.0004414980221431541
-0.00015231273593287878
-0.00039817742997378503
-0.00037463779145788354
0.00021627558586054008
0.00015166444782784794
-0.00032212807115128173
0.0003171353334612453
-0.00019634553184369124
0.0003492371409566069
-0.00036701657877407317
-0.00023417498661971805
-0.00017221737368772514
-0.00029385149458852517
0.00033805389568689943
-0.0001761643823383998
0.00017596506911489232
-0.00015863786497322767
-0.00010261849707399024
-0.00020325837798931698
0.00043476584721445353
-0.0001901346595528501
0.00028455999565328376
0.000413170299602566
-0.0004961803435362041
-0.00012744306962237108
0.00028263745395113625
-0.0001985363312663265
-0.00027389296998312634
0.0002404275223334334
-0.00011492929865178344
0.0004321496862835155
0.0004980248347995653
-0.00046201121041006087
-0.0006819193656377042
-0.0002318897468565613
-0.00017789337524344194
-0.00022062027202195356
-0.00023814715439889086
0.000155032842866606
0.000493935784812478
0.0003921309762252038
0.0006303768430146535
0.002124448449028451
-0.00022628631320259433
0.0001133588267067029
-0.00015909784335717118
-0.0004274534156143507
-0.0012267379433663836
0.0012983981636226637
0.0008680076824368049
0.00016514873285470292
-0.0002558413196214792
-0.00022285867247315378
0.0005106498564123414
0.00011042299043686514
0.00046504971385346764
-0.0003486558576982562
0.0004374541402310746
0.0004100568017217808
0.0001524660360990433
0.00011983268646407944
0.0002240833825467078
0.00045364231647521553
-0.0003011593349568698
-0.00012141943730400733
-0.00016244195698771174
-0.00018176904569613934
0.0001581393905082223
0.00020593437446280875
-0.00011840497813595725
-0.0003150313741654476
-0.0003034482155918977
-0.00038684028370109463
-0.00015097985112901902
0.00010816075377332638
-0.0005946662144657156
0.00030751146116311833
-0.0003776082084506116
0.00026959289981224455
-0.00010313545371185507
0.00028189236292090747
-0.00020903723251323013
-0.0006266247864222316
0.0003824229527546226
-0.0007017071695616995
0.00012583517842260805
-0.00015302019765103765
-0.00021807385965386342
0.0015280622685428114
-0.0003376643554053232
-0.0008168046289532846
-0.00026591268989467653
-0.0017704884625749167
-0.00014619712733651295
0.00017364671239672002
0.0007574238037146915
-0.0015375983362471656
-0.00024839223480718883
0.00044073651045563555
-0.00036782672614226315
0.00034052330881361245
0.00011426115801161472
0.00016646656901600103
0.00015819919288176005
-0.0004486553075350789
-0.00025505741079313366
0.00014604783100086917
-0.0005498304605191465
-0.00043397893014410346
0.00027950677835461633
-0.0002473764637484214
-0.0001559992157473695
-0.00012454890715915608
-0.0003885178991402092
0.00019878729161095402
0.00012592035419380982
0.00014769142162024415
-0.00031633945539893694
-0.00017524111796494404
-0.00019519911255128756
-0.0002147140979454001
-0.00017846314505624343
0.00010497492836599626
0.00023105100952859972
-0.00016137032071594247
0.00011307225102118698
-0.0004916657066080524
-0.00027510822992841776
-0.00011984511380592522
-0.000363125841193802
-0.00011525685248790997
0.00020233813802793371
0.00011640400146722552
0.0001038869014831194
0.000187741682411266
0.00015319068237236322
0.00019897908605440143
0.0001924312584629258
-0.0003773477446140496
-0.00021792585578102504
0.0025889103682225556
-0.0011727322724368137
-0.0002506902093439312
-0.00041942319150822295
-0.00031824246336841877
-0.0002472859268187452
0.000253645956462131
0.00018331137443628902
-0.00014312297162500585
-0.00046852419663386875
-0.0008931552020932207
0.0004809086679086776
0.0003580687258486813
0.00012280262801895448
0.00011411341455333354
0.0002038444663507759
0.0001319524129401604
-0.0001730742640648866
-0.00018798321086191844
0.0001366375687098965
-0.0001811029615138537
-0.0003203802455788392
-0.0006001854170065169
-0.00012500258635341394
-0.0002583345698629692
0.00029401526660565797
0.0002139710270548316
-0.00012947244804307874
-0.00012777904013099955
0.0001259862272108481
0.00012062201287735174
-0.00017624014087299456
-0.00014117089636002026
0.00011208171373637665
-0.0021186131104149034
0.0008587257764268017
-0.0001125329765524107
-0.00022865478431923842
0.00011308636820989634
-0.00011038633992316982
-0.0001391589366618195
-0.0001646932636912944
-0.00013298468155894491
0.00018158290668803534
-0.000295458895249212
0.0003131993371936081
0.0005398755455835075
0.0003929841333673941
0.00028692948131561687
0.00019519591274304497
0.0001250581461519978
-0.00011297631127080878
0.00010958514647178922
0.00012041997353740371
0.00010889860051426637
-0.00012467371940434206
0.00010038737806393229
-0.00011945129363880253
0.0011482783669224325
0.0001969428018790892
-0.0005351668533425021
-0.00015331902154033198
0.00016633487800280061
0.00011940706038222402
0.0004963974857653009
0.00016984239831731784
-0.002094439630982927
0.00013763472228360175
-0.0008742120301739765
0.00025156551547391576
0.000129414715655938
-0.00012072069970754713
-0.0001617115765661475
-0.0002483143571395624
0.00020438970972455362
0.00014995180684531262
0.00011563426644368242
0.00012160262264357799
0.0001273288183180868
0.00012056187565313763
-0.00010837808301579099
0.00013041178640689434
-0.00011931464212813494
0.00012969159958595752
-0.00012620694560024366
0.0001411805943662103
-0.00011344843625755131
0.00010916471268588138
-0.0001300085445594136
-0.0001396880651526306
-0.0001052630476501553
0.00014639752168688
-0.00014844841271824359
0.0001570373171297006
-0.0001403014027417033
-0.00010009413995734203
-0.00011638345027381841
-0.00014805557676585005
-0.0001532412319377728
0.00011351451385303064
0.00014830009986993817
0.0001604262769833233
-0.00010228078383133593
0.00012372445062753973
-0.00015279921734771406
0.00010325593576226341
0.000166256103294117
0.00010122272003651129
0.00012750735116444196
-0.00013449399369894392
0.00011402289269735914
-0.00011404274511624349
-0.00010664623795786803
-0.00014643695803471485
0.00013413251842670727
-0.00017638041035304607
-0.0001035133822512883
-0.00010078985444675407
0.00010242729381438904
0.00016882847814027853
0.00011334354421514826
0.00010941676999482342
-0.00016441136287492246
-0.00015358891404206455
-0.00010020922568809782
0.0001059594095450761
-0.0001250233072561694
-0.00019071651835725296
0.00011971925710363581
-0.00012252340106841834
-0.00017063594613369158
-0.00012454014407364
0.00011258165686257286
0.00018140698157407715
0.00014310782800169104
0.00010960568793519476
-0.00015835815009601585
-0.00018152469408121293
0.00011551066396411593
0.00010615222081030714
-0.00011706678783523072
-0.00014239522776236257
0.00010872046464179375
-0.0001875474815083809
-0.00010971962867809194
-0.0002714623609345267
-0.00010667971027405969
-0.0002902562201014798
-0.00031666840117354527
-0.0003356483061356575
-0.00035763947405087894
-0.000367503346227102
0.00036894903882458014
-0.00027396888919062367
