-0.7513510180296253
0.3268058842906432
0.29864141211149553
-0.17869423091724188
-0.03431090772490645
-0.1986755350441553
-0.07766640347303379
0.0956565091116061
0.0212522972474928
0.15445538270552775
0.07499301122861055
-0.052038969670102554
-0.013451446487894049
0.1097360934739943
-0.0670810629627084
-0.014230664504965969
0.0548336156956319
0.02831542838385248
-0.1125178177480919
-0.015775374651483716
-0.014864937222299406
0.00037858742532916
0.0011206137859851423
-0.026319308273886947
-0.11218036719770041
-0.015224095019828
-0.0027865116584348437
0.004903800898404889
-0.00020204001663293994
0.0022059209850769433
-0.002820829220387799
0.006489898213267144
0.015067668812650235
0.014185120402549593
0.013707310353806346
0.10605239472301219
-0.0013450681797690254
0.003772290990938385
-0.0034030018112956723
-0.008884690964491175
0.008969940797470368
0.006626765106023687
0.014128217790194093
0.008008519662876584
-0.0001325664654983357
-0.01615219730885543
-0.09603129140956222
-0.010046209805588544
-0.00461596584389132
-0.006011316024796233
0.0101135502061172
-0.002298395633159892
-0.008364604792263907
0.013210776785537283
0.0014729905437515535
-0.0032426088111730395
0.00012399308434544602
-0.006810506093352542
-0.004942954603209421
-0.024920427241404464
-0.08477777860643587
-0.010009494428231989
-0.0017683385676829878
-0.0029775549538307252
-0.0021174440039845996
-0.002206361965696254
0.004790874709142203
0.009130882664496874
-0.01176365969864631
0.006744864966088029
0.00354712713260301
0.0019257513937186285
-0.004010820260218586
-0.0035646354498379703
-0.00444651573928539
0.07912792091975568
-0.0023099998999909694
0.009537191469732993
-0.005787474443016189
0.0020145719408193445
-0.0035346152566328127
-0.0017140630281793105
0.013415703878962303
-0.006239253913137036
0.0011453931492215
0.0040122038379765
0.0018132626822278573
0.0024945816786097015
0.0024995630347764753
-0.0029947285115986886
0.0072841618471389405
0.058049886951742055
0.042036199317213474
0.0024505035943288476
0.0018220696227508244
0.0005871694517543026
0.0030345325194368485
0.0019873793660294802
-0.0044148691437047895
-0.004427788566820787
0.012736217850008063
-0.0029091764925192813
-0.00040181481585115883
0.0004035933842081512
-0.0014608645835847147
0.0009392332902665952
0.005001917347300117
-0.0036557902954792183
0.006899314408245102
0.002928349938141042
-0.06431349195653979
0.002755459359194626
0.0013488255291010495
-0.001751022131256886
0.004220886584051846
-0.0025078674018785972
-0.0059901903412676195
-0.0016029407062179129
0.011289732609778827
0.0005857467823578886
-0.0012644385483096638
0.002976332511565114
-0.0001790679547488869
0.0043181118960209895
-0.0013488723285107625
-0.007125833368282618
0.0025713153473262414
-0.003963696586167694
0.05683016043250191
-0.012449771262376208
0.0001583544356952832
-0.0017118346040255004
0.0011553281346945742
0.005327170467159946
0.0009343557407113696
-0.00238277200920697
0.01012023496831727
0.002917286732704645
-0.0012842165964434653
0.0021303156906507434
-0.0011106893833045452
0.003797379302014491
-0.0017462168228498391
-0.0025131752996832564
-0.006183956759210789
0.0011924663146602947
0.0023104899749547925
0.0005244746810213837
-0.0027018451861953786
0.002351429317295662
-0.004367460285200685
0.002027558309587619
-0.052510033381870914
-0.00511425562813703
0.0025589833287394627
-0.0015728513810037699
0.0022485557851246
0.0018904156647999144
-0.0006840854595179783
0.005972282837609341
0.007675748360545145
-0.0028478049258422837
0.0023073361950083793
0.00015691304207892024
-0.00014898436784461236
0.0024849644895317165
-0.0048853381706726725
-0.003008277740761444
0.0005080700480284828
0.0029045738916763926
0.0017642523245176075
0.0008670899260464548
0.0009278099942260152
0.0025334214524839627
0.04789631609927384
0.004336947691748738
0.0007354629974004453
-0.0034498475186416164
-0.0003441380088622183
-0.0022025028048026306
0.0010716433416510518
-0.0001253126555829593
0.0015250374915283635
-0.008448525043384133
-0.0035364748237047727
-0.0023921718833084904
-0.00024822302938260204
-0.001779951000407389
-0.0004002423564177357
0.0005977491845932278
-0.00521858122420738
0.0034260615864309483
-0.0002487598860674148
0.0009735637229047492
0.0006813960439329484
-0.00010485513488035605
-0.001724132038383511
0.00022351789386881472
-0.003700451727882084
-0.0035582223357423924
0.013545105841937773
0.04146658105912486
-0.001648948734584132
0.002403523182174547
0.0006611898372679033
0.0006625555617454171
0.0017960788213116953
0.002975467384460534
-0.00800190491716027
0.0017044349478266948
0.001813945725794888
-0.0011622886416132255
-0.0006076460326634241
-0.0004157979843183131
0.002335419345824086
0.004840931411544655
-0.00025370140538324683
0.0019022486934917252
0.0005693803116940329
0.00038467780881214317
-0.0022532041115632135
0.000888285666359087
0.001424825161529265
-0.0035175794588043403
-0.0006491427987469527
-0.03996140475470683
0.0006882998161251587
0.0014131899873650736
0.0023783029730401308
-0.0019662596977406254
-0.0023990608801068725
-0.0006840097792634407
0.0017772449540017176
0.004819004418701938
-0.005495021145913272
0.0005657403973248782
-0.00022623690309439952
0.0007986666827789195
-0.002270104997071483
-0.0006507231395630422
-0.004449838722185224
-0.0018466932882268679
-0.0014612611893826104
-0.000848115560521543
0.0011492700561473589
0.0010541512089628441
0.0015510765241937893
-0.001226435386421844
0.0006318717699483081
-0.003318789847922366
0.00015698640735464415
-0.036024338058156385
0.00662305807472697
0.00033223573074654016
-0.0008073498652864155
-0.0024799424998013016
-0.0022984746310770006
0.00201868259563109
-0.0010607521141611988
-0.0010392833127618056
0.0065196725936183565
0.0015513518330768524
-0.0006560051898398944
-0.0014619526544432527
-0.002019295831415604
0.0005930839843504989
-0.001687443100017387
0.004032905558421492
-0.0014200605773624076
0.0004278596749987891
-0.0007139187324907724
0.0013274027666572475
-0.0011769577712774976
-0.000479987435594657
-0.000313593540988063
0.002885427209855273
-0.0003909159424448061
0.0010133519490869523
0.0015362668625125931
0.00040883251178505827
-0.0006524972660423868
-0.0025744477053299434
0.001552543015341258
0.033593485529218294
0.0010548173255716352
0.002510162184886736
0.0015471686188822371
-0.0015022200835009955
0.0009276067215770646
-0.0007418478865572902
-0.006113256757567414
0.0005108184898278806
-0.0020169375642808294
-0.0013411194639537745
-0.0005028932437383314
-0.0010968993035824848
0.0009919217935068258
-0.0001267314066580154
0.0037575514530122194
0.0010470865442394
0.001421638513970913
0.0009413384890708515
-0.00014221807246470213
0.00014067278194911776
0.0011864077820014506
0.001451675408626652
0.0027260457659733788
0.0005673504055962194
-0.0017000120898722844
-0.00039531741833846864
-0.0011027137138509627
0.00033548801360448277
0.0015424491825960888
0.0006160110079708083
-0.03099731711350108
0.002354857150499372
-0.0008006313692433682
-0.0016979104189541819
0.00041702597301548417
0.00046414917003634624
-0.001190534439492309
0.002500941538511355
-0.005295407540940061
0.0018928303592226105
0.0004039677199696646
-0.0008509302657160237
0.0005048581990823397
0.0005740708055277629
0.00019178077119454172
-0.0014028988085525765
0.003015795475506548
-0.0021357526019836425
0.0004938016839855388
0.000348132852480866
-0.0012946472242936523
0.00017128850652878942
0.0025066865347952256
0.0011014928394752301
0.0014973094727681224
-0.00034795968144239476
-0.00045566728786435593
-0.00015340535683649344
0.0006277806172864429
0.0001789270086027154
-0.0020063999726093865
0.006979812019713906
-0.027859764846526414
-0.0004041062952894153
0.001589956936867772
-0.0014786420187737504
0.001142035658872305
-0.000862064085066223
-0.0006093681881567412
0.0015401683594254592
-0.005032524272649744
-0.00163677655255962
-0.000979871629552746
-0.00043076600703157694
-0.0005184738565941975
0.0009251639211417454
-0.0010923393671657487
0.0032480561665107375
0.0011750214147776994
0.0007343762118707844
0.0002116900807268773
-0.0009121437613658867
-0.00047138940498501125
-0.0006140513416717757
-0.001220014469237623
0.0023411142712667717
0.0008263841871921456
-0.00034667123170007205
0.00022235459199841732
0.0004616733312701718
-0.0009552392794742209
0.0018682337464021
0.0011202262936259363
0.026604938936713254
-0.0012526833271268778
-0.0004539960863131406
0.001578594856878468
0.000502065392750833
0.0006983050677692166
0.0002526098616201501
-0.0013800528724550812
0.0004640673315584175
0.00016907592857008305
0.004915166330182728
0.0006215081144510955
0.0006195954091104994
-0.00124026074730704
-0.00038778549615453497
-0.0009798816381833963
0.0005235274847068184
-0.0011210820886241334
-0.0029966460318245876
-0.0007212448810014288
0.000289966484317275
-0.0012588628532505305
-0.000648467816583648
-0.002082343754114274
0.00087812834219653
0.0004154729108018885
-0.0001278196651304059
-0.0010043023590687872
-0.00014729991979239268
-0.0003729919572680654
-0.0017469330111731117
-0.0007679376868977956
-0.001291052180292302
-0.00044322994467046534
-0.024644957015906806
0.0013169552235804045
-0.0012174772022971406
-0.0007046967106412942
0.00026563706811355065
-0.0015524144972839389
0.001229676384605155
0.0005964952070546477
-0.004563389937034642
0.0008193259268631103
0.0007460503532372863
-0.0005472123613142347
0.0016682489420326956
-0.00013455596866774973
-0.00027294936887982846
-0.0027299849381591757
0.0006182885006491831
-0.0006745878963923419
-0.00023455415374898736
-0.0003959988689141336
0.0011369765530422687
0.0001810716328723877
-0.0002952981410300001
0.002055995641961836
0.0009342631551788554
0.0001707587078015848
0.00020144111573020107
0.0009642490351363647
-0.0017341272029658174
0.0007295392296988485
-0.000558957131529832
-0.0007679675940172054
0.00026850852374109025
-0.0012706617722548414
-0.02295868616263721
-0.0011593964805492896
0.0011155790505204591
0.0009538391837204684
-0.0011900939790705045
-0.0008314449015258425
0.0005638818350142809
0.0043201348506915265
-0.0005457792955085414
0.00019203443262181828
0.001050619109825975
-0.0008071886315331924
-0.0002964248436757824
-0.00015850352085505353
0.00016260159265931148
0.00026705515283857376
-0.0025929972213717773
-0.00021882431347371834
0.0011086583737998294
-0.00023554488144436739
0.0005142900163484568
-0.00041886389743728226
-0.00012302008027526446
0.0008125485108443547
-0.00031775167114169855
0.002103509841855406
0.0004274216679395815
0.000143462622231742
-0.0003127007793011735
0.0009939328706318029
0.0014592216959300095
0.0006842560120779189
0.00036025968589373074
-0.00027027935888179506
-0.0002869362517336636
0.002077449490864092
0.021357044874044412
-0.0015128610254998148
0.0008327884353977148
-0.0011643935775161231
0.0006103517580471047
-0.0008517503241480028
0.0006077351057513475
0.00019569016561518874
0.0009149582852957351
-0.003636288907635614
-0.001690185751009088
-0.00037536647570453726
0.0004414380047462318
0.0003542712599631076
0.00037843091048967196
-0.00243980720847086
-0.0010108236421110164
-0.0004921978317902692
-0.0008767286534643737
-0.00026437823605174907
-0.00015758435339033235
-0.0007349514003645465
-0.00025424914785591296
-0.001745711142868926
0.0003031941203087878
0.0005230730701645737
-0.00019545079908032554
-0.00021583912182360318
0.0008817664654421374
-0.00036571688509262146
-0.00017292407083108885
-0.0013593311430734724
0.0003691105713073944
0.00017424048535921214
0.00030013407032459914
-0.000257518949968846
-0.00044427825483303455
-0.0007146205221189836
-0.0005008270405909747
-0.000196208567469951
0.0011371698548991364
-0.020091909003426986
0.00037877646231978293
0.0008611985990632121
0.00104168449841061
0.0001981372635505193
0.0005075721420850212
0.0008182462383548641
0.00027541664729047226
0.0037295869117912805
0.0005722877657902487
-0.00010713585259734991
0.0003866121631245601
0.0006497207743796204
-0.0010033170587837503
-0.002201504233512067
-0.0009113191424294196
0.00023504541533130344
-0.0002455413715797487
-0.0005585724076101115
0.0003448644094893827
-0.00044607498027423627
-0.0015866507485576176
0.00029345845107559037
0.0010080995132921268
0.0001407962869637299
0.00130278684739596
-0.0002534245316665267
0.000755584747761174
-0.0004667598372980866
-0.0005367856288496158
0.00028030480133458646
-0.0010587232392782978
-0.0008645821029199355
0.0005237652106642423
-0.001120382094230928
0.018771534815296722
-0.0004103477042822352
-0.0003539395095910107
-0.0010007105625465152
-0.00018676789878263212
-0.0003804986318581207
-0.0008908926168813844
-0.00011007463906149661
-0.0034934871673848907
0.0006332298569782287
-0.00015165440740438164
-0.0003760409217568816
-0.00028532634078775015
-0.0008779570565713578
-0.0009176307154552614
-0.00034775981653477746
0.0019654373958903266
0.0008381558619635309
-0.0003873582728033714
-0.0002054694743572688
-0.0001151359879727932
-0.0015512939104563807
0.0003575902394813633
0.0008923033490566555
-0.00018265471308062724
0.00012388753247524997
0.0004006007426186946
0.0004303564319804588
-0.0006535755315379673
-0.0012192683909283686
-0.00013619320865362593
-0.0004616344543145923
-0.00027096606867812767
0.00019799118805987882
-0.000749373939999132
0.0009748378609316835
-0.00010564427501210286
0.00019205737238620893
-0.00022881807629966935
0.017612514741606893
0.0013312490816246444
-0.00033862640597275316
-0.00029640905435295576
0.0010300912642979062
-0.0007753506652588205
0.0005463723112401367
-0.0005871735098803845
0.003291208947193845
0.00015352287084840395
-0.0007011389919441055
0.00033083848335609426
-0.0008203341611335613
0.00015993015038261846
0.00016587009867464133
0.0019895234521977116
0.00030489120372674707
-0.00036704645257361584
0.00020946767647320568
0.0015213496211440149
-0.0006343620099804152
-0.00041284291240165674
0.00037878844959525525
0.0006616992732716648
-0.00011534058744704356
0.00042603281494565514
-0.0003459953702233095
-0.0011455854283987216
0.00018988758842923624
-0.00014212971888456928
-0.0003309992150763288
0.0007187669250285859
0.0009072251365191135
0.00027546860948153746
0.00022039578728334482
0.0009342039405211035
-0.016563704167631234
0.0009087873606432552
-0.00034451442729379635
-0.0005062020013359587
-0.0009477867942889713
-0.0008123191182472377
0.0006426655500234488
0.003072460619896266
0.0003831418935247969
0.0002879691898444575
0.0008258507209277975
0.00017841129734892604
-0.0002401107651206138
-0.00014523512824704898
0.00013319068036233105
-0.0018862754283088955
0.00010967607623690711
0.00024151514920123815
-0.0005066839577424623
0.00025069798954426004
0.0007417509993390455
-0.0007439539078065011
-0.0012652880951355087
0.00038474057104447045
-0.00045538047167449646
-0.00011718889159517745
0.00023946457934955544
-0.00010554907276677056
0.0009542246106829084
0.0005083522438598324
0.0001718494051505241
-0.0007547699712054798
-0.00011581964109330206
0.000854573391083998
-0.00022251122409235933
0.00034292094998366023
0.000280116617222267
0.0005424744216952937
-0.0010118614956346416
-0.011847780272914108
-0.01019877960925131
0.0004162355395424832
-0.00011462955294457856
-0.0007880630992019359
-0.00023960745297645574
-0.0005698587883670981
-0.00018310915729460658
-0.00013993683492922684
0.0029098364852985495
0.0003143733492374443
-0.0007070357904869237
0.00021298801377444822
-0.00030120797905931003
0.00023034845385959572
0.0004573161572081396
0.0017561017121392646
-0.000327969960116775
0.0004352685328659251
-0.00018866395795992568
0.0002131195133828692
-0.00045530051571153897
0.0007571112292280568
-0.001265144606589155
-0.0002746821925572845
0.00013275864561201157
0.0001460353558220789
0.00030849272192729496
0.00014386970068448583
-0.0002790554201503603
0.0009778530362452183
-0.0006327391532945617
-0.00014084130706376935
-0.000352623698889137
0.0002764516308697681
-0.0004044947365433465
0.0008214381850045027
-0.000293021559520126
0.00024126426014180283
0.0003620304157714694
0.0001975148442178428
0.00015736776293071315
-0.0004668840017698359
0.00035432201840354845
0.0005453528949692573
-0.010091865477125024
-0.010765572641563914
0.0007168364670366739
-0.0007210484745181797
0.00022039750614056826
-0.00031073483874572225
-0.0006820818040313698
0.002739445596892303
-0.00020313013980908427
-0.0002738407035299669
0.00039486381574237547
-0.0002656774254493867
-0.00037583868413309927
-0.001666316794674801
0.00045732029299612437
0.00023305200259961676
-0.0006464839147582832
-0.0001740584452377284
-0.00037816611913546
0.00018976624339874594
-0.0012265426618475609
-0.00011923321957887983
0.00012734159398936784
0.00024239326362182804
0.0009603581723181568
-0.0003957138051024926
-0.0006007135828250039
0.0004407299660927905
0.00019352550776002375
0.00028925936041158425
-0.00035223376090444576
0.000772162084369837
-0.00016365494437235937
-0.00032804179871315117
0.00034293969572599114
-0.0005488315848481154
0.0005302695288189239
-0.0002985318660453512
-0.013917292787891673
-0.0009297862266524237
0.00012235768576663564
-0.0006872331152184101
-0.00020192691985857264
0.0003171651294760783
-0.00040400371166628574
0.0006447394146245167
0.0002529590647450373
-0.0019995273726942614
0.001672119358038338
0.0002614368309914866
0.00019213328410859308
0.00031569575214459867
0.0004785181283271327
0.0015454134108361163
-0.0003509165662611058
0.0006382077395830268
-0.0001947609972806188
-0.00013571018511059475
-0.00012196630229691412
-0.001158491270902668
-0.0001632878515884128
0.00044367295187156274
-0.0002121791419325997
-0.0002542043931569586
-0.0005717738178188501
0.0009031123683435
-0.0004433333643847302
0.0006976162337159593
-0.00024387105872489124
-0.0002640074933172392
-0.00016696156789313261
-0.0002727181879414098
-0.0004725814457772354
-0.00032461937508542756
0.0005764158731419493
-0.0003720569653277544
0.00017139814996880402
-0.013194935839609335
-0.0006063762134365947
0.0006424369200286096
-0.0002686076375180087
0.0006123478544574864
-0.00029194213367965703
-0.00013800618363218715
0.00017600302214953531
-0.0024584235874490572
0.00030986346836162017
-0.0003709204252214486
0.0001692222526198597
0.0015056520625831146
-0.0005508885830113004
0.00025467425892324497
0.00012555578048498037
0.00014221411771319828
0.00013754228719407686
0.0003283274796028479
-0.00031720550102174924
-0.0010965272100702346
-0.00013026963689162602
0.0005143182059931873
0.0004459300377039113
0.0008484364186665474
-0.0003066056799805826
-0.00018404051203133032
-0.00012176923454198057
-0.0007081008863463333
0.0001402978758923697
0.0004834275655493127
0.0003155204509267924
-0.00028505941369158023
0.0005720399393583504
-0.0001575153678321048
-0.0001934636900538824
0.00044544324191343835
0.00022031585101072842
0.00011393627276398055
0.012512877904599208
-0.0008251504516631513
0.0002142593724603617
0.002330977546857683
-0.0004785920346542967
-0.0002053255819405755
0.0002203242116744067
0.0005506330867283253
-0.00013543779072068253
-0.0009371283924843814
-0.0010708596423633255
-0.0001629973674213238
-0.00022586640834344838
-0.00038418615648339434
-0.00013377971996354253
0.0001694959185966799
-0.0010363083298041867
-0.0002578762404161171
-0.0003869486994150147
-0.00022525261972070534
-0.0005101681279177147
-0.000806319420637603
0.00012068112437732027
0.00022436832697478318
0.0006586980229963881
-0.000307326321810014
-0.00015479289738706744
0.00042999964082053946
-0.0002633624997347113
0.00010232231739533427
-0.0004275770339433778
0.0005467484946936505
0.0001413640613270479
0.00018652842224774842
0.0009337650466836932
0.011840617515150993
0.00012645020518804297
-0.0005488293527775169
0.00013087763990198985
0.0005488274526478631
0.00024475344947820336
0.0003837736458087503
-0.00012902881182257647
-0.00011999716407179166
-0.0003800106341703491
-0.0021892690507485835
-0.00029481435908093503
-0.00020074527059054775
-0.0005998299283362203
0.00015955682062554743
-0.0013253670411587626
-0.00026800476035411985
-0.00018974239359998422
0.0002602973320747059
-0.00013205264287957416
0.0003713608427817277
-0.000981225417540042
0.0004933740399147438
0.0002079118801676065
0.0007292421952478075
-0.00026231377825403144
-0.00011299559774281884
0.0002809548171138255
0.000259641548743267
0.00011217878774438476
-0.0006243752851662871
0.00043692811248728126
0.0003407237813550556
0.0001473819910514672
0.00022073925681432934
0.0002137146335352464
0.0005334017085615555
-0.00014736044541675047
-0.00012696991801562833
0.00012627144200504892
-0.0006553716222769305
0.01127681402453763
-0.00046073418020134996
0.00028808870772959724
0.0005052667214166115
-0.0002590074637720399
0.00019982116973371486
-0.002106075112801342
-0.0003646609933561055
-0.0001109507229641594
0.00024842167225304763
0.00047891682944856416
-0.001281615353975921
0.00014114130338174956
-0.0003068335288331556
-0.00027894425480708964
0.0009361079075992029
0.00012460550506044823
0.00045910682499791957
-0.00010074665038478929
-0.0002509473971399238
0.00011973946813119204
-0.00027737971964494223
0.0007359690892670126
0.0002075667743837647
-0.0005966049033888138
0.0003719071824271048
0.00012783234769879888
-0.0003917454128493797
-0.00012539150004103387
0.00011803566924920711
0.0005201338078124446
0.00010639688721718285
0.00017385743012445404
0.000288042400640378
-0.000524952376127694
-0.0002329980338382789
0.0002997026640073774
-0.0003045094588354485
0.0017659530400497608
0.010588057724231655
-0.0003117576750572467
-0.00048356957466947405
-0.0002823783461239612
-0.0001014088939231402
0.002006285052568923
0.0004812104371224871
0.00014376050107089782
-0.0002144140977702885
-0.00015038964682202158
0.00010032200558120158
-0.0012138538982280722
0.00031526993638902737
0.00020667301788045928
-0.00011763444397774746
0.00043584543859419473
0.0008870078412555071
-0.00024373483110039576
-0.00015082191804656378
-0.00023390088103495988
0.0001650450660510128
0.0002123708767287046
-0.0006993491805772025
0.0002987139674085067
-0.00039229006645725365
0.000558828913195412
-0.00012385030864517832
0.0001369344317860014
-0.00015078865499576662
0.0004985043394465928
0.0002287154804102464
0.00020925979014031632
0.0003609682949422439
-0.0001296520135946699
0.000508730282316624
-0.0002861434999449372
-0.010233584171589198
0.00019888239162227332
-0.0004493097068926852
-0.00017231546090961663
0.0019148620446211748
-0.00043805126370978915
0.00016716005943660925
-0.00011998282005563873
-0.00031909047586449485
-0.0011626169672731166
0.00019333203786396324
0.00017438024337597938
0.00011571204841097491
0.000404751241242257
0.00030358304694774296
-0.00010929300970673414
0.000851210416953108
-0.0006679884980647319
-0.0002574597679441024
-0.00022603965463617232
0.00037023182492827326
-0.0005368334887053179
-0.00010161627969798492
0.0001858881075377725
0.00012913889885933592
-0.00025677844850466016
-0.00047128965464412873
-0.00016820383746103502
0.00033310691381641724
0.00017952162712157188
-0.00026271885800823445
0.00048606424596187064
0.00010515722496857274
-0.001750626810110341
0.00959700801027729
-0.0003623126262512617
0.000425763057782124
-0.0004405763043538829
0.00014211796202708346
-0.0018206141023840816
-0.0001652877855164194
0.00029821701192536394
0.00014505511704814142
0.00020072221450798098
-0.00013313966600071977
0.00015445489418815895
0.0011083402074034841
-0.00023883838793624444
-0.00012104560015349606
0.000388009477598435
-0.00010308580594652751
0.0008058090019576876
0.00017851422352179534
-0.00013418963383696636
0.0002479797231938267
-0.00013176081095163427
0.0006355528533684946
0.00036057181454604445
0.0005078863780275231
0.00020642874509568113
0.00019527451051150994
0.0001280542149774775
0.00016040322269023224
0.0001205167841947276
0.0004588914195695049
0.00032511299311661256
-0.00024722119813689046
0.0004524234645286237
-0.00015057551861179437
-0.009322806417922568
-0.000146405358370866
0.0004034297841825064
-0.0004057393378389848
0.00022455843507246205
-0.0002025792617098711
0.000290783744199523
-0.0017324804855956757
-0.00021037033280524553
-0.00014880359149340382
0.0002262736888018054
-0.0001556808407778246
0.001056546712284211
-0.00014685098787899756
-0.00038392450874467687
0.0007779006681455053
-0.000275941824137238
0.00013414084901818094
0.0006093758906550059
-0.00017991034017111863
-0.00034011992182627417
0.0002487814799742558
0.00048446527799486503
-0.0001005389431303197
-0.0004561197426811555
0.00022982039127366548
0.00015620545456681206
0.00030642915601538485
0.00010021422836448636
-0.0004379458655808759
-0.00016740631718519208
0.00020673022109761154
0.00891435618733995
-0.0003913112130142965
-0.0003791075123556096
0.00027905245655464886
-0.00013565205302824263
-0.00015234485229176356
-0.00022712451952085298
0.0002363441085221216
0.001648268254985709
0.00013895733048883066
-0.0010131880000657863
0.0003598571800188621
0.00011826421981380631
-0.0007449814045796398
-0.00024782874022980905
0.00017373046283210357
0.00015366478496892696
0.0006693209388487654
0.0002195108899898257
0.0004712246540517449
0.00013819973416992197
-0.0001264145300957768
0.00022598547519986942
0.000103128487443189
-0.0004220109291464958
-0.0002948803980505179
0.00034241027742241904
0.0002611006118073448
0.00011716249328821293
-0.0001283236272885323
0.00017515762444317038
-0.0001407127951812336
0.008532658938945661
-0.0002594320534820239
-0.000380522264866572
0.00036737627824160303
0.00014572270935120794
0.0015952563750809712
-0.0001164978066413057
0.00011212444334777086
-0.00013241400039737977
0.0003491909137239386
-0.0009636257953084356
0.00010383977526542654
-0.00011411188386298419
0.0001498833354444749
-0.0002332432379879851
-0.000154263447421012
0.0007104976009793723
-0.00010015725252662892
-0.0001765189386543869
0.00013426399837096703
0.00031100577571935544
-0.00012753270549740653
0.0005579638460485283
-0.0004502801029965011
0.00013942673855373195
0.00016281972820490848
-0.0001289885823344764
0.00042664918678903224
-0.0002397525405867087
0.00015747703466601642
0.00020692307993703952
0.00039650180711637585
-0.00027105883462458566
-0.00020004154762548704
0.00012203625164347903
-0.008180235887331333
0.00016115125106393774
-0.000327632295932766
0.00010245206585847436
0.00010805426627616195
0.0015305655139588345
-0.00012779058903610095
0.0001484750704350121
-0.00033372840982205806
0.00015890803258386633
0.000928494210683545
-0.00025068847995101046
-0.00012472080757762466
-0.00017864465264719618
0.0006722942260438765
0.00010562817198525226
-0.00029812566351819893
-0.0005286023493013346
0.00012878187917032927
-0.00021594606579272086
-0.00042900171503679657
0.00014861548360287847
-0.0002650123781920878
0.00010924039918838068
-0.00013237024546649824
-0.00010674808303934839
-0.00038847883764182536
-0.00016821949623063538
0.00038232784097662136
-0.00011471564799684562
-0.0001110144957006533
0.00019678647959914684
0.00025096950687418783
0.0003736048354554872
0.00013352245324316285
0.007836440147106676
-0.00010990706084253682
0.00013977035663713624
0.0003077454661854285
-0.00016831856096333797
-0.00016985264785760446
0.0014657003844797878
-0.00013337665080975176
0.00011268883040298112
-0.0003139102732802072
0.00022315679425868342
-0.0008893774515239114
-0.00017064773000364183
-0.0006518574184570953
0.00011862412717345858
0.00029469039705806314
0.00010276929793809393
0.0005118279844151303
-0.00019980975260390624
0.0001414792932793528
-0.000127962882862019
0.00041392604090521645
0.00026907784431255856
0.00013548335264762295
0.00010351710104297904
0.00011732546143752364
0.00036980158291245713
-0.0003634577084012351
-0.0001861463397908466
0.0002393807581248701
-0.0003499505465117437
-0.00013143206620551515
0.007481178172336288
-0.0007808657127933142
-0.0002941123203198816
0.00011634030028990086
-0.0001308581221520788
-0.00028825639139685587
-0.001410453390748475
-0.0003106674784229852
0.0002099710148998839
0.00017940742154381483
0.0008572461907121556
0.0006283765517206766
-0.0001100069901658249
-0.00018963664370111392
0.00017329264209680167
0.00013337264662944848
0.0001325222625701609
0.000494012009972821
-0.00020395541876522816
0.000102110279781804
0.0004100271732005521
0.00011710933474299154
0.00013603583624770003
-0.0002117753271716588
0.0003618353648792507
0.00011069614683774105
0.00037074225215310316
-0.0002302931081137601
-0.00012162802509726995
0.00010163259223320239
0.00014543905458480892
0.0003334013685670679
0.00723448484286507
0.00010451965299250461
-0.0002710065855887672
-0.0013608334693474935
-0.0001930289543496724
-0.00011872592964200208
-0.00027710831102604024
-0.000761355148830567
-0.0003183207806452438
0.00010463413823966338
-0.0006582289301462117
-0.00011010378460414481
0.0001824811798061226
0.0004749849289650209
-0.00013259195647130723
-0.0003832520909402634
-0.00023897221320034068
0.00010910066184076676
-0.000343062193293108
-0.00017498484126213492
0.00011655495185297975
0.0003442806187770011
-0.00010112329477511693
-0.00021809585733039403
-0.00014453721726823506
0.0003092672233493048
-0.006959463041178107
0.00025430860845456014
0.00015723797942571044
-0.0001891801676240563
-0.00029768404077901286
0.0012977666759414201
-0.00011118297935068327
0.00011385361950888788
0.0007938264575131041
-0.00014697665440621137
0.00025483312806928623
-0.0005804166057762984
-0.0001822887594422753
-0.00016172316559643566
0.0004588638675778635
-0.00022780504405271184
-0.0003681336029763156
0.00034263819626510403
0.0001364690977381332
0.00011015230074698448
-0.000133064141475604
-0.00013437989943283128
-0.00031636913543714153
-0.00022070413098441535
-0.0003044424307886174
-0.00013029536510077353
-0.006693889199039687
-0.000328421198846239
0.00021122355731265498
0.00023226314213361938
-0.0002749093710660381
0.0012570961105145143
0.0001056210524222328
-0.000765476084312078
-0.00011229833989900058
0.00023583800098298416
-0.00013651518089898818
0.000559785855568258
-0.0001314394483832749
-0.0002958408970846294
-0.0003286620140546796
0.0002402793668421857
-0.0003545164221523333
0.00014120194249195056
-0.00014700859318240463
0.00032802953294324317
0.0001358671906270075
-0.00017848206308951442
-0.0003229652610144095
-0.00029170663743139454
0.00012311308997202478
-0.00012408182947719316
0.00013483685804935333
0.00022063396919910048
0.006456361924336516
-0.0002095499392181577
0.0002410988461416305
0.00010846799581579884
-0.00012286485105684173
-0.001198799830765658
0.00011997989363604725
0.0007380485058947341
-0.00024526959613901283
0.00017048319972299235
0.0005314713805664841
-0.00013070784867303553
-0.0004302000952059269
-0.0002456777941328634
0.00034211853706219304
-0.00016077495145145316
0.00010349288034616588
0.0003070647872752368
-0.0001927602989336085
-0.0002428726433756809
0.00015987567198929762
0.00027126489692714677
-0.00017794295214467137
-0.00012140123663027231
0.00014583425775160287
0.00019601176848973927
-0.00015299426844663538
0.0061535165037609856
-0.0009698329327167162
0.00024853290884383844
-0.00014287588925405217
0.00011934689722825001
-0.0011683670992705766
0.0007172072400344433
-0.00010929406994860988
-0.0001282763675079454
-0.00016122307746337843
0.0001852062703207893
0.0004024616896944902
-0.00032586477258024965
0.0001060090523792227
0.0004006502583061101
-0.0001815218766731455
0.00012726496037617827
-0.0001353916935731419
0.00032135727786486646
-0.00011967287585136396
0.00014337207209519473
-0.00029913685310622366
0.00013323691492348166
0.00011595306114124045
0.0002711243899822259
-0.00013148942054330313
-0.0001375846719398194
-0.00019103085130704587
-0.00018944575407243714
0.0001961914129718412
-0.00015056857115154472
0.0006728791548768048
-0.0016140072001706034
0.005753749794734111
0.0002197000412553937
0.001091220474487777
0.00022711173212539379
0.0001091135819831345
0.00012811847411208478
0.00016873129861146022
-0.00011753565825285226
0.0006366667042808991
0.0001629236285381797
0.0002725693064652913
-0.0001390258025329345
-0.0001226082412630318
-0.00027371424927463196
0.0004020282348543673
-0.00019892426293831062
0.0001634267110455835
-0.0003737672505875266
0.000191083835286897
0.0001717552592043098
-0.00014666441349617457
-0.00026188578100596596
-0.0002927611824798611
-0.0001717594162787499
-0.00010006237418457675
0.00017014202952787385
-0.00010757421281994134
0.00010973827232503539
-0.00018124500536548168
-0.00011103072889478673
0.00015749805973868863
0.0003037609579858287
-0.00012750736350819716
-0.00010686367496562213
0.0001082566202149219
0.00021228915214837482
-0.00030166832055723077
-0.0005410455116396668
0.00018608081800821884
-0.0001997000655546822
-0.005726471951603152
-0.0003834512748895156
-0.00017721560423171324
0.0005622201829107962
0.0009786347804368815
0.0005079790180754274
-0.0001438860748149107
0.000159442174565658
-0.00021521169200541416
0.00017651697646386283
-0.0006606797608784464
0.00012946070841439653
0.0001110943004029827
0.0001590651426915918
0.00042795945039620216
-0.0001793616928009933
0.0003488226982376757
0.00021612985728245397
-0.00013661549732168089
0.0001204802161648815
-0.00010059010888344783
-0.00026363918860127693
-0.00010621940643497179
0.00012017208550360647
-0.00029934657198030495
0.0001863344977468287
0.00013048766316534419
0.0002640489505068787
0.00014004744137732759
-0.0001492330765749761
-0.00013962574973661501
0.00013607222190785867
0.0002645694562219701
0.00013198166882060828
-0.00030086265010615494
-0.00020917446793817235
0.00019602717621904173
0.0001572156561110963
0.0003913394329936544
0.0010923557127725185
0.001446828887140268
-0.005189402132065973
-0.00015568807243288493
-0.000714923207577669
-0.00012342546533639537
0.00013090887113101428
0.0004747627218123781
-0.0006442221412117447
0.00012494113330105414
0.0001268395265706974
0.0008226441242876266
-0.0005800801166544421
0.00022876683205898073
-0.00018609830686820608
-0.00021627441721223546
0.0005846539882361229
-0.00011597342971220055
0.00017694069922979917
-0.000473396520211721
0.00010796408034066775
-0.00018637532423403777
-0.0002501834575244465
-0.00025673216692884463
0.00016713340420938322
0.00011345979733209214
0.00010041175854395089
-0.0001789358856914597
-0.00021252999176114932
-0.00014456222419820182
0.0001002968455552718
0.00021849171894849462
-0.0001577750060061624
-0.00014800550068092355
-0.00013749411036252
0.00010176633060494274
-0.0002600633439079059
-0.00014754575140649392
0.00014752251140132821
-0.00010514723842155197
-0.00018915602898399452
-0.00021427950635584451
-0.0002605106949915749
-0.00011925761486847954
0.0002239227679585603
0.00018128617788624394
-0.0005321615946590396
0.0004018161018637079
0.0002630859244314875
0.0005279674202628616
0.00039221419614091275
0.00025341385423107815
-0.00042686434351539457
0.00035782056982837867
0.00016506658419462774
0.0011071480294727357
-0.0045503638680727985
0.00034721552179762724
0.0015617790653925001
0.0012128454555710498
0.0010953881710881904
-0.000681988707929615
0.0007108929708749585
-0.000380377709278189
0.0005045383997982593
-0.0003504242606778219
-0.00013558200423566345
0.00013647753862397496
-0.00033765791965898953
0.0005152051715031354
0.00038614988928820673
-0.0005166354579437337
0.0002446681663970067
-0.00030973703251169704
-0.0002263000500745449
0.00017601615304157432
-0.00015055305034009474
-0.00013916587777666774
-0.0001056485120708117
0.00010177200316806877
-0.00018345396905051716
0.00013647686049312376
-0.00012753612489973994
-0.0001807137188912006
-0.00014459654801811093
-0.00011729963619748096
-0.00015192571805531092
-0.00010383973905988123
0.00022518470944673263
0.00016069870272051497
-0.00010771294319123123
-0.00016802898462660022
0.0002196013403862071
0.00011948151816830776
-0.0002444878197843005
0.00020068132228008557
0.00010495551151054059
-0.00011312746788749135
0.00041214744477502396
0.00024073593181605572
-0.00018032689684299567
0.0011592105809033744
0.00027701850969639893
0.0005156492995557589
-0.004933335569107993
0.0003346143335643799
0.00045642837460614514
0.00010555954505128678
0.0009222963602978032
-0.0007514218549553437
-0.0003960778190265984
-0.0002631255774908757
-0.0001289056639144748
0.00021218001332994836
0.000521609036335302
-0.00020398755315264078
0.00017033962541955307
0.0003848019254952241
-0.0003324060085994714
0.0002311692937318122
0.00024175782260270028
0.00019282977513799228
0.00030661991346230455
0.00024224101893027727
-0.0002147784320081594
-0.00015536522924136767
0.0002857517597601291
-0.0001631234947038783
0.0002263559377260943
-0.000252550141331438
0.0002840784211009589
-0.00011483093955694538
0.00022910822308850454
-0.00011833154964236588
0.00014625061763176808
0.0002055294238689719
-0.00013100547783038828
0.00018818925462780735
-0.00015523121176917848
0.00025203410391453225
-0.0001824233551059393
0.00037653074781493197
0.0001057791483834891
-0.0002553781754103491
-0.0001462465257406942
0.00019647240029219514
-0.0009098484022559048
-0.0038291257652107295
-0.00155848587532489
-0.0017327223897374933
0.0020484187841956344
-0.0003032347294712797
0.000507195465271014
-0.0006725080033486968
-0.000762728183512707
-0.00016290297773631667
-0.0003389449975149211
-0.0004400478230817401
-0.00011280028155615725
0.0005410170369227021
-0.0003253648993184819
0.00014017316440331388
0.00022338849942168224
0.0002623779380432943
0.0002854899544600969
-0.00019551410458889067
0.000170519172517078
-0.00020108456221701735
-0.00019915072229741693
-0.00024144246261915479
0.0001363239388218656
0.00010504066426168581
-0.00015476635306013807
0.00011051596347754796
-0.00010082651371662282
0.00018314932090833164
-0.000194358413009799
0.0002369956048845128
-0.00015162413107505364
0.0001260481373591999
-0.00013053415500484573
0.0002738968768222074
-0.000127564440299494
0.00026004588928529767
0.00017271558535541184
-0.000353307046143089
-0.0019470369475928916
0.00019868593052706123
0.0003842156295372528
-0.004492304767108028
-0.00010567242625954376
-0.0003288690588954658
0.00015030541289339058
0.0009350816469751226
0.00019771924447982032
-0.00012566014771537795
-0.00031208862253581714
0.0005561999253192131
-0.00020752025203307184
0.00012061057095118406
0.00012959371012807636
0.00011840229589545965
-0.0003316410837326213
-0.0001170904915524464
0.00011483148597318239
-0.00017174207925469055
-0.00034193350466956714
0.00013341757947643332
-0.000222726429290788
0.00010066033651198324
-0.00011803763584617363
-0.00016779979987684856
-0.0001310419664350176
-0.00017051497275725447
0.00010876775147590892
0.00015167947157938502
-0.0001463544670461763
0.0001426321943252208
-0.00019299819202905612
-0.00016823598863861315
-0.00012442586450676414
0.00024138475948408663
-0.00010249612564879843
0.00018384938778436897
-0.00032292979834544987
0.0003077102180045152
-0.00011476405972042453
0.00019551993819393152
-0.00017871467843050482
0.002927381337921643
0.0035504792357893365
-0.000609458252183374
0.0003310913289832675
0.0011107695175953218
-0.0003421776654051396
-0.00023567339301390602
-0.00018696711591348897
-0.0009248846641718002
0.00018347431270506186
0.00012135308795831479
-0.00010766236075998604
-0.0006329805978545101
-0.0003960086821763122
-0.000132047052523935
-0.00016336358415242267
0.0002589635109000683
0.00016146323084444917
-0.0002842307095669834
-0.0001735833692318431
-0.00010376462673472426
0.0002163594410834456
-0.00023605496456510368
0.00012798601718180423
0.00021945053733977982
-0.00016558058390632588
-0.00017270907912853053
-0.00013519120131990503
0.00017218822289822777
-0.00017042519941338187
-0.0005034039516328564
-0.0014407999756702089
0.004373221597700376
-0.0004082876223726059
-0.00036662573906691924
-0.00045468224696519
0.00023324832267349188
0.0009510408150357091
-0.00010604252540771077
-0.00015187417912698574
0.00037467877810049786
-0.00028914893491454333
0.0005347741900763351
-0.00015092973069809522
0.0002082398741210876
-0.0001567725175933988
0.00028523894881377787
0.00012098204136394909
-0.00013236717411945403
0.0003213432045269073
0.00014177261298948965
0.0002588487230309749
-0.00011470270269881962
-0.00013585884815295728
-0.00014020328979014044
-0.00014288570551184657
0.0001698598184486834
-0.00015057184360925199
0.00019873920763466735
-0.00011902345985710414
0.00012340711275135385
0.0002709295641285709
-0.00020328955868813034
0.00020056879560261106
-0.0012838356643345623
-0.00025640082683086533
0.0005391838710650804
-0.0006919648213317673
0.003879309757932571
-0.0019646745442014157
-0.0005055287662649144
-0.00035825041778843217
-0.0002286685272891353
0.00022222919698330416
-0.0006290452918910411
0.000134431573300497
0.00028686267621282047
-0.0001751170033914423
-0.00043230770608297116
-0.00021924361399141797
0.000323461555361273
-0.00011191950324963005
-0.00013068063776533877
-0.00017672950838525567
-0.00020832116319879926
-0.00010868611976669774
0.00012030292123585563
-0.00015174072730049973
-0.00010043734703069319
0.00010719754824833736
-0.00010551257522711841
-0.0002611500420156608
-0.0035690329718773882
0.0005010727443072558
0.002874115110548889
0.00016371204158774106
-0.0004692209132259942
-0.00016683622160769813
0.0005040737621947919
-0.00016934673801320498
0.0003336412629804379
0.0001394932049401038
-0.00019529037490509748
-0.00010220689175251961
0.00010160720615361517
-0.00020836483930035523
-0.00020711912089837442
-0.00017034001035018384
0.0002361159276087906
0.00015727807911259905
0.0002429468957959736
0.00019505734478784896
-0.00011140125030866423
-0.00011073139960691227
0.00013195875119633802
-0.00013682784895235824
0.0006029642428138495
0.004340104833604001
-0.0009835769325717326
0.0002351800359109842
0.0005567016558751666
0.0002550375812661374
-0.0004759567268795903
-0.00011514144329849448
-0.0002520497797461656
-0.00043761553304706583
-0.0001176805499268016
0.00016960740008837313
0.0003518520130479065
-0.00017060496918836816
0.00029280488226101194
0.00012206545369140342
0.00025442796661136164
0.00015693538807621605
0.00022139826182586544
-0.0001282988799588313
-0.00019060333067137352
0.0001561410446505413
0.00015637012113829291
-0.001506688326027003
-0.00017542446900758042
0.0002582946020370963
-0.0014267679058810208
-0.003577743481670139
-0.0007799764334907645
-0.0012243779076098488
-0.0003850068550453058
-0.00013287770851724
-0.000762694889053031
-0.0004918405608308139
-0.00012844262284880133
-0.0002880843667555824
0.0002535339231434582
-0.00027817787882429595
0.0002642084115637514
0.00014373516973374727
0.0002638351738757962
0.00022928127954764668
-0.00011346270943630093
-0.00010943051370772203
-0.000183864976808382
0.004361690777662752
-0.00023268482017390919
0.00021462067187585611
0.0012627290559536033
-0.00036170029106885967
0.0006766568148967706
-0.0001780249901753404
0.00015392813717172592
0.0004848602227077587
-0.00034287246399961784
-0.00020146847475576075
-0.0003116783561353219
0.00018592481976328396
0.0003014023386335811
0.00028002097384446966
-0.00017390678972900917
0.00024119761504036753
-0.00012167127137469541
0.000220872434436964
-0.0001462834032493451
-0.00020375788809358792
0.00016804246163914418
-0.0001399594748715987
-0.0001790710515429002
-0.00015031476923697894
0.00010619701973008245
0.00013987735355491533
0.00010411461412799898
0.00014754416151876282
-0.0001048114809471943
-0.00012235214058601887
-0.00011257270548634417
-0.00010169764506511324
-0.00010325037386054027
-0.00010355094894290594
0.00010622332303556434
-0.00010625958171918485
-0.00010804041343249386
-0.00010838120821773332
0.00011132157845239892
0.0001083090702806777
0.00011460519567646488
0.00011332230608572461
-0.00011729282703374586
-0.00011619118302345915
-0.00012027016009130753
0.00011860740693220508
-0.0001010168797509115
0.00012304776899737494
0.00010373809241143499
0.00011927520841279031
0.00010079333448375398
-0.00010651697823426736
0.00011915710965660568
-0.0001370711389791754
0.00011549791771059508
0.0001843816852604769
-0.00013972002305218069
0.00018793572532685348
0.00027275521254443806
0.00023846108833661909
