-0.9861501980406031
0.12811046017105046
-0.05212036013921335
-0.049012473953909216
0.03596077481964153
-0.02049570706431902
-0.014771258075794687
0.02738794152044658
-0.021711456339499235
-0.012785918435020374
0.004237005743357623
0.020850468070480806
-0.008009042614060083
-0.0156833358632465
-0.0064340650471095455
-0.0005789824896084503
-0.0009687344662921037
-0.012776070183710271
-0.01336677999877345
-0.007962654202836723
0.008173889368903522
-0.0066936268358509686
-0.0023043220239533507
0.004509711481985887
-0.003616148735098711
0.0004934072026306335
-0.002909046601620315
-0.015366528269905125
-0.0023211345601175143
0.0005462374947153451
-0.0003114626736631491
0.007916335406298079
-0.0030630077281367765
-0.012958331543955686
0.0004320967266843766
-0.0005385455102278744
-0.0007697811775891634
-0.002781237346568701
-0.0002713685092599373
0.0077621923173554685
0.002243222243094638
-0.010432608515962621
-0.0001669905063806439
0.000259776969764575
-0.0009390888912302347
-0.0005010189769936935
-0.0009452794119180355
-0.002740861065479105
-0.00018072484795210854
-0.00042400181715452555
0.0002646529504880541
0.00015679627860748233
0.006993274727176653
0.0006811406337122867
-0.0010165431432275283
0.008781886200589423
0.00047179522283299485
0.0005619816444355601
-0.0001467262205107697
0.00037661677461022717
-0.0026470505658185315
0.0003369706765419518
0.0004976076146530386
0.00019559013960005102
0.00013071663099465294
-0.00013435068347685447
0.006296395757788507
0.005450082281556105
0.004914738378274659
0.00022450720315737307
0.0005842582803775619
0.0005187919158095443
-0.0009153624992989952
0.002275408921654442
0.0002876430898986068
-0.0004968630027305654
-0.00017946998924133826
0.00020971155547653409
0.0005291395785643479
0.00026090298576989267
0.002621553674641999
0.004973795961083741
0.0007578563682585874
-0.006112880641669804
-0.00031517784974317544
0.00027102679171560356
0.00018452427872505013
-0.0022019180375077983
0.0003992856537385821
0.0001425190226675512
0.0004754404373881438
0.00035455433624481507
0.00013827482911986535
-0.0002419141229533913
-0.00045731878304762535
-0.004891667451353929
-0.0010374355172970038
-0.0009797467205928162
0.00018225824995341536
0.005142327942554041
-0.00024992325224615575
0.0003298234657777634
0.0003656354503481054
-0.002012694150662559
0.0004290187519825012
0.00015567560537040179
-0.0004962631052002082
-0.00019379250783913498
-0.0001230200375610562
-0.00022758804345287704
0.004601297722135008
0.00019962978568922147
-0.0003077432740709671
-0.004328390405913512
-0.0004128708278740259
-0.0001313355102476633
0.0001373538577393103
-0.0004982188725892117
0.001752162182326034
0.00039687901902775544
0.00016491872462128735
-0.00018906829763040364
-0.0002159087265002605
-0.00022269838897064
0.00041253767400007167
0.00011297331777300411
0.004173620036407381
-0.00010123326114782996
0.0003176086454349168
-0.0036932899484978772
0.00022315243262845659
0.0002215921667004428
-0.00022703671543937982
-0.00011950649556697455
0.0015976580658325704
-0.00028523161401344474
0.00011539373979125523
-0.00037678574901477135
-0.00011703775483268718
0.0004307488141676588
-0.00011536744488690208
-0.00012861506243429827
0.00012515683599734228
-0.00010824853024742083
0.0002944588919542643
0.00379430747792872
-0.00038651079904673883
0.0031435795820210733
-0.0002372561911121299
-0.0014645665472955529
0.00014642862745337093
-0.00033195376086709466
-0.00013237222654360575
0.00016335290333159046
-0.0004079289084701151
0.00011316514856975602
0.0001906246121112246
-0.00017094567225179905
-0.003459875997919828
-0.00013454819021821841
-0.002731329432734445
-0.0001493453772346893
-0.00015061662037635173
0.00019874545275814427
0.00011759384740708772
-0.0013109572271574998
-0.0003047314697641952
-0.0003780929534224536
-0.00011153164618307601
-0.00011909468501398238
-0.0001830262111070921
0.0009774477071742595
0.0030038865070325387
0.0003688603027251658
-0.002313817542507369
0.0004623463238160164
-0.00012836370991417567
0.00014069877515475687
-0.001194324018769877
0.0002688390278184525
-0.00010270881682513926
0.00035015406562658173
-0.00010787099238483717
0.00017681172102223668
0.0001598922835306372
0.00024816848904433216
-0.0029034419552736433
0.002050827057537552
-0.00015690108249941781
0.00015616742741223874
0.00035343935262826387
-0.0010217074781222143
0.00022815304908906559
-0.00032781094253478237
-0.00014911142922075706
0.002528188848398512
0.0009157182290039357
0.0005177324439231787
-0.001723936575921833
-0.00012674379847593358
0.0008899352513469329
0.00041533449381698384
0.00022592497638626008
-0.0002957402114656867
0.00016033548977819904
0.0024796474317278316
-0.0015804940581599467
0.00011401300215744541
-0.00011073221982925103
-0.0008941906099029717
-0.00019733280513137491
0.000271765734361656
-0.00014306859919168812
-0.00013884715436483368
0.0022886788670345545
-0.00010404583114586765
0.00055396690716561
0.0012785643943903802
0.00015199473706215555
-0.0008187735781240843
-0.00017979895106611936
-0.0002569743326225425
0.0001387946755831013
0.002114038891727375
0.00021152355059985773
-0.00015450324360776502
-0.0012168153630331463
-0.00023278426091752366
-0.0007520770082846074
0.0001627588319804525
-0.00023780015396767057
0.00012851436416014722
-0.00016473258436341986
-0.0019739133998387588
-0.0011020523438811378
0.000689275666877762
0.0001470033603373893
-0.0002200857095734323
0.00011917252551090641
0.0005119130498165983
0.001773018355571173
-0.000985415427551279
0.0006322875831407731
0.00013614382250956914
0.00020770312013583945
-0.0001124856497738832
0.0001301579081696894
-0.0017165250477992307
-0.0008865498572077681
0.0005866591800799347
-0.000123163315321824
-0.0001868676048447733
0.00010543974404349904
-0.001611499924058119
-0.0007965075738878469
-0.0005451355026478503
-0.00011172187491528806
-0.00015180573949923596
-0.0015107770362307086
-0.0007198755323648322
-0.0005053248791588165
-0.00010103755143585206
0.00016708815589991187
0.001401348337167547
-0.00020101973038116132
0.0006512788786546078
0.00021285572568441633
0.0004221190343650829
-0.00015551136035353257
-0.0013354995217883232
-0.0005926347167303481
-0.00014704870533182213
0.00041529362267708514
-0.0001481677562850335
0.0012567618255573021
-0.000539701793919862
-0.0004092028930415499
0.00013637536904260374
0.0011869258639504575
0.0004896317892124709
-0.000381956377773289
0.0001280069525526851
-0.0011217584879475082
-0.00044758025998414066
-0.0003616234166166644
-0.00011950459122920727
0.0010393971118588096
-0.00021551729310839785
-0.000415680659639724
-0.00034060716706808044
0.00011551734580030176
0.0010046710958807833
-0.00037836576232323164
-0.0003201189155730618
0.00010363063796968908
-0.0009541774793376508
-0.0003517084211089198
-0.00030247210129988447
-0.0001034461976616819
-0.0009064318508816848
-0.0003246968152841738
0.0002858548137268006
-0.0008493948813028076
-0.00015883986538332988
-0.00030021513751433726
-0.00026529837107706764
-0.00010413271392937432
-0.000821462131550134
-0.0002785956500711334
-0.00025623693596269886
0.0007837488965304975
-0.0002586435849642327
-0.0002203807071370902
0.00011212402356470467
-0.0007467404749601008
0.00024063953105677363
0.000231093701235424
0.0001156536322079213
-0.0007137462094991729
0.0002235834851533621
-0.00021952575392156993
-0.0001233958634752025
0.0006812927079658308
0.0002097271845028643
-0.00020934477158195044
-0.0006539978690153902
-0.00019602617885280339
-0.00019943366759558913
0.0001278141279651516
-0.0006059034768739177
-0.00015427959289314355
-0.000183817047100733
0.00019038716342851362
0.00013263050408466426
0.0006007047004624838
-0.00017252636343598153
-0.00018176778487329005
0.00010585939355181172
-0.00010224889541525622
-0.0005763268620234328
-0.00016255516390424206
-0.00017269260294730776
-0.00013887866340022825
0.00010894234620031101
-0.00010550649286442769
0.0005532490135502926
0.00015351012846377042
-0.00016547889525459137
-0.000141374341690471
-0.0005282907102185166
0.00014589557178002602
0.00015800844224328427
0.0001105358220776599
0.00010648520053687395
-0.00014022025038976245
-0.0005118521422145191
0.00014292986936028206
0.00012925794734448007
-0.00011678275385830894
-0.0004899988727802033
0.00013662038405997464
0.00014155456557344824
0.0001510933426647097
-0.0002869953529252437
0.0003678304170902656
-0.0001398058417243136
0.0001343906458174719
0.00011802517317617618
-0.0001072109625508581
-0.0001399458683647072
0.00040184374855076167
0.00021911180593781832
0.0001228337906639592
-0.00010296357941526236
-0.0001235010529625738
0.00011513623755674144
0.00022853993309048985
-0.00022860252926746208
0.00030150534439322047
0.00016016893007404767
0.0001275847417939402
-0.00014635149581917643
0.0001995120213888765
-0.00017237259518888297
0.00011363622140488556
-0.00014716812280161717
-0.00013735993918335604
-0.00016204939774394072
0.00030607959060684447
-0.0001769781983965511
-0.00012234242203831519
0.00012990369306612007
-0.00012208215781607396
-0.0001314525552401029
0.00015137164458372304
-0.00027357099952505745
-0.0001659139394080229
-0.00013841068484232206
-0.00013367225767097014
0.00012828810655581585
-0.000294346026433596
-0.0001062891099634265
0.00013277911811373372
-0.00016914992933582417
0.0001264697400255481
0.00027025588066213616
-0.00013308422438376095
0.0001346693469326991
-0.00012886149282738545
-0.00017598600750077636
0.00010028764549689816
0.0002198736509444343
-0.00019375458675264102
-0.0001523560116771709
-0.0001404870144492421
0.00012534601756100482
0.00010052728208520743
-0.0001775028323138689
-0.00010079494457727378
0.0002165330890564046
-0.00017866199457442202
0.0001272243651519895
0.00013654151880823168
-0.0002882143404898084
-0.00017881667161932116
-0.0001830017306709285
-0.0003197503601839355
-0.0001470251332067272
0.00014000246002254246
-0.0002668745945529027
-0.00018817402995498144
0.00010281807433665497
0.0001502009374421596
-0.00014399307690463476
-0.0002249365233024362
-0.0001309130558080298
0.00014608134715924216
-0.00011083876685989591
-0.00018794733870227342
-0.00015320097749879326
0.00014500383211117266
-0.00019755417412303794
0.00015561334024809787
-0.00014952649930350602
-0.00020040401565262053
-0.00016058783107441676
0.0001520412374711316
-0.00020442609090276596
0.00016391297614746242
0.00015743537532780588
0.00020719444979918852
-0.00016747953430146885
-0.00015895535236653112
0.00021439711347539332
0.00010093937461649034
-0.00017133408141818132
-0.000161952945370234
-0.00021968182109752133
-0.00010302541957995266
-0.00017538577609510554
-0.00016851688623056025
-0.0002236106191609314
-0.0001055378615419609
0.00017925354753917704
-0.00017005158061117183
-0.00022955205241787
-0.00010754181713573633
0.00018361661893780956
0.00017431371717779913
0.00023474037125940738
0.00011027325279204768
0.0001882179786491672
0.00017776198767188408
-0.00024106723303898514
0.00011294962526831119
-0.00019233705724810225
-0.00017566759105472335
0.0002483803000666039
-0.00011583307703208125
-0.00019729263858500522
-0.00018870219073798138
-0.00025141897138731076
-0.00011810062472975378
-0.00020211537043141373
0.00019443197945113192
0.0002595943438997143
0.00012171965896144966
-0.00020780506227228727
-0.0001991546662183299
-0.0002679998480499123
0.00012518939803150941
-0.00021363745129915357
-0.000204946163823217
-0.0002773710448498333
-0.00012825853502753483
-0.00021954631058143843
0.00021240401953231483
-0.00028753467787106726
-0.00013181622464569664
0.00022908756365935676
0.00022158084158814664
0.0003236082559996391
-0.00013905917587456103
0.0003312264415866394
0.00010457109915676484
-0.0003833503640434408
-0.0003069944788630633
