-0.7857346601408551
0.45396565314183673
0.18493093899960636
-0.22950285857447858
-0.07388954087255674
-0.17250777148883073
-0.09809023477105563
-0.051219188791877535
0.10263733826396237
-0.03111420967240595
-0.0491465929621253
0.03922250058712834
-0.06092011160978724
0.03653489978401117
-0.031477189226567254
-0.02738730249903544
0.03262999966284759
-0.04856197288658095
0.020674928021478557
0.002692623169215015
0.02565098365576311
0.019157507668153398
0.030787573990732897
-0.03875163431701796
0.009806035148360636
0.01219438756091729
-0.002010719009179961
0.02522075048142284
0.03001699250400603
0.006230548166949576
0.0011738368875280573
0.03378908520851358
-0.0003319140879757572
0.0008943226945633024
-0.0010052835382661884
-0.02255706543416649
-0.0013888177425592859
-0.028413208217518592
0.0026167895567443555
0.0021789765165062627
0.0014548351579960297
0.004827680975004007
0.01555864041585998
-0.023728698439250642
0.0039758907794335135
0.011362978853467296
-0.006283592032867372
0.016230248700431278
-0.024024832506993526
-0.0008964138804953138
0.0024410350201254888
-0.003277340934854121
0.0010910186595719492
0.0038376739839513768
0.0031886393692545333
0.004552793542837178
0.006086664847469405
-0.004604147840456534
-0.02571714756393774
-0.005892760535649671
-0.012231344949106032
0.02089003855637584
-0.00022348467014480817
0.0031024508943463722
-0.0025796923050730234
0.0037219889845547336
0.0004542817351094549
0.00043059468689562644
0.00403626796393608
0.00043164373196139764
-0.0058071984594209695
0.0016441540316707724
-0.00231929187567391
0.0023315097550378043
0.024033408405838976
-0.0010869852017672565
0.01918052817008051
-0.0006244342112378133
-0.004963411612042259
-0.0025423038258560156
0.0025142815196750276
0.0009482297315715323
-0.0018231429556909342
0.00318042819023937
0.00330881233251145
-0.004358279125446541
0.00047949652866806277
0.0020610597019195846
-0.00017422247064076792
-0.0013638499906051724
0.000851826415050067
0.0004611380484606971
0.016375379056761823
0.010755869999469451
0.008758032131310173
-0.009628276641976397
-0.013620798241066793
0.002267014921848842
-0.0009738376869308656
0.0009480350913558772
-0.0006680064249442109
-0.0025580173921262565
0.00341067153316701
0.003289384970012052
0.0024018854611126002
-0.0005069512475925544
-0.001104419951978997
-0.00262849989592016
-0.0066701745567608745
0.010902454210145258
0.001450035364560102
0.012513187547577695
-0.0026157363459452035
0.015227740352204974
-0.00016891762742705227
0.00025439054232497487
-0.0015536900104309976
-0.002346455394927901
-0.0008855223944276977
-0.004309536370956484
-0.0007731627011219362
0.0005206948280002513
-0.0005062720379314196
0.0005871247046021551
0.001731148587494354
0.00043294667859091883
-0.00011023733662766496
0.0027558367099176032
0.010532749529316963
-0.011171505852021143
0.0018293771731006099
0.0010338696290479292
-0.0013674571069203756
0.01067889858240497
0.008438942629105307
-0.001481091518099303
0.0018780262486437235
0.0012838852060913992
-0.0006830708871509082
-0.0037965365979859118
-0.0009302161437906288
0.0004154098373750776
-0.0004719348253159604
-0.0011698824716459436
0.000763059524179903
0.00230027192373409
0.0005930713970701182
-0.008949769808415694
0.0014294144301289276
-0.0005507818338540143
-0.003401322582357075
0.009324670912586552
-0.0009298344614125704
-0.0016917829299824575
0.000774236742281956
-0.0014329378282932803
-0.012316104353532076
-0.00042792840006976947
0.0006849462574258211
-0.0035611419385155087
-0.0001675525187603099
0.0003342115751522095
-0.0002444831185057331
-0.0011176214708958484
-0.0006738879751662212
0.0006922538614167133
-0.00036675205621440843
-0.0019652891390307594
-0.00047713679658294
0.001078582123105214
0.0003778592431993503
0.00018673348148210065
0.0077347908170891004
0.008833555892595617
-0.0018365709203708952
0.001207048132397122
-0.0007540930764224837
0.0004986938377046523
0.002650183111658108
0.00991665051115555
-0.0033793513974558482
-0.0023080491297374907
-0.003423898737653619
0.0005159207646720762
-0.0010502491727253514
-0.00019895517624084465
-0.0008658994863043571
0.0017521289091271166
-0.0008227861225864478
0.00010885653741233218
-0.0004224767021475599
0.00020248082276791494
0.0007397077324531135
0.006582814066420225
0.001378466187930076
0.004351393643517867
-0.0068232095878108245
-0.0009941884542911954
0.0003948027575738322
0.0006203683889634537
-0.0006061428773175186
0.0005438798850651729
-0.0005997582395928602
-0.003340166467848592
-0.0010067201710313675
0.0018533681560898468
0.0005551441478466993
0.009652726802679016
0.0006370982632379981
0.0004280088478247827
0.0005212528174794904
0.0005162146265111933
0.0004906378062202206
-0.0015915385322551154
0.00025011971768709604
-0.00036780961418745526
-0.00013787266087551313
0.00017217570437731973
0.0006715446755572047
0.0021705603107084336
0.005333636590273191
0.0016153595309190427
0.0072037566104094135
-0.0013651578498479232
-0.00040558129951573276
-0.0006383371709117746
-0.00011934351095375969
-0.0009215050819845295
-0.001929755644394406
0.0021792706905211065
0.00038777477717959934
0.00165773690902452
-0.008755590230536148
-0.0009358310800687874
-0.00042932874456788926
0.0005769158503596013
-0.0003128949070178915
0.00026573427970723627
0.0006815734595460539
0.0012946936167998687
0.0004376182891069547
0.0006786294908083648
0.00013311576478639337
0.0003208182279209466
-0.0002506952107367657
-0.000994043478525002
0.00041474150952039565
0.005144339360812447
0.006652093369449721
-0.00032114275142767796
0.0005059073973700757
0.0005432701248653779
-0.0003950183323536534
0.0005660152759228096
0.001520883799529712
0.001742209401989954
-0.001243416126905307
0.00032762561543621854
0.006923567553253926
0.004269635667590406
0.00022187197687250084
0.0007492958063486109
0.00014743279293805332
-0.00133235249045272
-0.00010016611400022474
-0.00044605993583418484
-0.00027770911828851164
-0.0005444874534195285
0.00016966804046270024
0.00012833394075462565
-0.00017528864607450328
0.0009280890817008934
-0.00033431416725647126
0.0010674130828169056
0.0044563760708922805
0.006056591528810533
0.0006442412977314272
0.0006108510424035314
0.00043320666851935906
0.00019410561855656407
0.00013089538974731007
0.0012590394949220701
0.0019329086660225014
0.00013729138865416717
-0.0006376220328652997
0.0006107601399808992
0.006243029886213828
-0.004005755283919469
0.00043959105098958877
0.0012429426634573304
0.00011420051101769475
-0.0005019414448122394
-0.0003111221574382452
0.00016193694059915477
0.0008364480248878184
0.004110654478925411
-0.0001675628048155191
-0.005542841106361634
0.00048018975874495646
0.000315622787558092
0.00046304985765776533
-0.00033802003245002907
-0.0010713997936957766
-0.00019630976281002956
0.0017688566343833582
-0.0005413826879158803
0.0003113076342902098
0.00019921911681502534
-0.00038121091730622126
-0.0064790439442409635
0.0014931447265253367
-0.0014274462376991784
0.0004423090702248824
-0.0011601350434480976
0.0004629626149819287
0.0001668941173009113
-0.0007608994086328644
-0.00018788169487696758
-0.00026765673371770347
-0.0001810681298871837
-0.00042681445727640893
-0.00010039037287634995
-0.0005244042054887765
-0.0036256637333974
0.0010835013305446819
-0.004986727838958591
0.0005282137220566271
0.00023617977565139884
0.0009443043677979312
-0.0003501013338534396
-0.0013526650274146377
-0.0009789661430667854
0.0003093246942957153
-0.0003002275151392214
-0.00021064913809577563
-0.000313737363517952
0.0013800684579055001
0.00018884746465917213
-0.0003307146356640502
0.005612037443129336
0.002585397285801219
-0.0002160798980505734
-0.00026698516441577084
0.00018933087023005474
-0.0001794892143796746
-0.00014749641739024243
-0.0002605659079967488
-0.00010522524560831981
-0.0006955569048682268
0.00014797317875095997
0.0003508223024065235
0.00023367210527194818
0.00011961662041796302
0.0007287472274082787
0.003226831467134031
0.004719801178075101
0.0004038423488875503
-0.0003435061954536748
0.0002950232251907958
0.0007709076236423838
0.001504420094174187
0.0002517557353404081
0.0001941281066809842
0.00018317955700277732
-0.0004141347974265533
-0.0002207036454856195
0.0006632702258020414
0.00043216801154774407
-0.0009009096583100407
-0.0015745015204629642
-0.005499995829356507
0.000267096993956311
0.00022902443380272896
0.0006339279864751819
0.0003467805570562609
0.00010514378493429712
0.0004886527413674689
0.00012764026860546482
0.0029535575568350038
0.004357837358739252
0.00017023488208142796
0.00022674529187089612
-0.0002870486443048283
0.0003226412871342175
0.00024696202378764296
0.00010600563420926841
0.0006909023241873449
-0.0014148446718990747
0.0001769799247629681
-0.00036419910104722213
0.0001843994487127043
0.0004929315914742756
0.0008101976240274512
0.000225512325051194
0.00029666256972476514
0.005053141315340381
-0.0015689163644509352
0.00047350369331857774
-0.00015724706258450405
0.00029936712265367095
0.0005960212579740183
-0.00015114057917572837
0.00020199630417055438
-0.0003883522930731215
0.0002151394456332197
0.0026866176325905148
0.0037392831846335076
-0.001464687432982769
0.0005045137544375239
0.00018172207233367455
-0.0003711435063136277
0.0006115639818821732
-0.0013111252390911798
-0.00032428319392731184
-0.0001598151196255736
0.0002055740330238323
0.00020234534915263366
-0.00021532258959625772
0.0003499567758227196
0.0007473520701042548
0.00019251138014762367
-0.00019076044072977393
-0.00017962764314549898
0.004922065048732179
0.00026588092966382744
0.00013508557654359491
0.00010026332267701695
0.0005511124150384519
0.0001981435117685541
-0.00039970582799353244
0.00016930050761088442
-0.00025243246011893153
-0.00017028920957269273
0.0024336431358478417
0.00043345599515409917
0.0037309078995532968
-0.00035812776040917445
0.00010991746223753995
0.000551253962565879
-0.0012179751897964295
-0.00029972404341897655
0.00014603293364279113
-0.00022628072597203586
-0.00010098684313742694
0.0003285355425842136
-0.0007081060789525716
0.00013049042409558542
0.00014181414825018842
-0.00028983369396574715
0.004511864036031994
-0.0005763708643217238
-0.0005124707923954301
-0.0005162926864517742
0.00018146377776010004
-0.00014071689463592793
0.000365402840953757
0.00023520782145373433
0.0022240813143976634
-0.00028676450127694395
0.0034634174692519254
0.00052285411427158
0.00023172009517426215
0.00015851263856709352
-0.0004941928082560829
-0.00023393027158247413
-0.001107981583360494
-0.00023914590969258275
-0.00024837878553007366
0.00010962063233785619
0.00012858423118398946
0.00028216482982572404
-0.0006570612213313798
-0.00025018115847241166
-0.00021561345560243742
-0.0008156637774252229
0.00012058817766445433
-0.004150942075210056
0.00040354529776100184
-0.0005676220422811466
0.0001642773304405359
-0.0002017868166168376
0.0003459143353126076
0.00011244508448146227
0.00028904140671212185
0.00020512813275827123
0.0020105417579366555
0.0032849243194895635
-0.00014205838363823492
0.00010210278895448011
0.00018688533366866697
-0.0002695597553071283
0.0004238647781723458
0.0010601568789845174
0.0001470519761245383
-0.0002493357356991006
0.0006151914676774744
0.0002301977183901988
-0.00016892219241498985
-0.00015051619714539927
0.00015504925689370955
0.00031895672368098955
0.00020638807056092462
-0.00042810113579363855
0.003961380863773965
-0.00011279201398277673
0.0001859588616682777
-0.00032056370911833556
0.00013701261570560618
0.00026211257337162405
-0.00011381485602051846
-0.00025219829920609027
0.0018358446307183216
-0.003076889089896756
0.00017600921310652117
0.0002490143505716177
-0.0003900230665717932
0.000996580298830198
-0.00024692956094206993
-0.00020065319698162607
0.000576422696599769
-0.00013633561202714434
0.00011018761401887807
0.00010091902980451877
-0.0002190345601454285
-0.00010322962124791831
0.00039829815120447597
0.003714732511577729
0.00018851494731147948
0.0002992439446449756
0.00012383986170284568
-0.00010851168146900058
0.00023687568153590966
0.00017599154427498965
0.0016998608907856257
0.002889274796120951
0.0002231350618498112
-0.0003531325323442364
-0.0009334166912124466
0.00011801168742359014
0.00020904485390780167
0.0001453671521281188
0.00018245911536739657
0.0005343040057919553
-0.00017292811433761743
-0.0003694453826794252
-0.00017478175317820713
0.0034464619748037946
0.0004881400223604253
-0.0002038406634598325
-0.0002825909141257233
-0.00012260505727089988
0.00022699709638854956
-0.0001437236817818988
0.0015650608332752522
-0.002719655237019375
-0.0002111732482730143
-0.00010292578673081245
0.00010994251876627313
-0.00030774627052910277
-0.0008735438403353618
0.00011273547391056217
-0.0001342075695928602
0.0001892520405343702
0.0001531348082280419
-0.0005115891125966603
-0.00014470303266146607
0.00034729713779349877
0.00016162619408117707
0.0001655749927064655
-0.00012079946163790087
-0.00043311236085375447
0.0009143239305828557
0.0031044668926470858
-0.00017389617636726914
-0.0002805986168036399
-0.00021180563390165878
0.00013723543152478673
-0.0014464873336119454
-0.0025604334248734463
-0.00020118498222100012
0.0002926948516976599
0.0008245198496277853
-0.00012349409115060763
0.00017199233607447133
-0.0001517762049571465
0.00047874746454350004
-0.00012867364863361044
0.00014498849776140583
-0.0003270594847791006
-0.00011746798594139815
0.00010518396696489742
0.0007630369953503949
0.0029766202418129617
0.0002787238501382094
-0.0001297768251332922
0.0001992093867765915
0.00021301828876575028
-0.0013293841852551594
0.0023916998830841416
0.0003562626723768403
-0.0001120044693095456
0.00026643537354062446
-0.0007766302908409875
0.00016742918951947428
-0.0001400397213407076
-0.0004511969087539722
-0.0001444634283292653
-0.00011571285696603193
0.00030816890698350826
-0.00019344132473920382
-0.0002105974914342861
0.00036097811959373983
-0.002875912855778537
0.000121152641132078
0.00018562611202554513
-0.00017751094822877298
0.0012398263448433753
-0.002284737608600794
-0.000106722616547741
0.00024641576042950896
-0.0007449085294318476
-0.00012645635957862417
0.0004249402490890688
-0.00013389195447665206
0.0002945491513973645
-0.00012477384536132568
0.00021225527427569155
0.0027377320862350426
-0.0001774714695440055
-0.0001651669825390167
-0.0008456711908440301
-0.0007753532744229533
-0.0021681968081023327
-0.00014748641893992675
-0.00022641213921135292
-0.0006909606153323405
-0.00010058024196911032
0.00011610264848803667
0.0004019788832668028
-0.00012593357487565161
-0.0002776495851997941
-0.00020102353668243275
0.00010087986595852548
-0.0003430351777835255
-0.0004890768415560726
0.0023988515351346393
0.0007685300906561877
-0.00014530473238849034
-0.00015440093827449422
0.00019165563997093502
-0.0010471022117550445
0.0020553408091047187
0.0001396401036410035
-0.0002026756012384605
-0.000658645466718914
-0.00010568282228232159
0.00037985630169351227
0.00012158236827169571
0.0002620978723869935
-0.00019269184036776912
-0.0024292699563108347
-0.0002888720359095785
0.00014481460494788082
-0.0001459051441179572
0.0009893112700334438
-0.0019503602031589202
0.00013167526247280113
0.00018828304055226407
-0.0006237093755808312
-0.0001063976266320768
0.0003620284115288588
-0.00024519030177271256
0.0001797765190487391
0.0002740582311890438
-0.0022897831626338795
-0.00031761779405891424
-0.00013934883683041632
0.0009224418771699853
-0.0018565537089038034
-0.0001245015453402574
0.00017540433771355828
0.0005927195236944945
0.00010862021826712768
0.00034168777100688396
0.00023588394718135192
-0.00017453317792323267
0.00015278926732602752
0.00016338403023793272
0.001066464492925975
0.00192243545788085
0.00012444044142520687
-0.0008611745562422632
0.0017666248273796629
-0.000123380373147898
0.0001610055224580229
0.0005634961307540985
0.0001018495494475845
-0.00032646987941548306
-0.00022461962559765437
0.0001642745496829794
-0.00014440843776926838
-0.002093000526483709
-0.00012257370858658162
-0.00011377313794616209
-0.0008036434645764628
0.0016837331517673534
0.00012657715888370486
-0.000536016383965306
0.0003098041663673248
0.0002132626335656866
-0.00011857663201123362
-0.0001032313080872253
0.000132157081950367
0.001984487269972836
-0.00015709573320553123
-0.0001250196098188554
0.00011211001534914842
-0.00010501227373731975
-0.0007543102634166925
-0.000198555812602705
-0.0015714758582145967
0.0002673636716197672
0.00013837383395928567
0.0003121163847406608
0.0004032061023637452
0.00029465489088492116
-0.00020556977027693426
-0.00014746369184290216
-0.00012525330350121258
-0.0018983540257977596
-0.00010624492970215137
0.00010052940576402199
0.0007039678912183724
-0.0015354202736595154
0.00012928183813211097
0.00048445670282971524
0.00028026802004170047
-0.0001929785367699397
0.00014184170646768277
0.00011902624657937046
-0.001812183455804901
0.0006615265813298797
0.0014679581553873997
-0.00011840085514460719
0.0004641059743492586
-0.0002680707380404537
0.0001852480944203725
0.00013286704685404907
-0.00012205671934828631
0.00011876110629572986
-0.0016876761170670827
-0.0003594030930384533
0.00010060811494850828
0.0006217267707794037
-0.001404105845386106
-0.00011133101361304343
0.0003510072330271509
0.0002707619428099544
-0.0002557250052532222
0.00017615297991343466
0.0001268188624422586
-0.00010835573178994012
0.00010465384611198362
0.0001650678853795273
-0.0016153259720048689
-0.0003125375009036026
-0.0005847635495071088
-0.001344069140097141
0.00010404334368431247
0.000396320515683387
0.00015242703179753854
-0.0002444999695852267
0.00016809381491753622
0.00012291777448935712
-0.00010303984484250127
0.00021453946465594472
-0.00034078946921157203
-0.00144618985322329
0.0004925577647780726
0.0005513508888954432
-0.00128821177061796
-0.0004057828656179577
-0.000232584171828391
0.00016093103273751664
-0.0003954881145079351
0.00044981773652301145
-0.0013752802018315554
0.00020111388769609068
-0.0005207449532527724
0.0012353580255918446
-0.0003891557803053923
-0.0002238234494587291
0.00015554773257381652
-0.00011272370394143377
0.00011313979840991909
-0.0001589887290285322
0.0014350094766463217
-0.000136690027384854
-0.0004917977289550245
-0.0011847260726532403
0.0003690675538472561
-0.00021103031182029259
-0.00014725489027473136
-0.00010725059496167363
-0.0013135971351182305
0.00046252691933066286
0.00046832806785222824
0.0011361397284489648
0.0002037262041746134
0.000291858770624018
0.0002059462016910544
0.00014064765558624855
0.0001004763491257238
-0.0013375925301095772
-0.00010714201424807489
-0.00044768275623814494
0.0010843332945945025
-0.00010935768077216999
-0.00034060655299479847
0.0001965491333307787
-0.00013318506865943238
0.00026714448461650304
0.0008261041364721743
0.0007789539244800691
0.0005174255061302214
0.00012106094024051709
-0.0004351272506459971
-0.0010437158384714465
0.0003258132084131117
0.0001840976427000812
-0.0001241982575619772
0.00048340343958048066
0.00014339122240033966
0.001115288786077077
-0.00020844424379176966
-0.0004272006954532687
-0.0009761731286099493
0.00028071585131524444
0.00016527215761208785
-0.00011698932693684165
0.00014697229774693628
-0.0001582988756381909
0.00010572528737744113
0.00010173805144839155
0.000782863456336982
0.0008504648508209037
0.00012881065628403776
0.00013392965796203417
-0.00036971950284441543
0.00012729593206195174
-0.0005000655311480825
0.0003115225303402391
-0.0007301064165255321
-0.00022898643855828708
0.0002206955068405206
0.00017597593351082973
0.00010024183766081254
0.00016297918727565226
-0.00021137251031454554
0.0005730282425258103
-0.0009283984940285704
-0.00017852592043136656
0.00020347993898661243
0.000258745742602163
-0.0009119088451789355
0.0001522354373330493
0.00016227130821449314
0.0001163065474756022
0.00021395227336891014
-0.00012366596514810758
0.00014851702757562584
0.00013476958928902117
-0.00010527014392390882
0.00018827795454167692
-0.0006792644987832228
-0.0003819571316254205
-0.0006466696931306375
-0.0001720222377109158
0.00010971820967704386
0.00021777598065206768
-0.00010810082424811675
-0.0003023625629729545
0.0003512236789634608
0.0008205258336748874
0.0002704584969738274
-0.00013782033886057627
0.00010434154843764427
-0.00011129989094136527
-0.00011087219403136944
0.00010169743520481495
-0.00016031262808363742
0.00038940914669808614
0.0001343279677974824
0.0008784518515495561
-0.000266821040364226
-0.00011284349379554702
-0.0005139329953892426
-0.0006335411327645498
0.00036834949310391677
0.00010823588257588619
-0.00015055482518303137
0.00023580022660326608
0.00013541802606314478
-0.00012307989594435994
-0.00013437384355627965
-0.0002792822603192943
-0.0004274026865492023
0.0008297667328583757
0.0001993631598481052
0.00011866114965071743
0.0003266177779462352
0.00026196616956161944
0.0007509202907718985
-0.00015624835271417538
-0.0001160390633716063
0.00014512074874984462
0.00021473633639921557
0.0001044058979416324
-0.00011278858334898002
0.00014307411584360216
-0.0007578259985174311
-0.0005370304135647152
0.00019189402018668158
-0.00021747638344718923
0.00028236009921883904
0.0006738035772335259
-0.0003134355672059265
-0.00017147152691558603
-0.00021636455651769527
0.0001482689528754968
-0.00011175152132792908
-0.00025394741248869096
-0.00041124179845178485
0.00022960765932493978
0.0006928753770579613
0.0002915086297166314
-0.00020360596505469706
0.000138585365524658
0.00011508677013030831
0.000371913805583516
0.00020211921907505563
-0.0006760536453412611
0.0001768501167124305
0.0001608420558461007
-0.00014594849255975434
0.0002429390380373243
-0.00013426832716021358
0.00027552281422726975
0.00045847557338615265
-0.0007003480914626054
-0.00014588660609205991
0.0005133026451574703
0.0005022754699711174
0.0002048861453891336
0.0002476483187287832
-0.00015758661066601722
0.00011074003958662114
-0.0001442754504514339
-0.00024155876251604678
-0.0008414900511734126
-0.00040674672545812064
-0.0006241891529859555
-0.00011516242782175538
0.00022235284692016528
-0.00015709498552165607
-0.00012010327293049186
-0.0001275748758831822
0.000855111435478238
-0.00011308283666644214
0.00040171765402113884
-0.0005983396409520788
-0.00014331758405131177
-0.0001685775931841562
-0.00012493604129571793
0.0008486276222033655
-0.0006734479119828917
-0.00018163551930671824
-0.00011842837999360849
0.0008135765615392241
-0.0005835906744273437
0.00017342931818280458
-0.00012107207726210386
-0.0002323798019796117
-0.00010038240019695793
-0.00010359130779331763
0.0007523202138063264
-0.0005953987508204139
-0.00019989724044331873
-0.00011309887856239522
-0.00012576901341208093
-0.00012552690441893549
-0.0001000611178382505
0.00012106961106356362
0.00010194276198437477
-0.00013116687164058986
-0.00010268979908932899
-0.0001347810687314387
0.00010279342948224121
-0.00010532496134828994
0.00013681695806781727
0.00010474344116327767
0.00010752910161553355
-0.00013802078652865043
0.00010108483902523046
-0.00014360912958933376
0.00010976063557220453
-0.00011090956443799522
0.0001444635914520402
-0.00011156992737867299
-0.00011308786308347478
0.0001471170558406806
-0.00011229750232390529
-0.00011530362180298976
0.0001492347524165092
-0.00011435161954803953
0.00011728971979619365
0.0001456299722952674
-0.0001183885744919819
-0.00011947616463596515
-0.00016585484710533502
0.00012423596991873538
0.00012124017760189527
-0.00010152874405773436
-0.0001588592679448892
-0.00012543687930508681
0.00012313247853310423
0.00010421311955104514
0.0001594646803327304
0.0001275532137456358
-0.00010251368715011923
0.00012417782644291259
0.00010690866579536117
0.00015422588238387752
0.00012118203124568599
-0.00012158939024462366
0.00012551089766251407
0.00019316504400136342
0.0002054324695576396
0.000214966631500193
-0.00015725018831184775
0.00019375919906608482
0.0002522008194199997
-0.00019274848947081584
