0.8431590049481102
0.16931290462741236
-0.10308842633373311
-0.4102572983163924
0.018400945754470144
0.10116481694341418
-0.17072682114616228
-0.010765840961351521
0.061363708588181944
0.06157619774416203
-0.08690056096326788
0.004256814114454604
-0.04207223899593926
0.007007535024789514
0.07431964053717789
0.020489932892104684
0.0028998180857516755
0.03125891813173066
0.005924644039234971
0.022290217301767865
-0.05678485225447945
0.005064474795150475
-0.022140667730294595
0.0048994895761868395
-0.002829483282608823
0.00084134894441324
-0.0005788419328571142
-0.05185245930627092
-0.012382897521129248
0.01422718772070435
-0.007855217611332288
-0.004340987880946413
0.0012523196659227913
0.0012497080633284135
-0.04499010037325037
0.0005200395426669487
0.006878758817475535
-0.011644774196826108
-0.0012243822106568095
0.0012593004864103307
0.00328639790359901
0.011963871291401891
-0.006482604943950075
-0.005903226395176947
-0.011120359788670294
0.019284004361812015
0.03081956737968416
0.000175163260557671
-0.0010505272758555891
-0.011777939507011358
-0.0027440725373256
-0.0005421514647764727
-0.0005156446784008778
0.002920908455654893
-0.0022394246237602204
0.0030135407564910255
-0.01080743836817751
-0.01190696107297318
0.002982912155177547
0.03092429249647593
-0.0002469275868203669
0.003983303931232775
0.008108786903164343
0.0057402089711323595
0.00018958700498352093
0.0009512399542320836
0.0005865622005412589
-0.002674954052861782
0.00026448541766621196
0.00032203003255747164
0.0012351343199468103
0.002646264940110858
-0.015617492631906068
0.012078560427202503
0.0023416793185074996
-0.022668373741555944
-0.0016164545091006904
-0.009633652509641212
0.0008043994710400932
-0.0002997882004145169
0.0006611031284453611
-0.00081450620439055
-0.00041478553033592945
-0.0022465025442814893
-0.0004806200569903866
0.0023635776857130106
-0.0006762017464494713
0.0008927526156561775
-0.0006544341394778851
0.013328909694339492
-0.021059627125980605
-0.006371279313566281
-0.004532196513357258
-0.008712752766697578
-0.001130088244670859
0.0006445788097318782
0.0003798880801254114
0.00047285922226630406
-0.0022294974673610006
0.00024980111321982573
0.0011171656894898203
-0.0019376193688438147
0.00020424419025754503
-0.00021453306431833054
0.0006056622894610542
0.0014474943506976356
0.0003916942111065822
0.022483360537397006
0.00015721317791656284
-0.0005477319732441654
0.0009339364043609868
0.003158872836690109
0.007821347910474534
0.0010576232843343702
-0.00011154519195751002
-0.00038648155861470884
-0.0019715468741019963
0.0004067206399751222
-0.00027996303706537116
-0.0003149342111853038
0.0018722828413609085
0.0005257074317571904
-0.0004957232146630087
0.0004486600440070847
0.0009972704533485945
0.0006931731629169715
0.0007285968567339739
0.0041503750830673165
-0.019013508377264104
0.00378584761091751
0.004785752867838188
0.005510112611980578
-0.0005539577901688095
-0.00013840112800012294
0.0009109875117685903
-0.0011011148326593252
0.0006262780953761196
-0.0012828420842227724
-0.0005912687557884946
0.0010660303695515568
-0.0013090825408608475
0.00045605297204854135
0.0004914622615495502
-0.0005401742082976549
-0.0006581181765472619
0.001752098213201938
0.0011586499018327204
0.0015447222421264735
-0.016774849911581208
0.0007167078113999145
-0.0011528457207706122
-0.005346525561727318
0.0027684145229115377
-0.0026724031248695486
0.0039380266389525435
-0.0017896049251195528
0.00016505136860356728
0.0011124253777870484
-0.0015252108551511026
-0.0006723404150271934
-0.0002808526993880128
-0.00026351327981766876
0.0005084440737098243
-0.0005985741636058996
0.0004422908327318331
-0.0005544007383670735
0.00030355600865380057
0.0009921978803127264
-0.0009006334153309955
-0.0009817197220231089
-0.012326093111323752
-0.008157504611473382
-0.0008081133831105919
-0.0055279667156572
-0.0001325189231208257
-0.00033322521944361403
-0.0005500378233613144
0.004978948089505966
0.00026449343399551637
-0.001016413905599193
0.00016584926981019806
-0.0008093819328898064
-0.0015100526267663146
-0.00046396869824999514
-0.0003750082479483931
-0.00022923665039863183
-0.0005597073766661114
0.00018008558765142478
-0.0011776899974608374
-0.00023664876233059622
0.00030127516727771413
0.0128440127374334
-0.0025591421969198185
0.0007289415112241046
0.004972748549981469
-0.0006882819540177822
0.0006758714095394417
-0.0005377781422567348
0.004369078008601639
0.0008110059720919252
0.0018520681475803576
0.0008513922379005879
-0.0015395838325949947
-0.00026053645392639925
0.00012786676522419567
0.00041634234957328215
0.00032311188083235546
-0.00033181518825780665
0.00023785803386885387
-0.0005234890062148807
0.0008891965788596975
-0.00030872731795699137
0.00047824925450581023
0.0002156070215165721
-0.00031498168810555093
-0.011578690127843688
0.0009830266321401427
-0.0012976821985510212
-0.004500809674449355
0.0005203598990560503
0.0009895912747762265
-0.0027985009669395902
0.0007802849028046308
0.00011912763188807776
-0.0028804122768800516
0.002364741138181344
-0.0004912039462339725
0.0006046249312958509
-0.0002168559774520001
0.0004996575889791309
-0.0001258347761801936
-0.0003535596479764112
-0.0008165227758872364
-0.00019260673682288402
0.0003736480588721448
0.0001998763011462668
-0.0009848037707103014
-0.00012497556631592608
0.0015830371345330572
0.010222078046113886
-0.00011464627219899055
0.004319879574254775
-0.0007375866301178532
0.00020516659646843742
-0.00014060871542061462
-0.00023351377319822962
-0.0021636936695318236
-0.000717320384118333
-0.00029613073178029285
0.0038758952909493972
0.0002456549557109539
-0.0004801974587107913
0.0004159088161661793
0.00026634638072493567
-0.0007304807275145414
0.00040176408274041585
0.00036579793207125065
-0.00026397828280198387
0.00022767318214444716
-0.0003459726649785366
0.00022611570796482626
0.0008350818340980959
-0.009255392696192416
0.0007365679170324318
0.003941282251621821
-0.0005041064899624728
-0.000730930066902119
0.00019338827850342934
0.00010343775510239297
0.0002306138028772933
0.0001421139748717491
-0.001764170501253927
0.0004001759120170464
0.0004690297638839799
-0.001042978308299594
0.00016265186871433269
-0.0034173430733771587
-0.0013318595959053148
-0.0005435854244234295
0.00013944638427008127
-0.0004669623705865597
0.0006754796272770014
-0.00017107196919519357
0.0002448192115087979
-0.00013007724569719144
0.00019044611037992917
0.0002298049201136291
-0.0001371935737387115
-0.0006335058682457033
-0.00021311767034401906
-0.008202632968005519
-0.0017982235621290103
-0.003158595806429564
0.0019141067258759863
-0.0004512179273043197
0.0001133008054486062
-0.0002395237362059794
-0.001569878160224171
0.000743022325714386
-0.00048147354219026805
0.0003359713592633703
0.00035407908909168166
0.003516778282635439
0.0003297531854191458
0.00020560882239011036
-0.0004105866864602283
0.0006639228016454967
-0.0004346472749837845
0.00012827763588585752
-0.00017303046241325159
0.0001907837215899157
-0.00011509625154578954
0.0005344363424655903
0.00023769355359270282
-0.0002753170971750749
0.00028961797626773336
-0.00024197631396424664
0.0008029169680495177
-0.0074701240586504914
-0.0009250219561503611
-0.00046341877728086137
-0.0002603862483653731
-0.0034784599112294198
-0.0001576511678036617
-0.0014304255327899707
0.00016049375037035905
-0.00011974408196029556
0.0003583865666008603
0.0005945999123226477
-0.00021121565501100206
0.0004552674452132571
-0.0017545686605059158
-0.0027019751660798735
0.0008776472884501817
0.0008554798508318444
0.00024006389597509874
-0.00023164570837019691
-0.00022719064001239781
0.0001643084483529275
0.0001615769327937654
0.00014997619283278518
0.0004755632947997841
0.00022847140421555515
0.0001637801810758
-0.00023121533066099089
-0.0007375996099510585
-0.006842071795438299
-0.0006334974013359756
0.0032256725420642066
0.00011183874196729608
-0.00010019704123473815
0.00031170348050296476
-0.00029602229287392895
-0.0011434547813340959
0.0004789314120783595
-0.0004672267594903102
-0.00045673252910450923
0.00024712101111762103
-0.00014672421133855485
0.0005920815777141118
-0.0017376412281526394
0.002226552175760609
0.001256122059143811
0.0008121220483255416
0.0005061145388327008
-0.00010629014070409037
0.00018814961560602577
-0.00014903231574644047
-0.00010825695394202249
-0.0004754530412092053
-0.00011872866330885335
-0.00026899764696722273
-0.0007825601287076406
-0.004948775126727664
0.003845284680696882
0.0016963968879971773
0.0024640188467567924
0.0001989930959898627
0.00025779612179311804
-0.0002242594721816084
0.0001031264441690029
-0.00010274469427401908
0.0011471654275550015
-0.0006240830551806285
-0.00010456941256376644
-0.0003147239692810001
-0.0010632388796657831
0.00015732480382699555
-0.00035069684091995076
-0.002843319372520309
-0.0002492525447227974
0.0002969165315446601
-0.00017612760141147692
-0.00023132425870845964
0.00043941811620418073
0.00011607087344868516
-0.00019212048915478276
0.0004121967652496987
0.005749787893293656
-0.0005526802237288452
-0.0001224532477109553
-0.0027420952183238
0.0004957933125603587
-0.00010663488108520803
-0.0003503318113775514
0.001054939162361961
0.0005900595762765646
0.00025337133294063693
-0.0001288480849746496
0.00017094798227125144
0.00016047139125951914
0.00012708581635637018
0.0007247453266279237
-0.0005267887214216118
0.0004056805607686164
-0.0005934550749368313
0.0026703180650039693
0.00011444810378770261
0.0003491284548736057
0.00025924443152266
-0.00010821219206093789
-0.00034169634314235075
0.00016898158155045483
-0.0001700334520728138
-0.0036089938577101707
0.003890471573300183
0.00018213143116327507
0.0025785219952490306
0.0005158717249239275
0.00014202487021594852
-0.00097293665918244
0.000536580878434276
0.00014284296473133135
0.00023113180907318056
0.00018078918647987255
-0.00012655628263360554
0.00013320881214846995
-0.00011364636195604172
-0.0001297494551122206
-0.0005961612446414633
-0.0002736240158925785
-0.0004976942664394952
-0.0004382221363636667
0.0014137881080418938
0.002135804218881942
0.0001718817837286826
-0.0002396052336134686
-0.00038879116615898207
0.00011577094983270484
-0.0001216498973280039
-0.00011749917298107511
-0.00012062907337982828
0.000219657092066837
-0.00022146759884027697
-0.0001626192805651171
-0.00489838239323868
-0.00012019864996047648
0.002409657363010348
-0.0004907601157354752
-0.00010156202093267393
0.0009054459143881435
-0.000577499417956404
0.0001298788080034636
-0.00010317931759578117
0.0005233967051268778
-0.0002767790727369985
-0.00021222293347837064
0.00016554877722922668
0.0005369654214965477
-0.0013717683815653112
0.0019732800676896226
0.00022079989204295335
0.000321171920274424
-0.00014309554095426655
-0.0004277279637700549
0.000102110658966575
-0.00013635483788899318
0.00013504856608657882
0.0002741656679090978
0.0001738719330832679
-0.004484731741528684
-0.0006163373140596452
0.0023178127959220455
-0.00012545201096671296
-0.0002412169847509558
-0.0007854215897597465
0.00015583541854493664
-0.00047602048151343667
-0.00027389848280166563
0.0004655567694841889
-0.0002688607275005327
0.00018970674663209474
-0.00014656949165388534
-0.0002674882609739136
0.0012460057182320603
0.0010663461630911612
-0.0013276323844253486
0.001003946490841872
-0.0004966502480326483
0.00010410773343524885
0.00013528862898042583
-0.00025566923477130074
-0.00011092173715230705
-0.00015657141261937176
-0.00038334390581190695
-0.003978449025385067
0.0012902003888467354
-0.0021675828837383034
0.00012990536610782338
0.00019527240460521367
-0.000196572543855497
-0.0007216073957605486
-0.00025180661053122587
-0.000511418873668266
0.0004298062172664089
0.0002785575846684526
0.0001789895628444261
0.00014577962012849179
0.00064042390178976
-0.00027503353075479596
0.0003534011482514276
-0.00035356187170354643
-0.0020929592451827427
0.00013090892178933567
0.00022292258815794115
0.0001012605719726489
0.00010649947426478578
-0.000103476720426855
-0.00011368134166483511
0.00018538104882815043
0.0002190389498756713
0.00011182590996949297
-0.003894955528862757
-0.002043243479666269
0.00014148770328253207
-0.0001862685759613175
-0.0007152733899747112
-0.0004805341433237352
0.00014555550351470672
-0.00014043529466533457
0.00036085416807534116
0.00024498976712904674
-0.00016366674824784864
0.00010011416474687438
-0.00041640709267888224
-0.002099407455088821
0.00016545215587265193
-0.00015921182838422407
-0.00022834953323295788
0.00014937038869718478
-0.00011754753839309019
-0.0001368653487239006
0.0006468024118468225
-0.003575578756922584
-0.0019339071905953677
0.00016234008855560615
-0.000663180311349071
0.00045392381359222507
-0.00010523653891205668
0.00014754202670435167
-0.00032639099182074096
0.00011817225350382231
-0.0002889057278395186
-0.00032447138660306494
0.00012079215168494038
0.0001316423626975073
-0.0001011812876726288
-0.0017742102824726384
-0.0008192659290852252
0.00037133692532615646
-0.00013830814338103802
-0.00019972065411700076
-0.0002280937439429114
-0.0001084983608769121
-0.0001367335586845042
-0.00012107662073980497
0.003399046200529151
0.0017426658342600161
0.0005127236215123371
-0.00010416264964054184
-0.0001675739727879198
0.00010974474374375214
-0.0006248010161498666
-0.00044395819570860004
-0.00012005924248876577
0.0003177646756372827
0.0002661988530300229
0.0002825087917839923
0.00017666141722476425
0.00015536202411551065
-0.00018781073304155585
0.0005372545647122258
-0.000995769109449457
-0.001504796396924631
-0.0001824363315710896
0.0002377394020114292
-0.0001356627715354606
0.0006148925117510893
0.00031068226093838825
-0.0031057518586011484
0.0017137297468039292
-0.00021706986762417034
-0.0005825825609601333
-0.0003699670094301447
-0.00019492243005335563
-0.0001413134083022638
-0.0002938832918273252
0.00025469603532292574
0.0001165328994953728
0.00011396341336695267
0.00021938095269384618
-0.0001502302440052328
-0.00012590263499102726
0.00010541778002379452
-0.0016122234652528036
-0.0007478492298396757
0.0003507004918880434
0.00016800194861252732
-0.000134943123198089
-0.00016084204214133788
-0.002970644068763186
-0.00011794283427474174
-0.00164849275120416
0.0005497607474007934
0.000411434465163596
0.00027097737568458516
0.00010341850629026182
-0.00022897065770300924
-0.00010574789574906948
0.00020428467968296963
-0.00016423194425527402
0.0004947715633265648
-0.00018883019029529655
0.0005063257625041967
-0.0015689594245897225
0.00010572227857253967
-0.00010236855348154982
0.00013297665887149817
0.0002136874578311233
-0.0024933813956953543
0.0012541396498953177
-0.0015576601346920598
-0.00010645033400920608
0.0005057132154878521
0.0002505177448642145
0.00029816730888212453
-0.00025485467268274154
-0.0002135268145752818
0.00011919480509435265
0.00018676600194474186
0.00016529472282081012
-0.0002694718493753148
0.00011875801021513233
0.0005947125223945549
-0.0014992338916433828
-0.00013544897187030318
-0.00014728504561988177
-0.00011493460232738412
-0.00011889096488728838
0.00010554280558932832
0.0026171787731266364
-0.0002712765023816023
0.0014776743335576184
0.00013525874060633805
-0.00011553602130231203
-0.00047453282634113273
-0.00037965893659448735
0.00023654896531308007
0.00022297559324734224
0.00010768518779503635
-0.00016938122679074785
0.00015689112803494022
0.00021630243367946151
-0.0006083308030974211
0.00027258106581349445
0.0013119495549908124
-0.00048681600834794245
-0.00010576978671646454
0.00011010342607690295
-0.0001326700890930579
0.002444631792013044
0.0004078155620931009
0.0014079608475457564
-0.00010800390442715009
0.0004509080780644081
-0.0003605706670263468
-0.00022603424503073372
-0.0002275639100868492
0.0001517711136291698
-0.00015505427823668303
0.0001591416333771239
-0.00010890978864941106
0.0014799377256921376
0.00013768015905971906
0.00011142302159047117
-0.0023423263045794585
0.0013412452561408835
0.00010532967726092069
0.00042763267804356623
0.00034802860693762067
-0.00020262769340842357
-0.0002029876356552763
0.00014396738356396233
0.00014819546268983032
0.0001388002029015787
0.00010027520471040677
0.00021197986299139888
-0.0013859080361476844
0.00011572586348644547
0.0001690526117772136
0.00016863783662914784
-0.0001075100241409261
0.0022149251721372324
0.0011968873653601369
0.0004521546355307489
-0.0003989995230490249
-0.00033547894515889934
0.00018759110073371193
-0.0002108858775439267
-0.00014046170559147203
0.00014400625314692054
0.0001283074147611319
0.00011337525471148054
-0.00012672875256004843
0.00028461459863913884
0.0008534905517408003
-0.0004831520923354865
-0.0008864878460005264
0.00016053419252154286
-0.0020948333879430947
-0.0001426786367936383
0.0012034818972369416
0.0002738038908042792
0.0002513558037469986
0.0003240508398038833
-0.00018185543850262288
-0.0001990546046454387
-0.0001233665084424158
-0.00013783261068149892
0.0001133023375550774
-0.00015293525333662475
0.0001876706568491681
0.00011878651336563301
0.00022409162881161779
0.0012559049154872235
0.000292237895925119
-0.0007372714936457772
0.0018221589329540304
-0.0005257689415403257
-0.0010388338604817515
0.0003555904193480889
0.0003098153705362955
0.00017103163515955146
0.00019104726899648027
0.00011752858024349877
0.00013632168418455635
-0.00010024525691523109
-0.00010507150208358137
-0.00012795661309964742
0.00013985317280116024
0.0009673829900675791
-0.000756676529715004
0.0002059670062993141
0.00015821525280490618
-0.00186473747941527
-0.0011173316710086838
0.00033612278606752206
0.0003038305675996519
0.00016052598973378667
-0.00018355983068403777
-0.00010436441990788578
0.00012498330089638084
0.0001172991363313388
0.00011090858244834867
0.0003003743767544643
-0.0011443353979816652
0.0017913870643383892
0.0010679590466032107
0.00031395351043464486
-0.0002887364506313973
-0.0001517769510724558
0.0001773774469869257
-0.0001246662561472395
0.00010268330786064578
0.00029748634828145003
-0.00027424118108989784
-0.0010641493483359112
-0.0017054640111074779
-0.001020763193029073
0.0002953266746570919
0.0002130419187415745
0.00018710542330172475
0.0001423164554775176
0.0001715378509028795
0.0001046641330909127
0.000122059893617828
0.00010309084158530561
-0.00020985622633181575
-0.0009565283623189877
0.0004895256428249356
-0.00011770892220466923
-0.0001642361597854693
-0.001607500216010711
-0.00015772379440476308
0.0009764121867339471
0.00011433057770650721
0.0002763773732940514
0.0002694930244649542
0.00013520739495591285
-0.0001649529925532046
0.00011467936664835257
-0.00015371758176175985
-0.0009467117404502823
0.00044986118452994506
0.0015486622525425456
-0.0009354100995000717
-0.0002643727265832865
-0.00026381833990560624
0.00012804053543696343
-0.00016487448605980273
-0.00010790604955576481
-0.0001257082144371674
-0.00011977115948743808
-0.00017183982010253305
0.00098136222507761
-0.001478463821090874
-0.0008877772262686169
0.00014183855836577314
-0.00024875779594104
0.00011819262667666305
0.0002552913358445757
-0.00011921713116179144
-0.00015447905883391648
-0.00010754108161998482
-0.00018530233687773953
0.0002065256020296241
0.0009280481627290565
0.00010645500274355526
-0.001397682700956617
-0.00020043608379855993
-0.0008601264162224414
-0.0002326456508816785
-0.00024631940496468385
-0.00011236028099306957
0.00014566374848406176
-0.00010252639873020185
-0.00012529154603840257
0.0009389487486952668
0.0013517560765087659
-0.0008185600517027369
-0.00021731161086783137
0.0002386665345392137
0.00010263327910755463
-0.0001482405471374863
-0.000227447502888412
-0.0008781314668178949
-0.00012644819171937777
-0.00010697351805443698
-0.00034896984223920706
0.0005900034175714575
-0.0010818067625611666
0.0007905497570871578
-0.00019455140707891927
0.00022688281046881597
-0.00013614227534937753
-0.00010256481809930861
-0.00015455733630156355
-0.00011240030522268744
0.00010999482065559875
-0.0008289291946806499
0.00020270177947240693
0.0012441927270132383
0.0007364288438563199
0.00011207149518536449
-0.00012387702577611095
-0.00022490907000147177
-0.0001300320011001182
0.00013715910070898906
-0.00020167872336556274
0.0003302458652885815
-0.0004629674407628379
0.00013388748865479766
0.0005627223076714157
0.00014418968868528057
-0.00012503108016569678
0.00011977435845439148
-0.00042168950479846084
0.0008906366424826607
-0.0006699987365272629
0.0006634612927637995
-0.00011427213105376289
0.0001421541520872934
0.0001494703291711996
-0.00014942367184367234
-0.00010403934254016306
-0.00014734061151767667
-0.00013250141588097377
0.00025799890453811564
0.00021488515184992044
0.0004760993839700934
0.00015441709447691602
0.00021273957303003028
-0.00017500750428598566
0.00013005326326873983
-0.00046011176083951284
0.0001172512443128801
0.00048757209665730453
0.0002609649994781263
0.00011269512266848846
0.0005587013077402581
-0.0005109793013628282
0.0007137830264282301
0.0001087892318624089
0.0002365796574445483
-0.0003321906962631085
-0.00012867638891878434
0.00014567018195869418
0.00027641665327755535
0.00012365665226460386
-0.0001470461433575342
0.00019682217795690752
-0.00010969433618804263
-0.00015832057742420712
-0.00011094164869182845
-0.0001504942497804022
-0.00011380655195044004
-0.00011103295488593939
-0.0001849827276871715
0.00014415539947375136
-0.00017274385807014206
0.00019204199945965076
0.00043150960484976484
0.00018549266621265264
0.00036193015385248425
0.00042173537036198155
0.00012215355425722639
0.00013277724660410868
0.0002611525948905723
0.0004213103793926762
0.00019217421226996122
0.00036788883094345773
-0.00015477804051353068
0.0001040125073023979
-0.0007670428067246598
-0.0002713724351047723
-0.00014374727939386368
0.0004628999977440934
0.00013273385406147527
-0.00034107925713501076
-0.00010750308574897241
0.0002880806231415736
-0.0001408694188076606
-0.0001419201817162757
0.00011056088699303978
0.00016061879064192965
0.00010964435387831459
-0.0001130487081945812
0.0001186863482098975
0.00010999304328492099
-0.00014988437197970784
0.00014874841809747662
0.00016410393628920743
0.0001190433687288625
-0.0002343731397917708
-0.00013336717245829915
0.00012177308909139924
0.00025244902966891595
0.00015688982936341552
0.0003742485285766426
0.00024161400038719133
0.00014094107501362157
0.00024110696821703955
0.00010032388772555684
-0.0001083930075763527
-0.0002928378450910768
-0.00012532474128704732
0.00011967928875404208
-0.0002908699508833736
-0.00010494342591660827
-0.00015164525808605402
-0.0002374218001974852
-0.0004138776288908616
0.0001823134277301356
0.00032072069400905734
-0.00019644048904467445
0.00012672128590412383
0.0007370913231167391
-0.0002535975456344104
0.0002463320317594441
-0.00019582033308784063
0.00019949362284559506
0.00010345408610813193
0.00016954867401867
-0.00010456079630927963
0.0001538741912677881
0.00019498806128100398
0.00010893062038238425
-0.00010603104010480663
0.00015031592501312213
0.00011718989052307083
0.00016033995924544968
-0.0004005876245425555
0.00016589207097688008
0.00021334581037920383
-0.00013936956446042927
0.00021619937062126917
-0.00016798002844090805
0.0001538868751458272
0.0001822355487634752
-0.00020198136874710794
0.0001700953146140662
0.000314491091834178
-0.00023050003665903656
0.00022172600656930497
-0.00026127541088213967
0.0006704923990029686
-0.0004614333671641387
-0.0002657825200090031
0.00017446875387880478
0.00015666171400903259
-0.0001431570349920107
0.00018329266782079665
0.0001305039347894481
0.00012671647446694623
0.00013108468364899175
-0.00016572732574425322
0.0003302648866666891
0.00020010037168796246
-0.0002117204799332388
0.00010342745284096947
-0.00011538203568901107
-0.00013701298676876896
-0.00014143762659660962
-0.00023312069135422424
0.00010272834200435372
0.000131448899567205
0.00019636913677348504
-0.00010816446534569404
-0.00014765651165989368
-0.00019528192104438616
0.0001657616098183095
0.00016018636013976178
0.00048313494837104985
-0.00013545967411098127
-0.00018347280889195448
0.00020047802887964846
-0.00011459961686390776
-0.0001521413758863669
0.00010255362469549102
0.0005139454102725285
0.0004050617437062595
0.00013120361800508673
0.00019333677286090186
0.00018802826093018582
-0.00011903233165807083
0.0005190030269233952
0.00011297087044984427
0.0001873588571603902
0.0002518094187042379
-0.00011139222421912125
-0.00020032339600091226
0.00013287035850630978
-0.00019075144033005678
-0.0001339831146386086
0.00028789655106877736
0.00014557836855292336
-0.0002026383098432475
-0.00017251784499948777
-0.0001170988348920045
0.00010883802239406673
0.0001654691374905463
0.00010155636618257808
-0.00010459476190790105
-0.00014561399783665082
0.00011671266139090253
0.00020735490486290708
-0.00013228893130749119
-0.0001773650616128987
0.00013765614273473234
-0.00011931784691561953
-0.00034408763576255336
0.000287595532904032
-0.00013206662648494472
0.00023028767620937249
-0.00027956726622765373
-0.00011629569409171317
-0.0003037898867574262
-0.0002866620255173769
-0.0001003910762813678
0.0002717605341541578
-0.0001092146284154303
-0.00011763290605025739
-0.00023216977984808783
0.00013767561576578173
0.0002860707927185465
0.0003267585478546658
-0.00012532137337640912
0.0004328342163229639
0.00033271105053432046
-0.0002236772234249301
0.00010246465179472396
-0.00015180831557051028
-0.00028170443495381003
0.0001024621914133011
0.00025653323815360055
-0.00010015947642600871
0.00016536589802957784
-0.00017087956496592176
0.00018293680120718987
0.00028876032946544396
-0.00018416785251281208
-0.00033488155694359365
0.00012729684445295157
-0.00030903752772879037
-0.00024270468918044698
-0.00015133276326047935
0.00012192684714068869
0.0002830235366828157
0.00038695403020374007
0.0002904253319222447
-0.00023654384298595594
-0.0002766453593125697
-0.00015342835090961107
-0.0004011400373964646
-0.0001627283976885747
-0.00011748578113565809
0.00012416203131718862
0.00043539260301556185
0.0001690196874163057
0.0002103782669342229
-0.00015382417228174052
0.0002854313265791893
-0.00012271441878862995
0.0001699060269817528
0.0001523432845075247
-0.00011952840982549094
0.00012584077306749742
-0.00015359667228755894
0.0004076781546074901
0.00017035680635585178
0.00011967619429427535
-0.00046575960823227596
-0.00035297639319222993
-0.00010762210314290244
0.00012564240848237843
0.00022849003903057427
0.00014644815849302952
-0.00040511697573210727
0.00022028052542740877
0.0004014342750126253
0.0001515859338774159
-0.00016855970580623237
0.00025765678551518555
0.00013179490105670128
0.00015189543430495125
-0.00012839373293064389
-0.0001456636846417388
-0.00010797696547403234
0.00010716925645267206
0.00021517712257430334
-0.00012613376476852082
-0.00024543690452067995
0.00017582447349333248
0.00019574883648880746
0.00016866049413000555
0.00013770308803346437
0.0001236870702336051
-0.0002973403569888167
-0.00014376243111036477
0.00022766922864383288
0.00011002879331936792
0.00023525312072617273
0.00011538056609449335
-0.00023380877343637645
0.0001403275016289925
0.00011245309929126784
-0.00017198893990772186
0.00011138000577818226
0.0002847409322713078
-0.0002627288185948364
-0.0002902044524092517
-0.0005856639924811607
-0.00017099919987105793
-0.00021093449997005982
-0.0001240344877385441
-0.0003525333415173751
-0.00017048086793459963
0.00017633832822397724
0.0003092693717965551
-0.00016109288485574398
-0.00013945730835653134
0.00016742140982469863
0.0004378374612434196
-0.0001688864074424857
0.00034275681572858776
-0.00036293128616479123
0.0001328577124482773
0.00038593919981016377
0.00012099010845889199
0.00014247068646720205
0.0004852841915504893
0.00010889804733716887
0.00029983548657707744
-0.0002945338766693635
-0.00034387841946252406
0.00017423720439013767
0.00011419973763033429
-0.00011320713294997026
-0.00010793521039606906
-0.00017355036162840852
-0.0001084851799758072
-0.00017998378291021616
-0.00012623878435335625
-0.0008615131717029044
0.00015280716970726075
0.0001743303499974776
0.0001520893398080919
0.00015282783892080228
-0.00026947676022157
-0.0002643856244257707
-0.0003636296433226354
0.00010610757102852704
0.0001444002296409134
0.00010866518738227963
-0.00013546061883434082
0.00010220061733661151
-0.0002172664378434002
-0.0004061138770887804
-0.0006894943617582869
-0.0001276405663784215
0.00011254545429700206
0.0001306072713682734
0.00014221555555624888
-0.00011324061473292913
-0.00013754606154905654
0.00014079818802603385
-0.0006185088278600143
0.0001995846874595778
-0.0002334271136439606
-0.00010314272974543312
0.0001278820880934324
-0.00015140825374011728
-0.00034808044752994996
0.0004936680673449896
-0.00010935049563286483
0.00018487701762914097
-0.00011221458665115941
-0.00014160906666394455
-0.00011001989727659449
0.0001556558032135217
-0.0001356576389525332
0.00014267509725727682
-0.00019106788740060025
0.00012104036888531213
-0.00010441161724425484
-0.00014961166365088695
0.00019729747573285375
0.00017008969221437296
0.00014567236774761666
-0.00016839172527698175
0.00012021677930697681
0.00013636271000274568
0.00015528323831788998
0.00021043977791305272
-0.00012964857512450827
-0.00011422952071936547
0.00014436484263389638
0.00021718689230616683
0.00018569188461975807
-0.00015489472439317886
-0.0002227690573154945
0.00014933239964427908
-0.0001053902372982953
-0.0001663263033841519
-0.00022927685264700264
-0.0001473003544474168
0.0001142700816116098
0.00017003973947273367
-0.0002349391298445254
0.0001468034223047713
0.00012374865825321376
0.0001778980177800495
-0.0002420739486493651
0.00011600112443753011
-0.00015444935438250815
0.00016660084774963442
0.0002493791031653494
-0.00021430757506106263
0.00016116063995874727
-0.0002555459847077328
-0.0001874454658339671
0.00018930052081421995
-0.00025250093361338274
0.00010347503918276139
0.00018613675998811557
-0.00010862033311083808
0.00019766053890411635
0.0002717902942947229
-0.00016807821009956727
-0.00014509165840459029
-0.00020468315074187782
-0.00011988361335033264
0.0002544691144350085
-0.00012700829461999538
0.00023810333109902806
0.00020755062903158675
0.00031301554107697677
0.00010425013635829454
0.0003109826259635781
-0.00014422067566882362
0.00036151123141462636
-0.00010275455427849468
-0.00037297125943219143
0.00039421364554006116
-0.0003078054046443437
