0.23013386158864338
0.5627965817673543
0.16314652381813083
-0.10112366514379298
0.07409011037507025
-0.05741359392451371
0.0473861146296969
0.045940095667860656
-0.04317746228847644
0.03917836834330737
-0.03547951772686937
-0.03370459233490599
0.47730794733628834
0.32150209275398606
0.20910192531792032
-0.018466312637881104
-0.2009693925210153
0.08454700370453515
-0.10068396995743889
0.11132513019313309
-0.10462230412457137
-0.0744537640322462
-0.05898011447716734
0.10874709949766584
0.05730719942860366
-0.02780736129679959
-0.009240620236882635
0.04884062712127753
-0.057998757868901775
0.08786348244425429
0.026541057788848896
-0.03100785437191037
0.002051943544584744
0.009755470338728494
-0.08557158064590308
-0.05588392139782006
-0.020093149217259257
-0.016639958951875852
-0.00019973797224547127
-0.0011223362119540433
-0.006707256666410472
-0.10056770770442536
-0.012323205283143327
-0.0002904210747998769
-0.0005465400340278521
0.020388918793807664
-0.01751658493119048
0.0014083268985891797
0.006608097258559953
0.021753103365356168
0.003817839216731073
-0.008845785877516936
0.04755948871494298
-0.07909828155183707
0.01028204020859956
-0.0013101271467113504
0.006223466334273567
-0.014176734055143948
-0.0008000059083978668
0.0008835993881452326
0.011919105744314646
-0.018655354701301852
-0.007844235898637784
0.019576759296665497
0.049718058471909514
-0.06590345943726217
0.010506173316440139
-0.0003067534839565873
0.0008499420146875282
-0.007105868291284452
-0.013047208838748141
0.002405626430384916
0.0006827946589853925
0.019808345496924593
0.0066075365484145705
0.0008065821018658388
0.00030377804392516216
-0.004870344414142426
0.008499533349100117
-0.033218016773763896
0.06638949484727442
0.01155957041796092
-0.005734271463651061
-0.005039020359432853
-0.0022587166447624474
-0.0009517632920574661
-0.006304406377120087
0.004539011151103096
0.0184860609307316
-0.016935142405388952
0.001035114591415583
-0.007075745120658135
-0.004888700873938875
-0.00029431890663363905
-0.005706693374985575
0.0009998063987565532
-0.0656723803840734
-0.0030317552448754616
0.013418836135190468
0.007163865622178371
0.0011955904278819702
-0.003145201544519067
0.003137423072995584
0.0026057199067870836
-0.016606565809996844
0.008302435224715165
0.003619417767832407
-0.0038130157090032375
-0.0015435361007826807
-0.0006394324997525079
0.0020872283638240755
-0.008187920849665962
-0.007909903111327794
0.005520480558578844
-0.05929320858539082
0.01582989641395316
-0.0009747512278303526
0.0013473246798925704
-0.00013411440339643573
-0.0027960319177562734
-0.0014314960579786637
-0.0034327810768521863
-0.007412348208746691
0.015354194027197439
-0.004049307632190607
-0.00115013725687818
-0.0004404641711598602
0.0007931939086142259
0.00405917972684946
-0.0055244816583491126
0.008583253241056956
-0.003676237802811979
0.0021242051788732098
0.05112747741089664
0.014168654789240948
0.004946921672511681
-0.001034342440105338
-0.004131943703084241
-0.000844457031106789
-0.0023498380579755175
-0.007313145163428669
-0.0009705786104023698
0.010894140832811917
0.010757969718113516
0.012666186760712092
0.0017007018679410237
-0.0038451941746396818
0.0012711828792252126
-0.005152668679026564
0.006425648966280918
-0.004565952562507445
0.003703487055511905
0.0018866460540117387
-0.00593956348443512
-0.021229941460396983
0.04284935644976
0.0018059079499524531
-0.004463875562700147
-0.0017644951767135514
0.0012285476145931487
-0.0037259419499318905
0.00039923486210938057
-0.0017342711812773175
-0.003864179299487333
0.012586591043651316
0.0013134175030088697
0.004256062635689722
0.0014470995832853292
-0.0034419304692385917
-0.0008036477052228005
-0.008502512147017138
-0.012223915726095153
0.004356703834331619
-0.00029161596979016224
-0.0034852169232985762
-0.003857756521567344
-0.0001200960698935617
0.04306310935674378
-0.0012595590227677768
0.0052070771915776306
0.0025972045275288362
-0.000638253233128553
-0.0024908790074262607
-0.003044000946494507
0.0008879214784721235
0.00408260598751356
-0.011198900674232522
-0.003798778569031755
0.001940060737393311
-0.00036449220015841047
-0.00046426448281715755
0.002846101416663465
0.0005814581612477206
-0.007127002090824378
-0.003561230947644801
0.00048265221207007106
0.0012657419726905597
0.001735499453494338
0.000348108907860438
-0.002420381198186994
0.039369166795623814
0.006240085077366972
-0.01058605139561451
0.0031767837838792357
-0.0026586885908724805
-0.00017602742509596381
-0.0013692155320500885
-0.0005570772640980143
-0.0030489020549165184
0.009858999219367103
0.004364149830267881
-0.00042498941434354403
0.002395299176815905
0.0002602242954405585
0.0017328999442727253
0.001673484597087762
0.0034735087165398866
0.006261781319239708
-0.0025097075267840625
0.0005279960211594278
-0.0002584286364952859
-0.0008178682730972751
0.0033185873072199114
-0.003367673800712679
-0.004240517630558828
-0.03516630592203733
-0.005122810437806828
0.0014258758452980807
0.00035652678175788414
-0.0013605067673122951
0.0009877542477776905
0.0016028184354678662
-0.005406285300818055
-0.009912062637746261
-0.0045788798799767366
-0.00883596188849092
0.0025620844561460203
-0.00011196804889555271
0.0023421370214264325
0.002803704499821953
0.0010433585537067255
0.0020727426940772608
0.002070321122944009
0.005027560759558487
-0.0006956578245365238
-0.001675370138125212
-0.0012599270912289455
-0.003164413172773701
-0.004344048735238908
-0.0013647688550906594
0.03228586144170853
-0.0029969881346991792
-0.002005783022849275
-0.000832664058313594
-0.00019428536506895896
0.003760406176675852
-0.0017626567127713637
0.00022409360888677325
-0.0026958595342073326
0.008431637000340851
-0.0015845248692797612
-0.0016096277617203456
-0.001763302458607489
0.0009399190839787795
-0.005102774104327424
-0.008929960180675814
0.0032149185419181135
-0.0043292919270059484
0.0008574022979237679
-0.0012811173068211909
-0.0019488150598694404
0.0015141698874520722
0.0026870932879215774
-0.0019252502127791288
0.003953025404232729
-0.0004662171423022613
0.0010061191257361493
0.0015608031078114364
0.005955889026598775
0.029007798131472952
0.002283973758831616
-0.0013213937660639177
0.002610785631666081
0.002102875427235743
0.0009837664470365034
0.007986395310123217
-0.0011551460973401807
0.00019348712750353217
0.0024504800708218285
-0.0011872663049154063
0.0003554475107285743
-0.0012733963736240002
0.0021016201209615847
-0.001617848557635189
0.004778240505478497
-0.0005596298104389541
0.0020274343526692855
-0.001822120455761425
-0.008572197866498283
-0.003997879709330892
0.0005317663208232451
0.0007361966807046323
0.0035885980828289357
0.0002665165929821995
0.0011062935363065518
0.0010024701678241655
-0.0007636998061569954
0.0033212933053003587
0.0009829956538052013
0.027118050613631102
-0.00117158400999076
-0.002694222770039525
-0.00010818828522173802
-0.0003617870614199494
0.0013519068308709102
0.00023181704564957756
-0.0012276728310261834
0.007315683603948936
-0.0002386777056044776
0.0022640406716283074
-0.0019759476976923497
-0.00014743027042559415
0.0013326853835958891
-0.00024385217438334497
-0.0006934029229026734
0.004651706273402063
-0.00205655268144312
0.0007681010945373555
0.00020498071934350764
0.0009074335995113988
0.0003143364292864451
0.0004309941670583835
-0.0038629834592798155
0.0004420395626714901
-0.0023411007695061637
-0.008480131374702372
-0.001789643882798522
0.0017824867406197459
0.0032072260004342426
-0.024826410207800197
-0.0012114760706666424
-0.002424964514104832
0.0001745346133950962
-0.0004002053558251089
-0.0002967562706250011
0.00025137904415318554
-0.0025577373285140923
-0.0067402367390808765
0.001312725723932533
-0.00038887488997275244
0.0016923017592214188
0.00026716816506623783
-0.0003986126569588868
-0.0003022129144323849
-0.0009825692636303582
0.0022122213942475854
-0.0039205326352107555
0.0011917223518645053
0.0006975074344784562
0.0010077624467457707
-0.00011016243666637757
-0.0013342947096901111
-0.0008677190548066836
-0.00014674491126636898
-0.0031219281215691774
-0.001854729342975145
0.0010278899127952094
-0.0011228900200985002
0.0013105383700943458
-0.008316987537871072
-0.0030494281162811517
0.02294557514470337
-0.00047567439841314323
0.00032606268732225614
0.0008522011810125712
0.0003823749157717342
0.002205403661051761
0.0019783328435482427
-0.0009370865335918354
-0.006265646187622952
0.00039256458198685175
0.0003086940523634451
0.0006691683218964963
0.0006146669944937981
0.0006710625178567614
-0.0013548430374101532
0.0012447777539393078
-0.0020978470280402775
-0.0032535521963395755
-0.0015258659662813728
0.00022134273565294014
-0.0005458623241263674
0.00107408198294679
0.0029765442962730905
0.0015725562823119832
-0.00035471137558926
-0.00015993468213490006
-0.0003606734312885778
0.0007776324949646091
-0.00015776764469702483
-0.001998038701277634
-0.001054152853257992
-0.001380277251369315
-0.021372497857492397
0.0012005948905022554
-0.0015416466162254834
-0.0004801768215010922
-0.0012563949651320688
-0.0056464673363993455
0.004712890643203029
-0.0015639651062685342
-0.0018740646305373545
-0.001122042471372244
-0.005785727876424504
-0.0005835162344405221
-0.00013643826410830788
-0.0003295512260769369
0.00033777664486488873
0.0016947546537259654
0.0011290541975405872
0.003391630618161176
0.0013941913160111829
0.0008014299889572305
-0.0011292552318302393
-0.00018289557276819282
0.0008207242085923891
-0.0016389633974495865
-0.00257382138212918
-0.0005093093150195801
-0.0005681468666903498
0.0001677623914937158
0.0007158069451054968
-0.00013825917308786534
0.00011178904104855492
-0.002182076543112267
-0.001012616025539469
-0.001536493574322836
0.018925154869410096
-0.005842664717301643
0.0010149965464927996
-0.0012441887481787744
-0.0016192222458631784
0.00027415545879966367
-0.0006751617067470072
0.00026205780753162274
-0.0015871311259191222
0.005401045153926849
0.0061548656777284695
0.0025675358328978745
0.0017529951626144022
0.001046484100596972
-0.0015545601139497014
-0.001263057116727433
-0.001368228711424541
0.0004440902247520693
0.0033082079703099683
0.00026246902959755464
0.0002532872636496305
0.00013800725601739012
-0.0004912014479526002
-0.0016018719666482896
0.0003641797514842601
0.00031081838800984477
0.0024454985850428973
-0.001106354587933581
0.00036277554708799
0.00011770976729259149
-0.0018934362672952947
-0.0010272475058676611
0.0014268323602876257
0.0002830299198581803
-0.000566788379023774
0.000823094629444188
0.018397097034740597
0.001062546605985342
0.0014857717592881281
0.00035905261180997064
0.0001950763408032772
-0.0004582311517706819
0.0003573204584388917
-0.0005866125912612125
0.00024973071437816457
-0.005101922509928483
0.0006376634811825426
-0.0006522127903796156
-0.0015270679841292332
-0.0012632470704843919
-0.00160791925522555
0.006406420991271194
-0.001056504090886598
0.00024214317942941856
0.0030878539434980117
-0.00037591626730722893
-0.00024102963198279747
0.0003525466913529666
-0.0013275670046467688
0.00026786332104432466
-0.0002344789255635262
0.00216872378186762
0.0007676046821878998
-0.0005518003213399588
-0.0010220268047936951
-0.0007304748049098242
-0.000608659117551202
-0.00013542738367260625
-0.0006502328781699207
-0.0019215661877406644
0.0009906058994801424
0.000221640226126899
0.00010926827822990671
-0.00014796240532509818
0.0003492518447200921
-0.0008247953451291524
0.017144329031452115
0.000175408534819471
-0.0016118407861449161
0.0006636498175863664
-0.0009516671367854792
-0.0003358069194263324
-0.00113870347688819
0.00474570037986218
0.001172033897511437
0.0009750333549626602
-0.0003867326206865083
0.00035785842332208096
0.00038806549395343576
0.0005677683713591825
-0.0005111052361219055
0.0001968605751302112
0.0031130847642109813
-0.0059158022675099885
-0.0017790519521618117
-0.0009077897006018669
-0.0002613664785623934
-0.0008367628993792408
0.0002535333267589863
0.000857980830676654
-0.0009139119619213597
0.0021118301339642753
-0.00014583783760286053
-0.0012643164597312586
0.0003089242520393456
0.00016953848875343524
0.0003243341554467695
0.0016756164883208059
0.0006881087686133735
-0.0012311373013563613
0.0005098291807466139
-0.0014319191026147314
-0.01584436615577265
0.0021379197418100555
-0.00039258092095330305
0.0007790944463230182
-0.0008392536711555678
-0.0007143711609013487
-0.0005571685592778168
-0.0012754602671862798
0.004372230293988212
0.0004175985340433309
-0.0001404365364626503
-0.00010307944754847802
-0.0003743615508946916
-0.00014310085649866375
-0.00025724276937702045
-0.00036060270890488105
-0.0004985346131884709
0.0025989074278039335
-0.0008988508687253522
0.0012164703266113477
-0.0008101997659900639
0.000993493686691329
0.00047307888515635385
-0.00577563706216075
0.0010328321988133968
0.0019725600284424974
-0.0005048404519603232
0.0002612116164579844
0.0006323502027144338
-0.0009199498421671853
0.00028471197522323934
0.001541539141527528
-0.0004688198197419528
0.0002106313242008685
-0.0007850711158980511
-0.000270714548016057
0.0008528819964139756
-0.0001299223987571744
0.001258733668105666
0.0003558874923411168
-0.01499377094050481
0.00011766274635890641
0.0010124055324558976
-0.0003446610380022438
0.00010664247263470186
-0.00015265957524236153
0.0011932003562274366
-0.000433916730064379
-0.0003658585247518051
0.004119234983518112
0.0002702054963620086
0.00032587164906196036
-0.00025318888553804215
0.0007169259186291532
-0.0011413311148151626
0.0003266022281808543
0.0025155920869986553
-0.0008896086297326067
0.0007634014744835815
0.0001752547580260905
-0.00021352715090673777
-0.0004838991364341966
0.0003349176766185158
0.0019063096888876814
0.0010277755812078604
0.005090929304728334
0.0016767857210428173
0.0008937106065797675
0.0006383068760690636
0.0005553509369501668
0.000541542158947651
-0.0006345342557977858
0.0014150199246627418
-0.0003478693815288041
0.0005950305964204225
-0.000712294574284816
-0.00012172282267355277
-0.0011923117467470235
0.0004115601445197619
-0.0008852086622951044
0.00026838575466545583
0.0015278258222095266
-0.013954536564555418
0.0006245213042698237
-0.0006410573665779544
-0.0011116469850571294
0.0002458424581473679
0.00010736812430759232
-0.0037138119172231724
0.0011258387477825244
-0.0002542287006520584
-0.0006485830706438206
-0.0002828127580221011
0.00027106470997809834
0.0005895229432355014
-0.000926077141209004
0.0009668823823608705
0.00018738976106485807
0.0003195746597271104
-0.002376778917850824
-0.00021097127894170977
-0.00017417499658052682
0.00017428049123774158
-0.0002141856976555101
-0.00020385837139308158
0.00013652924834274376
0.0003581728532580968
0.0017458418101121763
0.0004262952045343497
-0.0009899042865519337
-0.00031569181459826097
0.0006342147900375342
-0.000781810500216113
0.005185922702195519
-0.0013622345527182279
-0.0004301082060455564
0.00023958383974491081
0.0001662114339673003
-0.0004784901262693616
0.00028548638087525624
0.0011582943488692445
-0.0007570742870736827
-0.00036674521718640555
0.00042942904413000173
-0.0010868827575935536
0.013154830344161065
-0.00016841014049466605
-0.0010133138813792186
0.0002920028148148641
0.00010527258179414136
-0.0006131620118733784
0.0004182472852761594
0.0005202662241332121
-0.00012468346084270707
-0.0036202058345164525
-0.0003872145308285385
-0.0007517152612950388
0.0009945299512791658
0.00016108880529588294
-0.0001622631456422061
-0.0014841933980678649
-0.0016999898685218797
0.0003635168488609331
0.0001294895012658141
-0.00020925665714526244
0.0001231143120582681
-0.00022157551699970938
0.00166156639271371
0.0008755037644938893
0.000529178920885053
0.00026628090402727164
-0.00032550560872664865
-0.0006842919338566192
-0.0005403145244283213
0.0012522090862117175
-0.0004777600935782275
-0.000653647957025459
-0.0006016366084416417
-0.0036418028625116432
-0.003021785419608467
0.0009972545134286556
0.0006549642918705971
0.0007263486399514516
0.0010436674246141026
0.00015774127993799494
0.000469720253259428
-0.00017097802746985133
0.012395633036491136
-0.0009101386293255257
0.0006572434918017819
0.0008290504773685794
-0.00022529253645669895
0.0005798591306085777
0.0005225758262358814
-0.003389832731245439
0.0005480971594920113
0.00011992098601189296
0.0009331942793760195
-0.00022627691260479135
-0.00012761844845668595
-0.002086687443478302
-0.0004309930814874621
0.00019897819703991638
-0.00017170037992335512
-0.0005190121790092316
-0.0008474738083727798
0.00033082661753557394
0.0015982763649584405
-0.00026110392516948735
-0.0006277957427689943
-0.0002512802667636716
0.00010962356476674755
0.00011426075155390083
0.0012123885419512016
-0.0002292360718414077
-0.00012815906135045518
-0.00011667140302344965
-0.00042151337727321147
-0.00026287740571176004
0.0007737505000878057
-0.0009962136754393751
-0.004669412211390233
-0.00046378196748367973
-0.0005563733577977308
-0.0002115488531650642
-0.0002340671787229575
0.0003415565663240287
0.0009640155896497109
0.0007611169309268853
0.011662838721633291
-0.00042872060189263843
-0.00021500004052492892
0.0006109371854354634
0.00022568057447974263
0.00024999194814516505
0.00016303419751012666
-0.0032217387933027052
-0.0008581175402969761
0.0001119417153371607
-0.0001311854673551506
-0.00011014000851236064
0.0003531716310494163
-0.00046180753127766304
0.001958635649170646
-0.0003354927286818538
-0.0002260950259896327
-0.0004570334251113076
0.00013743371482790706
0.0008002635405903387
0.0005909593517076757
-0.0014485725697275017
0.00016335622254329035
-0.00032113423382501723
-0.00027235175871132
0.0011409833148243514
0.00017896078625859155
-0.0007279764493809012
-0.00010880192178659705
0.0002312591637319897
-0.00024827695030615817
-0.0004077621559563692
-0.0009241484882224495
0.0005345267908029649
-0.00018649308912439778
-0.00012139726492943655
-0.0005770746299108587
-0.0008168055578270802
-0.0008712983631422862
0.004258767340113096
0.000956694940830292
0.0003137501766697158
0.0003973397632312228
-0.011016770721232194
0.00025513861250599186
-0.0006284802321631096
0.00020437136563355816
-0.0002606240732603771
-0.0008537938178613518
-0.0030278716612916197
0.00018772688894830788
0.00043450832742857374
-0.000446462919815354
0.0002863283127015996
0.0018539920462735126
-0.0001194933474852966
-0.000554531105611516
0.000701825774198236
-0.0005147588323151941
-0.001372625692489225
-0.00020709526375112998
0.0001823182214518159
0.00010033934077075737
0.0010694450159537225
-0.00043042861778065016
0.000683890920699645
0.0002541676881384509
-0.0001098654191538306
0.0002090631105008992
0.00028727246808983673
-0.0005680659717862753
-0.0008746942403530992
0.0001406142853418623
-0.0001345639275344146
-0.00020223408892065055
-0.00017733427740666792
0.0005971493610001196
0.0007040625833812667
0.0003487222455079155
-0.0009177411041160451
-0.004280024943594428
-0.010364011048194928
0.00016385157722644694
-0.00037845109906270305
0.0007882781583730714
-0.0003983364116524789
0.0002034064000736473
0.00019551305095321677
0.0028623436002167646
-0.00021231891799372083
-0.0003486562444598947
0.0003667878534245149
-0.000413302483150417
0.0002825692913822963
-0.001748507034406351
0.00022177789823175247
0.0006883547360612117
-0.00020621347382467103
0.0012926212571225555
-0.00013917090432877735
0.0001276462445814095
-0.00013349872072935683
0.00024393681727258044
0.00040093498390851714
0.0003605887647231831
0.001012468183810363
0.0006348306436589653
0.0004785421106936386
-0.0008277498291952642
-0.00030169577994742234
-0.00016652586499741096
0.00016500032500390606
-0.0001470558399082561
0.0007928950129242933
-0.0005881301255871165
-0.00012449890583994191
0.00021003887885116636
-0.00036544150615155626
0.00975380151976324
-0.0017479491508078134
-0.0017777983155393188
0.003476046886539259
-0.0001513949900318824
0.0006113055053313919
0.00043107284311023734
-0.00025722736519930267
0.00037594399345994506
-0.00010299435601970696
0.002711133825000677
-0.0001415270976747338
0.00016096686330944635
-0.00041358700583884767
0.00021118656447044416
0.000119310401987804
-0.0016742510228260165
-0.0006618521294105608
0.0002797341004570119
0.001218120951817218
-0.0003906121101621955
-0.0003589963011916806
0.00011193394430553728
-0.00010987044965941225
-0.00020696196553024622
-0.0005997962624139548
0.0004401979289323913
0.000945516609317819
-0.0003177373663912424
-0.00023121016073193105
0.0007679884419766626
0.00014381032449963207
0.00010949927165882971
0.0001355692150167671
-0.0005317045967388549
0.0007579831881130882
-0.00027229270929447866
-0.00023022217506186415
-0.00025088565175863703
0.0003144283442341972
-0.0004312935489871372
0.008670564949556595
0.0035337564560938015
0.00033398120207851805
0.000667558634538159
-0.0006001008014515355
0.001529357265065057
-0.00033206659117939553
0.0033527250636429624
0.0003131476815003586
0.0003356557311056829
0.0025458556336243002
-0.00015115484593829882
-0.00022751148959981754
-0.0004542962999827248
0.00015380450562131013
0.0006367107500933386
-0.0015836031860094917
-0.00015558016462410734
-0.0002463666199717218
0.00019300059354104563
0.000119346931876793
0.0003660270821718486
0.000151732996572176
0.001154504799374724
-0.00028378375834663437
0.00018771534407980927
0.00018504812762280273
0.0003473704398517371
0.00014268371328333173
0.00013670165880710946
0.0005183168552047731
-0.00025360739941247975
-0.0009040039046703195
-0.0007412825604706323
-0.00024065338770731597
0.0003284408480959217
0.00019201135096412618
-0.0004785325641757299
0.000301590976450547
-0.0007123509100732037
-0.0003782805921531686
0.0001395851983562973
-0.00017061081333761272
-0.00013880370756359878
-0.0005292290221501853
-0.008865640712541025
-0.000653607556567737
-0.00012994153036598866
-0.00021362464831990965
-0.00015974771332831998
0.0001746578027866456
-0.00021466036226085928
0.0005172463734091676
0.003595962700999621
-0.002233740998847061
0.0007576122474148311
-0.000415741637408625
-0.00026170415226366015
0.00012608146231600335
0.00023153280492261804
-0.0005983132315860035
-0.0003392424344537937
-0.00015793583835847132
0.00022200462957384652
-0.0014822185247840433
-0.0001371271440162866
-0.0002790592821671865
0.0011054305190832223
-0.00038683719275836164
0.00030940873729205445
-0.0004436992034250963
-0.00022723269036716232
-0.0008564015866936509
-0.00012080221229686013
0.0003001158967714272
-0.0007085188943272053
0.00025383690546890603
0.00010866721298948305
-0.00011021437067161474
0.0004869092683248119
0.0003220347259281606
-0.00015132159066850675
-0.0006648690590634779
0.0002928294326043532
-0.0001606458465178512
-0.00012674491058857444
-0.0012726043528134875
-0.00833254232542827
0.0006430422067350312
0.00043821362606312334
0.00010760778117047061
0.00020147049492809008
-0.0003478055077112507
0.0015497891333718372
-0.0017869531818918126
0.00038941339684409553
0.0005001478403612177
-0.0033353366704807256
0.0005814272995092208
-0.00024207371272983306
-0.0002674878628341818
-0.00034492710093170204
0.0013815785103075667
0.00023454426679588502
0.00011092742676404936
-0.00036574567255765107
0.0010462371428976167
-0.0005089433856769447
0.0001740102124505337
-0.00014959785725222625
0.0007927097707545861
0.00024539588805983485
-0.0003044949510835581
0.0006734887300464244
-0.00018181530700475259
-0.000168918276366459
0.0004654370323511254
0.00032899282099569434
0.0006412359833434276
-0.00016869444974150589
0.00011501770489123125
0.0006104970260878884
0.008009112030903773
0.00025731564604532524
0.0004608373522535944
-0.00010531110756703336
0.00025129069380970396
-0.00033659613326709667
-0.00010228534905156631
-0.0022184184580097076
-0.0001976697747391342
0.00015577347624017542
-0.00015441236019711477
-0.0005933389452500808
0.00019871660931641561
0.0005255642277150657
-0.00026786156838943056
-0.0031791733286674877
-0.00045841852012174877
-0.0013109970149984165
-0.00019280354140871752
-0.00030481124057310304
-0.00015328383245023
-0.000991893994873248
-0.0004785673737712416
0.00024410335047697675
-0.0002551888569437064
0.00018241953656242182
0.0007626077961726707
0.00024628943212629895
-0.0006409597493092609
-0.00023854076301198148
-0.0001656958666455472
0.0004422957026252377
0.00018539383173494037
0.00010697544958969063
0.0006075127737981185
-0.00017671122519537168
-0.00020579400897456269
-0.0002148377177233133
-0.0005676595924301789
-0.0004064644825505368
-0.007623547782239536
0.00030067307342325267
0.00024114528048376738
0.00010694314176590004
0.0001790581589326445
0.0021145911093620367
-0.0005281693860005752
-0.0001392876171102829
-0.000162617851532933
-0.00014645234864150473
-0.00019330811530244267
0.0002981159910892795
0.001418117731719779
0.0029363548182623775
0.0008618952035326796
-0.00018798248078593852
0.0004499335902665863
-0.0009356066905429864
-0.00019833702337030977
0.00026744397139107236
-0.0007123974702020633
0.00017468895036767658
0.00017804898940414752
0.0002965983920524777
-0.0004062976606438127
0.0006063375450942779
0.00013349011712925486
-0.0005756108445973785
-0.00020071547828759808
0.0002453947315767024
-0.00012763686184260584
-0.0001663157633339956
-0.0003766493539900371
-0.0005514383197490425
-0.00027668251012162625
-0.007262618393723236
0.00011289632570391796
0.0004950430364461093
-0.002009740663510321
-0.00021525216332537705
-0.0001317140049047128
0.0003428140441742202
-0.0002348473921762166
0.001154762062119655
0.0005219121256549202
-0.0002002182455738075
-0.00018875238811406645
-0.0003515968202201395
0.00013513999416800077
-0.0013918721761582284
0.0015117824612926778
-0.002106659595992177
-0.00042351893220014987
0.00016830856691757735
-0.00019827326883020354
0.0008881318424566544
0.00010749528751170161
-0.00011534989061585999
0.00010572704351975571
-0.00069613233536684
0.00028875575368411037
0.00038339408488653965
-0.0005721368463777934
-0.00019074285019520377
-0.0001408221334051965
0.00022563229783550685
-0.0005489629305246172
-0.00017967247411831898
-0.00011444747013198812
-0.0003256684404052524
0.00011397161959063677
0.00023245634796649996
-0.0005218873913139618
-0.00014598553501829847
-0.006919004695976156
0.00023718418669826008
-0.00015577578884452082
0.0001420560993274153
-0.00011778242193541935
-0.0004698520748689756
0.0019110210260165766
-0.00023118145935537295
0.00022391537924922178
-0.00033669771724328045
-0.00010059006550757533
-0.00024157681266997018
0.0011908930384258141
-0.00022173473629888123
0.0002457959954429225
0.0004975537764974629
0.00011757653693022344
0.0028388651335829536
0.0007563305641157862
0.00021663410018303933
0.00010668315629550405
-0.00011577506784597581
-0.00025549259302039084
0.0006601371054959107
0.0001258786413243131
-0.00036454504999108866
0.0001806000476792377
0.0005429570250372411
0.00013777803657818232
0.0002183254509203003
-0.0001141122526378578
0.00012630091599156426
0.0005102523471642903
-0.00014386326873635445
-0.0002399503003913049
-0.0003408598847501948
0.00048814908849237126
0.00013209083508242565
0.006599462090457242
-0.000354139586647903
0.00018291270798725338
-0.00020872805802363617
-0.0004520842734203195
-0.00013636384307971872
0.0003024717959681732
-0.0018193858366586139
0.00026516782165087735
0.00022917477714969942
-0.00012522534652680543
-0.001124040026477391
0.00012866036752943308
-0.00014355565730374018
0.00040246858321618716
-0.00011704276612923012
-0.00016805938298696535
-0.0008499489645526369
0.0002791932132692614
-0.002654141398560055
0.000122243042415874
0.00026819328196718323
-0.00047422077354223815
0.00017492604501798397
-0.0001367942328249153
-0.0006239354412665075
-0.00015591643858380396
0.00034016198288231754
0.00019263420946269056
-0.0005184215481384395
0.00012145820324024273
-0.00010157291117915418
-0.0004985899107384269
0.00023545979238166653
-0.0003162973032283887
0.0004697211131734067
-0.00017477904017022938
-0.00017947674433216172
-0.00010497640053333185
0.006310338088325577
0.0002094351765955418
0.00042517232007790074
-0.00019110377425887373
0.0001805181025225275
-0.00011334162935310915
0.00012019746434195447
-0.00018811396816519968
-0.0017509683866378282
0.00014878059149036376
0.0010749995721857882
-0.00011982777268722713
0.00040089367097167794
0.0001413771596404841
-0.0007823225162919533
0.0002960008983828338
0.00025180696733601336
-0.00023515743976770633
-0.0001551170596690045
-0.00026830293932954627
-0.0004887953276256269
0.0025502705059055625
-0.0005780257653765339
0.0002285246890041615
-0.0002130530912835744
0.000492373714047229
0.00020785692233481044
0.00047763992905654407
0.0003006833799927308
-0.00014971290278741045
-0.00044612559972143496
0.00011902288567849005
0.00019064662047203206
0.006002240019328876
0.0005685347941684572
-0.00018402226993983017
-0.0002936005550092757
-0.00011222466248212942
-0.00042124254590422813
-0.00025920150091825867
-0.00011949170562604686
-0.0016696163623244854
-0.0003572161867609409
-0.0010345123087398364
-0.000154061335085493
-0.0001803834544412388
-0.00012106161003938825
-0.000261446809477757
0.0007185431376452445
0.00027243282688356853
0.00015527681889538012
0.00019960159576700354
0.00012018640501131527
0.00010669465397993217
0.00013557819502979423
-0.00016991956906894955
0.00048748616741557823
-0.000704462518386022
-0.00043383461406427373
0.002373948049583053
-0.0001258063776736558
-0.00027051458801291263
0.00010393699474775092
0.0004639638706155435
-0.0001997803884603538
-0.000449783391913792
0.00029927003998630336
-0.00012622529039713545
0.00016127415881439912
-0.0004288450875122883
-0.00011745520325029112
0.00016555196604364
-0.00024830260864011075
-0.00578687772534523
-0.0015858993367771875
-0.00016110589796852783
0.00013332148934783208
0.00013548606408482939
0.00012039087234153813
-0.00013639698035266482
-0.0003508030469615084
0.000998601802922045
-0.00023600446045994375
0.00012136165055282402
-0.00011822617657262306
-0.00017540589750793088
-0.0007313604003507928
0.00018108402282601644
0.0003368276249652766
0.00010769495191127519
0.0005742528751891109
0.00012686715648537554
-0.0002734215858329382
0.00225311581905572
-0.0007572446130334331
-0.0002221731964939734
0.00020533514618660122
0.00038673934599872065
0.00015836202625158597
0.00010642994926983718
0.00021629346632442628
0.0004487229272202207
0.00014927135166831995
0.00011717917461015263
-0.00040584812353913497
0.00014755631313475637
-0.0002126856885586617
-0.0001486371647930226
-0.000357756108767029
0.005527468588155355
-0.00017206815802458134
-0.00017666250550857108
0.0015343221597683683
0.00019793195097324545
-0.00027717860954056195
0.0002130284195666959
-0.0008082123696660349
-0.0004727299598457728
0.00015098801555260379
-0.00021618624705359792
-0.00018198633432012372
0.0006960709684593143
-0.00031309246739831114
0.000538997254348805
0.00031515790031748375
0.0002113650237091911
-0.00013750443783662927
0.00016248731803370606
-0.0003495907985471042
-0.00017802725491301255
0.002268085396757475
0.0003974657461756464
0.0001401199573865038
-0.0001574735779938262
-0.0001994110768953187
0.0003529934508750031
-0.00019062214576405942
0.0003889290381378181
0.0001637921204617457
-0.0002361062264154436
-0.000132979030622586
-0.0003510906396831118
-0.003413174230943527
-0.004051685289906626
-0.0001057854627662341
-0.001465193880847776
0.0003086004052817411
0.0001029815873675584
-0.0002090468986073118
-0.00021389870908277098
0.00059568879844311
-0.000679785440087329
-0.00010906325532338084
0.00022912689324682117
-0.0006312892162845738
0.00011168412371859411
-0.00024340212218314358
-0.00020753038421109644
0.00016804521486648782
-0.0001801100795016845
-0.0005164080915548005
0.00010499005007931066
0.00019790898206653026
0.00015476060528809952
0.00023881928147162517
-0.00011382743743697142
0.0004484437234378211
-0.00017220060289941142
0.0008019552234976557
-0.0019957177867597374
-0.00037834306609968855
-0.00028504658267113997
-0.00019328399109898428
0.00015369281284000367
-0.0003704158774342648
-0.0003552449048826256
-0.00014556407590338649
-0.00010416510371349729
0.00020763202695826355
-0.00011849559601684251
0.0003130971911316468
-0.00013844267475288986
-0.0046172398895460405
0.002104133351319474
-0.00010099889777475189
0.0013866324343931261
0.00019686743323691074
-0.0004373478696004418
0.00011977548788202917
-0.0008672557507654941
0.00011115470488579067
-0.0001433755759964166
0.0006275526840563444
0.00037011232816370733
-0.00019175460837678572
-0.0005073422742544927
-0.0001427930745412681
0.0001486538680997823
0.000246611024904077
-0.0004226000060057153
0.00017675476122532528
0.00038440177835859067
0.0005623502288003784
-0.0014972286825406698
0.0010809324265080847
0.0003734281987693166
0.0008172839808624076
-0.0001783015750199813
0.00010900870962601725
-0.0003561990374145458
-0.00019069104862376977
-0.00013810369078448649
0.0003123302582389786
0.0006358417985268923
-0.004821187030932705
-0.00012329512624888067
0.00015551056525729454
0.00023463025065100938
-0.00015049714442648545
0.00028181127976692477
-0.001347010759519577
0.00011833692241790043
0.0001246255275609599
-0.00011736831465549208
-0.0008213501142088159
-0.0001326684248947198
0.00014778792763099998
-0.00015468985572415322
-0.00025243790520170466
-0.0005874962342814421
-0.00020630928766100998
0.00017722361891116893
-0.0001783479776332049
0.00038559845330760897
0.0003136934685553774
0.00017847107552826705
-0.00025982286227579037
-0.00032798278631932697
0.000165505705710864
0.0003054823471720336
-0.0002848151182109894
0.0001276328426906726
-0.000230489637265023
0.000656452220706285
0.0018756276986441004
0.0002626684554710656
-0.0003669499850649246
0.0002458567247176726
-0.00012084845837195658
-0.00010076641153207735
-0.0001932733617604793
0.000265867601807315
-0.00019277141199546327
0.0002750163949346338
0.00010501220560725036
-0.0002239236589480438
-0.00016168459472907438
0.00044671740592302855
-0.004181309819278321
0.001988221307312128
0.00010275597654947047
-0.00020899472159043698
-0.00014401763947372202
0.00020180923822403125
-0.00015627559453434362
-0.00021865966000852066
0.0007990498602753649
0.0006683840882836102
-0.0007406604543753777
-0.0002011887473829343
0.00013278089087900662
0.0001681371485444615
0.00012519144137592022
-0.0008186816046347433
0.0001714584087649517
0.00016244829206390077
-0.00038904676505021826
0.00019739011707873392
0.0004906948116479185
-0.0003000364213410797
-0.00019432984290761892
0.00047634805900164084
0.00017949515909146803
0.00020870739756980852
0.0004233373180220172
0.00016321547186167132
-0.00016987574051724022
-0.00016283662575633105
-0.00013282877444796773
0.0003307068166683118
0.00026729633142119787
-0.0001371919910411555
0.0005727445358425098
-0.0017622053598647454
-0.00026941160191718927
-0.00035721727651153855
-0.0002928683518556938
-0.00025106610844829216
0.0001053959695338075
-0.00030289827753607156
0.00012031391899785512
-0.0001434553982383006
-0.0002768826443379224
-0.00010860247042493069
0.0001448337436031314
0.0001121818340891561
-0.00015275881715166
0.004383581933857117
0.0007950954037271667
-0.00030833093148474323
0.00027284874956464886
0.00016585543823248406
0.00018681799512919
0.00027223621306691304
-0.000261622773218913
-0.0003711370568840348
-0.0001162142830317604
-0.00018838226307678493
0.0012040875022057869
0.0004501080310689467
0.000530546539048078
0.00044063715419871853
-0.00015857703110332065
-0.00025904838199905744
-0.000126164291922957
0.0005633345554827061
0.00030188499722361037
0.00016072566377445965
-0.00025337990778074015
-0.0002744798173677929
-0.00018684122565281526
0.0001491330686375521
-0.00017035884671908011
0.00040971829999710143
-0.00010285452406935489
0.00014177203367784076
0.00017617931987008086
-0.00015205156714131137
0.000248928054615323
-0.00021183708805056997
0.0002174583691194456
-0.0002452258643899099
0.00023847403283388895
-0.00023639292215128525
0.0005519630654073251
0.0010458524455349116
-0.000107117302904389
0.0009955863305695842
0.0009905264385516616
0.0003165854074765294
0.0002452005872770021
0.00014320008357575362
-0.0003429562902050912
0.0002614365335560035
0.00011994104934760038
0.0003821692495291435
-0.00030413573163980416
0.002306844247742426
0.00010331032775735523
-0.0015529809799935204
0.0031119998763641512
-0.0001757330646729289
0.00048121376644307614
0.0001866732977510081
-0.00035260241618283693
-0.0005565821089955817
-0.0011434074286486402
-0.00023015809428391696
0.00012994195821232265
0.00032491908029009273
-0.0005013355986504137
-0.00020576812103508088
0.00021731702902228923
-0.0003226974945352878
-0.00029523630536050076
0.00013803626116528646
0.00013395823410697905
0.0004245423217820795
0.00014550669569655058
-0.0003062117569935891
0.0001413260260996691
0.0003105712160593559
0.0003417236353650853
0.0001476116731548904
-0.0001960743884786721
-0.0002255042239284878
-0.0002867703883805046
0.00021246631550813765
0.00011243979259404225
-0.00014442906935770253
-0.00019994313994979864
0.00031052954558163015
-0.00017918587365342359
0.0002755812099785729
0.0002366801326641989
-0.00012732601857266072
0.0005574382495831789
0.0016461162608249911
-0.00035548838570295297
-0.0001441037901943196
-0.00017138747903318823
-0.00022858323117407213
0.00010707182887578149
-0.00017490915286254858
-0.0001594392419560006
-0.0003601235426795443
0.000381860318177378
-0.00010440285392460061
-0.00016231722626914484
-0.00018486871742962616
0.0002894526627751855
0.0034913408059842523
-0.0002937810827084494
0.0016590190368426093
-0.0003239232395450297
-0.00040544121181093645
0.0009482010948492593
0.0005219589854745081
0.00018696816996591306
-0.0008967434438450058
-0.0006171483696946034
-0.00012334873989046236
0.0001406576978233587
0.0002012558292258455
-0.00012062309939580829
0.00039775151843966095
-0.000601833167052394
-0.00030931338539323455
-0.0002310687925409836
0.0002891410491604872
0.0004126321245216621
0.00013351489240417735
0.00017752517743460335
0.00038524889346420066
-0.00022257957728435138
-0.00019766958696821056
-0.00021369587346279514
0.00029614674523550954
0.00019139731802497828
0.00016496883026279546
0.0002979689231617051
-0.00014885456124437256
-0.00025041513494694135
0.00015643779288963507
0.0003846755245597537
0.00010372828183856631
-0.00159174942445528
-0.0004651851588379945
-0.00030041605110276044
-0.00023990802295129906
-0.0001221555301347697
-0.00022716472816426155
-0.0002703931446294053
0.00014262832848361615
0.00012019583443660787
0.00022842173762947977
-0.00016518502124774929
-0.0010351416128233425
0.0023483920507994653
0.0026940920714747852
-0.00113314753480822
-0.00013350827861956252
-0.00016890734091266224
0.00025119818700041673
-0.0009928135595076016
-0.0005302027050939277
-0.0003728017949008179
0.00016822687490845439
-0.0002341423278860962
-0.00024516431198913226
-0.00034799814001431587
0.00016586442864561314
0.0003126517381786046
0.00045760823596485223
0.00014539981279595404
-0.0001379316639212338
0.0002593921941447179
0.00010647180254859678
-0.00023689353137106416
0.0001804108504319811
-0.00024333271064699957
0.00033754540170772955
0.0001968556250394692
0.0001805114337583062
0.0003306079176165658
-0.00023705070824608587
-0.00013239198852548525
-0.0001017645082261343
-0.00010788981737810876
-0.0003188128171008828
-0.00011304565912818565
-0.00010784646247610163
0.00034759947595423943
0.00017223816186570962
-0.00029468026512955705
0.0003011432228986825
0.0003250494060734103
-0.0005088996963184587
-0.0015336853176467203
0.00013893680340900817
-0.0001809549962663782
-0.00026084440396509075
0.00017953303654428025
-0.00031233517446531476
-0.00019956838067161528
-0.0006553988255011645
-0.00032164800710922646
-0.0002978005620860597
-0.002828376619548344
-0.0022173003332868115
-0.0008381097661595907
0.00014578722580443402
0.00011894104962505225
-0.0005371182522868606
0.000409729866030499
-0.0006931409272804975
0.0002813379784621097
-0.0002689133680858974
-0.00015137719647754656
-0.00010299385222163874
0.0002919422388611226
-0.00028859628327337054
0.0006006649237694606
0.00013661078482375328
0.0002675046834519932
-0.00022091549961722354
-0.0003825184129835857
-0.0003678657050722004
0.00017104006057438127
0.00018513785431006118
-0.00011353525219865988
0.00024072868060885392
-0.00014345717310170402
-0.00010218442916850184
-0.00010962658656012681
-0.00017968624379134082
0.0002412972236562429
-0.00022850937904275018
0.00012589577172998504
0.00027298606786459
-0.00014806827247448826
-0.00012873767435422272
0.0003207000890312946
-0.0012128223604455871
-0.0003923617399567892
0.0007639013082821728
0.0002487626771812793
-0.0004689274011789186
-0.00023929038542174814
0.0001792729768514273
-0.00020819816851730527
0.0001161796444877397
-0.00017226488796862215
0.00010378482150042053
0.00016692373152798793
-0.00044869386222639093
-0.00039822745730575074
0.0003521024915416964
0.0033544228861063256
0.0010416925916466706
-0.00025803299310063433
-0.0001435541260430973
0.0002902008085110446
0.0003628189616914782
-0.0010806580304035882
0.0002452114998875003
-0.0002739619318232511
0.00013623424164255056
-0.00039889365008090983
0.00020375281565956243
-0.00036907124103171526
-0.00013267734308510898
-0.00018456961317018917
-0.00037243543982651614
0.00021496866651723412
-0.0001306191212937966
-0.00015107696437829566
0.00014665713542184693
0.0003437797157713777
0.00013390538300682602
0.0002675613471165649
-0.0001437697945007449
0.0001242607070347379
0.00011980899265586503
0.00023483473411786771
0.00020677085830649578
-0.00019303340974663555
0.00019770613925901523
0.00013825359072192696
0.0003546300045582228
0.00028771643252684104
-0.0008488172366428492
0.0012638171322174603
-0.00011378776786001
0.00017340306208009774
0.00026102103869925794
0.00029814978879969943
-0.00038778635717912974
0.00016015596449321767
0.00012580023602870152
0.001015561700693808
-0.0032824082894809983
0.00022640072608557052
0.0004098190789379042
0.0002681817975889823
-0.0008629838455482181
-0.00017330131622025763
0.0001963551273254777
-0.0001696797990240679
-0.00010318151801121992
0.000638734293273389
-0.00021784111679304247
-0.000434971104905105
0.000207227432776979
-0.00027307112508626096
0.00021884358248077553
0.00023723859967691367
0.00019826177311254266
0.00021227090227269165
0.0001267120788984658
-0.00018964381641448937
0.00021852067351840168
0.00018134563164351027
0.00031139830677434383
-0.001476033508774784
-0.00019829373369487948
0.00010685448226850739
-0.0002336829305708229
-0.00016024524413289922
-0.0005783373986730188
0.0002954804299993238
0.0015667522649810157
0.0016586842626210919
0.0007808132441628724
-0.002128344882130669
-0.0006540375626103237
-0.00019860131580939607
-0.00027467264056797876
0.0009491938549325372
0.0002156828034645528
0.0005336888815740276
-0.00021521262732395515
-0.00028080430007224895
-0.00011055943402808277
0.00039836506602014516
0.00013413541495725374
-0.00014182414806998897
0.0002569431228656299
-0.00011012874481707425
-0.000271910869571045
0.00018309886390214112
0.00021291669255267038
0.00021900503968476197
0.00012099224211166703
-0.00011994294537635746
0.00018355294987593357
-0.0001380434418759018
0.00033748490912711667
0.000242342600352488
-0.001347042669354873
0.0003334043969536844
-0.00010309069350357917
-0.0001191671832908706
-0.00010695047154070217
-0.00017881969280698085
-0.00035265514672989094
-0.0031364912756729362
-0.0006267063991983213
-0.00015788335152048188
-0.00043819038247233996
0.0007106630885582894
-0.0004381672982328326
-0.00041582483129697404
0.00013323023757998595
0.0005105392089668866
-0.0001390751533769619
0.00021870142339090406
0.0003079871224886661
-0.00011055428820109538
-0.00018735709793785485
0.00016758753465962586
-0.00012526125364243634
0.00016737482071863978
0.00012590003693944957
0.0002136398574909511
-0.001387930056110127
0.00011222341829193187
-0.00012019302801135449
-0.00016774333641911783
0.0023832473956802037
-0.00027649952157110145
-0.0020897032500099204
0.0001372818682843759
0.0006295681329526174
-0.00030283822651296826
0.00010553805333320141
-0.00010557795580203052
0.0002899278220421093
0.00030414962114109145
-0.00020750975286421054
-0.00019154589748980833
0.0001114305787678999
0.00020638129562297963
0.000202620745058012
0.00011559702502784995
-0.0001757424357808975
0.0007484735296642768
0.0010921554555327043
-0.00017604678974563747
0.00021705060222595976
0.00010578386657474818
-0.00017489974727962285
0.0005737462082734469
-0.002907237184201575
-0.00030809712922129535
0.0004469563925016771
-0.0002482420579668123
-0.00013332442944592108
0.0003874623269289609
-0.00010942375724814493
0.00043315023262762895
-0.00014861312305638626
0.00027992208749912583
-0.00021937521402799382
0.0002601073589469029
-0.00019027643066234343
-0.0001585956739236036
0.00018874706922236337
0.0005425491023716674
0.0009637799890615142
0.00041722485614318277
-0.00014098804921492953
-0.00017085704101304957
0.000117319497183399
0.00019915898079740538
-0.00013168666247237557
0.00011955785321997118
0.0025624539400688107
0.00016615640653294342
-0.00012861363651416852
-0.0010527954419551656
0.00020747555549361526
0.0005823426826261341
0.0001457071302989811
0.00039946652897621126
-0.0002940832959284431
0.00024326818870412642
0.00024009768110977867
-0.00022817060197234708
-0.0001175848923323385
0.0001833992232777717
0.00010525776623611511
0.00018721150654112318
-0.00243461350082031
-0.0007568472773497162
-0.00014957243229700402
-0.0001692318821085521
0.00043201363272100783
0.00012044249785163899
-0.00032068801846256336
0.00012138971681075053
0.00025553443529977514
-0.0002038379111133873
-0.00016054506109096646
0.0001998396935303616
0.00017789952710786823
0.00010581667976756592
0.00017232490160826305
0.00015824147011473394
-0.0001232269577820987
-0.00012212425335731176
0.00011208349992642716
0.0001002487749312037
0.00010055005332343993
0.00010187784765360346
-0.00010327156806676269
0.00010573158198564336
0.00010114329759637655
0.0001068690987460539
-0.00011426677663075238
0.00010889124389305156
-0.00010124081224797693
0.00010802235040638104
-0.00011278853720906703
-0.000103413945516611
-0.00011131232428398466
-0.00011579144341438143
0.00010422559090521578
-0.00011430675354210016
0.00012400877636361223
0.00011629951122628691
-0.00011678625826984941
-0.00010611120740494185
0.00014443823763230672
-0.00010302307530102253
-0.00018338526759316493
-0.0002080385433835171
-0.0001462122973837977
-0.00018799807365196589
-0.00023385311292651545
-0.000171979094799818
