-0.9865452702211783
0.12864854002248674
-0.044912320015835075
-0.05047689651882362
-0.03388872782180371
-0.017801096504305648
-0.016091354894980446
0.02791905746462609
0.019857797231286483
0.011369588360346631
0.0046561936688913905
-0.021672708715906736
0.007312315995379108
-0.013831497039754989
-0.006929310810140626
-0.000778153629965756
-0.0010426527587604948
0.012527832058578653
-0.012387333742574735
-0.00872087780126662
0.008751479293267228
-0.005996716589917065
-0.0006745726535420171
0.004070424184595893
0.0025634143788538493
0.0002353140588126983
-0.001577805676975409
0.016102682411871554
-0.00205723135588269
0.0004301667667040048
0.00045999723311159976
0.00014072936911052134
-0.006675143831393393
-0.002634698022163763
-0.013479654946276252
0.00039114674037854036
0.000493436664256078
-0.0008664273122213526
0.0006956274060703262
0.0024088706407948655
0.0003079229483691907
0.006566983374066345
0.0009005115429779405
-0.011153150925715458
0.00047182891105872904
-0.0003330978633888805
-0.0009193204094142614
-0.0005198333493865511
0.0008694358231915088
-0.002521019491357695
0.00019825222804748777
0.0005208550849819522
0.00013715021909778882
0.00595750655471801
-0.000659334512235049
-0.0006965311847307124
0.009318310879690294
-0.0004742497648225369
0.0005323870204744822
-0.0001741828738957484
-0.0003573947361247976
0.002478349701503092
-0.00037183558440946076
-0.0003997523939139536
0.00026113883768684036
0.00017918220225817574
-0.005401678029523447
-0.00040984464682073546
-0.007786247753670786
-0.0006264850066175753
0.0005120185565586732
0.000505599359907517
-0.0010899900655064855
0.0020735049939186617
0.0002635266591660108
-0.0004235031955794945
0.00010461477406373252
0.00017117046873304804
0.00024407728777058594
0.0004738474113896213
0.0005809041988139611
-0.004164562434816933
-0.0024311054484811015
0.0007440016377511687
0.00015244261614209798
-0.006560146131052023
-0.0002956336980232186
-0.00021264026447066225
-0.00021795676281568697
-0.002060696525684745
0.0006208042509258568
0.00013143946165139226
-0.0003909831955418357
-0.00033032582637613144
0.0002768597090269797
-0.00011907304691700926
0.00039155242623053506
0.0002912078513949507
-0.0041781184500365555
0.0012068742350542204
0.000805103681360605
-0.00020981560794061736
0.005558027078863194
-0.0003006449277593941
0.0003089692018230733
0.00044694913662924403
0.0019498810250393982
0.0003561987833371505
-0.00014148688071614977
0.00045679452672167415
0.00015316766823665422
0.0002607151070654222
0.00021211585634706127
0.004019572341195545
-0.00039035113688177413
-0.004711510446243777
0.0004321516014449749
-0.00017210501242434078
0.00047636473665776285
0.001727515927016116
-0.0003305340420341674
-0.00022897945059927404
-0.00016929643321108293
-0.00028427012520675657
0.00019293952052865988
0.00038631472283566043
-0.00010197856805865275
-0.0036675942561475027
-0.00021219990188873103
-0.004053709189020694
0.0001859343207972545
-0.0003304516706638462
-0.00021688766217660464
0.001616454251380339
0.00012285742193870683
0.00031795746060437366
0.0001017422870294091
-0.0004047348374783433
0.00017804627579278773
-0.00017827944516359467
-0.0033668772657117936
0.00029558045384563494
-0.00347869855520524
-0.00021477796518770462
-0.0014676719775605642
-0.00013802007927933094
0.0002871596431804985
-0.00024261009462988982
0.0003848129608735775
-0.00013922921841519646
0.00018327129801292102
0.00017065968843421863
-0.0030737301769934284
0.00012941394183060785
-0.00302584500357612
-0.00019846490877149553
-0.00012444680833456387
0.0002740270984756143
-0.0013218248211973361
0.0002650152712860518
-0.00036231132845077296
0.00018647505469396772
-0.00016628247241846821
-0.0027011373146291163
0.0008304307509136945
0.00032532357805571677
-0.002616062769411953
-0.00029526792552374514
-0.00013645660700734364
-0.0012151398858709788
0.00023804035874476669
-0.0001106722959420676
0.00014419694924088517
-0.0003371223159520588
0.00014210153252120142
0.00016797350674768396
0.00013512946071327807
-0.0001374005294769113
0.0026133700960553246
0.0022981870970839023
-0.00016291395163910366
0.00024208215833531227
-0.000357721079570443
-0.0010405312765089283
-0.0001017598357542557
-0.00021578539300337005
0.0003190340678356554
-0.00016038826595273558
-0.0024280944235875973
0.0001993713932281614
0.002016003213691638
0.00012178535093740362
-0.00015129258775232275
0.001000819834943508
0.00020483572513599693
0.00029066287265506774
-0.00013378832202736964
0.0001560517965146974
0.0022475819596709363
-0.0017872049182864934
-0.00013221010209403959
0.0009263761473914
-0.00017929234319897535
-0.0002597946534674573
-0.00013933246296387837
-0.0020873836785195066
0.00010060613820829411
-0.0015786436145985953
-0.000185889131571749
0.0008521262140577053
-0.00016641601932504876
-0.00025177068839243394
-0.0001416894379110127
0.0019346462389208947
0.00016360363109603617
0.0001454670607283028
-0.0014120751178322176
0.0007859790469213347
0.0001498364657778931
0.00023927094843694907
0.000126950143062894
0.00017539407063908385
0.001807268755375206
0.0012606033560988667
0.0007255473198479687
-0.00013827260994514053
-0.0002223770133033029
-0.0001201135674063283
0.0016646419506683493
-0.000335071766859694
0.0011318191500174876
-0.0006648236967425714
0.00012961438580153526
-0.00021049076543208992
0.00011204472936814897
-0.0015439835214635194
-0.00037525860831493337
-0.0010196171847100836
0.0006178486457038356
-0.00011630094556907215
0.00019136189668593137
0.00010600324370493147
0.001491616447174268
-0.0009192759616084066
-0.0005754868695352721
-0.00010864084879336101
-0.00018157793449195996
-0.00010067277746861935
0.0014020608980214193
0.0008331957590034896
-0.0005356650413061245
0.00010068416552813283
0.00016518551281722712
-0.00021860465339300304
-0.001286804176271211
-0.00020155274525161782
-0.0007553193052495975
-0.0004954324536225418
-0.00015581504455851994
-0.0012458061147653755
-0.0006889743154288169
0.00046356642555811544
-0.00015228208306333846
-0.00016019718358703842
-0.001163728013064088
0.0006291093415285505
0.00043461117025468346
-0.00013938456530284614
-0.0011115318973149433
0.0005754355529810732
0.00040918560824794887
0.00013282946141619892
0.00105293123196509
0.0005281659261621983
-0.00038523712567277126
0.00012357609026134844
-0.000997564826284147
0.0004865028671689482
0.00036314131649324593
0.00011877525558614346
-0.0009462824344128301
0.00044258808481141955
-0.0003416534226088426
0.0001125704561034315
0.0009004400784074496
-0.00041321411867220386
0.00032297044740472097
0.00010755649850682555
0.0008420928804342879
0.00014444593129104576
0.0003819858816658575
-0.0003052935032908785
0.00010178183528618024
-0.0001085956549385463
0.0008108296318943651
0.0003537047372266686
0.00028389232744113844
0.0007790715685326051
-0.00032859663299483554
0.0002738682669700166
0.000743997278033356
0.00030538817718720466
0.00025673918391951435
-0.00010007744685779127
0.000710135064501163
0.00028428426948112274
-0.00024703986282759133
0.0001045560999090324
0.0006784936089537217
0.0002648423261028597
-0.0002346268945459131
-0.00011417289835345263
0.0006477496711005901
-0.00024835313360142944
-0.0002237513619818485
-0.000623613160730368
-0.00023237782502024806
-0.00021312022477354642
0.00011918413132692061
-0.0005976925965011058
-0.0002180912825231379
-0.00020343044828504986
-0.00010440511991633461
0.000573923425224434
0.00020489829794296133
-0.00019070504179020606
0.00031719623965394285
-0.0004507982948365699
-0.00019324231158360204
-0.0001842009320956124
0.00013115550804328486
0.00010349631311953736
-0.0002768540204611318
-0.0004514602884316863
-0.00018271802570904428
-0.0001762394692515283
-0.0001365626540190814
0.000509008945344765
-0.00017383457570760292
-0.00016793564391537192
0.0001076988433786981
0.00013611307748586713
0.0004907928494286237
0.00016737066521160668
-0.00015788914371433002
0.00011250156141450355
-0.00010445170548777641
-0.00046435322231292076
-0.0001637580997438977
0.0001500466175889441
0.00014647510206441461
0.00044121141538209195
-0.0001691522818849638
0.00013790583435952235
-0.00011302964500889535
0.00014243843246666192
0.00023646159841813016
-0.00017394085304616873
-0.00032606349166953383
-0.0001514892571820772
0.00011912753377923156
0.00023467474410831238
-0.00035563045058976906
0.00015614912175405273
0.00011490075525456341
-0.00012107780764014761
0.00017333417658072734
-0.00019234449119664944
-0.00011684714552869944
0.0001507981121813863
-0.00016124588360565264
-0.0001027254528076182
-0.00030385758141721227
-0.00010832937204277865
0.00011247788881668613
0.0001276852522209315
-0.00012090313936030962
0.00015655471302132196
-0.00010527747160807357
-0.00025632325956075763
-0.00016431932691244266
0.00013522465417925003
-0.0001321407114095364
0.00010852077663680411
-0.00010366657764231055
-0.00013469705514448585
-0.00020901836318700938
0.00010339993746415576
-0.00012224588332734244
-0.00014990881872510494
-0.0001656640127234616
0.00014392337541890287
-0.00023552072634175597
0.000145421942903348
0.00013366359734636347
-0.00010382243737921294
-0.00017570856636699126
0.00022630717777974977
0.00021145348580585194
0.0001384177342167583
0.00012646504777777043
0.00010123553221033788
0.00012426971366651422
-0.00023289587708458757
-0.00017948988057810245
0.000143622712306692
0.00013501493145427737
0.00024823438211036826
-0.00020865962793969537
0.00013610453514642588
-0.00018532965464708456
0.00030414878292150363
0.00014686494786020474
0.00013625813149060472
-0.00024785209529457297
0.00018957959231834218
0.00015066116388898183
0.00012009152691185127
0.00014395853919432452
-0.00026290873078424595
-0.00019394532404138577
0.00015370723735089382
-0.0001442455936611772
0.0001996108377337161
0.00015799832866428108
-0.000138854995488397
0.00020385622264137572
-0.0001622206861950396
0.00015149243530282716
-0.0002063605416093259
0.00016562393784743697
-0.00014550650112986257
0.000213855176072083
-0.0001697341622102595
-0.0001553296241579318
0.00021935363070989928
0.0001014013507066059
-0.0001743890448346315
-0.00014186073995869084
-0.00022451628575189737
0.00010338143021524341
0.0001780378849805635
0.00016392436899339194
-0.00023034922408024267
-0.00010656998830286256
-0.0001826487905046983
0.00016584313343831047
-0.00023617172384544685
-0.00010873953552544848
0.00018742470836366875
-0.00017264216104248269
0.00024175365587872285
0.00011167099290271143
0.00019243665354806756
-0.00017610220315172166
0.0002462890369816348
-0.00011455205917912305
-0.00019684138079497382
-0.0001881418860828972
0.0002553798094052196
-0.00011735238758380954
0.0002022628047543088
0.00018614951037565521
-0.00026166113251218124
-0.00012067653973769366
-0.0002086881020274477
0.00017171454672942695
-0.00026901136630094904
-0.00012464631412206485
-0.00021346720249857865
0.00011438242970448382
-0.0001699913688966459
-0.0002778468487003062
0.00012830352295885487
0.0002198653890169106
-0.00018910597108789666
-0.00028664086818318296
-0.0001323258434119553
0.00022687818827851533
0.0002187771471715555
0.00029665440325669744
-0.00013533388055500284
-0.0002365933093500963
0.0002280675559464487
0.00033047813532403213
0.00011382017260766032
0.0001194540302467705
-0.00035764059650068635
-0.00040189595031656653
-0.00032434933105272395
