0.7154592056907458
-0.5087959695981198
-0.18820456695467963
0.2672683928606412
0.10035315544195747
-0.1948211778234704
-0.13019993395769278
-0.026679928398657463
0.11520572567145554
0.08096979976611267
0.008874572445812051
0.022165438407285402
-0.06954050847233473
0.04066524462811513
-0.05544568603152205
-0.019835316868495132
0.02264649699676779
0.05682143161113203
0.022668121193680488
0.0506380849109814
0.004649807898800492
0.01082513218742254
-0.00695313074249618
-0.04487439105762198
-0.010719796535845353
0.013131190480545422
-0.0014560109027065714
0.00839627973170908
0.03499906018943939
-0.02449271526813801
-0.03914231230382335
-0.011612387696719592
-0.00861125485134367
0.000952080572363189
-0.002366273517097162
0.03161982414956529
0.003937719620006524
0.031368480766769104
-0.0023224515014861062
0.0014957162666973645
0.030389920599275286
0.0022145337133687624
-0.002582320717383111
-0.0025239146332178652
0.003043967310042312
0.012917241038037252
0.006968700998943766
-0.026190639888658957
0.02549103597830946
0.0010074948457644134
-0.0034304948397090077
-0.00539584260915232
-0.000399766424774204
0.004171124873179322
0.0012171349092302277
-0.023139963940763016
-0.012233387711405955
0.010660659721202267
-0.0004895086409176756
-0.005639904626715192
-0.024061366477472697
-0.02089363754583885
0.000561098617074775
-0.0033619606528648045
-0.004104124784846879
0.0040855877982298545
-0.0006927208432777683
0.0010824269883205903
-0.006953075624653155
0.00017850606712238663
0.005471133656030207
0.0007171419500082087
0.019569776921188862
-0.012660397955838981
0.004900125698948882
0.021351054165921837
-0.016299644165979853
0.0007479271828727375
-0.006904752597731191
-0.0034561971899545675
0.0005187340178320103
0.0016434453224328557
0.0020370304296941748
0.0052088084613936365
0.004173415860292011
0.00451375344712366
-0.0003139346205300457
-0.0019826130355809993
0.000147339031589666
0.0027959137732061243
-0.005811046463237503
-0.020030548324589007
0.0142197341444788
0.011105185382409488
-0.0152304870746568
0.00023095005341556424
0.0035270648294047366
0.001521215662087887
-0.0012877965540893756
0.0010071107973819366
0.0012893575794486647
-0.004293119579115453
0.004498555307485386
0.0026561807670556106
0.0026419924827986007
-0.000530706538527663
0.0007425609983620575
-0.001955092295887252
-0.0043386097151286145
0.006442190363526209
0.020478219052719824
0.0024253833955941214
-0.0068739506650105425
-0.006396759692517589
-0.0003592256837615972
-0.014059896086117088
-0.00035373360192373135
0.001223284337308793
-0.0003266256890157286
-0.001701581554190954
0.00261981690710918
0.003033639209986109
0.004708242081515879
0.0009583965000567704
-0.0005941510078720741
0.00111003781416818
-0.00046074122094472435
0.0020308570713861384
-0.0014158418752947587
0.00019990030800277607
-0.00323705834587908
0.017883683648889096
-0.0065666606887652655
0.01478006009129809
0.0010636157532952241
0.0004050964074270659
-0.0009867683190534484
-0.0004444702029679761
-0.0012512342958544594
-0.0021673038486563923
-0.0030327583287766044
0.0006478129314605988
0.00405130663196281
0.0011872977391520195
-0.000819846525507745
-0.0006315610889704355
0.00131965170837037
0.0014182016981561087
-0.0026773344357545127
0.0007409517896502018
0.010769954985011904
0.010110286369518695
-0.006297835112768653
-0.005033885734022835
-0.0010688848997229767
-0.012912165015284006
-0.0020514778010659643
-0.002086063117151253
0.001771123145672402
0.0027321617684158864
0.00029064532442586895
-0.0037348301564401557
-0.0006802745043253439
0.0004404975555860729
0.001318420047170884
-0.0008249640517199965
-0.001265603038771255
-0.0005265541027975758
0.0022503047941525474
-0.0006275287831296122
0.0014136980894313255
0.0001958683989174487
0.0003722623730621647
-0.012824246485723258
0.0070130751425340155
0.0026250558858460075
-0.0010765024702646673
-0.011905880170568803
-0.001033677305287995
0.0007448824197721061
-0.0005597822570009785
-0.0022009936681762375
-0.0006950219301768417
-0.0032568223098770627
0.0006937558201375264
-0.0006794337886183698
0.0011740446828990025
0.0009393995158117262
-0.0009994440526180264
0.0020318652089305156
-0.0010731391838873449
-0.00018230648316768755
0.00045651361514784545
0.000259599917360252
-0.000861662062867302
0.011168571311501042
0.0017603469102937135
0.006538772265464078
0.000803487556491773
0.0010360469741399671
0.0006635461838561152
0.0007002584066652564
0.0016791939686852987
-0.00017177739969006966
0.010766707295932071
0.0010185278625276086
-0.0015947149616665581
-0.00024064233138845943
-0.00307861389331411
0.001145807782664755
0.0008077818877914892
-0.00035938526931891633
-0.00047549299020762097
-0.0011572346960649264
0.00017767843569291742
0.0012591990283070274
-0.001487192400295719
0.00039340566954379784
-0.0003831806700029001
0.0001731642293203771
0.0004509293355407344
0.0007134288879499486
0.0021946840452987094
0.0018203237719233369
0.009864446211523423
0.00561114397237822
0.001067647291791253
-0.0006211194325174339
-0.0034195825127485125
0.0004242815480116273
0.008749980303185247
-0.003147772285636121
0.0031773095866303247
-0.0005964403639114809
0.0008335989415117975
-0.00016174748526521173
-0.0003043968895540556
0.0005606699061202279
0.0007972687930651344
0.00021909687361448027
0.0007208239719715415
0.0017030916156481647
0.00024202500646314267
-0.0005615190296682192
0.0008558388840415685
0.00030485399747460015
-0.0010717853509761702
-0.0005435000419989545
0.0005446418200558403
-0.00047349575688777386
0.009153552868394045
-0.005024698470451715
0.00014972451595532296
0.0003965858344938543
-0.0009343395291626177
0.0006586783497999713
-0.0008113775775862066
-0.004376285349468035
0.0023077562051275332
0.007676124393925546
-0.002018115042035732
0.001226433501485177
-0.00036359135253860846
-0.000667128150750837
-0.00015965719392921801
0.0006387658527395315
0.001563535715928279
0.00013392904930470997
-0.0005672544976028888
-0.00036066506278974853
-0.0007009559860251249
0.00016313610684612058
0.0002047226031685365
0.0003355113281797044
0.0011314601818580195
-0.0004245702308762916
-0.008068369835165946
-0.001996147156925893
0.004458011350165737
-0.0007034137647939765
-0.000597167098223992
-0.0006657091238406114
-0.0005532327696073514
0.0003684878283552536
0.00030638374984359246
-0.0024864958199993224
-0.00173505997259004
-0.008028101909473877
0.0005156876575009326
-0.0005775999623113096
0.0004543168308715932
0.0004392083876688128
-0.000575047199285216
-0.0004523434975245946
0.0014413749132256909
-0.00014009091420487881
-0.0006356486549918245
0.00039828312150574165
-0.00010455944934421387
-0.00031473570706255864
-0.0010217631036406982
-0.007610042488852754
0.00012259599058811563
0.0002582284695217456
0.003954390406389202
0.00010904724561762083
0.0006567219630336214
-0.0005184823652326538
0.0004977750523865799
0.0002790500693307272
-0.001966319174878498
-0.00014810368816655801
-0.0017247280270626436
0.0006762953211126789
0.001092408192136006
0.002014458310138781
-0.007081070272913261
0.0004213199165435501
0.0005763692585667552
-0.0013184227463464984
-0.0005872823963736037
0.00017795794446017792
0.0002978535064527795
0.0009280518393332666
0.00031525486538923786
0.0003257313517371692
-0.0001569481623595034
0.000543209869640693
0.00022479398282125365
-0.005455106946060737
-0.004248931980977401
0.002932971214029491
-0.0021537773986719383
0.0005829112413118909
-0.0002985832658842755
-0.00011942617926869524
-0.0017151891150505476
-0.0002383850340496667
-0.0016149524366671046
0.0006502692937637505
-0.00032681381686601164
-0.00039315705996624995
0.0015757215663732829
-0.006640223506362364
0.00047305369086502185
0.0003651698911663865
0.0004072305018799444
-0.0012765352359404274
-0.0001359604497342698
0.00022794911275963943
0.00041824324722064
0.00018914120838609512
-0.0008466649151403938
0.000397087520269629
-0.0002802716595595095
-0.0002997843422412118
0.0003243566036286173
0.000840737247921109
-0.006336614450336422
-0.0032320792312450874
-0.00011236089445698962
0.0004180926920736691
0.0005128094169675856
-0.00038532781645183917
-0.0013645406363441504
-0.0003870451549413934
0.0015618058128218423
-0.00028593200888423897
0.0002779893605563749
0.0002846125395788166
-0.00022744406672448633
-0.003923539444140583
-0.004926644848956817
0.0002606535746177906
0.0002911165279850682
-0.0012578921439661654
0.00013790631945385216
0.0003419805231205473
0.0002457530030056181
-0.000281514939622167
0.0007665717597648001
-0.00044396967362601673
-0.0001477119252692497
0.00014399209903378366
-0.00020903683105060356
-0.0005683893862292353
-0.00030659476761843056
-0.005871548874209397
-0.0028881010061664403
-0.00023135061293063104
0.00029315945625474663
0.00037148990627514073
-0.00047068965102105184
0.00020479849073397522
0.00011538124967250209
0.0001376836957169021
0.0012752501264150801
-0.0014769385140961603
0.00023283489189855784
-0.0001630134756768629
-0.0004709546334765205
-0.0010956046252649956
0.0025385060168683516
-0.004945881749599714
-0.001758719222897774
-0.0003483923793562077
-0.0002558352509973182
-0.00013951017701813694
-0.00010040843065613534
-0.00041903508035931165
-0.0007306439467309947
0.00019471507829854035
-0.00017121948649706845
-0.0005355028496582499
-0.0002709826496818726
0.005446944098017007
0.00259677898546009
0.00037541703985135156
-0.00022358428029097273
-0.0003498956652633576
-0.00031210922724829617
-0.0001229636569484578
-0.0011429423847582364
0.001378641175484066
-0.00041256494622657623
-0.0003066273616554598
-0.00022304297935361628
0.00025188964642465516
0.00025147632129539533
0.0008784373822096946
0.0007331533009034053
-0.004344271717017189
0.0030253603113600965
-0.0008004212050487561
-0.0004980722259252819
-0.00036536799317045377
0.0001879601331553107
0.0001262518139315245
-0.0006731799823326913
0.0002539569033376118
-0.00016073220249003658
0.000486309400587429
0.00021264649797212034
0.00031758789651975907
-0.0022638338546658145
0.004505696604614099
0.002244148292457779
0.0008007003201929742
0.0004137761235409649
-0.00017281682783901078
0.00014262916105792575
-0.00017806291380757458
-0.0010306897699783638
0.0012860775897977582
0.0003783273216837903
0.0002053289912771963
-0.0002991971979391415
-0.0001477953027062005
0.00015951707371290313
-0.00016368634318274225
-0.0006262352782980185
-0.0007928342018859286
0.0001557354717276075
0.0049972208406300215
0.0004253244447094237
0.00023439233426803384
-0.0006269176538736416
0.0002315576299476974
0.00019509479720439116
0.0001265656449448203
0.00014939306874487974
-0.0004472652227808072
-0.0002998847505506611
0.004703520766649583
0.0009966864154976934
0.0019368529526538356
0.00021749521577359707
0.00020367946213421302
-0.000959999199533903
0.00015623744489625242
0.0011629302704760337
-0.0004301637523394534
-0.00021157341912712903
0.0001883760516400026
0.00010571323960791758
-0.0005041804748097293
-0.0007550072021399637
-0.00016153004285527736
0.000321350859048441
-0.003565881364196302
0.003000119416082842
0.0003318006715513955
0.00010592276684032584
-0.00020768036910516895
0.0005903420630084156
-0.00020640010867922992
-0.0002834526212145302
0.0004231071638162914
-0.0001454578020172075
0.00036399637803890547
-0.0011545382444861103
0.004218551866177818
-0.0019887116050958374
0.00018280254753190242
0.0001330605595769311
-0.0002088563434955459
0.00012214772669835164
-0.0003343496242432269
-0.0008415975003484706
0.0011079189300801492
-0.00017382847489184208
-0.00023481335028302302
-0.00015039071158318783
-0.0004401787051563404
-0.0007145861142973588
-0.00029193718767996253
-0.00021363109943063917
0.0003245646956548937
0.00014729068721323996
0.004338665983706853
-0.0002396426122346698
-0.00018219774700989997
-0.000577894499296153
-0.00013731280771756197
0.00025495593083959346
0.00011040132515840129
0.00039121177733195144
0.00016207447042829252
0.0003314345118753253
0.00014805121748444824
0.00010242673748655297
0.004000464497192015
-0.0008540194404373762
-0.0018150632871979221
0.00022052690659579415
-0.000277181021093671
-0.00015064047582275919
0.0007711266404021669
0.0010789702225866586
0.00015883648439905817
-0.00044619685371063587
0.0006779525583961216
-0.00018075874799014199
0.00018926355247571902
0.00011921852925208523
-0.00018761648236403835
-0.00018220404046864614
-0.002764841029144211
-0.0028387062902600698
0.0006611344762901873
-0.0007346267983403864
-0.00043335860393314634
0.00023747863313075643
0.0003653492689098568
-0.0001004860666406426
-0.00015835368556313807
0.00014134390595905907
-0.00030495759163059647
-0.00021639961708505036
-0.003835591657594082
0.001657138953510806
-0.00011677199078130093
-0.0002859128329772559
0.0007138518431163546
-0.001006891160243405
-0.00012679869234128512
-0.00010368136495484958
-0.0002761857463978006
-0.00018754177190790549
0.00032069181437995904
0.0006330534833848382
0.0001151792090777657
0.00011790685742566395
0.000448710916933752
0.0003866266054310832
-0.003811312967889371
0.00022014344072774944
-0.00012024457123550827
-0.0003434557861072294
-0.00015826504574705812
-0.00010369175080497557
0.0002874287608344212
-0.00019156373780006004
-0.00017646478506307334
-0.0004192594653615321
-0.0035721262537784736
0.001528342409085451
0.0002688520895783434
0.00013161914391582335
-0.0006581162743194896
0.000583188714320473
0.0007554743889180357
-0.00014387920633112286
0.0002423830489104402
-0.0002714354133078447
0.00010928929843818496
0.0006103903644308504
0.00028463873479330057
-0.00040585255618085615
0.0002054535200005787
0.00021708509678016632
0.003581999847312399
0.00012704975665437282
0.0001571365467733563
0.00032941152685805056
-0.00018679331733948256
-0.00019278937760475886
-0.00018046622135321067
0.003389075888865457
0.0013982297674112092
0.0002605366747332566
0.0001108478516267213
0.00011945651372831847
-0.0006083336939891338
0.0008943268298577374
-0.00016139964340802716
-0.00022153817029110242
0.0002510582976412154
-0.0005718856954795228
0.0002773676166794861
0.0003923190995637063
0.00013300029995244023
-0.00017681661114564838
-0.00026159589473568847
-0.0033552797935060834
0.0001763835710722839
-0.00016727897872760377
0.00011163246091509085
0.00031102476132202037
0.00016680782231928763
0.00025251954743631057
-0.0001192330120473567
0.0002563212065459395
-0.0003896409017379661
0.0031632945528023864
0.001295180019417759
-0.00012813857248451444
0.00014712377472671755
0.0005623113835672191
0.0008476538852038625
-0.00021557543611304173
0.00024016286362699954
-0.0005390515332148617
-0.00010128220845116495
0.000185694644346313
-0.00012154391625008447
-0.00017406979422089243
-0.00037505615104508857
0.00010692622802063197
0.00010714922949046342
0.0031802899248693822
0.00030521954789904397
0.00011655198623652253
-0.00010961852526988219
-0.00023574807534859854
0.00010875685019861913
-0.00022458949440948403
0.003001688604047104
-0.0012257499001083049
-0.0001372436775971409
0.000529623783980023
-0.000818435208305555
0.0002175655233271897
0.0005043220357282451
-0.00012031140109484791
0.00017202293734686262
-0.0001540087581768681
0.00036358321566355993
0.0028961922682968944
0.0007511909834059641
0.0003612678297005512
0.00016304470120050043
0.00014377453926969807
0.00022290074551570657
0.00020960072131874464
-0.00015251819551470453
-0.002844786049097391
-0.0011159766310832873
-0.00018824112646439575
0.0004804448356540453
0.0007574595293783779
0.00011443255102607262
0.00020037400532831729
0.0004824648076360449
-0.00011251185020633431
-0.00016196307025042627
-0.00013653713584398656
0.00034035418615624175
0.00030902193524446107
-0.00018090910574632027
0.00022381918763179882
-0.0002975750510776535
-0.002804898120765448
0.00014104589830489267
0.00013697654447968697
0.00020931718558083094
0.000196961944533292
-0.0001207296717766911
-0.002681728800290598
0.00024460762859870367
-0.001041835449133278
0.00017960978740601206
-0.00044719922045989487
0.00020217132301542375
-0.0006974842246821093
0.00010615397238893417
-0.00018308380327445442
-0.0004573967459179535
-0.00015879097048081105
0.000122311320201191
0.00032186757554701753
0.0001957978484191305
0.0001050605820541432
-0.00022039797829040956
-0.00010923770510270932
-0.002674943157912267
0.00022639609607560417
0.00019597995737431027
0.00018507717221630254
0.00011445179940811341
-0.0025537667757916833
0.000949282626722795
-0.00017911054027162893
-0.00016839270202167545
0.00041690405378210036
-0.0006899872855029275
0.0001760412167063556
-0.00012584969240278111
-0.00043821638904241255
0.00010912586162440557
-0.0003065405750112121
0.00012626480054483367
0.00013194815992835052
-0.00021186581548159148
0.00010840702153441356
-0.0025456402911138596
-0.00018361983216138883
0.00010537379551052617
0.0001767177187693488
0.0024257269958700162
-0.0008966972117089392
-0.00015900669917707022
-0.00010526902716344318
0.0003856546792927708
-0.0006579415148478851
-0.00013853768618884608
-0.00015315442555920476
0.0004129798242741336
0.00010017360623476996
-0.0002907919731822049
-0.00011875899167090116
0.00011135324990741207
0.00019520225150083844
-0.00021527453173703307
-0.0024114843230328004
-0.00016817929177388453
0.00017659932190973668
-0.0023048394843036605
0.0008344176318309288
0.0001627733694045719
0.00036503992621970586
-0.0005981767539736803
-0.0001919195336894302
-0.00013064320284459204
0.00014209302173613683
-0.0002983642094681943
-0.00025989049312165395
0.00011543081467325137
-0.00027761276794213685
0.0001980488036561058
-0.0002702465766172673
0.0022610492534418363
-0.0003435419669442327
0.00014515207941293747
0.000156631733653991
0.00014249287743935707
0.0021930156666914594
-0.0007828919763093621
-0.00033889936182401095
0.0005987440937701883
-0.00012489168189101625
0.0001320002825492355
-0.00037573843497318906
0.00025902970184099746
-0.00010798915314385387
-0.00018778655959926258
0.00017661483160798008
-0.0004221022584295264
0.002149277105582852
0.0001477729124357537
-0.00013393402202838462
-0.00012931479320614132
-0.0020830801925107644
0.0007305550084481967
0.0003192582621189566
-0.0005701084567832607
-0.00011784226995904771
0.00012287711164037966
0.00035764641828398827
0.00025239585378753886
-0.00018002289727475686
-0.0001640920805633289
0.00010670161818500093
-0.0001823124176789021
0.0003674645896477599
-0.002040808384648357
0.000140024839752105
0.00012810035926028897
0.0019895804581658355
-0.0006910292617073259
0.00030090309194643434
-0.0005415548511596005
0.00012354527690096616
-0.00011403454529032763
0.00034031160467623914
-0.0002392886608210624
0.00017075917533756566
0.00015325474023661825
-0.0019877866515215187
0.00013190170340729202
0.00012097267531613051
-0.001902323755783933
-0.0006473571286032575
-0.00010569458104810439
0.0002806689617500838
-0.0005224827580624077
0.00010644826725076031
0.0003262315783449296
-0.00022596576232822917
0.00017134569383864978
-0.00013826362064305622
0.00010115691273008517
0.001891804287801358
-0.00011866709254610517
0.00010267469627849566
-0.0018174523659161652
0.0006079041032641026
-0.00010069201126671243
0.00026172098530994156
-0.0004955774272544792
0.00030878733499988117
0.00021839003831675632
0.00015625840971432374
-0.00013964203324552508
0.0017985972133409852
0.000258404870604198
-0.00010822272611377036
0.0017364749984188
-0.0005726603049410113
-0.00024875598652277176
-0.0004813563830837723
-0.00029805468084587335
0.0002081962696485337
-0.00015027651366675613
0.00012812622439100475
-0.0001424460332485374
0.00015760102139231484
0.0009213958372628656
0.0014643446614750414
0.00010278415833432692
0.0016635863613909969
0.0005390694436580876
0.00010215823759295218
-0.0002344889244885479
0.0004603092313682802
0.0002826869339064663
-0.0001999913759324395
0.000142638481414851
-0.00012460158312493217
0.00012327418970484578
0.000321631982189091
-0.0010737101188884257
0.0002571340491738012
-0.0011814289440855385
0.0002122143243005735
-0.0015940170069932932
0.0005084843010704973
0.0002202985693810283
0.00044835396492073475
-0.00027344109159345735
-0.00019275920900297175
0.00013812475355416099
0.00011852945816054468
-0.00011384181674827799
-0.00157756790814406
-0.00016612640623750043
-0.00033594960920198334
0.0014901195610082336
-0.0004830231045947979
-0.00020982304006083024
-0.0004184491897740566
0.0002603952680490385
0.00018310701041246717
-0.00013150522690135572
0.0001154949337777671
-0.0014259034488372994
-0.000546559763555832
-0.0014650126418578062
0.0004563570717086555
0.00020041744776632238
-0.00039993575904145396
-0.00024949138031152534
-0.00017459248510921793
-0.00011871998095499471
0.00010704190762584142
-0.00010210001316758904
0.0014556885892350975
0.0001760947331903184
0.0014035843678952217
0.00043490845007343893
0.00019199090159711802
0.00038687130124609844
-0.00024014125647974492
0.00016452875094331843
-0.00011667604379502496
0.00010502981930528617
-0.0006542960431233591
0.0009933689897794187
-0.000739501021822974
0.00010513631189614032
0.00011748271002974473
-0.0013465179820397392
-0.00042110238390547113
0.00018488641582529178
-0.0003698001491423867
0.0002204617725244211
-0.0001571931301249315
-0.00013733117954631437
0.0005040310503893457
-0.0010093797728012545
-0.0002502890637793328
0.0006897111743609687
0.00019336647751688475
0.0012720772045532282
-0.00041686831504096926
0.0001526225960386124
-0.0003395784788850408
-0.00021767926067569961
-0.00015284477802147734
-0.00014215425991212746
0.00010735172764621456
-0.0002493612119380847
-0.0005607244752363441
-0.0009013399957017407
0.0004320198409327702
-0.000231971203342739
-0.0003076790052272061
0.0003923673949414697
0.00014131724344706453
-0.00010009916818838292
0.00020461721499222466
0.000615639408739185
0.0009309066649919443
0.0002043833916526287
0.000535138469760497
0.0003597097176586382
0.00018001890701771655
0.00010346774666856219
-0.0002188645599286719
-0.00010912622485877804
0.00010350680957804564
0.00013367719593987702
-0.00029230050749959606
0.0011091210839968531
-0.00017944936632685439
-0.00040659661682873225
0.000192494089748737
0.00028291163763162556
0.0011645726052957395
0.00018205227314894605
0.00025090380740663295
0.000101700377731934
-0.0001538907850132421
0.0002631578099346917
-0.00011856457732521054
-0.00020596876585544536
-0.00014947885582494692
-0.00012570997519277733
0.00010387098826504848
-0.00012703096582906167
0.00011383295138532592
0.00027774936866540646
0.0006294035673992377
0.0009086640387988301
-0.00019658371174813267
0.00014676802910479944
0.000176219575049278
0.00014138832134942666
-0.000463817467360691
-0.00010838107810859933
-0.0008456646200390363
0.0006545386615575727
-0.0003329553670738063
0.00011314769118937835
-0.0001703920344494512
-0.0001427780333775506
0.00010430342083593738
0.00010207526014943047
-0.0001471030833592262
-0.00016071097717386458
-0.00015488939267780942
-0.0004706060751879333
0.00018702371513226694
-0.0007267478677230585
-0.0005599501679929717
0.00018233338292458905
-0.00018609752552851798
-0.00019583551062171776
0.00012555110929442727
0.000137674682694547
0.0008047173242704082
-0.0006604004342028402
0.00040899916055173657
-0.00011036114072982292
0.00012341486219888813
0.00017558259297480018
0.00029986119998728656
-0.00011646213889708902
0.0001684930114757783
0.00011748805565691946
-0.00028243357350233493
0.001013179697321631
0.00026082341085798027
-0.00022469443227020317
0.00011887317672408453
0.000404750124077652
-0.00024123728808243082
0.00013877839763993128
0.0009609744822258764
-0.00014126546096717107
0.0001652901179040724
-0.00012675873283413808
0.00024799028234330235
0.00017163516262602807
-0.00010260187573803355
-0.00012332763194231776
0.0001098680878192861
-0.00012157356486368707
0.00010012536996182666
0.00011195837167163078
-0.00011827227077159851
-0.0001055968561266194
0.00019606535174950738
0.0005482461185039937
0.0008746749056138623
0.00011074992499324887
-0.00034828654192350667
-0.00045722011175650936
-0.0008040734072535001
-0.00017826723498861878
0.00025289199498400327
-0.00018884536586979845
0.0002960866636274104
0.00011510781986735167
-0.000181487650963571
-0.00011029179545050868
-0.00027968056462073746
-0.0009351122231134513
0.00026264409718185835
0.0001621762176759593
0.00015830858327146698
0.0004525623952797134
-0.00035185632141189314
0.0005071023809323462
-0.0006567917504342071
0.0001174357862954005
0.0002635348332770385
-0.00017753907876007016
-0.00011078472329882772
-0.0001200347646797493
0.0002665607625569664
-0.0002448109206742927
0.0002548894604318828
-0.0007495764130979018
0.00046718121997949816
-0.0002107098255933708
0.00010790037802241213
0.0001520535822783483
-0.00029063118234476425
0.0008487578121253535
-0.0001346904364609325
-0.00026739852547821613
-0.00025461862929340663
0.00017993929807434515
-0.00018764546909874147
-0.00015092074142232693
-0.0002959237081701533
-0.00024523620298535505
0.0008452604977057876
0.00027079345406954755
0.0008600164906982574
0.0003582317040419374
0.00011298483989572364
0.0002555791333315915
-0.00014617167371211285
0.00018809230182585687
0.00010606269810841313
-0.0003894968380641233
0.000854466110291646
0.00010259759136858044
-0.00014010047770284597
0.00020988156832190294
-0.0005721942042209461
0.000525119555569404
-0.00043558059166463187
-0.00018116228436590017
-0.00020384365219527876
0.00011282898057542217
0.00011714790767180596
0.0008999401268956899
-0.00013581066244856935
-0.0008671964154948612
-0.00017157313057376833
-0.000146234959516552
0.000888461897581736
-0.0007483330120882554
0.00018472964079817026
0.00010587493228386421
-0.0002913626672690408
-0.00014269653086844726
0.00010562308071352408
-0.0005048576558080486
-0.0006057899486827654
-0.00024519969406298757
-0.000740415494533546
0.00023822554536808295
0.00014232710636064334
-0.00011131909868844619
-0.00010954157610453296
0.00011371088357535606
0.00011570073668719038
-0.00012100936420614435
-0.00010069387109274598
-0.00010153259092105211
-0.00012153255631256503
0.00010282479283347203
0.00010348841101238025
-0.00012196981333341553
0.00010289658495237537
0.0001292981310047525
-0.00010764918020695206
0.00010665128284855567
0.00012893419535554176
-0.00010952182125224687
-0.00010893531960437252
0.00013158156476462694
-0.00010574403205083017
0.00011093450142243385
-0.00013326805624214598
-0.0001125599082686078
-0.00011240584936648155
-0.00013959294673002653
0.00011638498438157495
-0.00011453342286225717
0.00010063677235024077
0.0001549775244918455
-0.00012177059627037001
-0.00011637325567075794
-0.00010402079855147058
-0.00014417269458166494
0.00012323378573346269
-0.00010256460505095739
0.00011736613606944496
-0.00010664616164202318
0.00014463791930345463
-0.00012555132310025646
0.00010678753455064675
-0.00011639823160969901
0.00010919307821172136
-0.00013976083604539744
-0.00010718368158852486
0.00012042923666636318
-0.00012172490259337588
0.00011938765404749315
-0.00018842274517460975
0.00020248725587329613
-0.00021456410207725308
-0.00015653876188297022
-0.00019360067791975217
-0.00025090774905037774
-0.00019111945021777174
