0.5009401401566345
0.40667258198764394
-0.1218749086994946
-0.07172929772786098
0.05129188985689755
-0.0396331591429762
0.03523875084302327
-0.037425230936535527
-0.06654755242953214
-0.5852068827030682
-0.18642663632858372
0.2353217538874698
-0.0034074209729240863
-0.11853484109765886
-0.07449151422391356
-0.1324473105191031
0.08113990905424434
0.02682054174127748
0.09745082234031513
0.06071611474841067
-0.013952468498857017
0.06350912199286157
0.01689145569740233
0.0085657190909634
-0.03864685146240949
-0.08599747953383319
0.03984488296351524
0.004738130637283845
0.0044111353677339215
-0.00793014634709158
-0.003713783956144168
0.08761517897438208
-0.024069261372681047
0.02445217907454754
-0.002588533503216415
-0.0022495073631069572
0.0005340369770571559
-0.0004039940076827805
0.08449207136225026
0.005196766970195981
-0.0012260788652637908
0.014824666154236985
-0.001873174382394185
0.0017708420576239261
-0.004062453370790741
-0.008884959991213304
0.010432405097253515
-0.01125661575862984
-0.038228270939945665
-0.05144997015823081
-0.03824343066535266
-0.0009724306650521843
0.0015533574334028759
0.010958389954406018
0.004310030836313422
-0.001071250345292221
-0.0017564166336771325
-0.004307905553807918
0.0007850723345668143
0.0010584273400966722
0.010797391953479573
-0.003146073035882195
-0.06695811936600231
-0.0015477815920193335
0.0010506950843886882
0.008780173359358486
0.006304886985627732
0.0018925405074189231
0.0007704781069296601
-0.004038479956628422
0.0008367079945824718
0.0005399878240075948
-0.004562763151015304
-0.004573367999340878
-0.020229835300879417
0.0555836496338402
-0.0041425903549852485
-0.0042131945245500015
0.006754645125921091
0.0026765618178625473
0.001278933835830786
0.0008664676102872119
-0.00039378000176366445
0.0059953522257524755
0.0018215970528495406
0.005418414194025769
0.0044549646805279435
-0.001982545813245479
0.004859953368237013
0.003869614011084717
-0.00191708802786494
0.008416011755995614
-0.03876247681906631
0.033837790095561954
-0.005199943990115324
-0.0010265524497237491
-0.002169055458379
-0.005944001304692965
0.0002529536089762096
0.0013037463211912276
-0.004929798367563226
-0.000716117251183895
0.0006809074177846253
0.0005694858915088041
0.0017493733600267842
-0.0005168762751227556
-0.0002288271985860161
-0.009560201873495782
0.005371047902102924
0.0020150743678378404
0.004825828672431271
0.04559685498477139
0.0026084489304827956
-0.004603830924510454
0.00048721344278048894
-0.005216947999805811
0.0003563367113776679
0.0006683176446676071
-0.0016566663747798111
-0.004232192978985965
0.0014553086709286403
0.00014558285831108562
-0.0016463944138609726
-0.0010567212147180975
0.0012103972194802963
-0.001656480650368592
0.0019186642469452625
-0.002428354658918707
0.011166462880773756
0.0357930438873022
-0.019177581979854773
-0.0004658474914835177
0.0003075575467649179
-0.00018646341070587436
-0.005235474480219152
0.0005903035043375435
0.0016413842260912853
0.0006488644252418492
0.003344631423584562
0.002284032941318462
-0.0006951139307431453
0.00033977031841035704
0.0013813269599940755
0.0011533816271901355
0.0010426584476887013
0.0020497987424805226
-0.00043821623348283176
0.0004124343489203881
0.005742226987116758
0.0024265030025211244
-0.005395650392051925
0.03654325088754174
0.0006943480629268557
0.0011767062614928972
0.0038657223040248316
-0.002200899132861584
-0.001306809372089842
-0.005384185868520724
-0.002379942250483623
0.0017679487483619417
-0.0003466221213369511
-0.00019948411174212327
0.0018050764690878479
0.0005820020340333221
0.0011049071089686906
-0.0018621645785605286
-0.0008353393543545943
-0.00024353500347671346
-0.0006748881818544859
-0.0022326435044414776
0.002924600603791481
-0.02974346151195523
-0.014890200810979061
0.0016294796173334334
-0.002041671432970637
0.00025797467298723734
-0.003103649367416107
-0.0011167795560630988
0.0002168242980582977
0.000688783791283549
0.0041089733453752095
-0.00046122630816340145
0.002481112028017847
-0.0018340325383135018
-0.000649991442285025
0.0037316609053031206
0.0019574505969926644
0.002112624472793491
-0.0005328734652170689
-0.0014037466671690314
-0.0005366623967845999
-0.00011868617036641887
0.002532058293825324
-0.0002361384113325456
-0.0006774017009133559
0.002077386207202825
-0.02993348040951421
-0.0024253998196773776
-0.00012160112960285077
-0.00036029501343687304
0.0009437478089150508
0.0027006389958541916
0.00040549663713319243
0.0035724877898552516
-0.0013638914415968837
0.0008471728591105467
0.0006838832938343768
-0.0002526990783301699
0.00043909094344881473
0.00014935440428147473
0.001274804651164011
0.0044201141114948925
0.002376041465435482
-0.0009300618966949707
0.0014531842432343996
-0.0019398156306897386
0.001710863441033716
-0.0016225022099318918
0.0019267318807429411
0.001199390790301114
0.0006709413183987163
0.0024142697810610203
0.026904060267585475
0.0020415056693841222
-0.00017212678888709704
0.002462083532353413
-0.00029418697407399344
0.0005439841131894407
0.0009928082420324576
0.00338506436927592
0.0005966018998767529
0.00040801657952772527
0.0004836150722394589
-0.0005720547217228601
-0.00014393726111563203
-0.0006466077791783498
0.0019586702049337918
-0.0009109771390571147
-0.0008315708163687617
0.0020909842387331653
-0.005139770294268634
-0.0006916128268702575
0.00029699242639633896
-0.0008117333493296872
-0.010367182852894417
0.0202248147990036
-0.005985993526003821
-0.006461845636076459
-0.003613602507226388
-0.002076613132771328
-0.0008307040377452928
0.0007655172076533291
-0.0003159257315050752
0.00039668713706435493
-0.0022638935987314324
-0.0020481444566889627
-0.0006156795250159301
-0.00018587588490125433
0.0007868083083388523
-0.00011874428937069349
-0.0009964754268826927
-0.0015013468957908087
-0.0001361060879301243
-0.00036536773274894124
-0.00041717067321820874
-0.0007845612204051473
-0.0005242099076528745
0.0013255912694382364
-0.0013160932652744055
0.002201050465655683
-0.0029145816713828624
-0.0006543089336241032
0.004505198172837405
-0.006685376784270355
0.021206687289921252
0.0007648446881094951
0.00019257715035850455
-0.0005340190861090764
0.0015580396491390546
0.0014142387265400234
-0.00035616406394634894
-0.000204342868640716
0.0025039743806357984
-0.0014056146055479008
-0.00018273786255521671
0.0005633004490006553
-0.00043190365377968943
0.0003547137983596111
-0.0003555376735212786
0.0005044090202585486
0.0014489996865321303
0.0005859720574496021
-0.00027233595114139835
-0.0002752449884168565
-0.0006687894959665268
-0.0003910150648132313
0.0001486607756590648
-0.0005878837155639507
-0.0011286351466647368
0.00018383402243300873
-0.0003022858852483093
-0.0004685759655877704
0.0010150880194527633
-0.004971758654958522
-0.01749922956578868
-0.004796830695766717
-0.009461302941553647
-0.00042941532440979584
-0.001973629777318841
0.00019156745867434535
0.00015368525997444502
-0.00048767052685158265
-0.0002022071795704889
-0.0026608967579221927
0.00013267378442938268
-0.0005624422062636872
0.0001335858233266101
0.0005018875005657576
-0.0001768893615805638
0.0002039023811204079
0.001496028422782916
0.00031835407393253064
0.0003178939956655937
0.0005310428197429942
-0.00016421634408668705
0.000561583119565308
-0.0010194425715005172
0.00036168393942894215
0.0005824617193861965
0.0009505392876236675
0.0002113878204990113
0.00041012019456096997
0.019069144149010654
0.0017400066354308792
0.0015113321384201967
0.0003305751829850686
-0.0011088098300621643
0.0002521731077601672
-0.0014844261195742703
-0.0021685549373632197
-0.0008705903411016787
0.0020399464066554007
0.0012684662331525296
-0.00025844449766617534
0.0002648758206186106
0.0002058138327004366
-0.0003133500798005092
-0.00017171107024812655
0.00038037092498026436
-0.0010791850040605593
-0.0007686638150074107
0.0005647743801227065
0.00020755072194236757
0.0004457635691734248
-0.00010959808913274981
0.00028251234499801985
0.0003605339467684759
0.0010080716634377701
-0.00025753711146525154
0.0003576195118054463
-0.0004971722728735352
-0.0005750556370042937
-0.00019239829991772814
-0.001613718467187744
0.0008492289794218449
0.017406420243993803
0.0012624468205789773
-0.0006575586061167653
-0.001151118662001536
0.0008901904308788605
0.00017559237778542785
0.00032780584252598444
0.0006768996197593914
0.003229489338715701
-0.00016627306197813404
-0.002145960028802751
0.0002715339793412217
-0.0003555083434845387
-0.0001543928282508008
-0.00015357138111298226
-0.00046137280461253804
-0.0003051232108213185
0.0004330646228958417
-0.0012229372059973866
-0.000519006399153339
-0.00019991464197729108
-0.0002159837110024889
-0.0010207051853799035
0.0002893450783022515
-0.00011859704431491201
-0.0005424818782994462
0.00016202414152173563
-0.0003003269697614574
-0.0009236186470930155
-0.008944520539452386
0.012744256503488578
0.0041205598608427185
-0.0012665434188845782
0.0005322075471789639
-0.00014962345105561648
0.0008895780151436956
0.0004947782135560685
-0.0011757012974914847
-0.00042823160845616127
-0.002499672566872578
-0.0019224652997370082
0.00022330107252581768
-0.0017632845082156232
0.0007914637059099212
0.0005935773937660205
0.00030500108093205663
0.00017905599723412526
-0.0011219982216056086
-0.0003234014165045534
-0.00022023128898196042
0.000134080430195703
0.0003899064661788696
-0.00019616536920747112
0.0005053141081109666
0.000327595814455379
-0.0008159919812547886
0.00018980028301077712
-0.0001628392489836958
-0.00044683015812819815
0.00012326072966644704
0.0001243233825741861
0.0007863140055372836
0.0001327428681124101
0.0005742073143956216
-0.001687090108639933
-0.0035111328162286052
-0.014398949825056398
-0.000543914353738996
0.0002410478401825215
-0.000592942395740644
0.000804774658672834
0.0004595900309403499
-0.00012844441454555982
0.00024107813483093102
0.0024283968672274407
0.0010704159638407823
0.0006725439444896836
-0.0025296524067654515
-0.00044570655951228105
0.00024636917112109556
-0.0009858855537885653
-0.0005794600384290145
0.00011813070685764972
0.00038476670016910724
0.0002687691483011357
-0.00042598084935122993
-0.00035390167277064686
0.000776708762705787
-0.00034526009582788167
-0.00010148493382184509
-0.0002599201798640658
-0.00026710733134342464
0.00011906020925376025
0.0006776979502986994
0.0004128134635581801
0.0009281478102635015
-0.00029794036448086125
0.0006389054528289052
0.013779836689001637
0.0004358257510582861
-0.0002144094366835509
0.00045857608950989687
-0.0006926557163206547
-0.0005568083376183027
-0.00035628050321058073
0.002154724961612323
-0.00020773677439847086
0.00041986439417805764
-0.00028829015733391886
0.0002959321317308392
0.0003870226915515553
-0.0017669070994716684
-0.00023346075347413172
0.0018865942684182866
0.00121876554166261
-0.00017602291731816413
0.0007820150454877284
0.000534141274241775
0.0004577898774545672
0.0001444177592387417
-0.0002449516976093174
-0.0007239751792347472
0.0001589367800810677
-0.00018116774768311156
-0.0003184615605368711
-0.0003543399513000153
0.0006060517721376309
0.0004663426146005425
-0.0001500287888682837
-0.0005060775043930399
0.0004385735954943228
-0.00019661355951224418
0.004547159469519589
-0.012004158823978565
0.0005123409714326934
0.0006730667800633556
0.0005122572123563613
0.0001483220595926974
0.0004060924662784177
-0.0019595131599928687
0.00039074757653062266
0.00025247397159449547
-0.00024142252976204088
-0.0004196775532779339
0.0003265669847027291
-0.00020304970834868254
0.0014251967513656716
-0.0019601235808790183
0.0005633993480325751
0.0015087254924267546
0.00016636710064926602
-0.00036412338559533674
0.00011849134935377459
0.0007114280770181607
0.00033559946964925905
-0.0001735550589374524
-0.00036290841425239557
-0.0003271525464194664
0.0005246823215037968
-0.0003765450798853206
-0.0002814416524200624
-0.0004735650525107975
-0.000674128230186215
0.0005368950610019074
0.01177184454846123
-0.0019482649053096162
0.0005685701998429067
-0.000682990371590432
0.00023312476644859445
-0.0002118509870888874
-0.00036477925614282567
0.00011510074704129405
0.001792060779959333
0.0002034038844461655
0.0002378872334594663
-0.00030511014384082487
0.00029658113255469327
-0.00014000138565173028
0.0011187360480880754
0.0003330346596498034
0.0002632427912205736
0.0003842635206729752
-0.00010443284454784426
-0.0014935407784925664
0.0018902946260034358
0.0008743054241084515
-0.0005207899431852503
-0.0002248223396839882
-0.0002449071138386227
-0.00044509908203211164
-0.0003382125344886294
0.0005160559275006891
0.00018159221463924418
-0.0002905714178803235
0.0003572090013950523
0.0002273527764213107
0.00010945956343772367
-0.00020478441710717316
-0.0005386903989508419
-0.0003822038346482264
0.011101706315742907
0.0009998220918790517
0.0006118570136041932
-0.0002839553382843809
0.0006030157448242797
-0.00014953862004828702
0.00038442918759968865
0.00013022179471426754
-0.0007027521161703305
0.0015657363894983583
0.0003316153105273591
0.00017107635984076972
0.0004525704971223261
0.0009486710150514742
-0.0001984151411913049
0.0002997251507172553
0.0004719216081528302
0.0003522954202005305
0.00012809006473191062
0.0010543000028327579
0.0014140275363146494
0.0008749214304942585
0.0011809128801801955
0.0004023424320354253
-0.0005202562883089706
-0.0008253086391254747
-0.00028452371935750104
0.0002638284841325887
-0.00019788546031696192
-0.00044197341902150843
0.00040633309963192086
-0.0002306540570041565
-0.00047701568849524347
0.00047233726542433364
-0.000658262417252439
-0.0029304695537790224
0.010008580585089844
0.0005148653790653161
-0.00031420280187455897
-0.0002415214344903417
-0.0015665377001829073
0.0004913208629628008
-0.00010933119456037606
0.00028521333597479316
-0.00027777278084919967
0.00087139018626945
0.00030700664098752263
0.00020295974530921843
0.00021969560561594157
-0.0001950931827613543
-0.00013575894366893833
0.0001535079846587989
0.0007867323380653802
0.0006950038402803585
0.000609505295281606
0.0021267005092827852
-0.00021949376164839688
0.00033348040855494274
-0.00011412323638197722
-0.0004801824552749449
0.0001438942041719644
-0.00010073428463105686
0.00027727928657900365
-0.00020618511938504745
0.00030439890492976263
0.00038026528655406863
0.0002716723154222321
0.0006025642075902416
-0.0004934828873941726
-0.0002657933931448342
-0.009710285133014791
-0.0009942062376251315
-0.00033423818721106083
-0.00030191679059468645
0.000533199432022385
-0.0001348947631286176
-0.0001594667947217677
0.00013944408814881116
0.001533411356990601
-0.00016295407182630446
0.00029967061357287733
0.00014487422909401876
-0.0008460551769443981
-0.0001818653997165426
-0.00021957776474518744
-0.0006786893111191262
-0.000254605706434023
-0.00018311505210534686
0.0002001547042390168
-0.00018754394623852924
-0.0008028629883511574
0.0017031468959442606
-0.00010339992775639632
0.0011408728168152073
0.00023912682442718682
-0.0001770040239732666
0.00046162191793792175
0.00028317914794824317
0.00016096094212096488
-0.00042018116447291705
0.0002505921072039739
0.00021237621934167122
0.00039060737149186945
0.00017657160386606708
-0.0003380190119496646
0.0007547814448557108
0.009169156486035128
0.00021841603920688647
0.00010453615342808202
-0.0004691199456828133
-0.00013368349125227684
-0.00013504290754636422
0.0014271411173766698
0.00030885176545813
-0.000249692105476713
0.00013788795137289732
0.00024987494670504587
-0.0007349515901499903
-0.0002940593047957274
0.00014190921990408494
0.0002822954551240949
-0.00010367267612819679
0.0005711081325842921
0.00014137055025265907
-0.00024271927573577492
0.00022437730677885535
-0.0002858338215926493
-0.00019259645076490949
-0.0004642606255295088
0.0008357877777523442
-0.0016444005226471502
-0.001123309312017475
0.00021763408659071482
0.00035712377980236183
-0.00019059235977466309
0.00016587991592956672
-0.00020042840948665753
0.0003507472949173868
0.00011859388812910567
0.0007963660068194104
-0.008608024518876716
0.0003408934030205744
0.0001031863262131764
0.00042304049517831796
0.00023990023687771932
0.0001695323081726297
-0.0013337140252866922
0.00030258208794987186
-0.00023992492942214436
0.00013504149462637124
0.0007928316986919271
0.0001212247008768741
-0.00027355155088289434
-0.000557944180511673
-0.0001685996603325118
0.00010219652175816252
0.00014558989851025907
0.00013368716974557432
-0.0004813346926660877
-0.00048223093211703644
-0.00027952319396225354
0.00031723565268521026
-0.0019526551287505228
0.00020997882549208228
-0.00016182247071199463
0.00035710739993845053
-0.00022909253304655245
0.0002148558739029499
-0.00031019018312458755
0.00011036044073825735
-0.000194538395705763
0.00022046556536529577
0.0004511644714955878
0.00043165904979455794
0.008118422277984861
-0.0003640982733582826
0.00020364156154523407
-0.00014027461492100265
0.00020045586494723882
-0.00041946606852583335
0.000692842850970205
-0.0010806966107445729
0.00030936660622247466
0.0001287260839141823
0.0007328824084163024
0.0001543712447152826
0.00022705970821191348
-0.00013357861641396406
-0.00012752354415391376
0.0004970561941930137
-0.00011687801090617705
-0.00013097608714464004
-0.0004286567193441199
0.00012900298624938882
0.000264971383385326
0.00013455364491476583
0.000206845912945809
-0.00020374864750116988
0.0017918342916687447
-0.00011792788764049021
-0.0007781464563840602
0.0004379586463494222
-0.00029095013706899114
0.0003327294931246207
0.0003156006809233936
-0.0001735884923636268
-0.007673044846408391
-0.00046994282617566515
0.00037366842710169197
-0.0001041022489453655
0.00025932306498985583
0.00014416998270662507
-0.001212150193979449
0.00011393495560155448
0.0006383432620094358
-0.00018910258659459703
0.0002518432409011608
-0.00019584081747384924
-0.00010345077230553466
0.00048192501818992647
0.00017546754763295093
-0.00010949961323568775
0.00010464838475337207
-0.0003971892292620693
-0.0001907110329268982
-0.00010880931491698848
-0.0001832979755300433
-0.00018567784498218484
0.00013775378912216614
0.00041842654898179726
-0.000728287503444292
0.0009182744047186575
-0.0014908473001392453
-0.00019784921902030517
0.00034767741642297045
-0.0002678323902883468
-0.00010066737739093937
0.00018199721526902224
-0.00543248738323192
-0.00457446899204488
0.0015169825460819345
0.000156195622306182
-0.00034728336750088263
0.00022620138196730515
-0.00013242738364652312
-0.0001015564316789163
-0.0011494078107698042
0.00012725978721993576
0.00014389743350180868
-0.0006610532807916624
-0.00018984945194257526
0.0004853331200819249
0.0001082090243996944
0.00017777247182118223
0.0002810592834773325
0.00018947030669952994
0.0001937335377961304
0.0001625694718911971
0.0003428796165077045
-0.00011887997848999675
0.00027506986547279675
-0.0003812475384574815
0.0018174198300392962
-0.0002786842876173858
-0.00057010353623058
-0.0031098391346908384
0.006104851918529558
0.000171853105446694
0.0002589927713829005
-0.0002913644225165513
-0.001090496980419794
-0.000188421600557467
-0.00011035528634070136
-0.0002476244726618554
-0.0005843768286833195
0.00013972104752654687
-0.00012061803371963703
0.0004494218415514927
0.00012194218072062819
0.00020431759585585487
0.00033936576872637314
-0.00029021466296101146
0.00015976728314661008
-0.0001850275300029659
0.00020097161922802648
-0.00034311143820615913
0.0016794240463976157
-0.00023757105524604036
0.0003899003943885388
0.0002473856590325054
-0.0004678496489048795
0.0004651860867968749
-0.0003701751689809776
-0.006464020529549842
0.0003203593828889179
0.00024011837949601455
-0.00017660363809429724
-0.00032305044469600264
-0.00010550899439407814
0.0005671761279512297
0.0008817291299043901
0.00018241435763425543
0.00010172462223503351
0.0005839696058785675
-0.0004162590677470276
-0.00013046966516258536
-0.0001817265214429463
-0.0003176549697039236
-0.00025428869539227314
-0.00014399839993088073
0.00011563684491580437
0.00015131743577756864
0.00013719175039706862
0.00014282733460172322
0.00028662999064469236
-0.00010414706658165572
0.0005371919667296143
-0.0011708766324858243
0.0009362408210769387
0.0008603766846716305
0.0004924643901782726
0.006135168237136165
-0.00015084706977926875
-0.00030196497320748617
-0.00013830340228099727
0.000994986214107976
0.00018394540075188724
-0.0005606834510251564
0.0003989317084091396
-0.00013947403787077704
0.00030652985980398695
-0.00011269060667324528
-0.00024182470758109085
-0.00015624501245089075
0.00012629029142556663
-0.00019927563597064285
-0.000110001631701088
0.00010638715567120182
-0.00013669152205617266
-0.00013818718745875613
0.00022499915388185355
-0.00010482286293884863
0.001835852533551615
-0.00026761149460816243
-0.005808028012882205
-0.00030320298635898914
0.0005818669314095366
0.0007248102772023906
-0.0001776202495572199
0.00010349421963933898
0.00014697391387521064
0.0005316207006468516
0.0003884025748681058
-0.00014219452110031034
-0.0001230123967586232
0.0002750094770897166
-0.0002372470613186522
-0.00016828744723592273
-0.00016164031146211804
-0.0001303650634757466
-0.00013015902666029856
-0.00010733790169180574
0.00019332396670736248
0.0002998262010117034
0.0004907878690038768
-0.0018659955800469663
-0.005467701532723006
-0.00030438665158684727
-0.0008998578098931971
-0.00016049728784572854
-0.0002413142288744386
-0.00045964766163208857
-0.0001401682167111819
-0.00037464319664702643
0.00025633967194686643
-0.00012615782105465515
-0.00010114648261324663
0.00022701746802427684
0.0001476716013776
-0.0002254151014407961
0.00014152177594476068
0.0002107679260250684
-0.00013823439017644835
-0.0002479014459573854
-0.003136804344236116
0.004541571201846093
-0.0003286839759128514
-0.00030932042697365633
-0.0008051790680962589
0.00048455261397683863
-0.000140394987177726
0.0003453916119661508
0.0002700233571600134
-0.00021605770274747097
-0.00020827204495783586
0.00011667476440271803
0.00010708671324244728
-0.00022424169411598943
0.00015734826541250512
0.005148561213293821
0.0007613765542449141
0.0004251827779975304
-0.0006437348681182921
0.00039934325778176076
-0.00011708607949119186
-0.0001325363153276885
-0.00013417927522711096
0.0008059175400194233
-0.00045409096314734225
-0.00014054921043176447
-0.00033155431937739396
-0.00025644258746022517
-0.00011936053255229607
-0.0002066199716923526
0.00010196692254499475
0.00019982779354036197
-0.00010474113754120886
-0.00019293304637157753
-0.00010693908522596378
-0.0049259329690193275
-0.00020361522012324142
-0.0005525102551162137
0.0002505541089543063
-0.0008665866503376862
0.00010915699920076496
-0.0007550802605767984
-0.0001365305769308209
0.0004156020076784129
-0.0001546423792010913
0.00031579734159821395
0.00024212825829148462
0.0001001612024209234
-0.00019880831920464107
-0.00018871217614194424
0.00011496205607629141
0.00016891632080586039
0.004680606394255629
-0.00018223177509263147
0.00014431600836974792
0.00014716690822635063
-0.00013066668253759313
0.00014520275529643202
-0.0002458722763265072
-0.0003845625467765715
0.0005774895510412127
-0.0008329879748387995
0.00021292719089640528
0.0007016671697318079
-0.0004215971427403572
-0.00012048521111127085
-0.0002496825725997203
0.00017503395901002363
-0.00021640622316987558
0.00012782437937541172
0.00014185793763563082
-0.00012404446516538973
-0.00018248129996167967
0.00012943400407352935
-0.00010177129852192456
-0.004461622966216299
-0.00010083198953381777
0.00015691176796242632
-0.0001609584853768885
-0.00018513981043915152
-0.00021451039406240023
0.0010995586132355854
-0.0006833309036344419
0.0004047909473458884
0.00029082810839218046
-0.00022516496991687148
0.00018108396188820788
-0.00016734729413854507
0.00010087649725065926
-0.0001601918958932327
-0.0003610264168807477
-0.004245092077963722
0.0001646682465182698
0.00021423295722389584
0.0001692271151915539
-0.0003774572654698278
0.0005994306432650536
-0.0010130503377876136
-0.00031400400599164354
0.00011361248200660292
-0.00012752506705684442
0.00012727687807313268
-0.00038666133000782007
-0.0002764908281763329
0.00021371353778995323
-0.00017093580529415833
0.0001776483927327093
-0.000139766147862129
-0.00013712362427393594
-0.004064850335917622
-0.00013542268380182599
-0.00011133743587339384
-0.00012421217249003637
0.00011134838863182386
0.0001272781184424526
0.0003158739214069831
-0.0007906740557005388
0.0004281144741955087
-0.0007238452467122039
0.00038915133629785227
0.00023726802529145543
-0.00010317164611461734
0.0002273815120796249
0.0002970591480168404
0.0002643574033684354
0.00020117899872432426
0.00010548690704211716
0.00010094788080125473
-0.00010541624643217448
-0.00016849762204923567
-0.00014122139577420138
-0.00012342192837460183
0.00011520659132389134
0.0038251872202438534
0.0006912210775600502
0.00018590145600926597
-0.00021663362148087548
0.00015281415605259256
-0.000402976347848768
0.000576784956753233
-0.0003650703384240558
-0.0004980207386451686
0.0003078559275807194
-0.0006835336114811092
0.00021716576667544325
-0.00018736679054261779
-0.00024288636694481583
-0.0003002447581157785
0.00011597888146761015
0.00021927252622071095
-0.00019030285365147058
0.00015891081581785986
-0.00010950633237440928
0.0001294801106625313
0.00010207059778244096
0.00010019482227473572
0.000135873129214693
-0.0037043139671655858
0.0003045033955018405
-0.0001368033944547743
-0.00020446644097586776
-0.0001124845904185075
-0.0006294647464520992
0.0004602034039640167
0.00010885592356086284
0.00027688214230808876
-0.00029119985668055886
0.000715478738432374
-0.00045907284186225356
0.0003458935395813658
-0.00010822768416624363
-0.00021772754450304467
-0.0001551263625425252
0.00010056590821300706
0.00014108487639250157
0.0001274769908593578
-0.0021256356826082003
-0.002832328531892991
0.0001401191744089794
-0.00015935372847798463
0.00034426232574452106
0.0001260524007512022
0.00013154083401925002
-0.00036000869659617515
0.0005129880068992216
-0.0003319731896524147
-0.00011123739753931045
0.0004906403259741398
-0.00047852862509388007
-0.00024097783667850205
-0.00024353469305257478
-0.0005639424748020232
-0.00038813477834994645
0.00010666542904787489
0.00021194835277322564
0.00012733405927230776
0.00010306999483734129
-0.00013805729380046854
0.0001418800588282679
0.0003948879263535297
0.00033918385884404396
0.0005153290060484149
-0.0015717835554795755
0.0016320214280332813
-0.0023378895734661766
0.0003319244109612949
-0.000366300817475492
0.00018761574279227522
0.00011173732596243211
-0.00019591973196415782
0.0004176381690080849
0.0003583183080140544
-0.00030739553191930826
0.0004884162437294681
-0.00011678891672648405
0.00016200157567018938
-0.0001376249924219624
-0.0003647407722224222
0.00030519364337955226
-0.0002700698410892155
-0.0006403453740567075
-0.0003642187368305407
-0.0002775770786923005
0.0001620555321142328
0.00037630712536455065
-0.00012573539879810413
0.00014659982083759806
-0.0001140566758224195
-0.00013887186902527648
-0.0001111631594248398
0.00011735172525765831
0.0001017392777866494
0.00035927257931498655
-0.00047156485947698107
0.0005564418777229172
0.0006072239161264405
0.002347618573455466
0.0013904881025473014
0.0010487242817953143
-0.00047908379415764096
-0.0002621643624195881
-0.0005181289352416235
0.00030494059636374855
0.00039195541062093307
-0.0006929721541355619
-0.0002465519876816517
0.0002834074985477036
-0.0006485315668455224
0.0002388299777731393
0.00013114991184971536
-0.0006823529110789419
0.0004814795014362124
-0.00017865219676685044
0.00042892685643685936
-0.0001752963964206857
0.0001858640359658527
-0.00012178008121614171
-0.00010920747280220459
-0.00010472800816222619
-0.00013336729711122734
0.00014638317165781886
0.0001483893240248945
0.0001417893154095669
-0.00013779146150055146
-0.00032815682185316513
-0.00023805326014253892
0.00014962273647813284
-0.0005771092676000098
-0.00014215960420279795
0.0006975583519322415
-0.0001361288728763225
0.0004947366176483149
-0.0006131646100491575
0.0008799509294340164
0.001915321798695797
-0.0017465025113056203
-0.00011534206394435271
-0.0004201962008916728
-0.0004860322769874155
0.0003598549788663043
-0.0007724878224988252
-0.0001882142609113709
0.00020652960201700867
0.00023427933235927438
-0.0004146733009242675
0.0001272149667728816
-0.00035704124908882416
0.0004504856161568145
0.00022823135651390525
-0.00030600516837243864
-0.00015676158218709126
0.0003767862417005691
-0.0001123714532121311
0.0001082578020040602
-0.0001579927360385532
0.00019909493822866186
0.00010270904316935898
-0.00017135788991604506
-0.00015607417565722474
0.00011469332873544863
-0.0001729821866243415
0.00018875172440287029
0.00022472446567516728
0.00026316761848039214
-0.0001223338418181761
-0.00035738457850898565
-0.00011736176132037429
0.0001975165264918433
0.00011753815755394646
0.00016197007174442396
-0.0005625806409235415
-0.00014856024541275192
0.00013332722432913115
0.0001696392687627932
-0.0003261808306305358
0.0010583892837061782
-0.0005016165042511697
0.0002457225252324664
0.00012632875261209145
-0.0006259914978039456
-0.0007410520872560577
0.0008551234187735496
0.001015981296297385
-0.000913490726963073
0.0009336144619225263
0.0012008797206069794
-0.00011666396411583025
0.000266917584624747
0.0003201470643970881
0.0003981066743168059
-0.0004646740880087184
-0.0003081366602141774
0.00045869294087527414
-0.00025222677095601656
0.00039240444117974986
-0.00021915614552409893
0.00010754562073910435
-0.00012093364677379572
0.00013334017561963902
-0.00016466427239744276
0.0003995437441128703
0.00034275030889299594
-0.00018854600844129028
-0.0003321820380997078
-0.00018901806425254274
0.00020055111830887028
-0.00020421527607567832
0.0001564568888890235
-0.00022661709343976675
-0.00018928871539132443
-0.00015470637939552927
0.0003634113604394187
-0.00023768957517165476
0.0002600579135829506
0.00021071879065019173
-0.00014072258886013594
-0.00012773902609071098
0.00015276251065296016
-0.00015252366109901473
0.0003177186366037987
0.00020478068107205138
-0.00014973523029994693
0.0004961182663538583
0.00012787813377932586
-0.00024728134249754933
0.00040800150212811644
-0.000244427338113793
0.00022716135127995895
0.0004916747784275931
0.00012645234911797025
0.0001141154990061521
0.00027678331422591846
0.0002740556306836803
-0.00033277831263904697
0.00024966511374911515
-0.00022070671878907593
0.0009300435148776683
-0.0013869617395307634
0.0012576645036447803
-0.0006984725849184879
0.0005751532448793318
-0.00044770883956758527
0.0005902209741998722
-0.0002123655387330071
0.00046092098589248226
0.00016387436910781248
0.00018865892869841412
-0.00015980854853550944
0.0005449008360592759
0.00042504576643724134
0.00028545315552128017
0.00013874696255289248
0.0005570704519501764
-0.000401241715000781
-0.00022848086777355013
0.00035016449356562243
0.0004393937452707831
-0.00011919821213004559
0.00010845869289041015
-0.0005237837739935394
0.00016040610123041937
0.0003180654795149401
0.00015549719478399012
0.00018420211456628586
0.00016380983433756155
0.00020485170100859168
0.00011427761560866519
0.00021771905208680216
0.00010685274628281701
0.0001744526979880561
-0.00011019395340228126
-0.0004457620742643021
-0.00010019530697196216
0.0002907058174643154
0.0001852973738307464
-0.00014154776733355673
0.000181892140678848
-0.00014803902460606955
0.00013804455420874742
-0.00034470614209759553
-0.00015944059494098402
-0.00015036058381431839
-0.00031468303550328186
0.00023361826282382642
-0.00016514339121334232
-0.00044194699650050204
0.00024468756894503046
0.00015185884997201356
-0.00021978256163519
-0.0003744686028576579
0.0008154662932870518
-0.0002395041084128119
0.0009213174578725054
0.0002326363131850846
-0.0002512109051817626
-0.0008009668630684256
0.0009311034702273057
-0.0009656691918019957
0.00034154109519911763
-0.000983963267683514
-0.0004399340438709173
0.0003933497567574647
-0.0002929059855626817
0.0003741797873906598
0.0005456923153911953
0.00022205190388402464
0.00011231116418918138
-0.0001630376511995261
0.0003674592466926988
0.00037559413807487156
0.00034520514887802423
-0.00038453588772348243
0.000486597392439214
-0.00018602899172494379
-0.0004060266599050582
0.0001316690963974218
0.00020983818380589548
0.00012089548271272088
0.00046115986795117707
0.0004433528972644368
-0.00010613645337051207
0.00021396773782397606
0.00037953359848470986
0.00010795207038121107
0.00010029336688638202
-0.00028235481602776426
0.00012401001292771622
0.00017166480280590246
0.00032454533918527766
0.0001298816823758576
-0.0002014318207181897
0.00010880392867667505
-0.00012809955987771774
0.00024717233294337983
-0.0002555120940280167
0.00015347726434669667
0.0001837566925905814
0.00024563974654930433
0.00026160419764647424
-0.0005254964059761402
-0.0003124962118262598
-0.00028729320904120474
-0.00028795715108316365
0.00015145482537405475
0.0003628604310005737
-0.0006086042334797224
-0.00026219525859809574
0.0005018814347972537
0.0007954239945009364
0.0001696017568414916
-0.0013824391407446061
0.00010794125239450994
0.0002984016586034095
-0.0006886400908584877
-0.00035762622527008123
0.0006304294015845905
-0.0002777482718662861
-0.0001862346679800085
0.00012664184364331388
-0.0005480231389214461
0.0011016100887906396
-0.00020990429841649943
0.00013013191724670528
-0.0001786643954222017
0.00018686273243350232
-0.0005091322193553582
-0.0001377697129964025
-0.0002180898229677971
0.00023463925732415095
-0.00011250461129048518
0.00018399724112084275
0.00021483125107721527
-0.00010428559900421962
-0.00021998309058718623
-0.00047517963701375793
-0.0001246408382352572
0.00013775102218279665
-0.00013779107355214144
-0.0004015627549472353
-0.00014136596183143713
-0.00012193050551349378
0.0002552534801918052
-0.00016583468202339768
-0.00019040917974944178
-0.0001427666673974618
-0.0001714094214250836
0.0002623955456371668
0.0003458795473019552
0.0002626355339293474
-0.00012746424685141562
-0.00020496756559020777
-0.00023874329025901181
-0.0003650951448683595
0.00011633325676256573
0.0001516027289400723
0.00010241344800352335
-0.0005732131762943615
-0.0005391733751727687
0.00016866464524312405
0.0003704543159964438
0.0005829713490126794
0.00015332983099183826
0.0001930293151418592
0.0001313702815679287
-0.0006534171245519019
0.00032661329884589645
-0.0006759261337033931
-0.00012593238033141888
-0.0015434102201189875
-0.0005878288479310056
0.00021636999051445223
-0.00031986192357645355
-0.00020009028099033028
-0.00014918248931941312
-0.00014372911449550506
0.0001889861813357929
-0.0008299656871265324
0.0001324577388142756
-0.0003056873929684664
0.0002030670380193007
-0.00023195638604334116
-0.000539929908009404
-0.00015079541964817315
-0.000103421850805296
-0.00011056931825491265
0.0001249256204457837
-0.0003783282551706231
-0.0001189159783209001
-0.00026165544434694326
-0.0003456918258694245
0.00014686746609733286
0.0003110299673893199
0.00024488060172658875
0.0001770629377517244
-0.00022018468464240633
0.00016234697103447742
-0.00014008798137830458
0.00023970827463228172
0.00015689310818765896
-0.00014724156977716956
-0.00010402542563825818
0.00013727138254945723
-0.0003307473735082732
0.0001929732641875755
0.0002170368086279515
0.00012218202558132688
-0.0004151613873411171
-0.00025432249593816333
-0.00022793783090127326
0.0002850578729805887
-0.00013219224032301845
0.00018865876663522445
0.0011284246517519044
0.00024085840710045723
-0.0002636361844785516
0.0007523906846419643
-0.00045207235442245127
0.0006125636298925355
0.0008654279953644067
0.0003810073608760754
0.0002448111830484199
-0.0001457875301124393
0.0007127000782372492
-0.00013157068777336914
0.0002243914036708438
-0.0006813026682067801
-0.0003563466411904202
0.00034545291205724077
0.0002318329625063608
0.00024905046729655807
-0.00027920824298698966
-0.00035633881150368607
-0.00029804828683580725
-0.0002064381548065502
-0.00010247739974323294
-0.00010784542645233076
-0.0005503536137671803
0.0002775739276133858
-0.00017877654700763606
-0.00023912366365707468
-0.0002610046678956086
0.000180358881050705
0.00013881841877866826
-0.0003113982122656091
0.00015466282752178888
0.00023582697038163896
0.00018167518547088405
-0.00045284089157600756
0.00023505461549587728
-0.0002239890926686779
0.00015940295264201763
-0.0001601898169083308
-0.00014442558663372987
0.00015126638207603192
-0.00012551647018551693
-0.00013375897561052717
-0.00013175093774575418
0.00021116502023376071
0.00014422006683376302
-0.0002404152149118373
0.00010198078623854042
0.0003037235730272788
0.00014810592972372573
0.0002498110377444851
0.00035266359605276294
-0.00028795698019686814
0.00021393824760228722
0.0002554689398070792
0.00028808977462872564
0.00014005014007822304
0.0001855046011586531
-0.0003087144715782668
-0.0002124283315387656
0.00034643637358287
0.0012558545029110403
-0.00026341259971279015
0.0005437881526585025
0.00022916455909325763
0.0006190954707217652
0.0010913930528210476
0.0007004896829238289
0.00023769665984108782
-0.00015591817035825694
0.00012847308759287093
0.00035219001219066325
0.0006367186386114649
0.0001679013853484406
0.00011239109028206709
-0.0004092797351552546
0.00019615331874187273
-0.00013340941095717012
0.00047523180136338527
0.0001573268678631265
-0.0001785917680378
0.000118761342046209
0.0002410696307328534
0.00022656752550582346
0.0002958870536584547
0.00013639695887289217
0.00013634658687941345
0.00012260851582654827
0.0001119244583262985
-0.0003076686360191296
-0.00021887057662120017
0.00023156562110878998
-0.00039206792916751096
0.00018213307172572512
-0.0001427594054592463
-0.0001528285692453388
0.0001018226484302428
-0.0004829912860834568
-0.00013685098917420041
0.00020330012217811922
0.00016064147781116045
0.0005462741952719926
-0.00014648096722308485
0.00042643148921735414
-0.0001472475705405754
0.00012480447150997162
-0.0013801011081625192
-0.00013374725360415642
-0.0004935001167786196
-0.0012401850762305561
-0.00044098319383539895
0.00042625072388423644
-0.000242867294006158
-0.00023257729059169213
-0.00024153543747520886
0.00016639925546452396
0.00041720285993827834
-0.0002503607532956148
-0.0002874430779488112
-0.000253625354278486
0.00010419078527695015
0.0002003411767261287
-0.00011004683027790137
0.0002280147201442693
-0.00028100433113608167
0.00014200605406285822
-0.00036601008509182405
-0.00023226823618257417
-0.00029609340097852695
-0.0001043010474751997
-0.00011107777387076392
-0.00014550789190327364
0.000157233757181489
0.00010430341247410393
-0.00012151302053884294
0.0001913082447144107
-0.0013734913151955996
0.001398335866848809
-0.000434204886792565
-0.0002761234387205117
-0.00013823007058670175
-0.0001963562623436732
-0.00011192435956819474
0.00014322956142738137
-0.0002765990955731173
0.00016356689806563423
0.0007548280728137932
-0.0002494484292078596
0.00011786129007715765
-0.00014230234459105298
-0.00014332971115470732
-0.0003293720046397887
-0.0004461885452242275
0.00017070551398401613
-0.00021856398647567842
0.0001236467225770585
0.001602790789231705
-0.0001341584892256631
-0.00011118105815511829
-0.0001069456746853519
0.00010092803981622748
0.00013603884531350854
0.00016653304136149836
-0.00012577304078612898
-0.0003191903413049633
0.0001208776128629462
0.0004429453041786489
-0.0005738162250015881
0.0003017681785879713
0.0002806490902887323
-0.00023426190202682453
-0.00014528057853624278
0.000137261160150917
-0.00012005726827463546
0.00010056463125378875
-0.00011186769511698324
-0.0007973599891441512
0.0003094386239950465
-0.00016195607487144104
-0.00033617857329049474
0.0013021211795536491
-0.00023975084432284878
-0.0007696140024381008
-0.00021576934995993702
-0.00010954379903942526
-0.00012463943390991354
-0.00020935571922042287
-0.00012982887786186262
-0.00010025950993837866
0.00011224407025018389
-0.00012580774239016486
0.00011930692547437055
0.00010810124321823785
-0.00012166112898992791
0.00016022624965466347
0.00012195126961366622
-0.0001333318583962863
0.000151828126446547
0.00010397283753603724
0.00011054446275915316
0.00011696673794508258
-0.00017164346675974305
-0.00012759740303244213
0.00012709653586064445
-0.0001716024463137932
0.00013411908767115886
-0.0001307131321293195
0.0001670406196067094
0.00010130444826118378
-0.0001270905786979064
-0.00014430344198551414
-0.00019319867773915863
0.00010064598827459319
-0.00010830629631718152
-0.0001305888539168426
0.00015329833835376038
0.0001764592006392198
0.00010106330097128402
0.00010205479509056291
0.00010695218429561967
0.00012890640085414784
-0.00016164546066967897
-0.00019137449630967864
0.00010751219362739868
-0.00011233315525449223
-0.0001456941847930785
0.0001618175694246331
0.0002013045919891583
0.00010782395348275692
0.00015017140197928823
0.00017485278619789905
0.00021021544733353662
-0.00011269631141943269
0.0001675724541811464
-0.00016719933482510995
-0.00010160013098731641
0.00022937753700352854
0.00011234258616111328
0.00013692548145808435
-0.0001585090033703619
-0.00016602794836943573
0.00011060718726782251
-0.00022374849737692454
0.00012378678661142915
-0.0001267529940962633
-0.0001616216284860847
-0.0001887014073633364
-0.00010105769477545493
-0.0002383827081804568
0.0001254150715838386
0.00012701469934466071
0.00017476872171184182
0.00018167338020398693
-0.00010024388812701809
0.0002713100449449007
0.00010706664542730287
0.0002667124824350247
-0.00015543572295360873
0.00032179209765838675
0.0003409238285057549
0.00036133505689916063
0.0003710633477261923
0.0003806719726458418
-0.0002888625114810318
