-0.9864047063312894
0.12849812490684928
0.0474993180682385
-0.049945986767608905
-0.034672118037698554
0.018775772095624883
-0.015579064155023258
0.027758352853562394
0.02053124716905305
0.011906864835668472
-0.004504938177204288
0.02137938166678216
-0.007591935157434658
-0.014454115419523472
-0.006879436597812031
0.0007047251932672192
0.0010296788499463965
0.012675598443261939
-0.012695816539701647
0.008469372195140979
0.008525226899551349
0.006285717508724192
0.0012393953841393674
0.004276549233098397
-0.0028933278903035663
0.00032369122234313406
0.0019791004414623633
0.01587869597080161
-0.002159055876700428
0.0004791574988643123
0.0003353707754379471
-0.00012041005075017668
0.00013249534111410612
-0.007121365637659625
-0.00280178271708416
-0.013304392137607052
-0.00040803944514963955
-0.0005075252062118882
-0.0008342693906190128
0.0018270304647353421
0.0018717009857486477
0.0002922582049670205
0.007001023123025153
0.00113619626294871
-0.01096038695545585
0.00011697287879745981
0.0003063794672168162
0.0009289964040769382
-0.0005126375720180975
0.0008995014742887901
0.0026111838317721178
-0.0001848629621573032
0.0004736102320248975
0.00019661813440388857
0.0001118766747079365
0.006335949073326205
0.0006678111423353517
-0.0007984967764042972
-0.009135920837110822
-0.0004682122886199776
0.0005472560859328904
-0.00016438425223811085
0.00035846074818765084
0.0025515102177389878
0.0003586888454320532
-0.000433653460370453
0.0002363330458029454
0.00016125006636874713
-0.0057305145761983
-0.00042512327908650246
-0.007631839457520497
-0.00041704708112767346
-0.0005393010874762734
0.0005112277332794706
0.001017850234117877
0.002165474063275559
0.00027371412778500755
-0.00044711642837429264
0.00010123978190319517
-0.0001733236859203658
0.00023167368006780502
-0.0004953838532335039
0.0007395615037177827
-0.0033969824974405495
-0.003787256605331512
-0.0007530090709312305
-0.006402951336815153
-0.0003032025139604663
-0.00022296835771513357
-0.0002182612676297607
0.0021305405796136234
0.0005234768145275087
0.0001352147326281539
-0.0004217677260625569
-0.0003573337284984868
-0.00018391064431206965
0.00012666188957765535
-0.00032610547269134796
0.0003774817426355305
0.004447297054201084
-0.0011363149386347283
0.0008699559447957245
-0.00020424120385656664
0.005410547787308267
-0.00014885823806736978
0.00024258422352927986
0.00031814836788827223
0.00041683884071889695
-0.0019825202115759046
-0.0003832106447559917
-0.00014754913128216642
0.0004728720283737898
-0.000161229497818005
-0.00022236670708325882
0.00021992693266637326
0.004235649489763901
-0.00038341661149763283
0.004574742268552009
-0.0004248169505352841
0.00017933481771805856
0.0004869015747760134
0.0017443981558941239
-0.00035532005019343926
-0.00020556694879985126
0.00017803831772811519
0.000258522883250911
-0.00020369542499570873
-0.0003978011903883836
0.00010640634401142801
0.003856668589458825
0.0002456580846851787
-0.003925490857291931
0.00019186367765280425
-0.00029726628692182335
-0.00022174046534169858
-0.001625255627148905
-0.00012147956711127888
-0.00034042404042656534
-0.00010705544852142012
0.00041579321997813024
0.00010251033295229408
0.0001593155631857278
0.00015801311822881078
0.00011785653475578646
-0.0035301912112608
0.00031791629335766223
0.003359023198669195
0.0002238848601026184
-0.0014715870277852519
-0.00012968856652287498
0.00030470135199265263
0.00021510276790121774
-0.0003950882303675071
-0.00011451380975839194
-0.00010091672478774739
0.00018668119130092384
-0.00017134431041405932
0.003218995676309177
-0.00013222176299790045
-0.002918529544314722
-0.0001786591880101479
0.0001359933297449169
0.0002451032434622414
0.00010872236969167593
0.00012491589276635682
0.0013187969286324746
-0.00028045316227429725
-0.0003696623133503205
0.00010024170005478301
0.00016113616533525252
0.0001742090741185528
0.0025360233117285094
-0.0015096478039307525
-0.0003429712293189763
-0.0025290057528437183
0.0001619656551687259
0.00013868516939398597
0.0012125592703018182
0.00025052462031783124
-0.00010816991465440533
-0.00012654283524393009
-0.00034383750801379156
-0.0001241174772252971
0.00017195674382450518
-0.00015733700634283998
-0.00014829531189109512
0.0027247076912752114
-0.002207162194790613
0.00016086344357061616
-0.00020745796741007601
0.0003600370797086001
-0.0010379641136272694
0.00022800998533466886
-0.00032372207043012373
-0.00016195160281866933
0.002526602208949959
0.0002725085443025401
0.0019231449790925454
-0.00012418510749880298
-0.0002213317892129283
0.000980123924165251
0.000213595904915332
-0.00029377524449914844
0.00011041057822835317
0.0001581615309563598
-0.00233586378064455
-0.0017105236729943614
-0.00010074518403241641
-0.00011349648893747044
-0.0009178767487535762
-0.00018473362610516573
-0.0002675245273804106
-0.00014147367047292417
-0.002165463289392919
0.00010149812295931772
0.001510977648428635
0.00016547974463431317
0.0008426786967765211
-0.0001721937495147205
0.0002467815525818163
-0.00014264131694343546
-0.0020032899646737347
-0.00018335784049251176
-0.0001495381111523058
0.0013466729726984141
-0.0007759833209594794
-0.00015639873079338132
0.0002401229246359117
0.0001280609524041376
-0.00017255959309055732
-0.0018709293100804803
-0.0012011231833385734
-0.0007149363303877666
-0.00014217014202207862
-0.00022262971597874172
-0.00012006342683982365
0.0016006119677052454
-0.0007184684779963606
0.0010768033274968123
0.0006547328297600859
-0.00013265257538420445
0.0002102510511318023
0.0001126950975377844
0.0016363708282198467
0.00011338009778302834
0.0009693216127162044
0.0006080191330360105
0.00012042305883537813
0.00019088040268532775
0.00010620016723328511
-0.0015375960331030709
0.0008728227771525095
0.0005657917238279373
0.00011197367018150161
-0.0001810252976515398
-0.00010071335049166714
-0.0014438033881507151
0.000790199590489218
0.0005257022013009306
-0.00014626236327480157
0.00014149322470574663
0.0013359925146857368
0.00020167466223399398
0.0007160568200693585
-0.000482013783668378
0.0001294146558311456
-0.001280265775652988
-0.0006522634288438705
-0.00044108623353609014
0.00012623257051547587
-0.0001512378427530277
0.00010172818787794474
-0.0012027049406992541
-0.0005952146419197678
0.0004261259478227106
0.000115246080926161
-0.0011405692671558134
0.0005438839842938671
0.0004004695777324065
-0.00013247230428952388
-0.001079352697730838
-0.0004989972852421209
0.00037658242027320153
-0.00012253809539195716
0.0010215724255440292
0.0004593432337062668
0.00035549889520134685
0.0001183265494497528
-0.0009686906724555842
-0.0004180096927052757
-0.00033436477910798665
0.00011049959699808209
0.0009210639865806634
0.0003895445503745028
0.00031596754208888187
0.00010632231184283114
0.0008749130392116936
-0.0003599145730593358
0.0002986343041864908
0.00010052142277322175
-0.00035580753421958814
-0.0007562002402085253
0.00033315919773578784
-0.0002774634906436819
-0.0007954196219925003
-0.00030928393097864133
-0.00026780252759068905
-0.0007592077495909987
-0.0002873085518414586
-0.00024984366567528933
-0.00010538960959712426
0.0007243064524611916
0.0002674070806632734
0.0002415414613870912
-0.000109477407363732
-0.0006921465542087796
-0.00024883919529981267
-0.0002294322781424628
-0.00011831374770583968
-0.0006607495738851976
-0.00023337598803315203
0.00021878391805501367
0.0006352008836065701
-0.00021827445524816324
0.00020840052792690724
0.00012308077736684068
-0.0006082801966682181
0.00020478599015361898
0.00019893429789992855
-0.00012831346885106042
-0.0005841141439974396
-0.00019232211280894424
0.00018763118753463992
0.00010236240575185728
0.000560212271946258
-0.00018131323863218474
0.0001802518373181168
-0.0001345135586219395
0.00010586987123294978
-0.0005375936780488719
0.00017135701944914023
0.0001725515735129246
0.00013915295140956967
0.0005154407588455379
0.0001629813131694971
0.00016458575181423085
0.00010851040247388842
-0.00013904322675730699
-0.000498715286488491
0.00015699328354987257
-0.000153150801212113
0.00011440762547860952
-0.0004755728179392744
-0.00015319293762365474
0.00014755363270666866
-0.00014885685623787257
0.0004414040131116641
0.00015790972895755555
0.0001371369780972825
-0.00011522261918289041
-0.00010686663759340536
-0.00011833938925318567
0.000334990144577076
-0.00028577577053233357
-0.00014045708389091784
-0.00010900272516276225
-0.00012122805715393584
-0.0002329248110291549
-0.0003509628340022947
-0.0001055644506969013
0.000160645540365806
0.00010817568052870068
-0.00011287990925891572
0.00018168225342388888
0.00019186909155390332
0.000125625162800223
0.00010121105035574101
-0.00012664130384190482
-0.00015153926685493898
-0.00015627134529908534
0.0003274116506236108
0.00010385830479102196
-0.00012056515575725834
-0.00012881378608765938
-0.00012047525550298292
-0.00014763595102884386
-0.00011975448405833545
0.00026228556230515384
-0.00016343019887263648
0.00013761440427303707
0.00013298657985612953
-0.00011887686984364228
-0.00026346607953220923
0.00012672987270144771
-0.00014566925851892512
-0.0001639917212093493
-0.00013840959470071465
0.00024910070148708244
-0.00017245038018555257
0.0001133538438972594
-0.00017675097825040788
0.00022950511776422873
0.0001413158493644808
0.00018726408140159662
0.0001404980969201172
0.00011691745438843742
0.00014678414174573972
0.00023144490639217892
-0.00018008970406659396
-0.00014386814558941125
0.00011225747553028436
0.00026392149928448303
0.00019918526421661357
0.00010894071963878809
-0.0001854461211450432
0.0003048679995177506
-0.00012852231228541595
-0.0001109130910707663
-0.0002604429774589081
0.00018972695333272017
-0.00015076143240066355
-0.0001338266884926483
-0.00016849616068213076
0.0002512687913592613
-0.0001935896567125544
0.00015387158501721558
0.00010263905094614576
-0.00010656660042559166
0.00019941332597828398
-0.00015776497924497072
-0.00013554418108545802
-0.0002033822879716495
-0.00016183626310901998
0.00010650959466935778
0.00010744672401013201
0.00020474739101201676
0.00016511336389372588
-0.00015616430949693958
-0.00021250203225775874
0.00016909307059467953
-0.00013635504293992644
-0.00021827159247850189
0.00010146623523456079
0.00017358055538251063
-0.00010317813408814427
-0.00011529864898703304
-0.00022335095031772591
0.00010359136021913423
0.00017727716886480784
0.00016873507587766157
-0.00022879614359498394
-0.0001063752891163113
0.000181562208797423
-0.00015032885437217433
-0.0002344438218114829
0.00018618558948861887
-0.00014784626724611996
-0.0002399098820029922
-0.00011130233676899038
-0.0001910247930972535
0.0001437951443259126
-0.00011026625344827725
-0.00024624661411084794
-0.00011416344884257209
0.000195504737754559
-0.00017994718043485701
-0.00025328989576945863
0.00011717244953159909
0.00020065162637412313
0.00018978442807168668
0.0002589611427751115
0.00011990155364903248
0.00020735744890039442
0.00017024693959081318
-0.00026648996507735984
-0.00012362932490983926
-0.00021153344389158836
-0.00019745725429335848
0.00027494819844308766
-0.00012725295451193757
0.00021768545433681775
-0.00020415877773666277
-0.0002836276184164265
-0.00012928304462271565
0.0002244629743386174
0.00021652417985105443
0.00029339673897037466
0.00013409584384404811
-0.00023388567059477838
0.0002257370368759271
-0.0003279758820574933
0.00010894356844371467
-0.00012687179329745472
-0.0003479899257439506
-0.00039495483349937004
-0.0003177246629883782
