-0.8115753205072977
-0.29339045951713727
-0.23104221684538706
0.1851237137474458
-0.02411742887300408
-0.14544089321498382
-0.08882949500147283
0.10636191541273478
0.016325471694525796
0.10961616098074066
0.09084853076643898
-0.05907923987428592
-0.001718287896115514
0.018847231066754833
-0.09281085300781192
-0.021959070941351515
-0.06348849674588994
-0.008751860264896057
-0.10133597837366885
-0.01405424361614225
0.018169351427801347
0.013275315738062201
0.012781126533551177
0.00420570833368654
-0.015203559600587306
-0.007584364580301164
-0.011175659622328853
0.10815855008064372
0.0015163877842065921
0.00251370215852447
0.0042738047930311615
0.005919208738588056
-0.0030995510438955693
0.0029371607940502117
-0.10187053947626903
-0.00093506490538895
-0.0012459498876734182
0.0012180764272925425
0.0031996387520300536
0.0009682662511435256
-0.002952956549699246
0.0007041733775841546
-0.004109255387646151
-0.0016728993402403394
-0.002378234278890158
-0.04850323632447203
-0.077887984335804
0.01529642258831155
0.0003809747120333835
0.0033826175317527205
-0.0008279786131562986
-0.00042638368752479617
0.0013961493705572168
-0.0028080416094838504
0.0005719265357154008
0.0007113995796474547
-0.004179706342368122
-0.0021134574627860838
0.006634238934508046
0.08416916363378213
0.0006841748282659539
-0.0017206198805432428
0.0032556984830274037
0.0005749075361844428
0.0033345300587262986
0.0009511626301657492
0.0014679647537823527
-0.002542465708332635
-0.0006110075103734694
0.0010861256667459875
0.003578170655112817
0.0010386354644998836
-0.003548160376742613
-0.001254947563150422
0.004963784772885805
-0.07624590810969636
0.004502219640689044
-0.0030040233128774737
0.004747737912493987
-0.0007606183504829161
-0.0005956348849525192
0.0006174144747382211
-0.0010709494884624754
0.0023401619942291178
-0.0015427740709812487
0.0010072754430269885
0.0018383287394738487
-0.0030239207220016874
0.0015142120835338845
0.0011593979178017827
-0.002428655605259913
0.004379924961501634
0.008812998493371199
-0.06865567701276198
-0.002635727799941175
0.0021650101775019513
0.00659143812197754
0.0007784288707991937
-0.0004422198255577687
-0.001717363124730729
0.002381632119572234
-0.0009411841355578512
0.0004220085554076642
-0.0009309639229293874
0.0002457677407411233
0.0007381126700141503
-0.003006845709619345
0.00013042184028433008
0.001511480876357902
0.0021945139749969204
0.06143098121321143
-0.0037418516445778672
-0.013724174598830473
0.002072875805325196
0.007492917550764577
-0.0003511942784692729
0.0004999744711815881
-0.0009531511267573519
-0.0004072487491569647
-0.002091736019099523
0.0005868805963892509
-0.0004832960083814012
0.00020700627619702662
-0.000759989155231132
-0.0011054413411132988
0.002301828625146006
0.0022268388212426824
-0.0011318636161446217
0.0012488933924768122
-0.0035472903399868167
-0.004069385274623407
0.0177378062874746
-0.05426941125186146
-0.0009813436021505644
-0.0019331388856995734
-0.00828956425699041
-0.00019276865217712197
0.0002789833780216067
-0.0019982240490015297
0.0008705778117828496
0.0003918936138473004
0.00041670941857913167
-0.0010028138460703494
-0.0009228897966320083
-0.00012495636541354373
-0.0006074892231741622
-0.000261489675002692
-0.0026848465526889396
-0.0013346310078229335
0.0017491255003198006
0.0006027821804740503
0.001597572801652626
-0.052229248654909285
0.006066087588187759
-0.006601967186349146
-0.0002606854027818245
0.0003153082070390318
-0.0010837739387980936
-0.00014155402401348614
0.00026948505067883084
0.00040440240646723205
-0.0017458763129370037
-0.0010574108531762026
0.00014282929306248392
-0.000559448962629772
-0.0004911501865804532
0.00017995145699917768
0.0011807604444824431
-0.0018036354968483791
0.0013138071443733021
0.00034966442927425494
0.0012439823615001575
0.0012666501203806135
-0.010793636396279118
-0.04637071067569173
-0.0022633220691406298
-0.0034200715215155267
-0.0040155235132004205
0.0080210646241135
0.00029670668212278755
0.0012053211479879976
-0.0005324402834098879
0.0015396741794752604
0.0009874725282669917
0.0004425890174404373
0.0004987907865110339
-0.0006994908843397206
0.0002996518466164037
-0.00033491879783262806
-0.0008440752340233593
0.0010181399596096803
-0.0007083612867791163
0.0001629385958706956
-0.0008782909173746331
-0.0017524096854837406
0.00021083997218974713
-0.0006239206784753443
0.0016191924788116292
-0.001191115939247075
-0.003078011542511663
0.04321136380698647
-0.006034590657854253
-0.003967816982990909
-0.008249176895503096
0.00042900417997097706
0.0005371789364399058
-0.0003556810507852241
-0.0013726493946769778
-0.0008667767930332188
-0.0002969400151513566
-0.0005635705869509578
0.000249591498523683
0.00027674975315218934
0.00040304209591602045
0.00034855553518296604
0.0011613911181420351
0.0001204198677167056
0.00047207536812335886
-0.0005486070651622351
-0.0016352668051326943
-0.0005401759573189089
-0.0005289324294383801
-0.0004517580667264768
0.0010027756738839838
0.0005170111525074868
-0.0391757920671653
0.00914133565661895
-0.0003374868040228672
-0.008864122239950664
-0.0006782391000854475
-0.0002483502931757039
-0.0002008153879131113
0.0007131226715560968
-0.00030522439148735316
0.0012418343988987535
0.0005179394311616921
-0.0005916994852569669
-0.0007512836462778434
0.0005665094691355534
0.00023509727699181352
-0.0003709425632494199
0.0009380329693399071
0.000709804194220906
0.0002245924220251367
0.0003561665097754265
-0.0005136383138702579
0.00016768461561381148
0.0014478802630849541
-0.00024849049751103137
0.0010737233782098059
0.0006530617533389296
0.0034892419153207395
0.03659144314470223
-0.004077925788188144
0.0018858229035539668
-0.008735063788634624
-0.0007429089477423339
0.00033985066688890266
0.000656074286345399
0.00017017135160001507
-0.00011417503131942805
0.0012347983189273505
-0.000640689320936657
0.0008522723911953689
-0.00041313831688797285
-0.00021805160873874315
-0.00022030349187039265
0.000777084127006628
-0.0005528109212247528
0.0002296204593337387
0.0003236006688039279
0.00013303447665408892
0.00037404872510362973
-0.0010129814755621496
0.0011841357573829576
-0.0002818381474038486
0.00011211458808850354
0.0002682034928305934
0.0017257500318589815
-0.0010917726951836248
0.03372806469352281
-0.004321978423973496
0.0023571821759934674
-0.008283161099210522
0.002724552249299652
0.0002735001812131182
0.0006526080655718898
-0.001024604161957352
0.0003432695716343804
-0.0008901064188196898
-0.0005981896933667857
-0.0004411300158125121
0.0001690789997874623
-0.00020504029060275071
-0.0007380348644459755
0.00033353523360860174
0.0006124669181034048
-0.0001833636408744843
0.00034501217714383336
0.00037077403950919505
0.0006084295676253348
-0.0012162477060495113
0.0006609170631854266
-0.0004921642724356165
-0.0005745303042902142
0.00031522305418890814
0.0008598013682854172
-0.00025996318417109796
0.03144199577145918
-0.0033260683495932976
0.00818757121022672
0.0004589130177270427
-0.0009122999982672394
0.00034014571128951457
0.0008333159163351755
0.0005732849210139513
-0.0002871941899617579
-0.0008862781926027882
-0.000620107965640173
-0.00020212617786863048
0.0003121991955760741
-0.0006327169881164695
0.0005874763581854352
-0.00026023070432420694
0.00027869996867937004
-0.00013389165716136658
-0.00029172522381885077
0.0005022367945645582
0.0004949743430514355
-0.0011149798029901326
-0.00029259582475663347
-0.00028419899590244666
-0.00011431023305825578
0.0004741667861200302
0.02923530503655721
-0.007929896243728786
0.0023847653401444257
-0.0002198570006178445
-0.0002501411856310166
-0.0009272496295737412
0.0005022280467287419
-0.00017454473190796075
-0.0009520538214334655
0.00016318541202539592
0.0009235434614480022
-0.00020247833200091062
-0.00010177848655830423
-0.0003779891744926665
0.0007044040035929281
0.0001950619374996943
-0.000386001617963757
-0.0002976608776466636
0.0001619615527624459
0.0002964270704408217
0.0004611635197290421
0.00043548374561616524
0.0002046295039666946
-0.00016488808014372117
-0.0009480306345735232
-0.00039318965089854416
0.0003335047696933863
0.0006351582262770701
0.001444865307912517
0.0008309154218257964
-0.026922618835558607
-0.0034452137494333174
0.007509707676033397
-0.0024172501891819077
0.00024263382073854293
0.0006853748853661635
-0.00012167421745624527
-0.00041221122562704054
-0.0007414047103051875
-0.0008613955069884984
-0.0005537142960647202
0.0004222723159045998
0.00016815722534370246
-0.00010446165489409696
0.00026724583144538703
-0.0005873328227499035
0.00034408102933332677
-0.0003202752028633362
0.00017465844336948436
-0.00026173134325856905
0.00021545876167216351
0.00014049431194599872
-0.0002151512463795092
0.0005055002659849824
0.0002354958659005536
0.0008653351583698661
0.00020110980583873557
-0.0006419522173712719
-0.0002712046476466324
0.0002533186580066837
-0.0015458302561081854
-0.005391740621019219
0.024510744723890573
0.0030946403753098527
-0.0024153182697751584
-0.007187079650967013
0.00016402805396946858
0.00010446088360232075
0.00024213576977011227
0.0005976529718940968
0.00046959578089201387
0.0002706111949383055
-0.0009199109980838311
-0.00020539241136837224
0.0002819188588257597
0.00021269432536601745
-0.0005924818968640603
0.0004086145388096531
-0.00012902095135791588
0.00024827340152375297
0.0005022032955045542
-0.0002042254544350131
-0.00027476924750069763
0.00014493041200544353
-0.000759742439166525
-0.00028866027659151227
0.0006297914001535268
0.0007433545269585636
0.0008568336351714719
-0.00024084536663279991
0.023583837485148605
-0.00043277323549764733
-0.007143106223733022
-0.001755300407387732
0.00019876396652846528
0.0002626929730527331
0.0006025896603913145
-0.00035074264208342774
-0.0008946992017704401
0.0003121557404836666
0.00033079459269071734
-0.00015476910515683243
-0.0001760840766782419
0.0004920797858527724
0.0001136603771522412
-0.00015714853297658007
-0.0004418185398717524
-0.00011427091678996656
0.0002909979790669438
0.0002595640541160362
-0.00043054079221104533
-0.0002173996624236373
0.0001177282593719767
-0.0002402651117112886
-0.00012853760556762246
-0.00028451548921238766
-0.0006305952007637666
0.0005091826173680311
-0.00043171932039691734
0.00016268987336686335
0.021908296753158533
0.0013875513416385507
0.002866401507257963
-0.006830849139608268
0.0003992065659742171
-0.0002707787727465097
0.00043026833819526404
0.00031829457743176294
-0.00047620673169923203
-0.0004347588848656097
0.0005756770029500295
-0.0007895459266705678
-0.0001307539689472104
0.0003951134457342024
0.00019383445351026828
0.00015207856848033612
0.0005164301424066203
0.00018796566465082858
0.00036201717408810907
-0.0002491666541360744
0.00017948450851454776
-0.00023039494174634825
0.00011548796109422573
-0.00032907575786698327
-0.0006697204561458709
0.00013897774456443957
0.0003603936256543626
0.0001316727725322829
-0.019743343461564207
-0.0062792661681386605
-0.0007264797482903379
0.00657070940021023
0.000490709687945807
0.0006159215140533801
0.0003083695769276738
0.00014246160656879053
0.00037982804024960754
-0.0005635058863589858
0.0002003262995099868
-0.0008185198650793523
0.00015272185401660798
-0.0003012375914647602
0.0003346902454042383
-0.0003273300777924226
-0.0003182684883492201
0.00012755046122017548
0.0002406979228498875
0.00037206175174377603
-0.0002893056756053243
-0.00013014182678196094
-0.0003499988663152516
-0.00020741058658473128
0.00014412455269879548
-0.00018472976245553936
-0.0006000490174618427
0.000556327298716988
-0.00016110416681075813
0.00012120226381351438
0.00018618696595376052
0.0007485643701662917
0.019382929671551013
-0.004802763506592735
-0.004139457658242088
-0.0014307548624021742
0.0003706599886895284
0.0004946262729614204
0.00015586937396961517
0.0005512488917261181
0.00057914934491329
0.00011479512250458688
0.0001282317535601172
0.0002405509997494699
0.00045570801702180116
-0.00017936941956303774
-0.00035510340625378593
-0.00016151948448437492
0.0003387457620128818
0.00017985175179250604
0.00018696777280808796
-0.0002089428444593218
0.00013869713400680502
-0.00030981021534980645
0.00010208209954424815
-0.00012985080470918263
0.0005277313039979002
0.0002951988325627962
-0.00010055244175809921
0.00023964032833196866
0.0022982163574667303
0.018065147346771778
0.0013249636748982082
0.0004299299021836417
0.006160560797827446
-0.00035453331413803717
-0.00019057857187377008
0.0004543933603353652
0.0004921559824102204
0.0005769647356995099
-0.00014271678437834223
0.0002508841215922645
0.00012392403264367729
0.00039899783090112444
0.00012868394742273823
-0.00035044931716329125
0.00012978892998215366
-0.0002699321772391887
0.00019097898738172886
-0.0002954944720081756
-0.00017140217381853915
0.0002930170886598166
0.00019353323250828646
-0.0004829784400585548
-0.0002972238498278098
0.00010642703893061884
0.00030446227129566803
0.0018033743855384375
0.0015830170984558088
-0.01699751357795416
0.0009436966446607487
0.0007287254055978903
-0.005854201674707733
-0.0004945373201501655
-0.00011645150855606166
-0.00020489304974892944
-0.0004542634312455118
-0.000402059150015404
-0.0006111811957924109
-0.00012739968812780267
0.0002774755846430437
0.0002073352623557185
-0.0003410266377464209
0.00036877278862522953
0.00010962305623657618
0.00036468567118127577
0.0001450057092820945
-0.000162599405273733
0.0002680293361365103
-0.0001279776968168075
0.0001210000260887023
0.00014361617883947716
-0.0004919546651440614
0.00019148794652513372
0.0006214654309952613
-0.015951384261675
-0.0020535664023602113
0.0023572688185117202
0.0012110891518421802
-0.005375646463765925
0.00040136126578732323
0.00022447125931359128
-0.000134257075708214
0.0001850286837950709
-0.00031403146818226877
0.0002199771114109506
0.00010191125181331252
0.0002958973798969705
0.0006896529032371094
0.0002470775451350784
0.0003077985641444617
0.00012208182346197283
-0.0001307154042667223
0.00033507803990029335
0.0001342773661642016
-0.00028682668545160705
0.00013362733731121123
0.00020612829838232078
0.00010034099023249009
-0.0002159429351889622
-0.00011915657385494328
0.00015649127540203685
-0.00012101559613469228
0.00016023453316088026
0.0001702961918018906
-0.00043449931132982545
-0.00032354235016406746
-0.0004059605731380314
0.00019620950319738922
0.0013077773176155066
-0.015283184947260034
0.0010586830717337849
-0.005246273051305693
-0.0001732377826631063
-0.00026346167984178073
0.00034353118821209473
-0.00045990010964035486
-0.0005824955025663167
0.0002803209196362054
-0.00011156762759590826
0.0003314282449809839
-0.00010580033626009916
-0.00017359637824877666
0.0002154837604052062
0.00018173150757439275
0.00019909513390606334
-0.00023488357490403588
-0.00012293197069894639
0.0001247147015729546
-0.0001750813354677949
-0.00019921011675038953
-0.0003898868631361852
0.00017657152931502268
-0.00010215340343673127
0.00010650136516767179
-0.00019887556231563226
-0.0014786802254756197
-0.014445767342082257
-0.0051080093859358355
-0.0004536653984454007
-0.00016109870907879948
0.0001555979632434847
0.00044216704977420156
0.0006190932593732586
-0.00011158712523601955
0.000274557967570044
0.00017482050295319885
-0.00029255049869609975
0.00016117953992711496
-0.00013015501192877529
-0.00023711358911897607
0.00021088051198469497
0.00012092094038468145
0.00019619562663212583
0.0001461750010535718
0.00019174446433320005
-0.000100293950860648
-0.00034634936093887197
0.00020538160919525756
-0.002124418156914076
-0.013623061393377682
-0.0004797175785963537
0.004808513969491681
0.00014242176179989072
-0.00031143760239850577
0.00014973922442641178
-0.0002793005591485645
-0.00034841847147050817
-0.0005780305426950065
0.00015948242614060342
0.00013958494808564162
0.0002240859629287733
0.00010928915175057077
0.00025230211771240984
-0.00024138749274631882
-0.00015989374310687438
-0.00021426557255822725
-0.0001949120046148156
0.00011480764276646202
0.00019906867943502007
-0.00010845289009969451
-0.00018142659338524347
-0.00012861901204193064
0.0003246306601748979
0.0001565049992478848
0.00011718056102290237
0.00018128251911606128
-0.00016137440570564472
-0.0007514293057087748
-0.013050913845456879
0.004551871394888859
-0.0010106451369226337
-0.00013370016591876402
0.00030461323360136077
0.00020718364555407433
0.0003055262540191386
0.0001820220052274381
0.0005588768087275859
0.0001449019202325563
-0.00022707349995726054
-0.00016281427850322239
0.00020145114438073377
-0.00018505852191435425
-0.00019145656106496793
-0.0001989911534510147
0.0002187403601309329
0.00020406586443212337
-0.00018014980421470327
0.00010043496598080565
0.00010740803828717386
0.00033083624491754023
0.00011576533914184988
-0.00022529938975873553
-0.01037016107495811
-0.006789936444259322
0.0004078610539357983
-0.000470148436653648
0.004502760726947485
0.00020676216484498305
-0.0003040018662033399
0.00011497314927615907
-0.0003076568133759292
0.0005446315943022872
0.0001202467731664159
0.00010914653515673802
-0.00028111107436697743
-0.0002697745940612198
0.0001458901979624616
0.00012532419950286988
0.00018647305421159698
-0.0001920133720541511
-0.0001013242171642443
-0.00016585654140039064
0.00012105355093552082
0.00029430653243479475
-0.00014499757582433245
-0.0005513966879390029
-0.011742134781429311
0.002398848811477552
-0.0037468931893759167
0.0005458559030468785
-0.00031367429372178415
0.00014353317190314178
-0.00010822914067837261
-0.0005017442754595059
0.00016031428679922632
-0.0002267410901689565
-0.00027334041136013753
0.00018116437904223118
0.00015392739833559914
-0.00010052846856730245
-0.00010853682827843808
-0.00017323556659270325
-0.00017506637363612308
0.00011480978654252137
-0.00012961740694445456
0.00026801774361331703
-0.00024651127116948144
0.00019097855096711878
-0.0015424217509524508
-0.01116408745853383
0.0006861184234021802
-0.0040388589334554095
-0.00011111123382373185
0.00017136722370445862
0.0002812176869797224
0.00011563742889049543
0.00021144687228681606
-0.0004364065998802665
0.00016981500276341593
0.0002172024027193238
-0.0001247238459829679
-0.0002450691422973888
-0.00012853072449916898
-0.00015421033726023005
0.00017162985311195
0.0001641065162326666
-0.00010221766045717769
-0.0001564095473463543
0.00010343178693678371
-0.00025395470426100295
-0.0002314012291500718
-0.000149512238389646
0.010747347355999245
-0.000601456431180805
-0.0038768355083541603
0.00042217968056762695
0.00014748830006826655
-0.0002584029363561693
0.00047029773014893226
0.00017783074921273365
0.0002018581736681581
0.00025442253444390403
-0.00010709543453347172
-0.0001610566547058493
0.0001227739650389527
0.0001521563751694357
0.00014134506476619484
0.00013941363513466867
-0.00012963532624374457
-0.0002348045278383026
-0.00016534644346477952
0.00016765643954285572
-0.0004247396981780329
0.0002852530580776274
-0.01026413586203839
0.0004807565096242462
-0.0037249690822907704
0.00015919714310323683
0.0002465654554538434
0.0002622315908393264
0.0004116820161231183
-0.0001957954023944295
-0.00011618960916219818
0.00022657277728669884
0.0001896542771125313
0.0001515213379535566
-0.00012109673699124305
-0.00011892921819363937
0.000142289708679191
0.0001325586059527435
0.00011703998322301749
0.0001961045450560596
0.0013609118864648798
-0.009746861160910846
-0.003532983830656798
0.0005374901863142464
-0.00016451286566041232
0.00028489191914945144
-0.0004068978085472095
-0.00020411210257628088
0.00023066063233043637
-0.00013301261230607716
0.000151542290990036
0.00013655643995803747
-0.00010091017535491851
-0.00013580811255667422
-0.00012942776589759135
0.00017678673223826434
0.00012742526305710474
-0.009430951607241464
-0.003405136671859074
-0.0001384186293235942
-0.0001718959365268357
0.0002691510586887743
0.0003842876802356329
-0.00017704798224283427
0.0002041816142969333
0.0001486696196453608
-0.00013226541362750812
-0.00010453119644582012
-0.00012505857676760207
-0.00012739308624850755
-0.00012727103575322258
0.00020235759212988106
-0.00010751984586252789
-0.00903969375559969
-0.0014302868934794582
0.002862007935507783
-0.000652920845373642
0.00020344690937683924
0.0002606725064570748
-0.0001150514410963063
0.0003621781970778935
-0.00018363121292393566
-0.000203085564307618
-0.0001473319848734541
0.0001361761327599215
0.00012938661345963194
0.00011952360457273038
-0.00012966319872788676
0.00018557061141713952
0.00010380587883061063
0.0016608817791900737
-0.007713619684889306
-0.003596147500301278
0.001040706715988702
-0.002961585649466891
-0.00013970209694882143
0.000253663856270568
0.00011840423825977863
0.00024703716758103745
0.00034720315317826405
0.0001645124261680537
-0.00013617681816264842
0.0001824268900773483
0.00014389900467759388
-0.00012741337199274815
0.00011585256465475969
-0.00011607657851925421
0.00011156617107137443
0.00017025092101473861
-0.0002136222523967681
-0.008308797874125038
-0.0010944167081221674
0.0028646811817918997
0.00023959964194534268
0.00011138570302239581
0.00023726600751629865
-0.00032470870067801327
-0.00018345518588986005
0.0001790780230092033
0.00012292474681840966
0.00012547525606504097
-0.0001433810732159059
-0.00011014331060321558
0.00011045059216383338
-0.0001678710543756506
-0.00015437612366192468
0.00020763537710879622
-0.00044986218825144794
-0.0029561555347849726
-0.007487028323202026
-0.0027463819368431586
0.00015584715070416345
-0.00024085864618019373
-0.0003049342776746422
0.00012132597823406937
0.00012373994750781528
-0.0001658980271402724
-0.00013678196360944911
-0.00010013194882580507
-0.00012300704301178005
0.00010370525803074763
-0.0001567124759863042
0.0001221630862880272
0.00010812779952167841
-0.007786291600022464
0.0025615135721531864
0.00022995723311640436
0.00011058433613652326
0.0001079060453573688
-0.00024141227166736798
0.00025552175530707956
0.00011164220351768018
-0.00016738301567821755
0.00015558953739578586
0.00011401221035510145
-0.00010717535915535063
0.00010170703287774966
-0.00012443463603067944
-0.00011080030484915023
-0.00013524959577900587
-0.00010525493060887523
0.00014700125229398606
-0.007544452679455258
-0.0023340700542919318
-0.00012542477286644184
0.00024257582054122384
0.00024761370506221823
-0.00017311362229704895
-0.00013976270072606344
0.00013716635451108917
0.00010898836279917264
0.00010111793648213183
0.00010607723220084111
0.0001484617525536793
0.005831773781035856
-0.004466285718443936
0.002008810250765439
0.00020521336916484687
0.0001760118636472553
0.00016005637073541904
-0.00011479353951258668
0.00020656053224219273
0.00018128943036394116
-0.0001210365287716214
0.00013449993743460187
-0.00011202990497089468
0.00010834745239782571
-0.00014416549597452615
0.00020120708234627166
0.00011801025627897408
-0.0005552272488532399
-0.007171822786520103
-0.00010542103976363368
-0.0014808928641520454
0.0001359260051970769
-0.00026500053762621567
0.00017020674466222512
0.00019280464636478676
0.00014748909261856364
0.0001232807838432644
-0.00011966851925495423
-0.00013338839855759078
0.00023342556780594408
0.00013980187504742455
-0.0007525039406100192
-0.007020648849950636
0.00047204291871808245
0.0004480810724053999
-0.00028064572197759397
0.0002012727442676737
-0.00011446956777881583
-0.0001175012394158752
-0.00015127127722818225
0.0001275115152842739
-0.00010669553195079324
0.00011148269672031028
-0.0001082600849056592
0.00017117049982820162
-0.00029035900050186023
0.0003949823625930986
0.0001539041192307479
0.005980332826525721
0.001247596783847839
-0.002716551234830756
0.0010997980565330663
-0.0004732783356791342
0.0004138531000818478
-0.0003900602290597736
-0.00012125750629411923
-0.00030053870576396386
-0.00020952731333290507
-0.00022020494683036072
-0.00010996080133965797
0.00014715771961992956
-0.00025119845418361563
-0.00010605035744841459
-0.0001494797498930452
-0.00010325269652501065
-0.0001091584022845204
-0.00010513912347401084
-0.0001267134949596999
-0.0001601893861357306
0.00016773623274216702
-0.0002495900557717642
-0.00018988357746045384
0.0002475580749948839
-0.00010003717808218914
-0.0001484159531724744
-0.0003461105231317861
-0.0008776511326400448
0.00039537329526790157
-0.0010794833659408304
-0.0003997248965943532
0.0016405173710534041
-0.0023856006382171804
-0.0033736463371586106
0.0016628845053899433
0.00406489733158176
-0.00025737156630277805
-0.0002887427180344318
0.0005158930643225373
-0.00030196962925839595
0.00019621755989974424
0.00015744426953216166
0.00035014749041232087
-0.00032096766240155317
0.0006048543242297834
0.00022416000282342595
0.00014402107004829505
0.00016906718339314595
-0.00032555725752108353
-0.00012184120001491171
0.00018498749671875265
0.00011845543761162566
-0.000317588285660313
-0.00014242506990049005
0.00013736373313004904
0.00025378365814456163
0.0002754180415424029
0.00021170191657737423
0.000120268349073775
0.00015656043735842815
-0.00023220973054500512
-0.00013241654556545566
0.00030694281728774615
-0.00012669950358830222
0.00016315434671985478
0.00010840123184485548
-0.0001006833512626197
0.00022844274243317587
-0.00024813729963238206
0.0004368327194772149
-0.00010762502357867765
0.00022720489856393873
-0.0003991029457883254
0.00010011326224064444
0.0001577997135867854
0.0001014448288408301
0.0005866297492356968
-0.0008763764574109845
0.0002730765128669358
0.00043622278708380563
-0.0005583001108187762
-0.00010890289818031851
0.0010537516759263664
-0.0013679206803427389
0.0005860285284707489
-0.005166196695776189
-0.0019609214481158717
0.0007741106313843443
0.00022102612054747498
-0.00020421141180465698
-0.0004405073314382476
0.0006674865672009977
-0.0007684480388359125
0.000287496603404527
0.0003447047734907113
-0.0005814497777688093
-0.001267251702795546
-0.00010251483837096803
0.0007814627498479816
0.0006920305983566866
-0.00026462933058442225
0.00010224070396520417
0.00014944083823261684
-0.00013144033387375425
-0.0003565145875448886
-0.00011828760708164948
0.00025944356389448676
-0.0004439781009009513
0.0004353907103650025
0.00030268540310454873
0.0003695540733808448
-0.0005242466615522373
0.00028777842244097736
0.0003237517965288206
-0.00027035747001992537
0.0002386287410798378
-0.00045682769831931116
0.000427847074809895
0.00012184270078910373
0.00011152466575070852
0.00018440964681501874
-0.000441827038858934
-0.00021491183787090067
-0.00014208797771148588
0.00023467745656104974
-0.00019985087286463865
0.0001373882844974784
0.00013669750376983403
0.0005604554417915707
-0.00032395907629715975
-0.0003908371850160726
0.0003699786651048135
0.0005202548998790353
0.0002802236900735835
0.00015250567190068948
-0.0004296292005024989
-0.000548336727284434
-0.00026745022160211705
0.00011310654604316297
-0.0001887407507229879
-0.0004964812326585476
-0.0006368534608905674
0.0002945276942541494
0.0001858718525537861
-0.00032138496926256943
0.0004624776510168794
0.0005802201076969028
0.00011662392020565473
0.002512231000684165
0.0007632864741138473
0.0012695487755923752
-0.00014477385860381175
-0.0010580676650841616
-0.00015002191819651065
0.0007299459255484717
-0.0008672805102448889
-0.0007925281498329163
0.0011701193664661535
0.001953452695282502
-0.00029809340203654043
0.0021649006739608715
-0.0014066216231411106
0.0020700258335230905
-0.0016205242153609837
0.00030634307008008875
-0.0005933754587875991
-0.00038514832566017665
0.0008666383102745436
0.00037467856205442593
-0.00013486058146246232
0.00024168745166246327
-0.0004605677608765504
0.00046419713088447206
0.0009948017650335701
-0.00040784206653696203
-0.0002408601264526042
-0.0009266401786259469
-0.000397278445158711
0.000424568948839139
0.0002043127982319905
0.0004565986556536707
0.00019866181750300354
-0.00030103148836221243
0.0004748716605971448
-0.00038708981760652504
-0.0007842753480686512
-0.00011221343068323082
-0.00012010965565222233
-0.00021571466809858054
-0.00025542693172488014
0.000497154023723582
0.0003781529859944018
-0.0001426009474985223
-0.0002174710220702141
-0.00011755263283559332
0.00023530316410509046
0.00016543868237831857
0.00013642711973491981
0.0003827273752110582
0.0011202202219166239
0.00023249310548226868
-0.0005544217765087216
0.0005752909780050307
-0.000363447105025592
0.0006480871932387943
-0.00011188949562470345
0.00014858303031462867
-0.0006385657234848828
0.0001838997756708559
-0.000136539157132513
0.0007727988361094727
-0.00042202976410997005
-0.0006560311412418009
0.0002323497597093622
0.00016616300626530104
0.00022166339355474886
-0.00045995399296036566
0.0002420991869533761
-0.00017921843690803796
0.0014793635632044414
-0.0003186597951663155
-0.0004632023536129743
-0.0007916242192688061
0.0030291936166646698
0.002104917746097793
0.0017724639286260232
0.0002705870253048865
-0.0005520769433204064
-0.0010075564653101916
0.0005339071542657054
0.001199390710241617
0.0007948860879817876
0.00021772488266719894
-0.00011785868471942781
0.0016680909292707809
-0.0012058854103091136
0.0007579266344082014
-0.0003122653357433068
-0.0009211975095456596
-0.00012549925960040522
0.0004936121307867347
-0.00023052549210274634
0.000716196845928363
0.0003290594164431047
0.0002540673459171144
0.00016320837672518818
-0.00013142787576706297
-0.0005678473185164586
-0.00032619587092540877
-0.0004436839067777497
0.0002412759056160292
0.0002684472384755155
0.0001747623823236012
-0.0006292214897151814
0.0005113288095377466
0.00025797600850888266
-0.0007298498373323031
-0.00018519668248401068
0.0001555504327093232
-0.0003082422576791367
-0.00013218275772059146
-0.0002665259723501887
0.00030567906788199516
-0.00019920585519528952
-0.00038067933733327766
0.0004683396413367964
-0.0001067446039716164
-0.0005055863659541632
0.0001597576423426169
-0.0003015162474494304
-0.0001905291811982092
-0.00019552700544693378
-0.00039485583400629274
-0.00015257751811172178
0.00036165643916689433
0.0001725183087318912
-0.0007873408045810265
0.0008182383506321472
0.0011885346869799085
-0.0006557078171159938
0.0002481714039873863
-0.00029096413081849384
0.00018082978274934944
0.00045677785412292273
0.0004186768804942473
-0.0007131557403859944
-0.00010158779793860289
-0.0006356350828437753
0.00031129955874446656
0.0016012161180978448
-0.0018509821555180485
0.0004513973014954353
-0.0019695513812942917
0.0002784567910908277
0.0002966172584024333
0.0026976364498033745
-0.0018337891881953885
-0.0001324265950161431
0.00012003440369702679
-0.0007704200898298714
0.0005125141247477635
0.0004996898914974128
-0.000555478616699557
-0.00012156872112219768
-0.0003497655336819394
-0.0001236926668020823
-0.001045364701133848
0.0008965426465568181
-0.00011816427645730264
-0.0003874917363758453
-0.00038684242498178065
-0.0007978482159453045
-0.0011799535148033801
-0.0007317967184047299
-0.00027004470901928636
0.0003112588360469464
-0.00023157471398929498
-0.00040597975999387447
-0.0002095019957530232
0.00043135606024613613
0.0005496141164021607
-0.00011633331929932679
0.000405754381323481
0.00032014428302195707
0.00032371532475133555
0.0003413557686073149
0.0002257826206609053
-0.0003762944573748243
0.00010666095726513421
-0.0001413732844507459
-0.00014349340164737003
-0.00033102587173088576
-0.00043928906300931845
0.00029636270479995716
-0.0007173888744755964
-0.00035686895321674874
-0.0001420678408601996
-0.0002214967071188055
0.00020289687605691385
0.00010548534518730113
0.0005048275314678593
0.00012402211730808284
0.0001497240433780181
-0.0007948753850880509
0.0002488172048453377
0.00039928433526072377
-0.00010529056160519525
0.0001130733537576806
-0.0003387619664274741
-0.00026442161619665114
-0.0002410960606947405
0.00036121684513701964
0.0006881466346867359
0.0002856802654751351
0.00017179872731575924
-0.0009232904183335651
-0.0010273513438380454
-0.0005122142504697682
-0.00021615914766622262
-0.0015903369431531922
0.00024042897527388977
-0.0007139433040631768
-0.0008212592414261981
-0.0020046996790149966
-0.00017346009253039777
-0.0006640296573650928
0.0015478921042896211
0.000226373550873837
0.0008950723068895317
0.0009193458097902939
-0.0016798242962230746
-0.0024289774900286003
0.0004700754818839649
0.0007334210755495429
-0.00012403096239420983
-0.0006285679957419063
-0.0011967559717025531
0.00033809130111545863
0.0010635283334463775
0.0005137152291143328
0.00033732406128755084
0.00039748254079634575
0.00018203084942056195
-0.0009924940786033894
-0.0001703873055475416
0.0003042183681526852
0.0006617050973875917
0.00017542257292747193
0.00022307384413170012
-0.0007728527008498899
-0.00015288784739225266
-0.00015960992564197248
-0.00022609562525470025
0.00014359388195926012
-0.00015071949385014497
0.0004676794583791006
0.0002815915444459809
0.0004896771275371059
0.00026984025349458825
-0.00030601704961350445
-0.0002293941754419507
-0.00027915426808482527
-0.0006639142111687039
-0.0001339756934589364
0.00014242406230049188
0.00019082801183857418
0.00038268085629137146
0.00018751323598861747
0.0003722092442989443
0.00011218128684017058
-0.0002575678648958577
0.0006802557629174177
0.0002655364203447841
0.00021815500853519966
0.0010351588795647442
0.000594534338685419
0.00040487058053715686
-0.0004501294326273187
-0.0007081742953717923
-0.00032778056707633745
0.0008846133390668651
-0.00033021278663658717
-0.000100673954971989
-0.0024537253805814265
-0.00028475619243463295
-0.00017712438949747905
0.0003134668553184375
-0.001434237352261178
-0.0014405162983339554
-0.0003852921119208597
-0.0005895438707942726
0.001360503029295921
-0.00026111478966493095
-0.0013613977760423357
-0.00034997739350391447
-0.0009450881199997113
-0.00015876732329589456
-0.0025662382294432415
-0.0004089949151685204
0.000664338942855165
0.00022931099399547118
-0.00040139574595463116
-0.00025884890039121455
0.00016705340536947113
-0.0007194629259276915
-0.0007092362981243233
0.0007970694630814164
0.0002540523875365752
-0.000604240622779703
-0.0006411921719956777
0.00025919170805206927
-0.0001307781410733764
0.00018965682190916553
-0.0002749869624864255
-0.00015020393632472512
0.0001304891349798671
0.000405297458853325
0.00023281481880112653
-0.0004607681489767083
0.00012870732491248102
0.0004771828871530545
-0.00019466966854286635
-0.0005724332147528678
-0.00031717200027032776
0.0001686118081296803
-0.0003633202196374846
0.00013666403448156587
0.00023278343669845208
0.0002712865271845104
0.0002597009394643094
0.0002795706204028008
0.0003403842043966465
0.0006407054425834198
0.00020975851155533162
-0.00014829155715380673
-0.0003794455915218659
0.00021191789981830664
0.00011705918858416301
0.00014379962812615106
0.0004911321672661633
-0.00040986353848513566
0.0004348458764626158
0.00010035741621903877
0.0008148827330151765
-0.00028864779420355525
-0.0008263833142755483
0.00025330375622721634
0.0008313100922744105
0.0007136528049150573
-0.00024036730182649775
0.0011988424941452149
0.00010265646943248838
0.00044147077136199794
0.0006155707572118357
0.00025430408181523694
-0.00238086084405376
0.000280878329232399
-0.0022471759398380795
0.00024037535028845162
-0.00012892125447035068
-0.0019480497254393632
0.0008787429385961054
0.0014598851333265063
0.0012489922452568138
0.00023177892790696332
0.00026150174341163507
0.0001367353478761248
0.00020570963424421476
0.0008463815289803704
0.0010103876016789657
0.0002891263714649836
0.00021856425437750645
0.0006119016437738787
-0.0003602432674018396
-0.0003321139086669329
-0.0003651821647696263
0.0001896085132166183
-0.000283429998162518
0.0003270261646251284
0.00021633923451842504
0.00021171237049857807
0.0006016704685985976
-0.00011663789847113838
0.00013736078932987932
-0.0005276059340679297
0.0002561023524994572
-0.00011540629080813404
-0.0003721175500015104
0.0002819364396223412
0.0002654617338939529
0.0007760948847296515
0.0001629108275136476
-0.00010404349902400785
0.00011933059664923865
0.0004118503827046939
0.00022009196365028273
0.0001945666944823027
-0.0003062856386712186
0.00011181444731634488
-0.0007361870411479881
-0.00035945218591947037
-0.00010125854162231183
-0.0003731901893295365
0.00010793784403280333
-0.00026203814468363863
0.00021957903440661758
-0.0005491826828646463
0.00013183479933729346
0.00016827322265806942
-0.0010616258834254138
0.00039211534334129106
0.00032237327155908293
0.00033747746693140173
-0.0007854771163372849
-0.0007862500623286878
0.0010032967607225465
0.00134720075532023
-0.0009063715262915134
-0.00013283974510503097
0.0007080541733783401
-0.0005965136356491541
-0.0009777518019085162
0.0025816052889019478
-0.0013176361859452287
0.0006289246114202419
-0.0011128026514871311
-0.0006875343845541845
-0.0012612350347316458
-0.00031994454238208885
0.0006785149558595222
-0.00027902585331941493
-0.00168311970160159
0.0002849893817061756
0.0005503906871702727
-0.00010614295529479042
0.0011995581810480143
0.00040952288816003694
-0.00010968363211559436
-0.00035316903540662855
0.00038187728320879493
-0.00042575707819731074
-0.00021371081363037533
-0.00011407208354490233
-0.0007185598573157732
-0.0004809254849762072
0.00035559251049243354
-0.00018496765148370785
0.00026738625153217263
0.00018216741948444935
-0.00011017598706693116
0.0004994526140820134
0.00045481041106286386
0.00041600571842938526
0.0006448134899928209
-0.00026233116053925315
0.00010560907211308956
-0.00023865903725950313
-0.00028133784767957854
-0.00024062823096452932
0.00047309010818169327
0.0005928305129476554
-0.00040421563087954514
-0.00010111245919321244
0.00015670809961154848
0.0005593823167667835
0.0001424154091626239
0.0005875284993608541
-0.00021846258178167844
0.0001679789856073911
-0.00017767752554102902
-0.0004946845117785453
0.00026272594178329946
-0.0013291130606380602
-0.0001411566175675302
-0.00042329428696875573
0.0001354256765298773
-0.0016530857063399651
0.00012562267468093556
0.0008256859689009936
-0.00019494731826125115
-0.0006787901479670435
0.0005568383518261414
0.003114878905801029
-0.00030585822701824236
-0.0023165581728812664
0.0004568249549151561
0.0009046047504805184
-0.00015702805286027223
-0.0004058176420947273
0.00011380659853536657
-0.00011163780488146024
0.0009280691357140266
-0.00045764442032344125
0.0003554309632822642
-0.0008958426950991064
-0.0002726039691395842
0.0008538271299895088
-0.00038567650516334437
-0.00022917434186619734
-0.0006469107165204163
-0.00030913815145394463
0.001005628332396632
0.0004111581076796638
0.0001500873679595225
0.00014622473401881386
0.000133408611419568
-0.00048807539546988067
-0.00025311596113952565
-0.000503890185205262
-0.0005612877137174976
0.0001750644322115304
0.0005105514161568568
-0.00011593432626960154
-0.0002771945998517082
0.00020661635597660357
-0.00014318623264929112
-0.0005061831621494096
0.00020710115976176397
0.00016266286936998404
0.00019169188853090124
-0.00012327116745856412
0.00010289036492702734
0.00029155115511357864
-0.00012104367616648744
0.0001686147353263831
0.0002057535017182263
0.0002339327312151764
0.00014033937518910237
0.0029587800977284697
0.00015446339751327108
0.0004225369752038705
-0.0015517480086205003
0.001521018251586996
-0.003101702287947031
-0.0002101485751066028
0.00012988497186135745
-0.00013948034146498288
-0.0003221326791292983
0.00010280073841721499
-0.00014709410452705082
-0.0003272753901637151
-0.00010389056660934135
0.00018239656200644543
0.0005691569895087779
0.0004097775080608926
-0.0002596812872413623
0.00030065549912310357
-0.0002710446201291826
0.0005816446532103536
0.001936496798227421
0.00020030857069319526
-0.00012271962327139527
0.0012352371082744687
0.00014832748673703522
0.0004962794170785391
-0.0005777722574156676
-0.00040402814581769886
0.00014309132785681115
0.00038921972664890663
-0.00047998345733369583
0.0001180858585922479
-0.00010305157323112202
-0.00019894646715453094
-0.0003667230756220528
-0.00015348373488925635
0.00022230253217433128
-0.00011284075503338275
0.00014267827568943355
0.00016418662733739858
0.0004560090664398604
0.003992002032470285
0.0013217514092830885
0.0002398716274214141
0.00032894089230803514
-0.00012161282974216544
0.001122872988240905
-0.00011680629445727632
-0.0002685749928754908
0.0007186454964601579
-0.0001693116835082275
0.0001373268391319556
0.0005655932604989834
0.00021006818559046324
-0.00041077157333697223
0.0004541642493462584
-0.0001369606551458692
0.0013405231414938743
-0.00013338920043439906
-0.00015665558797629058
0.0003316138862858919
-0.00018391122082661782
0.00011710286353253764
0.00011798977033036953
-0.00010703598610051732
0.0019261712927688185
0.00013866761765275184
-0.0003820756681920944
0.00035862400003717457
-0.00037432169073450404
0.000213445732155144
0.00019240693661008138
0.00039160434534063916
0.004041793540898332
-0.001430159758886032
-0.0003164459361638604
0.00048065436471739746
0.0012918445379335932
-0.0004227574293099875
0.00011328219851381359
-0.0003849696645354764
0.000728398660170796
-0.0003391841318909295
0.0002318308556362459
0.00011012220799764679
0.0003427972124928685
0.0003343889133173564
-0.0003466658825531632
0.00015009287279353503
-0.00010592574442073943
-0.00041446592131743476
0.00019118492879308712
0.00010330292153361883
-0.0003875303639716123
0.00010411958914040283
0.0001947979828313693
0.00020887745047388064
-0.0001440369956735007
0.00027631443545664595
0.0002573242140213428
0.00011407564693074631
-0.00011241822218088015
-0.00010705918335944016
-0.00018784911445896688
-0.000154281735027098
0.00011606189107102517
0.0001710710183741722
0.00013589413222990515
0.0001406194569134439
0.00013431596978853076
-0.00011740013157725721
0.00012502909529619227
-0.00013488534976570187
-0.00012699932751799025
-0.00012041567519306215
-0.00010924396437509886
-0.00012790126832391661
-0.00010705190427871498
0.00014383252330321618
-0.00012031073596642656
-0.0001120648786116973
-0.00010291047578999694
0.00010134184317467783
-0.00014077217646144832
0.00010771660091625626
-0.00011675455220814708
-0.00015450021126398598
0.00010102476811885082
-0.0001341613377166001
0.00011125911311474932
-0.00014360459853612697
0.00012406295749875276
-0.00012362114889775063
0.00010332909202605366
0.0001595631922795608
-0.00010175055508591275
-0.00011965540676164214
0.00012976150509884976
-0.00010447913114121287
-0.00016941584764539129
0.00010600843772136594
-0.00010050331564060177
0.00012378858089106878
0.00013606006538839017
-0.00010799847709108165
0.00010714117405890399
0.00014058756678250582
-0.00012890792679874267
-0.00011226936672923647
0.000148342615364074
-0.00010459487850463772
0.00018283263902803233
0.00010524924996126312
-0.00010745947723386074
0.00016804111185058743
0.00012675086273734548
0.00011577313991405655
0.00012644650281113743
0.00018444465612380793
-0.00011797612952406961
-0.00012109093390794087
-0.00016016058393182256
-0.00011844998891417897
-0.00010425829152656598
-0.00013112895092433618
-0.00011920467167482602
-0.0001645969867074444
-0.00012174253446818351
-0.00016304844290799395
-0.00014217988172407926
-0.00011041209846324739
0.00011898685381615196
-0.00019492930255638
-0.00011514435444436861
0.00011444121225189039
-0.00020489805534827904
0.00010807272527099267
0.0001000969610290248
-0.00011924325573537412
0.00016639991263996733
0.00016259875378834854
0.00012166715837385351
0.00011906474802823253
0.00015197117228181554
-0.00016237386636085092
0.00016827050734024578
0.00010076297476108998
0.0001514059334160066
0.00024478847836544954
0.00015186292195557458
-0.00022419414610804766
0.0001397558071246064
0.00011784382259719302
-0.00020292338157409424
0.00017749615447735286
0.0001033620767793922
0.0002325311299488172
0.00025910035674015885
-0.0004219993191026529
0.00011720416414168273
-0.0004199053109489681
