-0.2278210105065211
0.48977045945466013
0.109550146564886
0.06359002641650617
-0.04490515932944208
0.03391632957559989
-0.02813111919841437
0.027104675313790003
0.025116832438939515
0.022769883253960618
-0.020839938301178373
-0.01972051415747347
-0.0209856107603789
-0.6418309919593047
-0.015503456897263537
-0.21611164268631639
-0.24758711787841825
-0.13749526426635247
-0.09427571458243801
-0.13540815180563961
-0.09168728184042108
0.04584988101240861
-0.09443379913054294
-0.08346701345479855
0.0037693453212078562
0.07539537033404775
-0.02195855637463261
0.012602516898904976
-0.048540569989029766
0.09422923162582314
-0.047479571719275526
0.004968388739651655
-0.0059498695272725945
0.0006959407430602117
-0.009756236789633737
0.10509893368619953
-0.024888840536963896
0.0009378299097704397
0.001098626090779523
-0.0005880629253066053
0.0032302688930529373
0.006509716625190908
0.017724479622703
0.09958076685258548
-0.005829419360935939
0.0021516875320930834
-0.001266768772561783
0.013778618855672718
-0.0013003241826332406
-0.003563675581618368
0.005131860355635329
-0.014553643432061076
-0.08267981092512804
0.030836609780883723
-0.023761310827796103
0.0012256227870355988
0.0029211995515892376
0.008331765341771814
-0.005651935101857065
-0.0008327635398880933
-0.003532579801375936
-0.004285677317051531
-0.001007834788932424
0.0015643878050983582
0.008082991900586185
0.025548709525269758
-0.001246369785257587
0.07936280604684431
0.0008330450287349809
-0.002574115644781283
-0.0015567670266193132
0.007495949520357285
-0.0008268388266440423
0.0007356032036848578
-0.0018089347941448765
0.0053714170411164885
0.000942924753060479
-0.0012234833359641986
-0.002671573329137876
-0.0065000926998242566
0.07108125523606351
0.022533788155222962
-0.004419786032356358
0.005250397421104081
-0.0004633712880472126
0.005632160017873609
0.0015986772268979925
0.000450833769109529
0.004955335892703158
0.0038104218137527354
0.00099544909505499
0.005528527146135715
-0.0029288700561072817
-0.004304047584470548
-0.003958772462366528
0.0025663221130461863
0.0019134440667582708
-0.0666465281267623
-0.0063084511765468376
-0.0054692679338909905
-0.0014246337259670627
0.0021212560879078075
-0.0043314013178895805
-0.0003615099027009685
0.0013788752552165422
-0.0057442785611479105
-0.0011977981075246913
0.00043065341235159614
-0.000681022497830655
0.0018922022992188736
-0.00041845112088105
-0.0010300417552205274
-0.0006743013295260657
-0.0029746693744671752
0.0007702798375735972
0.06076610519173085
0.005121892556818507
0.0018061269946181113
0.0011219973100057507
-0.00018103143052360362
-0.0038848449562958872
0.0013211002531046431
0.0020022966341338394
-0.005079069162597863
-0.0013392146709263857
0.00010411768205728186
-0.0011294106340103646
-0.0013360559898745036
-0.0015268403308579743
0.003155892376782281
-0.0010414401462995597
0.011303329889866796
-0.052484558207254804
-0.007016637524834404
-0.0015170714747164001
-0.008436063949922657
0.0007258367690995101
-0.0006236529253438014
-0.001130168757737755
-0.003212588644111468
-0.00036090655347663494
0.005089386184792651
-0.0019712319427995567
0.000313288384774696
-0.000579041117857748
-0.0039202593115648535
0.0023873141601680236
0.002486983951203159
0.0018346574117382372
-0.0003714054903108788
0.003014556866568792
-0.0004621282457932623
0.0014751832916950287
0.0016138045127452607
0.0033471495012949446
-0.0334422518091428
-0.03634513799386581
0.0008554789239113287
-0.0005213905324242397
0.0009769169089787794
0.0027605895253442017
0.0005367290116283953
-0.0008278416561487772
0.002269437540608172
-0.004264573650565055
-0.0006152849841870435
-0.0005100852153974256
0.0014938352073669322
0.0003831224187516475
0.00020288712115619603
-0.001072664594329045
0.0026881480869309277
-0.0006298763681850134
-0.0002328517971255479
0.0010861086718450335
0.00043245624858129737
0.0026457834513610536
-0.013837399253394651
0.04287798788325088
0.003013203933167954
-0.0010923530297277991
-0.0020248772318835657
-0.001101943913836352
-0.0005871247583903124
-0.0022435280713672835
-0.0008544845806746457
-0.004541573209181078
0.001025086869452249
0.0007803420224066857
0.00012935031396518287
0.00019367004875086506
0.0003796405924766173
0.0009633164058033995
-0.0005527562225135568
-0.002374085243777597
-0.0009967387774156152
-0.0001656529964728629
0.002887033132248808
0.0014411528605072963
-0.0027418068814321437
-0.04085038676015848
0.0007142307103992132
-0.0005272060549796536
0.00016957335128039153
0.0008225752660083036
-0.0013895129046132596
0.0012625970325997142
0.0023117265062259943
0.0033030317986254454
0.0028730101890326576
-0.0031438552846573546
0.0014038772877826065
-0.00023441253310467285
0.0006805006113380675
-0.00010333540550888709
0.0002660600978847188
0.00030413335465420216
-0.0013128356756494839
-0.0009307751064086996
0.0021183429471945954
-0.00028774360446216654
-0.001022998999858068
-0.001431434597495405
0.0016951197943499917
0.0013957144048805947
0.0025149779000704
0.001544101687449194
0.03494312224544798
0.012700604214430672
-0.0005003464130216274
-0.0017129565491769718
-0.0007646425939213782
0.0011585152471728706
0.0005068181920726354
-0.0008239022606037024
-0.0012192074668549054
-0.004223967363555547
-0.0005023466297357384
-0.0010546038369905798
-0.0013011450678333083
-0.001552507484818932
0.0006668773693876654
0.003440595752844554
-0.002540120845825793
0.00015564834767495977
0.0010139490699028041
-0.0014326133839837752
0.00018651972818825084
-0.0014792217159691177
0.000372854069456714
0.0018343584790125422
-0.001781339826728807
-0.0338815014862218
0.0017736594432868637
-0.002512261240926696
-0.0023958072291094495
0.000127474225970118
0.001599479942721754
-0.00039725044291361364
-0.00045462550813629547
0.0037268477031162307
0.0009692926587692919
0.0004936153950210494
0.000487971000687282
0.0006282540638956231
0.0007270047038056451
0.00013830755666027268
-0.002111035732238758
-0.0006764211912355846
0.00098424641611227
-0.00019062371484372846
0.000805287074620538
0.0035046649708835556
0.0025657539913575807
-0.0019342735019587229
-0.00046846966565561966
0.0013896903347033868
0.001103385808233851
0.005481012066418018
-0.027715837973117028
-0.013445985141950088
-0.00044824886390713343
0.00012590812277448772
-0.0005379127517279868
-0.0009067913888323431
-0.0010565425415241156
0.00023693614979598417
-0.002192000615723141
-0.002862189330532375
0.0005562848906226935
-0.00029510346141631695
0.0009365772091067323
0.00022282052143062268
-0.0002595791069470452
0.0006596724187128858
0.0012563893916811787
-0.0016449851185753094
0.00016211531761747033
0.00020147979348374332
0.0007372858067751609
0.0004419981496947718
-0.0001854724775980669
-0.0015937976734584462
0.0005773206472357549
-0.000135429280581031
-0.0013219613715952855
0.0007934226039331339
0.008087543846009902
0.024180487960103567
-0.014087969455671206
0.0005906896329346021
-0.0003611048145013712
-0.0009659017844180354
0.00072822884770637
0.003295834898805359
-0.0006273139905643143
-0.0007346432658167784
-0.00012685595282650646
0.0005477192077791212
-0.0003117436311827929
-0.0003449723338582824
0.0019351994360590878
-0.0005650357556587671
0.0002802551529183352
-0.00015328979960169887
-0.00035495437349372444
-0.00041689337867876456
-0.0011063977205668118
0.0011233679664675803
-0.0004175548599370588
-0.0008027165961425927
0.0017633638540548889
-0.0011745262684779527
0.0033019951307632174
-0.026399491225268246
0.0008353611412262541
-0.0016550021809542592
-0.00044411715990961447
-0.0014226359627268386
-0.0010213838068044846
0.0006549664902415466
-0.0024987607348245177
-0.002660853484132115
0.0018322801460173175
0.0008855245805206866
-0.00024924351180312664
0.00019392710614485215
0.00036016209669053175
-0.00024719340949618586
0.0001633504440349218
-0.00010026426387526962
0.0012241994525115495
0.0013281881205160352
0.0007257812625862903
-0.00012573410285783164
0.00021428732990038537
0.00022947604222103436
0.0002654151611530385
0.000521502558294904
-0.00045688727879542403
-0.00026232900631838326
0.0013531394329451701
-0.0003784231271076131
-0.0007417778097498546
0.00018689586433771934
-0.0010028235142307022
0.0010371207022872105
0.002293009920965173
-0.024361936317465693
-0.0009998383449061263
0.0027433106531592117
-0.0008636462718937429
0.0011102442034488982
0.00016384011885831444
0.00025316537652837984
-0.0005909353029218342
0.0007606686189423628
0.00305879285743046
-0.0025476562021775635
-0.0010681986172933402
-0.0007735746923225005
0.00015589739067764752
0.00047297523308865427
-0.0014303980232394232
-0.00042778400112775377
0.0008293285279871442
-0.0013745059374337695
0.0005214876534695671
-0.0001777738460075158
0.00040658512660267767
0.00023860742810619898
0.00012637336828660243
0.001421221160703332
-0.00042961515036553193
0.00022772710381630069
-0.0001710182972718657
-0.0006657763486917199
-0.00025124745074878613
0.000447821837402024
0.0017292029884502682
0.0005118616228016464
0.02273785212391058
-0.0012319049742239654
-0.00039008297459295287
0.001410741725180202
-0.0006106157493160675
0.00036507039044292403
0.0002974142660551236
-0.0005259848811258974
-0.00038753859750406905
0.0019884247434873363
0.0019993233747861135
0.0003658496385921475
-0.0006296592177668887
0.0007560255139648058
0.0008076188260317898
-0.00027906383207753775
0.0002498711644344025
0.0016959473686057967
-0.0005862788522007846
-0.0013429312562913934
0.002345097354117723
0.0005101259730720826
0.0006920387463714955
-0.0005520619295474933
-0.0010132024641117815
-0.0010659473334553484
-0.00037463799915737287
0.00013561327937075388
0.0004475928292480616
-0.0002221225307826452
-0.0005304719520096114
0.0004603546201817435
-0.00046056895534816767
0.0007990041066637754
-0.0008110045031012928
-0.0015885671351687737
-0.0008653480863689731
0.020622449442785195
-0.004702955506461611
0.0006810050512110344
-0.00034911762238496396
0.00035270845091629554
-0.0003401427755210672
0.0001548130529837767
0.002472324789341945
0.00118469168408776
0.0005547672779260711
0.0004677598948756764
-0.0003791729606730602
0.00023535138953315277
-0.0005145211318975202
0.00037414816762941993
-0.0014499277070232396
-0.00015101549929319485
0.000625026686641606
-0.00032750252579294697
0.0003999710760414548
-0.0002241770466529006
-0.0001679929821361204
-0.0011265278419256473
0.00013772714987042372
0.001714361571127116
-0.0023662536898628826
-0.0002186141802333614
0.000597076007340576
0.0004859747451827755
-0.0006184118148190627
-0.0003608110924017908
-0.000955517668069
0.0007929369980908818
-0.0002897042227978058
-0.003189905117233915
-0.018987428683151432
-0.004465366959566312
0.00010923440313482854
0.00031498598457060695
-0.00020920350317940148
0.00032717476886454344
-0.0002701933814344023
0.00014005917025072077
0.0020295274513859843
0.0016315136212829854
0.000366803556520802
0.00043459880703435147
-0.00042096887976772056
-0.0003910490980929156
0.00012674751160747868
0.0012356850628174034
-0.000775932147365854
-0.00018705379964020077
-0.0001611141643434019
0.00059154182506794
-0.00012749718172275
-0.0010693276952986786
-0.0005096595830312093
0.0004779289060382976
0.0004009063887032966
-0.00040585609343665827
-0.00037202032793152317
0.0024977855263831504
-0.0008669963886481723
-0.0013093126926466301
0.00045519270364005853
0.0005438608144472798
0.0005845039205556212
0.0009096778521300235
0.0016975227898536277
0.004043974290850325
-0.0177726257039757
0.0017660776437251908
0.0011413401550568179
-0.00023923916027963633
-0.00020377214829153556
0.00042744487622584483
-0.00015201684533173342
-0.0004185201288387967
-0.002393328596396002
-0.00036482919742350387
0.00039350181633572416
-0.00019711279932961483
-0.00020309151243637775
-0.0003222687265810122
0.00027540329163243827
-0.0013566525146239186
-0.0005222124852735984
0.00010675078205177103
0.00048355195752153995
0.0009330966605602803
0.00033727872051757734
-0.00028738682641326414
0.00016090854657711384
-0.000276657344825073
0.00041324278187135745
-0.00017857892099848306
0.0007559604064728241
-0.0006236068778393258
0.0015032609852685297
-0.0025246744620134563
0.0006836237859508997
0.001248279369219061
0.0022904503134479055
-0.003326934629348308
0.0018892264613108976
0.016586489789597415
-0.0002625201106320773
-0.0005270941993310883
0.00010367380985899247
0.0002559655415197476
0.000619101816188913
-0.0021765083225419165
0.00036293107249211034
0.00022031501123363182
-0.00018980924674581392
-0.0003258535195036734
-0.00012847391315714266
0.0001723303906115441
0.0001998257088236026
-0.0012891221023367777
0.0003843201055727229
-0.0002701522048763375
0.000387902888178489
0.00010142425733053344
-0.0007322439969755077
0.0005325084061559071
-0.00039434841588234726
-0.0001657748863433448
-0.00046903785732460877
0.0007725982792709405
0.00033249132289330153
0.0002896205538659384
-0.00029151880016425663
0.00015163706749586847
0.0008733651245941424
0.0016757382100015693
0.01627238250923718
-0.00029851198106703946
-0.0005104206093788763
0.00023277355082085483
0.0001364611071618144
0.0005867604235085332
0.00021882944427106864
0.002092197489073028
0.00018919440319889255
-0.00030114015273557043
-0.0003136670898602932
-0.00020284232759441062
-0.00017495147485275967
-0.0005659060371055127
-0.0004207647239784822
-0.0010701865571748704
-0.00023618792808416823
-0.00027929980580236835
-0.00012226592306479575
-0.0008960073261025831
-0.00041901420705397867
0.00016020300904125978
0.00017210645615675258
0.0007083103563317756
-0.00010381629378834952
0.00015278784488951698
-0.00039572140533844844
-0.0007367394005586102
-0.0005014791100069052
-0.0003345180053175317
-0.0014556843105641196
-0.014803959526526371
0.002980104605683226
-0.0014625650892588818
0.00012708768253961482
0.00013172059658741087
0.0011499807035041589
-0.00015888372122353677
0.001496924668378891
-0.0004154398834909737
-0.0013184643291499953
-0.0016222755071433365
0.0001908897175335964
0.00020508701538537658
0.00025390683777073894
0.0002882031416281358
0.00029646578356839104
-0.00044160201948369735
0.0011039047421900598
0.00010371013981813181
0.00011331770912562493
0.0002162272379051167
0.0008016653060421964
0.00021684746593361427
-0.00040651208391351924
0.00023687847072382523
0.0003366994807213887
-0.0006492403257783163
0.00014290391889618188
0.00011102740479995067
0.00011322967160717586
0.00014424806559642036
0.0003556069104666888
-0.0006096447907926151
0.0002747133442875691
-0.00021923772911238988
0.004364214789944639
-0.010979405206946125
0.007897920231111815
0.001483361817570037
0.00038806107542251934
0.0006159659835951639
0.00016491855487859845
0.00014737045401452904
0.00043029789032110477
-0.0019660894246092482
-0.0012165311475694606
-0.001097030743997332
-0.0011824388437639303
-0.0005298341770892827
-0.00016855304234102895
0.00023017118748993638
0.0003241129507123866
-0.0010186577806857026
-0.0006337443655725201
0.0005947851227196264
0.00022276992642163973
0.00024271363111226258
-0.0002862312814264381
-0.00022230068260729348
-0.00010711276433166881
0.0006192095194693552
0.0001351300027247786
0.00016331629405154992
0.000348397972555061
0.0005772058963931333
-0.00019651205537996229
-0.000516398871898203
0.0007245894188381087
0.01003913907382543
0.008830102516396222
0.0010730217394378091
-0.0006059814671174394
-0.00021596185106456857
-0.00011950999759942222
0.0007862419859530809
0.0017685463933184821
0.0003022129008466
0.0003131893247929941
0.00041651855028696237
-0.0006871019425126843
-0.0001525594952386755
-0.0017485932350584392
0.0010831618983074564
-0.00016047545588297884
-0.0003994606402681282
0.00017928094755295348
0.0002490571433172254
0.00014150919070828245
0.0001541241922743984
0.00010063643059016682
-0.0003960064105943948
0.00015871202426146475
-0.0007453573022649492
0.00023903676129860365
0.00018908336990385973
0.0005838106016134231
0.00010551020958947037
-0.00033485313874899946
0.0005203991782242899
0.0002286033734038077
-0.00027963475738399185
-0.00017897647093395114
0.00016608274834971104
0.0005696058322638547
0.0013405811565449987
0.012579287985070908
0.0005444283652205921
0.0001570166358279469
0.00016449080860534768
0.00028872496121174726
-0.00012006299754141307
-0.00022842356332705114
0.0017802595083990609
-0.00016241807089543766
-0.00022454333269806203
0.00027606949519628463
-0.0004627285144189738
0.00026799847870267156
0.00019227294947249046
-0.0009977752425978713
-0.0007884401010362308
-0.0016504492841816318
0.0002595947017596024
-0.0003081074601031176
0.0006146442375965607
-0.0002588811656445085
0.0006816532070076199
0.000150642426376054
-0.00016853951202194594
0.0005430963417666201
-0.000352529703784271
0.00011963399439694621
0.00011415840681500126
-0.00012746865828524494
0.0004840211314761766
-0.00025562034034110455
0.00010762908626339074
0.0001087775999718963
0.00016316123142007713
-0.00010896539073977564
-0.0002636589404300056
-0.0007254017194181172
0.011615639582482339
0.0027464042089016833
0.0003132427559999923
0.00025912824116501983
0.00011063888367175747
-0.0003413800483504279
-0.0007196049079549136
0.0015326139204558465
-0.0003790247832611054
-0.00013917995399238142
-0.00031438929514189876
-0.001007240740760201
0.00032312918831805046
0.0002836328765989204
-0.0004655110387634657
-0.00013288506189963376
-0.00039304818511556807
0.0006954838110645556
-0.0010268419619798967
-0.0013695303408549574
0.0001732755304549508
-0.00017173259823149588
0.00022450190247245207
-0.00035212411819432736
0.0005168744773613173
-0.00017667789556580695
0.0002046789207670297
-0.00026595996946363965
-0.00011205861971302453
0.00023832456654459058
-0.00046478808561115493
0.00013866517310990293
-0.00019485232046489886
0.0003116158685423931
-0.0004395736754775258
0.00019530826227979006
-0.0003043109837796166
0.011280062271687999
-0.0005155877342264462
0.00043224526384361145
0.00010485145753059803
0.00026236341813923124
0.00026457380343925766
0.0002876381965912047
-0.0015551685810716116
-0.0001513359323702497
0.00010257353749934356
-0.0002898448026547915
-0.0002026385050896874
-0.0001432289074003455
0.000867318121886015
0.0003305634038124356
-0.00011369128562041696
-0.00033255131769049207
-0.00018691510951277478
0.00014500283692107756
-0.0006012901690884316
-0.0005004721107602168
0.00034110385824604535
0.0005467389515746035
0.0002901618540886788
-0.000749496306052246
-0.0014462007698671816
-0.0005117292192080969
0.0002870566901144814
-0.0002529714881080019
-0.00010332620483078157
-0.00012137070314196373
-0.0004383398985241364
-0.00012660035723044394
-0.00013322538899840735
0.00012688898561785653
0.00044389425387360764
-0.00034532138589536557
0.00021939483070551537
-0.0003874309775427761
-0.0004764515319434147
0.010660185453651305
0.0006620986493092189
0.0001344730900926058
0.0001324101885847085
-0.00027530229661282447
0.00011662112310923661
0.001497422229875541
-0.00012957921090130984
0.00033826943231820574
0.00021333103239293863
0.0008768953580745016
0.00024706528467597483
0.0001265351855055872
0.000154526824704288
-0.0001784441056901189
-0.00010327768869128223
0.0002210677097202851
0.000601281954894415
-0.0002799044439411229
0.00012723266048880616
0.00023409963954212015
-0.00019226111837074598
0.0003812921882686538
0.000514356320352242
-0.0010975278998349891
-0.000922865646739151
-0.00029575391346841256
-0.00011898265734735098
0.0008143909579583687
0.0002477535667515579
-0.000455138484786781
0.00010200021307000893
-0.00014043512824497983
-0.0001798895432695503
0.0002495471800431417
-0.00019002680586614228
0.00025786380050235336
0.0003654731954605555
-0.00021471564014889202
0.009827899293743236
0.0024597250165698946
-0.00044118388230615104
-0.00015225405062427045
0.00022396746976100873
0.0013645658846086672
0.00041962536664546054
-0.00027561876052878295
-0.00018327602172567948
0.00022891387729688298
0.00031131273490453816
-0.0007928621327330087
-0.00013590436284441316
-0.0002257314911577508
0.00011705634788446276
0.0001760034357216984
-0.0006195320232792057
0.00018374300203315182
-0.0001624209612361407
-0.00010856831089814484
-0.00030234553316355197
0.00047671928255508714
-0.0002531098870060881
-0.0003537139175951184
0.00047367846745297303
0.0008188248424138072
-0.00035762040366262395
-0.0006056838276150912
0.0008875565078923704
-0.0008344409629000257
-0.0001261491238071377
0.0001493089965380082
0.00020781744956319625
0.00041079068206952436
-0.00023098810543153953
0.00023041228937849305
0.00026216914357320685
0.0008290090600366814
-0.0025779711633238038
0.009224736419698284
0.00020987258476320113
0.00020855403303592006
-0.00022072170613762716
0.0001274143144166849
-0.0013395955156107837
0.0001355621077392275
-0.0002403984086637457
-0.00013205011098849092
0.00023265469759648988
-0.00023703542735513421
-0.00017400444876876245
-0.0004453873913714466
-0.00062655266871485
0.00010958982924259452
-0.0001654864824769979
-0.00010798632629419128
0.0005684120141277702
-0.00012046458592522383
0.00011829907131719096
-0.00015041736157669794
-0.00029061579596675614
-0.0004410817777602978
0.00019172887155155866
-0.0002232275334417625
0.00016579125993728075
-0.00035346850818870207
0.0003330489116264265
-0.00039755626264461317
-0.001483899723777023
-0.00011993727773508027
-0.0002161117634054658
0.000280022583448099
-0.00032371634306097583
0.000145758798183814
0.00041501351899752594
-0.0002532845145828236
0.00011005088543985691
0.0002200415093266461
0.00024510993364480164
0.00047131507098298575
-0.001298703532437309
0.009016874843901335
-0.0005061459635579524
-0.00019557720145664743
0.0001294429141530281
-0.0011850612286062809
0.0005578546518960883
0.00010125838595348487
-0.00015667593994889015
-0.00024778641474096515
-0.00019270717344483548
-0.0006744380847970389
-0.00030759821766220615
0.0001752287345063875
-0.0001609323953835973
-0.0005475347303814978
-0.00024328781345225818
-0.00043644536560879897
-0.00015636763708399073
-0.00011756746104539459
-0.00012909543421795721
-0.00034414697066250196
0.00015275150196146124
0.00024048167221702482
-0.00020799540322697873
0.0003504950902590508
0.0002810863253879922
0.0014378302997403217
-0.0005850275264900712
0.000314901280433399
-0.0003309924929860467
-0.00022098241224104557
0.0005149908377784939
0.00030751114128555807
0.008665583851315575
0.00011093661807857997
0.00010332022337952571
0.0012303110881991051
-0.0001842156246498341
0.00013683647451025397
-0.0002123299958102816
-0.00012008134217855524
0.00015217240862438664
-0.00011571092125783929
0.0006967346926065812
0.00021496208837780902
-0.0005306763389875206
-0.00020244967235391164
0.00010213304801470679
-0.00014898547230936325
0.00010286194103518127
0.00040443671970963086
-0.00011202409687113428
-0.00010806503643991137
0.0001112611039847828
-0.00029483776255166515
0.0001213603311151233
0.000264358706256458
-0.00014431953156809215
-0.0001766769807560364
-0.0002660502434893549
-0.000395663628442563
-0.0002870149889659497
-0.00021929160512349662
-0.0011817560514448624
0.0007770632376698189
-0.00026005637606628027
-0.00013802750723133293
0.00036582448367672205
-0.0003921238231751157
-0.0003246973400992211
0.00028260953124519125
0.00028072654932853136
0.008249756776502725
-0.00016744447964830235
-0.0011873426282814506
0.0002212815745691049
-0.000141543149848347
-0.0006909963758256228
0.0001215466717162349
0.00010284622226960529
0.0002154525502717625
-0.00045976245526607935
0.00023626890626960492
0.00034469401427335495
-0.000185784924515851
-0.00015877237600983438
0.00020834255720559298
0.00031900526295894604
-0.00014272115975846333
-0.00027499297107459703
0.00020653300386747162
0.00012074826708067273
0.00021483621843822623
-0.00034828592203535924
0.00019528691909071385
0.0002439000357138456
-0.0012635814351907478
0.00075349081154276
-0.00040458396009704475
-0.0004013730473435345
0.0007116316214490326
-0.007825720608665676
0.0002365597089471978
-0.0011225070531855313
-0.00017397172325538088
0.0006242897540772257
-0.00020096417234046583
-0.0001175226413259745
0.0001835675823169872
-0.0004618041641983934
-0.00012721249605870174
-0.0003742827625937413
0.00014971706460435908
0.00011181586361876638
-0.00017988762022023354
-0.0002565418230620489
0.00014758296178891644
0.00010484054142878007
-0.00013719230116412425
0.00029335416637799754
-0.00023697593782358677
0.00019310692741581837
0.0002537514001574483
-0.0002731474026849462
0.00016822967953156399
-0.0002965215869369773
-0.001743025109080918
0.005066146641217459
-0.005446228746694871
-0.00021178167259745218
0.00010911666967618933
-0.00023379197101153204
-0.0001442084270546825
0.0010534651950001323
-0.00012875856476771188
0.00015769054583522157
0.00010080667634578835
0.000610226014808493
0.00013239396955899902
-0.00010737504793963176
0.00017153225559351156
0.0004531385946098375
0.00011293280365144239
-0.0003525192766142839
-0.0001797811006722681
-0.00011091340102188462
0.00026385349972903916
-0.00010251518631647301
0.0001338631750223861
-0.0001026288960518964
-0.0002642925032996204
0.00010751351950937402
-0.00021245869500007328
0.00027679715561126727
-0.0001491041195478933
-0.007253102960675884
0.000637331912823221
0.00011527061396441535
0.00026402905004948695
0.0006064281451680514
-0.000180208135421565
0.00012690614674648644
-0.00011800490730430286
-0.001020931452111699
-0.0001106180717924017
-0.0005932123206798066
-0.00018334586993708067
-0.0004348261364109424
-0.00014039372277146824
0.0003361902720483247
-0.00017872891971983186
-0.00011824962331711549
-0.0002707769218634387
-0.000250254223936765
0.00012725847441232146
-0.00017296713259315455
-0.0002441550392419273
0.00010253862700355139
0.00045904391722622923
-0.006887133017186938
-0.00032978084493437296
0.00027427630039945786
-0.00025858811850747
-0.00044961823567429355
0.0002472586162981448
0.00056400451177514
0.0005860121199719221
0.0001765428607297918
0.0003660397930704688
0.0009470320295740782
0.0005712658248060754
0.00017232960237460634
0.00038126061017747785
0.00020831843368420376
-0.00031256486094554596
-0.00020060029086473057
-0.0002604457055241412
0.00024251550121625942
-0.0001586729145390897
0.00023506240174571625
-0.0002970677434383587
0.00656542574073236
-0.00029191706745205505
-0.00023305590919119127
0.00013417784154671087
-0.00032592440258751915
0.00019882112613894446
-0.0013835916244398958
0.00037270382176409633
0.0001362001917447905
0.00020857504557369118
0.00019391016747062227
0.00011253020973149691
-0.00014244174573256854
-0.0005275958315470703
-0.0003942816742966393
-0.00014708842494640448
0.00031182397836112836
0.0002474535608681118
-0.00010098805362179035
0.00022818007945285388
0.00015007002795793233
0.00021857274580637938
-0.00013415111828731866
0.0011597709616915427
-0.006177990854183767
0.0002285802051925984
-0.00018955363309048644
-0.00018989066158615973
-0.0009696280095286825
-0.0002943754732200213
-0.0002452194116674768
0.0002583566212592181
0.0008428970989596227
-0.0005453781041583559
0.00013164200536719447
-0.00011897398812813151
0.00010626321975206
0.0005092914292429092
0.00011533513883567041
0.0003742815950414903
0.00014276766120563072
0.00029315803946934485
-0.00014920601668693816
0.00019616894642023253
-0.00012549945085998476
-0.00010482976754996877
-0.0001967424464513373
-0.00020686559599134659
0.0001239958578583216
0.00021155732395482317
-0.005991431756835654
0.00040428029597603483
-0.0003113265514248234
0.00010718687350498145
-0.00016965951262227203
0.00036533940642903
-0.0008788647744888818
0.00010670931516577698
-0.00020565996812416245
0.0004806031459395265
0.00017297712252139924
0.0003998827439755403
-0.000718855116625136
-0.0002623002360256683
0.00030360932150537255
0.00047028431368053756
-0.00027377022341035874
-0.0002361832687802361
0.000360455707537388
-0.00013111678968570804
-0.0002712579110501732
0.00022967939725209303
0.00010393668328746628
-0.00013511265761916852
-0.00016772206662176632
-0.00013248376847077445
0.00019366145007686667
-0.0001814980150232951
0.0006720774223550343
0.005684358463686876
0.0005853276523924036
-0.00015509035516023532
0.00018056011143564114
-0.0008554644286724528
0.00011371555445264161
0.00012525429681480517
0.00012973335521887424
0.00045851332131534767
0.0006176236008062277
-0.000625331246039593
-0.0007256480410884253
-0.0001434928298164327
-0.00010845515192473063
0.0002946488909121735
-0.0001979289435108915
0.00015047744355961348
0.00011404996102651084
-0.0002795982142953843
-0.00022386583688966216
-0.00015858476129555651
0.00011742231664326116
0.0001721908388798361
0.0001147439196038851
0.00013365245285958992
0.00022972870364610257
-0.0007479814405623108
0.0047828564848502765
-0.002602578259642045
-0.0001906909263716229
0.00021194504986518875
0.00022860665892777737
-0.0007313820196329913
0.00023718196852168537
-0.0004318856927161361
0.0002732687244299329
0.0001264761608330022
0.0005016709068411698
-0.00014010082878209513
0.0002563302213823463
-0.0003129063233079539
0.0006120838168356292
0.0006815046669730212
-0.00027571197060589475
-0.000382863850738938
0.00010043850522424588
0.000123776444188898
-0.0001519005487427717
0.00022204646652812795
-0.00010514041591254258
-0.00020604188438404686
0.00011183496663568689
-0.00012912326968102602
0.00013611867012775484
-0.0001870000313261821
-0.00011793736516578274
-0.00010158660197748372
0.00010494008196141068
-0.000207125623335893
-0.00035833466292608065
0.005227370739114517
-0.0002315900663030294
-0.0002912628537353601
-0.0003958443026280955
-0.00021133158345130863
0.0008178508681554914
-0.00021637678662879875
0.00010731011442291525
-0.0002633161590365201
-0.00045721562962309316
0.0003012240287134796
-0.0005054334420273849
-0.00014487433594369785
-0.0003604447534954908
0.0006431846966439164
-0.00013546658845985714
-0.00017749348525890706
-0.0005042559649440718
0.00025669316879991464
0.0002568975195319002
-0.0002114303870478918
-0.0001023297287377076
-0.00015738534453537924
-0.00013404254642858236
-0.0001527856443330754
-0.00018312219517215207
-0.0001392269013495715
0.00021150688544790768
-0.00033585233599397254
0.001952658432628758
-0.002178364579841413
-0.00385058860722919
0.0011514606429675678
-0.0004960065740510294
0.00020955686410273447
-0.0003027779769704591
0.0001821184759440542
0.0002112053614827232
0.0006213029761456407
-0.00017264933178944673
-0.00022188467608147183
-0.0002003132196392642
-0.00039638119154241925
0.00013070355964895264
-0.00026490084639506264
-0.00023792225663429918
-0.0004977936058505382
0.0003359402447698562
-0.0004807460212327243
0.00021276221162473382
0.00017587144459417544
-0.00011536239784849537
0.0005604042190858993
0.00026244161099275154
-0.0005876045569489743
0.00017896325940088855
0.00017515053567139955
-0.0006062293475449584
0.00022749348212524332
0.0001653009740228957
0.00014672583656282485
-0.00011105415231241741
-0.00012912790118212695
-0.00014213955235053654
0.000227360837014855
0.00012930470567596103
0.0002671233499759262
0.0008830173377485253
-0.0004579771427568998
0.00015911528095446757
0.0026893594335365536
-0.0034959882931712527
0.001283235126593327
0.00024618446621777547
-0.0005010287454586751
0.0001571658704891206
0.0004453135482306034
-0.00011192246398121795
0.00045375219856102014
0.0009698336541375706
0.00047620894848012126
-0.0004216384879346935
-0.00022157125691660328
-0.0003595596938138748
-0.0006259284793053047
-0.00033620278847931327
-0.00018488199355565858
-0.0003281276617672435
0.0003407197649065945
-0.00015667924694015307
-0.0001839965298218465
-0.00018514409942054912
0.00027656871077056934
0.00015835971934568993
0.0003379042162424944
0.0003218049090595621
-0.0004634533024477337
0.000334924991649632
0.0002330766488580922
-0.00022056191553431435
0.0001117084074710399
0.00022033588141431233
-0.0003463762940817036
0.0001301014122759744
-0.000224124906275125
-0.00011240424136336983
-0.00012795383656178348
0.00020182927139585633
-0.0001303823481134917
0.00010271751499838961
0.00022546472617363843
0.00011455773604050172
-0.00019194170895440953
-0.00010423759300745153
0.0003897680391044986
0.00010885735537636368
0.00021947503084122647
0.00045077003978269577
-0.00043195818005270097
-0.0006029416330684362
-0.000906046958126981
-0.0004923690788020817
-0.0001237927985138778
0.0035710212303719452
0.0010992477607002457
0.0016128663435194391
0.0006495193543020704
0.0006405917275850156
0.00017249771055677021
0.0006079943318582804
-0.0008934669939548272
0.0006117610594384979
-0.0002610925603056878
0.0006622241479775054
0.00044463412783938113
0.00044747295372413913
-0.00016905166063467013
-0.000494386997536541
0.0003312919411642248
0.00025713604215455284
0.0003094982041450284
-0.00011798261086840035
0.00026540099957546526
-0.00044913780086085843
-0.0002729322740063783
-0.0001528774785605268
0.00015809327349121464
-0.00012389798635899444
-0.00044980656928600204
-0.0001932028968776596
0.00036886296021559613
0.0001748594760514497
-0.00037802263280011894
0.0002455015861666208
0.00021654094022723473
-0.00024109370466243773
0.000205187114063075
-0.00013878336443837291
0.0001001303423054668
0.0002188515303402136
-0.00012417338911160578
0.0001578642156286152
0.00017356125009509906
-0.0002239645008167233
0.00014643447851170669
0.00012226612147864227
-0.0007884806652547858
-0.000226274946197397
-0.00038401672941548276
-0.00040645866750672297
-0.000517561983889718
0.00032094870472594973
0.0003705869714704014
0.00010292416641946986
0.00026817569156190377
0.0004707433523816964
0.0012228529367905132
-0.0012787753709074773
-0.0001575075903561113
0.0005348458219152043
0.000349522625116196
-0.0005002675421859239
-0.00021928834797895147
0.00015103329144792603
-0.0008730015723313232
-0.002717674036263516
0.00041309315874578915
-0.0006058177797043446
0.0012593198809977043
-0.00019369303791517606
0.00038039989875909207
0.0011403321804652478
-0.0006022132498468303
-0.000273375710386971
-0.00011050023501041144
0.0003272551286217229
-0.00013647318954272897
0.0005612521181761543
-0.0002111631847956025
0.0008595438380786065
-0.00014856136308218407
-0.0002151894881811721
-0.00021929414110188116
0.00012417995717190833
0.00015122105984484836
0.00015841493378089644
-0.00034135573950689745
0.0001275871613494874
-0.0006530050925652174
0.0004565540466032425
0.0001505428321626414
-0.0005881569809127776
-0.00025348236015244993
0.0002793958675622865
0.00016973323233194322
0.00040421556425220364
0.00020596937199920192
-0.00014772840276726902
0.0007424273305669042
0.000333634719495966
-0.00015215736322491424
-0.00014602279273191437
-0.00021072613994980682
0.00031218617747743075
0.00023461546502458625
-0.0001321642405426503
0.00028030130833100493
-0.00022170410085431522
-0.0001520899383385707
-0.00042146175981579116
0.0005296451101353539
-0.0004387980963765554
-0.00014237932750425713
-0.0001834904027235067
0.00015588308786033603
-0.0007793110352861536
-0.00021959840732764622
0.00045029556807461347
0.00011951518376042304
0.0007682376526821776
0.00032431934624184086
-0.00017601617531942202
-0.0003596895209423166
-0.0004899933548601632
-0.00045791700015237357
-0.00028954183731063975
0.00011815457028568416
-0.00039262562963399285
0.0021864532506997393
0.0004326677880408006
-0.00040295143293362794
0.0018810524950113915
0.0012936416636877336
-0.000317087593939092
-0.0007076781503803434
-0.0010883943555050721
-0.0006905393602198269
-0.00044149798685378603
-0.00026103137639552526
0.00041817829002182243
0.0005070401167080605
-0.000976773423558711
0.00016963105693456118
0.00010658264782791256
-0.00017789978609096283
-0.0006817548426164524
0.0002937816167690711
-0.00039017632888635657
-0.0004015339750107232
0.00026973886935769895
0.0007138514288726912
-0.00020778755560040677
0.0005234377020581686
0.00012489885010521376
0.00019674322361335863
-0.00024586322764195946
-0.00020787263754309078
-0.00010862824693408085
0.00025559570318588415
0.0003213257724641567
-0.00016139875952292227
0.00028788085043775967
-0.0001849995317702493
0.00081242357923041
-0.0002670390948107452
-0.0001629261745854413
-0.0003775171993293902
0.0002535651714741968
0.0001668603583342003
-0.00013959074186182198
-0.0003956907786429834
0.00026251077473332256
0.0003735288968579237
-0.0001801141772538321
0.00014867270805434847
0.0002037379177769327
0.0005001499442864445
0.0003729539023979633
0.00018768718123239427
0.0002784276546535285
0.0003569892264524808
0.0001744690374644549
0.00023889668261669762
-0.0003113267963610538
-0.00019552544803042374
0.00015728796215395608
0.00021431474608676413
0.00011001451682043967
0.0016045093893553217
-0.0003358830919891301
0.0002274199614917322
0.0008490611872246292
0.000993865275753462
0.0007488962531506987
-0.0004396546315757748
-0.0012437271416884485
0.00040645547998990265
0.0014250712053970069
-0.00018108138208371328
-0.001464797870623378
0.00019651723898521189
-0.000952926748794916
-0.0006509031414604936
0.0008878241034600452
0.0005808583197720222
-0.0004359490383386212
0.00028044834738757274
0.0006312670877834935
-0.0002950576027101723
-0.0007718815064622091
0.0003984941686860894
0.00012131931613460807
-0.00043847076557847436
0.00022365805573865765
-0.000318758306179325
-0.00034641757278067344
-0.0003682042115438979
0.0005466796986423863
0.0003616206920698574
-0.0004897945674552192
0.00020696633583198125
0.00012068562924134669
0.0002548504112584396
-0.0001940235459302484
0.0001753038937627855
0.00023771971726927203
-0.0003661909276007288
0.00025524534560861234
-0.0004283205055908634
0.00011047753916075026
-0.0004887281489774461
0.00037312057534362637
-0.0001525556659867771
-0.00017768843302927103
-0.00026452652037055324
0.0003255710853304085
-0.00033512879870721936
0.00010834526181898779
0.00024637199863373485
0.00047137866561343297
-0.0004305254745447864
-0.00024924797109878696
-0.000746709395954524
-0.00018145816070592164
0.0006788055319746901
-0.00034126950074611325
-0.00014335348245414313
-0.0007005505522358657
0.0005333815600996049
0.00016073388359124103
0.00026010550765474745
-0.0007682181212370233
-0.0007095314457565312
0.0006518884333552863
0.0003085892219455396
-0.0024595039083080104
0.0006668956292282832
-0.00021857060761627288
-0.0003139273587407035
-0.00021103514302735763
0.0006560765370385488
0.00026576246872075845
-0.00039006325199794124
-0.00039626693644740713
-0.0003387578044159103
-0.0011052994434299366
-0.001281949808826523
0.0002546274987422284
0.00012376566739301826
0.00031441290610995435
-0.00016099527686571206
-0.0005123597749662218
-0.00016855211345300714
-0.00011870721939856897
0.0005295447010419145
0.00025954986019795294
-0.00022933810690938298
-0.00019110197300772853
-0.00043098243056170554
0.00021953885838252592
0.0002852932433792427
-0.00010680917399619114
-0.000212020817358905
0.00025813863677003925
0.00048254546164729225
-0.00012704317390548707
0.00020577595113341178
-0.00021884918817881887
-0.00011385334875668626
-0.00016549965229304778
-0.00016021031965845797
0.0002744439198419716
0.00033095236102709626
-0.00022279134239890989
-0.00014137653113784047
-0.0002460864176632966
0.0004595474012457596
0.0005796991410164303
-0.0001444785240313317
0.000392595067580434
0.00044337648031029045
0.00010421167300818139
0.00033932503338210765
-0.00038984755793005017
-0.00019582027229585284
-0.00034776963964540565
-0.00027186211956128117
0.00011876430938106626
0.0005978523456322314
0.001067433128868675
0.00048499007778897153
0.0002537370502970083
-0.0006859266549441132
0.0006690709090637022
-0.00026648448619824756
-0.0006123496905379586
-0.0002546897668672524
-0.0018569520122084478
0.0018425793833226672
0.0002760116122607879
0.00098499189612164
0.00021674705606590457
-0.00024266288405541846
0.00022941047765821015
0.00025703309608037043
-0.0010670745381056131
-0.00041449316696111517
0.0001587615588480765
0.0002834232406732089
0.0005307928350531661
0.00048030475111418005
0.00010347146730727583
-0.0002502017725140351
0.00022166564150448705
0.00026742004286781307
0.0003096880193419535
-0.0002489695497772181
0.00013171545634674104
0.00036040776195657366
-0.00014114339317382557
0.0002658352523384896
-0.0002694209696397178
-0.00015569450473878734
0.0003159183057680461
0.00017963313478134175
-0.0005439458282046398
-0.00013768784046761897
0.00019752334799696817
0.0004204323250857021
-0.0003845369995652991
-0.000412435369916492
0.0002613622788101878
-0.00027854541169924517
-0.00024705436627059146
0.0002717722955613037
-0.0005873483354961527
-0.0005180191861894524
0.0003898169026831318
-0.0002808249734565389
0.00018801059122802445
0.0004102200355072235
0.00011920686871170172
0.000138424361085605
0.00041335930581857
-0.00023131784202021108
-0.00021445012830570334
0.00010881141203745193
0.0001984643367854451
0.0014211842559740165
0.0004890018775223251
-0.00020212961651968906
-0.0014018695249052378
0.00023107698390183903
0.00024474190378393856
0.00020009102526788886
0.0005967061089683248
-0.0012250631842564816
0.0005674699968486695
-0.00016929303981417102
-0.0010737414216527867
-0.0007861624822064281
0.00011374674642669136
0.00021296281946250924
-0.0006172253518817696
-0.000903715285602743
-0.0005089680271085831
0.00017062948358904082
0.0006187989737146968
-0.00010390016566164515
0.00017285418843877005
0.00010079096873901758
-0.0006838455458586241
-0.0002867520139719396
0.0005897188069617198
-0.0002952512269636682
0.00043846517994981305
0.00015293866755228418
-0.00010710765844900142
0.00039115946011998695
0.00036742376942489903
-0.00010075680238466912
0.00021427931892925467
-0.00015638856176950587
-0.0003249630368353013
0.0003141474866539194
0.00018524167105907728
-0.0003424676313808818
-0.00036953854070694275
-0.00023024546578876386
0.00017542062161299428
-0.00030990706929304174
0.0003170769062709269
-0.00016292027458619706
-0.00016720107966341932
-0.00013011394150202552
0.00011523645808576907
-0.00014193601560953857
0.00041915097696847684
0.00028586191852899483
0.0001771545130323514
0.00012588981326465689
-0.0002486249494642934
0.0006242766796623079
-0.00031401635636023805
0.00011366644120029156
0.000277967752809361
0.0002780980966700636
0.00010946907437078041
0.00044780622373660365
0.0004875100102897378
0.000450923358824537
0.000676869182872773
-0.00019664129877566738
-0.0001664815224543207
-0.00022625505177789
0.0002375477780060759
0.00015701928481121828
-0.00047039763781130746
-0.0004117949985054236
0.0006159586421208141
-0.0021048574715327724
0.0002246379419690667
0.00010765335468907368
0.00017083192572412624
0.00044026047108834145
-0.0013258077480761995
0.0011797624717979464
0.0008572101424595803
-0.00017543931158813173
0.0002422988565891411
-0.0002387884149135446
0.0004935800495221551
-0.00047795009099937616
0.0003473693740752333
-0.00040851307410031356
-0.00042098676479086403
-0.00016764567753187553
-0.00012098493426101965
-0.00022424643173794387
-0.00045022384544482496
-0.00029541968752625045
-0.0001208157215359229
-0.00016357416403179974
-0.00017765188037237743
0.00015496604926240563
-0.00020094819598383436
-0.00011544961967662075
0.0003139263821202017
0.00030103576877331
-0.00036950105650422496
-0.00013939498088521438
-0.0005953499994649656
-0.0001982816433813328
-0.0003340648669511292
-0.00038615950739760095
-0.00014914701938898513
0.00028380681634551717
-0.00022424640157738367
-0.0006231622126364697
-0.0003901424095613299
0.0006968558619104714
0.00013397378678769965
0.00014931308452222617
0.00017237758009428132
0.0015180079045029125
-0.00031413735595624834
-0.00081678166878826
0.00024485000997982904
-0.0017584553810402492
-0.00013947608334071823
0.00017054351922731264
-0.0007233293691619779
-0.0015419822625365547
-0.0002531107302384731
0.00010101165100945773
0.00043683683042626797
-0.00037140544959442636
-0.00032519054116468863
0.00011017683900610695
0.00016929231874140106
-0.00015537877416676467
-0.0004534173027785739
-0.00024094017583371242
-0.0001436224349977539
-0.0005409649772315373
-0.0004521863630345981
-0.00023727739227530847
0.00024675471907478443
-0.00015640244188562373
0.00013023174177233338
0.0003825137168583134
-0.00019713076328431488
-0.00012380370583359886
0.00014386612199832668
-0.00031770539979848267
-0.00017240288691354455
-0.00020023630634558422
-0.00021020900314987814
-0.00019754248266778935
0.0001228988417429586
-0.00018581982373714747
-0.00012932738865450814
-0.0002532050801267942
-0.00043491202591677976
-0.00015478524721472108
0.00038887772602617173
-0.00013636186195208487
-0.0002587611045618039
-0.00012965777084111645
0.00010152215824463611
-0.00010284869385628398
0.00012368493016609485
0.00011795263328615768
-0.00020303492147180928
-0.0001711885542006268
-0.00019985243885722534
0.000203756327893992
-0.0003786369262316489
0.00031537613553206135
-0.0025493875077321807
-0.0011738055719291505
0.0002607521865986301
-0.0004127237318602019
-0.0003198271744535092
0.00024311626949850889
-0.000250623985099928
-0.00017997013252673045
-0.00014299473854411916
0.00046215169958292306
0.0008648696208095819
0.0005186913462505378
0.00035597821887356723
-0.00012120765344906076
-0.00011913436959605134
-0.00022517010258077259
-0.00017708019636355663
-0.00019768243787365592
-0.00019626615717619776
0.0005118409229698755
0.0001485616213486866
-0.00012062582946176489
0.0003383722022790905
-0.0003308002624996673
-0.0003342888637387566
-0.00015368383629147314
0.00011523725185601268
-0.0001386353583453229
0.00013988361174219232
-0.00012455067541238975
0.0001989918382411638
-0.00010279449405154141
-0.00014947660705885593
0.00011491394681021656
0.0020843500816190128
0.000893942764976688
0.00011344798444546068
-0.00022300033274023722
0.00011436684283168977
-0.0001101617073292161
-0.00014406854432120128
0.00016522551217913132
0.0001319729883116047
-0.0001784891076778353
0.0002940756499517155
0.00031135719619250024
-0.0005349964560107815
0.0003918763625700016
-0.00028538513446497917
0.00019280605848276178
0.00012430709776969193
-0.00011144724892228825
-0.00010947508492123272
0.00012201885592067068
0.00010493305910573343
0.00011416745973117685
-0.00010938977088901628
-0.0001399058572047638
-0.001139516686990389
-0.00017427592081018444
-0.0005261692095954594
-0.00015149720682520494
0.00016667121039620812
-0.0001181559080683342
-0.0004920289135067474
0.00016792894000621457
-0.002074284243849209
-0.00012758912121571628
0.0008732591732447428
0.0002515835489619058
0.0001287834970387538
-0.00012044265961267119
0.00015398146549925812
0.0002509446028892907
-0.00020346730334242635
0.00014884736024090852
-0.0001147257282553746
-0.00011901798319820638
0.00012124845574970377
-0.00012033256757573699
0.00010738594696019872
0.00012767875429375223
0.00011959427718128324
-0.00012947601530424388
-0.00012152156128196114
-0.00014020031534308296
-0.00010665046049280432
-0.00011027266442150035
0.0001297066656445446
0.00014015925665594514
-0.00010631945023758792
-0.00014585773316693149
-0.00014864492326553035
0.00015664508462705833
0.00014244739493971307
-0.0001028721014308685
-0.00011831408712863881
0.00014721666519000858
0.00015219855901254888
-0.00011447079886489843
-0.00014728423562587777
0.00015946088250287828
0.00010593497092328008
-0.0001248607387740047
-0.0001558291790400524
0.00010344915148595824
0.0001654520060966459
-0.00010102127215127765
0.00012878933107993834
0.00013620896905135703
0.00011431121240259002
-0.00011515948595295015
-0.00010515034812011824
-0.00014773528314666767
-0.00013535288251123115
-0.0001756432306181943
0.00010400686306223779
0.00010050061699005474
0.00010428140450582139
0.00016676935162781618
0.00011643572066491158
0.0001093627963514208
-0.00016579679719641848
0.00015229248401904094
0.00010102264546451819
0.00010565033313944742
-0.00012525955828137565
0.00019050145516360883
-0.00011958326836835739
-0.0001247961520720747
0.00016934103562447412
0.00012475246370694844
-0.00011286720903536405
0.00018049456130110662
0.00014578487009265728
0.00010946867033008453
-0.0001598830947170497
0.0001804054735477144
0.00011632186022160007
0.00010586216717314464
-0.00011726248514029014
-0.00014856925599193726
0.00010058239801551611
0.0001874139660673139
0.00010954974927545587
-0.00027144613039975876
0.00010636078410556329
0.00028994937829607167
-0.00031691610638070073
0.0003358522095206419
-0.0003577579746285932
-0.0003676176069875488
0.00036926909900332505
-0.00027436055493278394
