-0.21358440101612872
0.48894609179397963
0.10732035806022171
-0.062423302968823126
0.04416419479535241
0.03340320693369318
-0.027670084160600354
0.026662301210307177
0.024708053706284996
-0.022351795416126686
0.02034153055730917
0.018959791786794942
-0.01887528151658388
0.04418213763520672
0.6434573888705575
-0.2168369101347841
0.24938938962617777
-0.13840260406202542
0.10031165974239561
-0.13224252496832575
0.005114929926490267
0.0921185630502624
-0.04824302291837223
0.08880815690876738
-0.08900421679914347
-0.07591830491556992
0.021775501231078714
0.012757518060808661
0.04463900765991689
-0.09722942619756923
-0.047687736790437335
0.004735596508311065
0.005561714661825489
0.00021146337017696715
0.00341338142049474
-0.1064037002502142
-0.007434198350622368
0.025322911253354966
-0.0015197869951473798
-0.001557568510232422
0.0003886967482943267
0.0021495318209070226
-0.10196676064129873
-0.005947220003203229
0.0021871627440619656
0.00117393105103035
-0.013488780199599187
-0.0015367142903011954
0.003893700868165308
-0.005381807934106593
0.01470021428614945
0.0850776003610282
-0.02826135520015028
-0.02285608451530692
-0.0013978269015121239
0.0033434388884284343
-0.001695633532462925
-0.010247584537477698
0.004074747468053943
-0.00128984633563337
0.003916848177168008
0.0034852359472325183
0.001155395306998066
-0.01978653464637803
-0.0068344199839681435
0.08180980168719723
0.0008558920425870515
0.002769560738013939
0.0017091284829266053
-0.0072390134746870265
-0.0009499895226030177
-0.00047144826260132
-0.0019718469627026474
0.0055728152419334005
0.0009334654070693168
-0.0014051578024069605
0.0022038132967834353
-0.006174713287788936
0.07339285170893026
-0.019245262723113186
0.003952219352614022
0.004678226357813552
-0.00029524769971759853
0.0007488765774740665
0.00601599459434672
-0.0005243470489795475
-0.00035464559581032155
-0.004934201486016401
0.0024416892632279745
-0.0020463616694949604
0.0004272116085046768
0.00374444651851472
-0.0034588461353826077
0.0023824862823431233
0.001535207831149347
0.0678179372726835
-0.005532945736159891
0.005497035795710676
-0.0015035814662196076
-0.002141005670453322
0.004137910717523023
-0.0005699500821976667
-0.0016073307493521508
0.005912766977854819
-0.0012786916176854006
-0.0010708274078264199
0.0017837927208279969
-0.0009924919569797505
0.003535287927860829
0.005391280653117098
-0.0034560477512028008
-0.00019843490300441578
-0.002072997821396797
-0.00048099249257141727
0.06135077812073712
-0.0023337671168653924
0.003762241446076047
0.0004550569819785741
-0.0032953949780898475
-0.0009924482498131614
-0.000375208034730295
-0.0023426359901119256
0.005215358980317436
-0.001408003870356586
-0.0004262554270727898
0.0008487990833042187
-0.0013236957832294517
0.0016044193969536739
-0.003203459127625681
-0.0008230431922459884
0.011669240561962259
-0.053576369312807307
-0.00659962588360236
-0.002580531907398561
-0.007854496768444708
-0.0007115965935906914
-0.000862333464007612
0.0020580972768075726
-0.0005613552315401073
-0.00460277353784879
0.0018828743333739
0.0045288635777351064
-0.0010606750221226365
-0.00048787611109665465
0.0005349350780279254
0.0006105896306293499
-0.0001428683684724785
-0.0015125585008976489
0.003036769313577363
-0.0005527503090888237
0.0008721082343043601
-0.0008144159706426102
0.003015749943034488
-0.03688684149016394
-0.03426216620089217
-0.0008968966952673577
0.0006449935560765873
0.0011575593818970776
0.00260963444003544
-0.00041802578282690756
-0.0005674850179486316
0.0026689005883697974
-0.004338703084861064
-0.0006811344324783868
0.0007132994863549304
-0.0016585539381329508
-0.001510836958220302
0.003773334995647897
0.0027052801524360855
0.0022398020585462555
-0.0019069966602994382
-0.0011912644726450703
0.0009260393785083459
-0.0008711105994039515
-0.0030640089378018995
0.0068014717584365695
0.04498300331911222
-0.0030816216143253724
-0.001386220643102425
-0.0021540096279081284
0.001311592836760379
-0.0006733284091934802
0.002017146225650726
-0.00028549525727319285
0.0007983365330539425
-0.004649025471993386
-0.001026851379684761
0.0009454040524314145
0.0005055970232905514
0.0007330888647398781
-0.0004065126535201342
-0.002559108819039924
-0.0010699528771714274
-0.00014323517315646214
-0.000441141575831293
0.002016260304294097
0.0013017582995336562
-0.00015196277749251935
-0.016188786540564347
0.03861114151045946
0.0026605124248741353
-0.0005618391683996212
0.0001659521410392202
0.0009356932449879513
-0.001579137333441693
0.00016959819317547358
-0.0015057876707671323
0.0037998171676244838
-0.0019642641937405894
-0.00015364374131422492
-0.0008568338460605549
0.0013104664137685766
-0.0009785722051916118
-0.002174958013640927
0.0001248172812199703
0.0008370652646967151
0.0013640872527223979
-0.001521847122537378
0.0012737082499735628
0.002559421312490219
0.0017045511447498678
0.0366038355101696
0.010112218093763415
-0.00046794480557553854
-0.0020327432655644693
-0.0012456440280329704
0.000755885450146761
0.000853802661023485
0.0012027722386331408
0.0031959236364535164
0.0026489043378424516
0.0036118718991436337
0.00044032670320900865
0.00045494578106660766
-0.000459655645216692
-0.0010661248601517078
0.00043462134810517283
0.0009030739552676656
-0.0014926061115178592
-0.00133179756490593
-0.0002977325461766385
0.0007510674516389642
0.0011227960005003573
-0.0015092738359295229
0.00031056404594767046
-0.0019293900282076454
-0.0013113913115396455
0.034630849491653806
-0.0018541883057585434
-0.002644168478909099
0.0022400090159061725
-0.0002574234642982606
-0.0014596163161992447
-0.0004740528203329357
0.00010760435647511082
-0.0004954756570913046
-0.0037970500377159247
-0.0013420318738245403
0.0006363345098140147
0.0017901213501197286
-0.0008524839995771509
-0.00018882971016900856
-0.0031096202560570675
-0.0019108906959146024
0.0016944127652062995
0.000755454230991829
-0.0003800287790793131
0.0004808947070082275
0.001449217527938858
0.0007553503225320156
-0.0018995455343618396
0.00037064675610977795
0.0009947128722609302
0.0012193733756739843
-0.004971123249677216
0.02945284575688903
0.01140538819793724
-0.0005006364347110289
-0.0005914641463663719
-0.0009937481035062511
0.0009193226445769063
-0.00023629166755989014
0.0024597442621913006
-0.002738592713396293
0.0006715478430478582
0.0003217682516754572
-0.0009375787002515359
0.00036511867356024425
0.00042122251477963365
-0.0006702342548872664
-0.001273242649702152
-0.0017375768302413197
0.00039038903799112017
-0.0006079409831639322
-0.001144202569372293
0.0012850760068209932
-0.0025993524205231676
0.0026957228268780975
0.0014842937607491577
0.0003948377055456773
0.00035403403131777187
0.0017177408825258093
-0.0007619756815879642
-0.0037245389627076114
0.007152053699808576
0.002702578839110224
-0.028177170311602297
-0.0006160539602001535
0.0004315675402712675
-0.0007538954974332027
0.00011463929663821688
-0.0005056376169362927
0.003449793262652704
0.0004676028728214464
-0.0007351276403127254
-0.0002112626514682605
-0.0005749841439978418
0.0004841481691134062
-0.00020964645489289486
0.0020002489753342878
-0.0005284750391227778
0.00030541744174811535
-0.0003013080591519125
0.00021606940137760923
0.0004873853224288523
0.0009134302477734372
0.0013864395298805372
-0.0003731521970018791
-0.0007539273999922807
-0.0030680515801326147
-0.005295085971860758
0.015209048054156004
0.02204684167985004
0.0008653730656721452
-0.0003670787987257724
0.0002542480401682164
-0.0005310294095371812
0.0004968487756418542
0.000601519672708725
0.002098730972116257
0.002414760776931224
0.00099627748917592
-0.0003363292151791329
-0.00020742992174431629
-0.0006037488885310538
-0.00022551929386355288
-0.0003758602995226028
0.00020752621590145083
0.001177025798437086
-0.0013772256933486304
0.0007968060612815152
0.00011688959859520538
0.00024349589494279168
-0.0005596714681471325
0.0003272537846900001
-0.00021169176565318817
-0.0014152494698164814
0.0003563648835134083
0.000720933197619567
-0.0008922181638552144
0.0008217657737161185
0.0023879118713861034
0.025014329047619906
-0.0007707197347453513
0.002683451450944164
0.0012099213971958048
-0.0015531036925748353
0.0006979522099891935
0.0010884526886125428
-0.0004154107879668378
-0.0010329122652591386
-0.0015306977681377716
-0.0008517520673645016
-0.002961533146198923
-0.0004120795298635307
-0.0002717545752090812
-0.0003341080809534793
0.00011013120381136005
0.00048129473307631694
0.0005845611785296757
0.00040393246864435306
-0.0015823000667014567
0.0005504081819902833
-0.0002476817509155158
0.0002496481709998568
-0.00015996852512402434
-0.00011285414465883894
-0.0014590884073825098
-0.000406296788503935
-0.0002322108445058413
0.0005857361357544871
-0.000148536449709017
-0.00040806187001195856
-0.0017111752434652062
-0.00041236162771649736
-0.023285933490389113
-0.0013274921448856523
0.0003962246955680861
-0.0013690831688195951
0.0007734919074457882
0.00043107563244581675
0.0004372453493174702
-0.00021090070277936514
0.0004120954020800164
0.0014048248704661692
0.0027412205109369476
-0.0011627243128185655
0.0017892701962411068
0.00046220454935897923
0.0017940004072927397
-0.0004148424739689998
-0.0005601739345458186
0.0007455291089726638
0.0013770036377515592
-0.0005946409622492437
-0.0004422462625262275
-0.00019671749392240494
-0.00013376029552599936
-0.0008643494613113973
-0.0010853296847133883
-0.00046812942401052766
-0.00028055100383327856
0.00016127268633172513
-0.00042041917907859765
0.0004040739418037453
-0.00032464527958105214
-0.0008080640031545502
-0.000868976387982517
-0.0015657585215041543
0.0010186960397692054
-0.021245971919080852
-0.004226367439485944
0.0005798655359044586
0.00033823485446120494
0.00042713605567723187
-0.0002448656124537063
-0.00013568416610581783
-0.0025622233536261078
0.0012175354801283681
0.0006380363951044317
-0.00030146242535957195
-0.0004736958848234873
0.0002645325769774294
0.0008029509022541762
0.00016155033035946298
-0.0006055471724791761
0.0015423941601561948
0.002373159463968751
0.0009511185044408402
0.0006476036536665278
0.0008776166777415785
0.00048393841707391317
-0.0002712838315909711
-0.00021464346780337062
0.0010565153856746548
0.00037002786697957666
-0.00042281494994301865
-0.0003080918451999979
-0.0002770223438532473
0.0003128629154317137
0.001018113227135445
-0.0007887147112480586
-0.0002808056213889541
-0.0035228914950804218
0.019625956645124044
-0.0034958550987060698
0.0003291231421640552
0.00016305134101651442
-0.0004250092226091056
0.0001853860328090738
0.00017542547981581644
-0.002155024165153318
0.001566363360756553
0.0004055392498895647
-0.00039748881967789743
-0.0004480471227695424
0.0004895049702310186
0.00025216730673216725
-0.0012757621206876894
0.0008575307289232202
-0.0003673788707390439
0.0003940542094886012
0.000740337899043594
0.0003372743707068354
0.00010107665087681591
-0.001999989782873873
0.0020167384797276327
0.00015892015358384286
-0.0002797644332988129
-0.00036464440312822846
0.00012960934338212486
-0.00034608530694751546
0.00040893740289877647
0.0007187188308628811
0.0009871247871505902
-0.00029221074433231106
-0.00026634025134141854
0.00010518958163411359
0.0008781412813843781
0.0013875882305104579
0.00524896282965065
-0.017968065153016494
-0.0016950626171302098
0.0011547620004962913
0.0002306174188619432
-0.0004867317021490208
-0.00010146552656590616
0.0003966015177799285
0.002434924442624312
-0.00044881901822536386
-0.0003457498992585517
0.0002621707605660881
-0.00021765627495152535
-0.00040251679690833734
0.0001245776791067111
0.00029403671809997034
-0.0013993080139201274
-0.0001537652058912995
0.0005211652522204353
0.0001872986814411033
-0.0004986171392482975
-0.0009261256010601129
-0.0005406983481073409
0.0006635076517643739
-0.0013338034204401785
0.0001319664253250153
-0.0016654404952391238
-0.0014540158817757324
-0.0006546787812024468
-0.0006612080640074228
0.0006455995016533529
0.0005231547267111791
-0.0006439902717714199
-0.0004315312131888108
0.0006810140277455504
-0.002135283009643643
0.002136132096187486
-0.0010877187547549936
0.01735446899624778
0.00030132721438202846
-0.0005294480207023991
-0.00017669095076689917
0.00022961610803882938
-0.00015680791284045835
-0.0005922290863394796
-0.0022205585696466195
0.0003787118527299527
0.00023490571558558275
0.00013714580357383532
0.00023195890128737247
-0.0002191930780494533
0.0003301382520592641
-0.0002433069198149314
-0.00019472670470364948
-0.0013225234384652384
0.00038116168695544466
-0.0002841227818074198
0.00039745094778001
-0.0007195044767791378
-0.0006162089201616246
-0.00043736637319235214
0.0002245342804312184
-0.0005136181592391863
-0.0007968734728893389
0.0006308478633855093
-0.0022514146929882507
0.00010020755440893918
0.0006534678339893242
-0.000824420744803316
0.001257489485330231
0.0006518084903893588
-0.0005743032638610378
0.0007292189976494546
-0.016153768729471156
-0.00331865502218962
0.000627607237657255
-0.00022867300346282154
-0.00012412636310201963
0.0004211626235756005
0.0021493436728386647
-0.0002880427174501897
-0.00038968718342289325
-0.00039129017674539087
-0.00012833500524630094
-0.00014023616504485714
-0.0005717336691432863
0.0003442519923614438
-0.0011208510945562213
0.00023147494274159875
-0.00031155267631279563
-0.00011080357296279365
0.00010684440670180984
-0.0009237660154858558
0.00012262713359032635
0.00042328492226867686
0.00020938245513733243
0.00014568095850493506
0.0007224878698723586
-0.00015548369650723065
-0.0004849149654548838
-0.0001446219913114872
0.0006014487850149915
-0.0003299724204702539
0.001404431949557795
-0.0021125569331002
0.0021016640809223782
0.006772495420377153
-0.013726197523232214
-0.0012710083804821574
0.0010478723397317773
0.00040218043532850385
0.00030710749897739075
0.00013419592391445114
0.0001546965494309419
0.000630407096047068
-0.00195233365590508
0.0002230424822984793
0.00037545289900440865
0.0002040397409251758
-0.000412554039331672
0.000222069806221833
0.0004064970589137425
0.0011242131569826226
0.00013028032107413837
0.00013893973824748873
-0.00010921472104602135
0.00013928385010665976
-0.0008440008752167855
-0.00018830408782569656
0.00041933781096240594
-0.00022909152882269237
0.000341020901521886
-0.0006476769457274749
0.00018201169308178678
-0.0002003911931085891
-0.00018270625881876008
-0.0003167540869769414
-0.000589713873549726
-0.00012823948767846702
0.000228926402581134
-0.0003418636408700151
-0.004697294641187661
-0.013676099444921265
0.002740413030577475
0.000615641946989778
-0.0006688465387890692
0.00016058179434480545
-0.001269696165528573
-0.00014603765889803017
-0.00039763347618476
-0.00034269649410285317
0.0003454559294547703
0.00024285795515165452
-0.00030284253434266636
-0.0018805034610654017
-0.0004236732085050903
0.0002466183426774419
-0.0004360195876957449
-0.000208984203250895
0.00010995280520494473
0.001074152783545176
-0.00014330022497360397
0.0005457677846528157
-0.0007029925444517192
0.0001774018903374784
0.0002593753943117837
-0.000296278357698467
0.00023245725229163944
0.0006250941768664443
-0.00016703161921343768
-0.00011682322835573531
0.00034624845474360807
-0.0005996534094100558
0.00015336826536952846
-0.0004456917984155027
-0.0002500009142158635
-0.0047991496620284025
-0.012890433965554343
-0.0010603650992806568
0.0006479078611298766
0.00036861238202513796
0.00029385647335435506
-0.0012804198306215616
-0.0008890572389273404
-0.000451810269802864
-0.0020750429366939932
0.0001379234681498714
-0.00012535352133793108
0.00044241977913855814
0.000313088854865128
0.00014532642794505505
0.00011296972407308907
0.0010075425498920184
0.00020276060665578175
0.00018976015527743834
-0.00020269193123867627
0.00011508765269056326
0.00037872080945928766
-0.00019994433837999004
0.0007682933277117543
-0.00023143926359982036
0.00019784104354656252
-0.000593719648638015
0.00010822606903847149
-0.0001623454851373948
0.0003230766075091908
0.0005295757424708268
-0.0002337997319612356
-0.000290663810815241
0.0001310870608247822
0.00016645239639084193
-0.000543732962007515
-0.0014173067413569326
-0.01290878694974624
-0.0004980321347835114
-0.00020625346823615633
0.0004036393627633656
-0.00020614257382190672
0.00020563352747117054
-0.00029865167538401953
-0.0018445297311016112
0.0003448866458208642
0.0001817767737321116
-0.0006127211155815193
0.0016266862016676058
0.00015002946457059896
0.0001657429778680165
-0.0006599070193511097
-0.0003190754372847002
0.000421781966912353
0.0008429450311215224
0.00014310132888109258
-0.00017699381132795986
0.00023832916490482188
-0.000379464554198001
-0.00018155786531801716
0.0006945452227778045
-0.00010661513237290584
0.0001137841921843266
-0.0005700797342750454
-0.0003615792629318077
0.00013460993871349452
0.00013094121739251277
-0.0004885407929140739
0.0001314749072632366
0.00024390566064347286
0.00010912562717030307
0.000126260427634347
-0.00014066819945505435
-0.0002633393778259654
-0.0007243829950703779
0.012081856862500287
-0.002014659052448209
-0.0003568530626594023
0.000265772198562025
0.0001536301187702656
-0.00039261945345829183
0.00011096618544308855
-0.0007290818301742056
0.0015677772932181505
0.00048057888020436047
-0.0001247063975822093
0.0004854660115082153
-0.0004654165508173045
-0.0005410984358671018
-0.001313066585970358
-0.0011718077587814788
-0.00045396295955398865
-0.0005280585573782112
-0.00012251813281063137
-0.0003975951494606051
-0.00011917175792865787
-0.00021446497073801944
0.0002161699981328126
-0.0006586518960374753
-0.00014788286627718215
-0.0005446494424773564
-0.0001806706328777979
0.00018351936485929503
0.0002824190291474616
-0.00011626370420309697
-0.00024548178112967573
-0.00046885910172513723
-0.00012800759573263954
-0.0001630009205098186
-0.00031290651076509184
-0.0004415804626989364
-0.00019616299741626253
-0.00032327912529325244
-0.011551925383355368
-0.0009203735146467894
0.0004601934691228909
-0.00011438824583594203
0.0002544687464210438
-0.0002699847636780684
0.00046717178049413054
-0.0015492342049029319
0.00017654158418495212
-0.00015001875676238157
-0.00036491227170183253
-0.00012726991706384755
0.00026964114031942225
0.00013072079144920099
-0.0009137373788776443
-0.00044499980792742967
-0.0002365305146732945
-0.0003717508740450923
-0.0010319695337097558
-0.0005874941535656621
-0.0011534812536891082
0.0005872001344211011
-0.00048270306407785247
-0.00024066825337411906
0.00015621496984519304
0.00013112748428546376
-0.0005445057113300541
0.0002730008715495322
0.00023633524654675608
0.0004352918088768466
-0.00010212716961163983
-0.00011313315124108548
0.0004440773942536099
-0.0003572544881965557
-0.00020686410453375558
0.0003544646041472401
-0.0005729740378411568
0.01093998112924102
-0.0005653550665618559
-0.0003729812484269316
-0.00014912218060162845
-0.0002895109466483541
0.00013179341369457881
0.0015261090978137375
-0.0001517770808375559
-0.00037974391743341346
-0.00025620040668224045
0.00010287517158587225
-0.0009025701410902189
-0.0002474603440924333
-0.00013689207208653856
-0.0002785937313694251
-0.0003029426371746906
0.00015264376264536252
-0.00020512629308129342
-0.0006283066526477367
0.0010794651910834918
0.0006780518171413667
0.0009355591450735221
0.0005016359351719428
-0.0002204110285048868
-0.000390891131250548
0.00018407001641377221
0.0004858907200486047
-0.00014319350190062093
0.00041667287747865564
-0.00010493701496994759
-0.00022728963723741885
0.0001957859871895167
0.00045214113447119365
-0.00022976208120260137
0.010222904419288982
0.0019112222784625525
0.00043430670861001
0.00011502258885132759
-0.00013171110752802675
0.0002286389210341807
-0.001396772193110344
-0.00040706075792015914
-0.000294685547446045
-0.00021370779902938898
0.00026382973090569007
-0.00030851828193227584
0.0008082795199648402
0.00012714986086761622
0.0002879719630886635
0.00017321410984980963
0.0001723659640481677
0.0005801071897297574
0.0003586197819213017
0.0001836421278574114
-0.0003815401416972293
-0.0003057759202521151
0.000350188369351342
-0.0006131262593271252
0.0014452455026375606
0.0003351693664692058
0.00017471435527281905
-0.0002384128509149457
0.0001603012194040503
0.00022143713374400667
0.0003312877000244183
0.00014181526583100879
-0.0001101490564650468
-0.0002456962718215078
-0.00010067194310603974
0.00040374013349682116
-0.0002207373234299844
0.00019767235410883668
-0.0002644876605785465
-0.000897465632082608
-0.0040577239892150615
0.008954114265942977
-0.00019984883924267202
-0.00021708312516272594
-0.0002284741697169925
0.0002129700742732365
0.0013567030051461807
-0.00012573596076384657
-0.00026259295199628396
-0.00013978312478097897
-0.0002723075660298602
-0.0002234354700825476
-0.00018251146137812651
0.0006059481285503144
-0.0004939871721239885
0.00015248455387295798
-0.00017714906369532542
-0.000142345618911143
-0.00013235651102094694
-0.0005897622662719582
-0.00010383711819291668
-0.00014696812487573842
-0.0001751296206025092
0.00011123166404850987
-0.0003247723261110818
0.00012943956487081648
0.0004572391349630271
0.0009691133017390189
0.0010735986989136967
-0.00014187950154934082
-0.000577321421069347
0.00021431768903593283
0.0002900628885475776
-0.00011057064320715897
-0.0003641556285234151
0.00019309307580883553
-0.00024898747588416426
-0.00011158631848207979
-0.00015946446301301197
0.0003894127947352993
-0.00013628571180818083
0.0001668530966582914
-0.00020877522406193875
0.0004530704319158854
-0.0016854192799312944
-0.009204319367294463
-0.0005339984129604037
-0.00020665014618106832
0.00014028252537083279
-0.0012454826049830695
-0.0004903207281089607
-0.00010524159965052271
0.0001614397956698626
-0.00024867018722862604
-0.0002049132525527938
-0.0007210476533671717
0.00023243023768841007
-0.00016466403427752558
-0.0001062515694921307
0.00016510375706491553
-0.0005629789843374074
0.00024972338601415156
0.00010523005960601636
0.00011274099967243849
-0.0004885751548386935
-0.00010079737356785148
-0.00016540997713347048
0.00024659578963547485
-0.0002597626815828202
0.00029614479024132765
0.00033413141023585347
0.0009321241665961283
0.0010926067292024186
-0.00030153902705035835
-0.00027667226906720536
0.0001983885937566972
-0.00023658785054829967
-0.0003662002385827659
0.00017943216596374032
-0.00011960599933107945
0.00014621007036822017
0.00011887338452266714
-0.0005308896817686133
0.0002803049134123199
-0.00890557384943594
-0.00011996223678902718
0.00012578970820919424
-0.001261707671231899
0.00014462224675798418
-0.00018651526710386374
-0.000191496925458486
-0.00012820292109208832
0.00017799093521903781
-0.00015354451462885012
-0.0007038973310749183
0.00022920807878567555
0.00010247544634091958
0.0005437022833632139
-0.00020412654159175238
-0.00010799027306347247
0.00017342246024324101
0.00010924259498656385
-0.00012162808947437526
0.0004142875492640142
0.00015326254977601433
-0.00016628340269638197
-0.0003015953969544388
-0.00019051680856904256
0.00033448584778844267
-0.00031662444277876157
0.00016694025426323603
0.00015761405026000876
-0.0009568004098695607
0.0010400073403582172
0.00042050836989641823
0.00015499662409273544
-0.00022849820044012418
-0.00012101633793803185
0.00017161327188596105
0.00018405942050900187
-0.00022339284802095358
0.00036043062982094433
0.008482672111010756
-0.00019705510184984566
0.00011735291047149862
0.001214982788415189
-0.00022628793266231222
-0.00016666388227292765
-0.0007029309431918435
-0.00010072047863403215
-0.00010343533404627571
0.00010979813710313646
-0.00021532762613874363
-0.0004364623484374235
0.0003006523708200607
-0.0003604098067502008
0.00019126958762936
-0.00011829859025668768
-0.00014006137233807378
0.00014682219399352774
0.00021876751415511695
-0.00032640336963809
0.0001256589089650856
-0.00025576781765483707
0.00026777455536453683
-0.00027740774085784525
0.0004730761941300688
-0.0002569292569928355
0.0012571225195211915
0.0004971197167144963
0.00010190329755629584
-0.0001773462349631561
0.00018052927945756865
0.0003552146750065843
0.00019641079141666652
-0.00015943632671742018
-0.0003655662124205691
-0.008072917689134863
0.00010594027787004064
-0.00014758580713789218
-0.00024705766798072224
0.0011504753298497465
0.0001794671195240789
0.00013364753208825015
-0.000642474941158744
0.00019328470841291785
-0.00012547242018420604
-0.00011973497276694313
-0.0001511929320527648
-0.00012507143885950146
-0.00047419914953985735
-0.00014573572468361688
0.0003878335841987414
-0.00015909044215068864
-0.00015692248311143065
0.000167197694950387
0.0002920096470431499
0.00012436288227632986
-0.00011282023611117618
0.00012989903398431354
-0.00015024715015118651
-0.00013758919158954165
-0.00030133705766673764
0.0005156986852338263
-0.00032258072419275225
-0.0007784046472200416
-0.0004651268044244172
0.0007699406140068493
-0.0005957826049503139
0.0003424750444389774
0.00033188914823125125
-0.00010864054846950476
-0.006606539681131261
0.003940115750338935
-0.0003460866370794874
0.00025928498289654517
0.0002298791190856664
0.0010902130481539052
-0.00016561574475911897
-0.00017427436303350024
-0.00012732602615481237
0.0006191744952625853
-0.0001654544558197399
-0.00012538167981029677
-0.0001695325923512147
0.0004637985175004013
0.0001155543389747767
-0.00036211010768659414
0.0001845620837247242
-0.00012277236240030312
0.00026034594995614927
-0.00012420521788047279
-0.00015300332084318223
0.00013035890457447158
0.0002726266811388178
-0.00011449101356485601
-0.00015364760868880428
-0.0002568039825330262
0.0001770159202854566
0.00023390723586854238
-0.00031013669234913595
0.0013562277651507663
0.00031670117037366045
0.0003236204070872498
-0.0007278573938890472
0.007295365974277126
-0.00018120587107793505
-0.0004650893214212091
0.00017529771356714985
-0.00010761347251825091
-0.00019595097546364044
0.00013606403757217161
0.0010564591010065352
0.00011483601013409449
0.00010658134834285509
0.0006084654280133872
0.0001935858913712382
-0.0004472537902082784
-0.00015121758350388853
0.0003461234275732905
-0.00018622573891135968
0.00012890596835259842
0.00027606303334964586
0.0001221307607323321
-0.00025418470746797154
0.00014241294627618425
-0.0001847230724009278
-0.00011718502644761197
0.00024242339406002253
0.00010339668538450193
-0.0002465353977988853
-0.0002556195012058801
0.00010840909603395405
-0.00011166282601280812
-0.0012795388023145347
-0.000948883669627966
-0.002614347293928779
0.0064705442251818636
-0.00018709169227002582
-0.001003774784911198
-0.0005874619170683505
-0.00018431002944364726
0.0003540821991313959
0.0002743701773939382
0.00031195399751160176
-0.00021373028763943216
0.00026607399062076475
-0.00011231975576608232
-0.00010387374984995425
0.00024549139484707796
-0.00016809896504783135
-0.00024683618702311337
-0.00010657625434367308
0.00012180226933436702
-0.00013064280695695936
0.0004407363390413169
-0.006827403180929979
0.00017358872756801483
0.0002449336441560172
0.00018154954778803545
-0.0002774407564861002
-0.0009567412129205915
0.0001639760000206039
0.0005411260413934492
0.00014766070648421635
-0.00011695786426461913
0.0004053411461716295
-0.00015404011796736437
-0.0003219350134068392
-0.00025355556520854634
0.0001074203161383351
0.00023017951434760732
0.00015584872447461438
0.00022027245600376582
-0.0001531807838896406
-0.0010622537597495163
0.006395475009855812
0.00010879509553812231
0.0003158423400155897
0.0009530724042418179
-0.00018578110359291955
-0.00013412025273143815
0.00021184793215209223
0.0006013526948708609
0.0006775720385379825
-0.0001672609861420489
-0.0005355354159122951
-0.00014359302970536793
-0.0003873016482478782
0.00015369032067830577
-0.0003033936719650663
0.00016313262232315703
0.00019051103186602212
0.0001289418773921691
-0.00021570409411303686
-0.00010382239449035279
0.00020985809988151988
0.0001529693186139229
0.000223334401104837
-0.006155222197498868
0.0005269040393020153
-0.0003602435905362879
0.00016811399625151798
0.0002900916125424307
-0.00014709722541392372
0.0001725030906168013
-0.0007371673404721928
-0.0004305391717186811
0.0003008248715642066
0.0009391897387533582
-0.00036929137696593004
0.00013447876779239533
-0.00013840704793370746
0.0004226966394574572
0.0003068556129032443
-0.0003764934054207187
0.0001351091041344733
-0.00026692400294684544
0.0002392886318104585
-0.00011991594409189764
0.00014110046914226533
0.00015844590790095071
-0.00010433816495216144
-0.00014752203998503089
-0.00020036183613247847
-0.00010254701389483558
-0.00018789861359549726
0.00045348998609764447
0.005881418583953826
-0.00046136211938225017
-0.00021678737650632205
-0.00034800482905954244
0.00011486342354141517
0.0009162916865207097
0.00020538706609632708
-0.00017917892045246796
-0.0004383539296052683
-0.000308133987134576
-0.0007540164681806136
0.0003142214100939195
-0.00011614344979091642
0.0004917977183306844
0.00019080208061338842
0.0001736150896790621
0.0002479296660849758
0.00013028803726892858
0.00029294573199642167
0.00023561855657753788
-0.0001488953512645543
0.0001385679322092129
0.00011689261121181788
0.00017421189689610186
-0.00015094257678218784
-0.00014480024187976011
-0.00022363004792290008
0.0015395219238364467
-0.005148093170359565
-0.0017470677633057339
-0.00023103716693216256
0.00011567945216603975
-0.0002731204650145033
-0.00013285593584002128
-0.0007749680354062286
0.0004337012682836664
0.0006161878030520462
0.00020647284019808374
-0.00023357204690458726
-0.000843905751382308
-0.00042937525889777595
0.00011850788215286034
0.0001440857077352099
0.00012091612887627587
-0.00010404027575681445
0.0003227332148554096
0.00011882485350485787
-0.0002472021268338971
0.00022203689142226885
0.00012068910865517119
-0.00011075025852627523
-0.00012710776795394685
-0.00011035564516034329
0.00020189835977284262
-0.00013751767545316283
-0.0001761659453048106
0.0003371782932618724
-0.0053757911622260126
0.00020532164571493688
0.0003664233469695552
0.0004761537039179544
-0.00023558994647098085
-0.0008498830496696862
0.0003090444712073688
0.00048006287071801615
-0.00011549196007283384
0.0006379061027194759
0.00038463272095539417
0.00019050180316995983
-0.0005679699722703763
0.0002565379859282753
-0.00013193982804044507
-0.00018243170430259987
-0.0003197955915968509
-0.00022084882704721863
0.00010612480705989785
-0.00014928512730994398
0.00019203531440381387
-0.00011414623654452689
-0.00010870151292780547
0.000174455393353853
0.00012201175360561253
0.00019933612784391825
-0.0001130315220035412
0.00010719198557271473
0.00015432801405390636
-0.0001070787098388704
-0.0002115561046632424
0.0003068863174910037
-0.002461088015249785
-0.001133329272528142
0.004192171357029222
0.00010224289549376326
0.0011322034537934885
-0.0004865150231131171
-0.0002320162853105778
-0.00034972495936457806
0.0001888829224716388
0.00023779960562819697
0.0006383065456352602
0.0002500323084048539
-0.0001817675537844239
0.00024399884848074542
0.00010150638515627486
-0.0004262377432151205
-0.00012653461545147928
-0.0002873591060219122
0.00024989759112751446
-0.00010680068721119066
0.000745687161804848
0.00029521844159097085
0.00010611765767489881
-0.0005920877384628842
0.00015804387247699057
-0.00016933578985308198
-0.00014686311530875878
0.00040719758997865733
-0.0003051963645322268
0.0005629370304710947
0.0001447436539119609
0.00021677636639564092
-0.00012341803448370919
-0.00015628974345561976
-0.00017656217226855539
-0.00010380505021171966
-0.00010119702381509043
-0.00011817696882883687
0.00010226447300963077
-0.00011263236295585983
0.00015538034351334022
-0.00021663800706117682
0.00013907642342316583
-0.00023751329447616715
-0.0009719052954048601
-0.00020738130576636424
-0.00019772536550853646
-0.0025771036881553373
0.003772593661029098
-0.0012733450481319936
0.000342021884280222
-0.0005372809486520855
-0.00014667184758655256
0.0004528633244630215
-0.00015823465843850675
0.00047172042969381505
-0.0010023766502072788
0.0005156850275936527
-0.00035572646389957555
0.00021937448540645406
0.0004001049731877062
-0.00014645806151932693
-0.0007227629944602877
0.00025969574175003287
-0.00021725990395668295
-0.00031560889913310797
0.00014248676309032654
0.00033528284524227337
0.00015678365115462742
0.00025239456056840384
0.00014845972719205604
0.0004246380987681995
-0.00012924578637609014
-0.0005290211185089695
-0.00012702490237330718
-0.0001353842188681367
0.00020707136185558269
-0.00010613032341812036
0.00016830025319378522
-0.0001355256613869064
0.00027394809512503983
-0.00010352976618816842
0.00011455015468107191
0.0002431662767900664
0.00016806886066796122
0.0001992638848132659
0.00011299742128651182
-0.0004199931889215372
0.00012869879528213795
0.00027572947797526083
-0.00045028623125668675
-0.0004692342653927478
-0.0003278300648007581
0.001080239120922906
-0.00046786320535096177
-0.003782634662238241
0.0012439752888630492
-0.001372651822687291
0.0006462517043575103
0.0005504826300746881
0.00017041595894556094
-0.0005979287608872686
-0.0008662509524212621
0.0006803189632156284
0.0002735040282422714
-0.0006919841854589224
-0.0005169669743312269
-0.0004326586116281106
0.0001543773308197804
0.0005390471978145145
-0.00045898083849620384
0.00013815819194947518
-0.0002399467282280806
0.00012905434488653722
-0.00011534230831909151
0.00038722170272377645
0.00037321761741775686
0.0002955232349612112
0.0003319893164840556
-0.00025729331453682586
0.00018852192821722225
0.00034274077355262843
0.0002886136236475979
0.00018421519889197914
0.00012900144426657086
-0.00021926856446538093
-0.00024230455822495952
0.00014324142806030368
0.00020531372188328006
0.0002514341161127283
-0.00017539006070936563
0.0001076401344618279
0.00017428650932287465
-0.00012613407267705697
-0.00019889443267443184
-0.00013833670882806913
-0.00012043660177367028
-0.0008461433697924566
-0.00022776077475382715
0.0005576511662339989
0.00024235470443593246
-0.0004945339270636136
0.00032658026890296167
0.000382217782551405
0.00014729578623748756
0.0003393773309482194
-0.0005599350217733304
-0.0011745452868845208
0.001350778532042858
0.00016748950319565184
0.0005923048999900256
-0.0002702794028524701
-0.00043551587599284015
-0.00020871064892814603
0.00019897946629066708
-0.0009424046453332375
-0.002831787187218237
0.0004212176289887622
0.0005458999281253735
0.0012779104036521026
0.00018779266339218512
0.0004402381951943754
0.0010933799565337038
-0.0006596335114375194
-0.00025999403576991084
-0.00011078813471192752
0.0003057963411987113
-0.00012284130286420764
-0.0005755842164224766
-0.00022970039836116935
-0.0008880259538169416
0.00016248628242146755
0.00022172440840173075
0.0002042165888889889
-0.00013496441928261064
0.00014446373428251582
-0.00016479275518199602
-0.000385363212320308
-0.0006201597477407456
-0.00015111677777727197
-0.0005483843404370574
0.00022695024987080806
-0.000582894848458577
0.0002842892089733143
0.000180299318546585
-0.00032398183661587867
0.0004258413605158972
-0.00011141408578915672
-0.0004797392864386322
-0.0005881427384370631
0.0001287570147519442
0.00013562905692580132
0.00018829658291081395
0.00019734256402006281
-0.00030248725171097877
0.00019602017499364196
-0.00016188150233439758
0.00012814055670499816
-0.0002640665725758625
0.00028594650609372804
-0.00043921771430027875
0.0005449479866568376
-0.00041217778017669295
0.00017514663792542661
-0.0001957549992163622
0.00013219739460957133
0.0008244980995882714
0.0002463402633930827
0.00012181353167219976
-0.000457569590818077
-0.00014205705655430002
0.0007915359631819717
0.00038026222898557966
0.0002036465285199814
-0.00036063225834513543
0.0004895154696974439
-0.00045991114408551286
0.00029779958795408214
-0.0004245783953023575
-0.0021983510351701176
-0.0004864673449034392
-0.0004996416953538784
-0.0021186884747227868
0.0010180706186568855
0.0002836997602652739
0.0007447093402745337
-0.0011186020797371978
-0.0008057973115035271
-0.0003501790867075733
-0.0002802126430360858
0.0004289790723498788
-0.000494268916439497
-0.00100502564810536
0.00020985665719541966
-0.00010898261948494947
-0.00014344903383761977
0.0006678679429332389
0.0003382056989841032
-0.00038907128702477954
0.0003980373500316884
0.00019140097110138753
0.0007790470361489716
-0.0001801494947452522
-0.000572451500694758
0.0001470047534635774
0.00010568871942380289
0.0002658498086882983
0.00023593074199934264
0.00020917270626489272
0.00011736112858996077
-0.0002558622422272494
0.0001551143107894492
0.00035246287980415347
-0.0001964322548405531
0.00011869081787160821
0.0001674872756878283
-0.0002151983568399477
0.0006954636294091276
-0.00019193412178210217
0.00028435498210946326
0.00021130001568124847
0.00016235259392169586
0.00033836579395389826
-0.000369932039962809
0.00013551752403795356
0.00015211993501303576
-0.00040326788293087307
-0.0002513477002862452
0.00028254675048361026
-0.0002752210741858023
0.00016574630880250885
0.0001670961749907819
0.0005100916119454316
0.0004070047996558309
-0.00014774891744153513
-0.00028844628614729914
-0.0004090855173259282
0.0002652375223130799
0.00026956447365731825
-0.00019271236958537445
0.00011040188714624719
0.00024611918461456934
0.00016538267502165855
-0.0016780038070723646
0.0003282859484900929
0.0003108403466384587
0.0010040274221945525
0.0008386774802745595
0.0007956227956880424
0.00031033093598898797
0.00019247872592193186
0.0012334522443282132
-0.0004228539707790921
-0.0014809598136333178
-0.000181801009684953
0.0015114075386535705
-0.0003005458014143838
-0.0009629475096672131
-0.0006842061667387901
0.000932020834890521
0.0005849795530328642
0.0004818947201328056
0.00023063010570292203
-0.0006508409878683944
-0.0002821036395694049
0.0007738227057713839
-0.00010812768202801554
0.00040950139973489655
-0.00013529035305255384
0.00037691542491721797
-0.00033059464421314607
0.0003290292823515437
-0.0003398723088753797
0.00010478980582079517
-0.00038316260272159923
0.0005534344311496016
-0.00032694292526130604
-0.0005465857328801122
-0.0002687041116710209
0.00017229540302716981
0.00011686558672323571
0.0003867306188643081
-0.00023512595356702586
-0.0002905477018775532
0.00015590848830605218
-0.0004352928887290774
-0.0003359831124595241
-0.0004902523819861856
0.00016065687051030036
-0.00026668157188313937
-0.00013340276495410984
-0.00012589316311225628
-0.0002644761264027528
-0.0002639715366022159
0.00033003662722803055
0.0001177749205093309
0.000259936457716141
-0.0004351261577149367
-0.000477649461324369
-0.0001005405287187091
-0.00022110960209108013
-0.0007990713429383844
0.00019173227559355553
-0.0006968269720812166
0.00034103927950733656
-0.0001401451460236174
0.000804495189015816
0.00037062642156533194
0.00012164036180769651
0.00023800280401195875
-0.0008525028208545915
-0.000643062954299541
-0.0007454220036247175
-0.002534498734552713
0.0007144869372369978
-0.0001674135394153081
0.0003530099572859075
-0.0005521668488600317
0.000513515086166114
-0.00045488460843285305
-0.0003995158116959294
-0.00038965309863756774
0.001113732908069812
0.0013001043341668694
0.0002522306400340739
-0.0001219205446324149
-0.0003138608362994218
-0.00015850290182102027
0.0005388980050957768
0.00010838823536746142
-0.00018252858146022396
-0.0005454874258467662
0.00026925638093660436
0.00020628139055604277
-0.00022288424174387916
-0.00041847673149144677
-0.0002746681202349373
0.00030662619626626393
-0.00012704965273117015
0.00011426813999602567
-0.0002735778409504732
-0.00025192834925641844
-0.00043344961378521843
0.0003305707363498715
-0.0001748369118362833
0.00022685278931524073
-0.000152813515669134
0.0001587964134726329
0.00014406423714360858
0.0001828451499857059
0.0003359781018938647
0.0004702640322429022
0.00010945279316595453
-0.0001166314074575233
-0.00022669173380411025
-0.00021006277796608693
0.0005355676985523762
-0.00010544748255927342
-0.00024030166494691765
0.00015991476670340962
-0.0005847761410878338
0.00011858387021378145
0.00034970939379410374
0.00030954696234869293
-0.00026456910292976696
0.00034823859069190024
0.0002539477584782365
-0.00016424413115967998
0.0005910263652711473
-0.0011028115619320421
-0.0005695911695555203
0.00033259087156295734
0.0006846728134760448
-0.0006570889092369711
-0.0002660098764873379
0.00016490498630832143
0.0005824533413487636
0.0002449711848767345
-0.0019702837477323016
0.001832134597376497
0.0002975024796822945
0.001024874402223904
-0.00019296727293716828
0.0002463527450763915
0.0002652685638508009
-0.00027283419849277567
0.0010608150252205274
0.00015348368971552847
-0.0004406195799226588
0.0001394549273342803
-0.0002821208983003188
-0.0004073880648909763
0.0006011348025221554
-0.0001188585233332113
-0.0002639292934204912
-0.00022478133974639222
-0.000293049633605676
0.00037032895685288876
0.0002398395717498695
-0.00013202272337467017
0.00037611316310852015
-0.00011305927284920039
-0.00027251814042451926
-0.0002758221005791079
-0.0001519233308764703
0.0002835391325281975
-0.00022491980052120913
0.0001577886402980776
-0.0006903084619680177
0.00012463816014585892
-0.0001016906831926706
0.00019312153789979576
-0.0002556634863796764
-0.00015567797483538977
-0.00032514974964053
0.0003739776037969638
-0.0002521127949011786
0.0002814459644700987
-0.0002820699424533305
-0.0006089966424935246
0.0005221605530229343
-0.0003910422985616151
-0.00022631249365997948
-0.0002879974578259913
-0.00043190886037448287
-0.0001806061148225314
0.00035488507375428815
0.0003142174086541904
-0.00020266927237049792
0.00013874191107595793
-0.0002102478405631717
0.0014341667187592793
0.0005297637849075672
0.00021363997233031864
-0.0014260854545390497
0.00038008837028701546
-0.0002351104066536778
-0.0002163643639545631
-0.0005996384669023022
-0.001226195625660992
-0.0006338736768953065
0.00018846941140726232
-0.0011426161482264209
0.0007440665552116879
-0.00023530522691801508
0.00020856855399244056
0.0007210440184470217
-0.0008659739988793589
-0.0005212283501746579
-0.00014635623914005237
-0.0006469890304316099
-0.00010535268083481816
-0.00016762981998881416
-0.00012593733353030148
0.0007132137411038607
-0.0002553110859748152
-0.0005998024301249711
-0.0003002858302766186
-0.00043809785516184425
-0.00015678284395925126
0.00041396650633550216
-0.0003882133405704879
0.00021812504659651262
-0.00014379378012571516
0.00031282416523102923
-0.00032321289811947313
-0.00022395870971149624
-0.0003643564100412314
-0.00036162532541413625
0.00024148471195668575
-0.00015593216210188547
-0.00022545118734181043
0.00040654182173988426
-0.00010263394557050977
0.0002770582314666493
-0.00013198465949671007
0.00027641881379854657
-0.00013259981053946623
-0.00015444392096088377
-0.00039085740784355996
0.00029475030076896766
0.00035080159741762685
0.00017041573719058116
0.00036910787736892586
0.0002807866208638806
0.00017085827093707933
-0.00020615422508260745
0.0003262741006481609
0.000255724425475184
0.00023080362395942698
0.00012688858120282601
0.00012700780239182513
-0.00040639382934891854
-0.0005172367126930197
0.00047817950632533373
-0.0006842917494119985
-0.00031003053405926956
0.00019676880565752387
-0.00021864028539462314
0.00023358678136035807
-0.0001536501823144922
-0.0005329940762518446
-0.0003549374868663123
0.0006603559448003687
-0.0021628766876466625
0.00022966859907570537
-0.0001248013804793697
0.00013944878033270616
0.0004042414114079727
-0.0008028440017498417
-0.0016211362453635015
0.0008854979694227209
0.00014666658953206847
0.0002785883535013469
0.00020144222562785738
0.0005368196060358599
-0.00013247076056028206
0.0004388306999670063
0.0003504010798606986
0.0004889404184153149
0.0003853777755299947
0.00013010122872030228
-0.00011564252652231486
0.00022510785360643068
0.00046005260659930786
0.000313388574966243
0.00012259223238912423
-0.0001591670029800095
0.000191575866440569
0.0001644837860123461
-0.00021691558010064206
-0.00012582020946716717
-0.00031774866380428776
-0.00030213734503387025
-0.0004400620225420196
0.00011776991653042399
0.00014754830556973253
-0.0002058511568409099
-0.00010613378502948933
-0.00025217434460600804
-0.00013429835708314764
-0.00029061716313567913
0.0006589992384289572
0.00014500097795466145
0.00011633184824920174
0.0002796345473855525
-0.00018847209743364884
-0.0006355440965135551
-0.00037478848133792
-0.0007106255458593439
-0.00011840460927873237
0.00015957197809271777
0.00031092006388107427
-0.0015446246494020888
0.00038773953628623537
0.0008243137734924491
-0.0003435853701831397
-0.0017818471517106113
0.0001603710321197664
-0.00017832419960227248
0.000822093243053861
0.0015280336367317262
0.0002312159292758096
0.00044579603709410376
-0.0003586635283916586
0.00037141769609432235
-0.00012111901599707736
-0.00016135622115368573
-0.00016381426563964223
0.0004410102267794352
-0.0002817218128330681
-0.0001468999659792246
0.0005671290025720989
-0.0003775958710067212
0.0003679140030046002
0.00024804981428417283
0.00015174314643978277
0.00011169698843180343
-0.00040259095605202095
-0.00020156560848605553
-0.00012978760395228667
-0.00015794161474736378
-0.0003109667835832757
-0.0001826543711918816
0.00017597617827419827
0.00023269894735079968
-0.00010158402495194464
0.00020322110100306592
0.00043538247061481546
0.00014727134330410366
0.00022452150387869602
0.00036257347568906907
0.00020339860696409127
0.00024125388953406796
-0.00011775096056643518
-0.0003210194596735365
-0.00013852971516083865
-0.00011083238010293196
0.00016805758548569193
-0.00013167242101180858
-0.00019909910754326425
-0.00017615659703837773
0.00037539325261941325
0.002654527806074018
-0.0011687147346964963
-0.00023128959588544404
-0.0004259598580998398
-0.00012074650140336463
0.00030996212264579695
-0.0002551315959901166
0.00025977981698599846
0.00018813790625831403
-0.0001434110698162081
-0.0004812801800821447
0.0009373865097171882
-0.00041709039302337107
-0.0003594563928675242
0.00012425550137132457
0.0001294005661798408
0.00019008387593605263
-0.0001486636502322487
-0.00015253867549551661
0.000101363324971927
-0.00014609527966351238
0.0002986003231596917
-0.0001278639651726314
0.000657896277840011
-0.0002278055048879073
-0.0002756519327440818
-0.00018280323802429728
-0.00021092934639482106
0.00016955439218777467
0.00011535533119789522
0.00010867687155092143
-0.0001144887579881148
0.00014696403486806218
-0.00013014623956878374
0.00010810084122531507
0.00011033660777901099
0.0021855292303833668
0.000782472518942715
-0.00011105638407527725
-0.00023980943051991798
-0.00011014824634651341
-0.00011157548284980959
-0.00011260964279625883
-0.00016388658129442256
-0.00013518532442504216
-0.00018723389596023472
-0.0002982135031166192
0.0003173201907390839
0.0005495266137759539
-0.0001253062647115995
-0.0003897894494813835
-0.00028598743429061207
0.00019995046373919901
-0.00012655466482984907
-0.0001160187524181914
0.00010968961850467044
0.00011782793617628508
-0.00011581603555522973
0.00014497002298181555
-0.0011590223785905168
0.00025501939758994425
-0.0005487237367673635
0.00015693400692071697
0.00016558439815904353
0.00012191147053766652
-0.0005050792750520437
0.00017345238476154908
-0.0021341658884053904
0.00015836231258462542
-0.0008754812216359217
0.0002513703598778123
0.00013059916009655655
-0.00012114196628780392
-0.0001744823803343452
0.00024403076158163636
-0.00020571784256363606
0.0001520341567540948
-0.00011736818725721991
-0.0001262437151905061
0.00012122307276263542
0.00012075190384184666
0.0001102691086061432
0.00013498498879140904
-0.00011838052427007306
0.000129924525564162
0.00013082995697776036
-0.00014274861118867887
0.00012209147383539467
-0.00010705534874148768
0.00013080475132866456
-0.00013820904340751083
0.00010316307037706773
0.00014738614435915408
0.00014759828245314448
-0.00015774740807650663
-0.00013454278124685882
0.00011242158271011722
0.0001495962446468962
0.0001552225180001833
0.00011166387921652821
0.00015016527928665894
0.00016235524410525187
0.00012155606676192677
0.00012532669839670956
0.0001042870213570593
0.00010287738169240916
-0.000167771306348518
0.00010158875751790367
0.00012505909895095286
0.00013065620904254417
0.00011338444955157043
-0.00011216832287765548
-0.00010915600794148605
-0.0001437342776825524
0.00013181887100416668
-0.00017774649358824943
-0.00010247303994749718
0.00010134795795185646
-0.00017284399230389254
0.00010688027617451566
0.00010949270984162488
-0.00016175456175079633
-0.00015602630802575153
0.00010655764608210983
-0.0001245627163861069
-0.0001907352832461058
0.00010155651103302331
0.00011997608898404339
-0.00011822596970065968
-0.0001729676596898465
0.00012407940132435914
-0.00011202452222097237
-0.00018329688521596428
-0.0001373703734665135
0.00010986644789375994
-0.00015545074013612785
-0.00018360667739005705
0.00011373290840238348
0.0001067135070726808
-0.00011668613581012484
0.0001308927829332593
0.00012176102171839503
0.00018768685387114868
0.00011004647439736995
-0.0002714923451917022
0.00010729990485722526
-0.0002908018203701809
-0.00031616524595666474
0.00033523964394701163
-0.00035740182013609063
-0.0003672738138688621
0.0003683132178684527
-0.0002731930862785079
