0.9532051228050344
0.16889551548845214
-0.17733196184824884
-0.0669653745737528
-0.04817821285599426
0.08817248632475044
-0.026019272323638293
0.02841421591526528
0.033010753261404
-0.05876427359014729
-0.02172993240350266
0.013213437887110078
0.006162871386737892
0.025250398603866304
0.04221346141577147
0.0018890238196203335
0.009731531428914924
0.013662435052577077
0.034914926135515986
-0.015962309212023306
0.004317962038830923
-0.0003306567005062248
0.002390689437660113
0.004118368031112928
0.033345523497748164
-0.00978598787558843
-0.005652106370117572
-0.005375160391657148
0.0011627885376152898
0.0010136321686604753
-0.0009699634849359022
0.001585981359102211
0.0204365866800066
0.018143636461176157
-0.017740567085353716
-0.0006827270221043127
0.0006390348510066326
-0.0012916147854079966
-0.000649431615039894
-0.001309371421722477
-0.00015706863999858108
0.0007156072014321803
-0.0249043700549773
-0.013883498139468167
0.0002784760960244428
-0.0007753707610708988
-0.0010143698375505627
0.0003336499361678738
-0.000582608053431738
-0.001525406272734092
-0.0013211990626418883
-0.0013454635927647779
0.00011469434283099681
0.00011687358245981316
-0.0004891579121120508
0.021812016654864867
0.0017443597607041898
0.01115299930877298
0.0012056062973357412
0.0015706606889975376
-0.00024844411525701537
0.00019255082088031112
-0.0004151293418805466
-0.0011430534924868909
-0.00039715117815456575
0.0013696511024282696
-0.00022254621568183834
0.00020746881981077028
-0.003322850936547808
0.018820479914976523
-0.001726890751542953
0.008939357042499435
-0.0015280847830547836
0.0007527205673935323
0.00035829126729017855
0.0007385208800667265
-0.00021156507208738745
-0.0009668721130216362
0.00015677608445436686
-0.001255653558446408
-0.0004665670231462965
0.0001771720132818702
-0.00011945598548986933
0.0001214008356195479
-0.0001905413886632144
0.016098855226377898
0.004416042241291145
-0.0011812178659132882
0.0076063985618256965
0.0002448474489488719
-0.0007495502017331503
0.0009099673971705028
0.00031081510423674704
0.0011917911013701018
0.00023160402517923213
-0.0002601569130790395
-0.00020311533327757762
-0.0022826218648689164
0.014589950513254122
-0.0005026955754891742
0.006183257474420901
0.0005272758032817343
0.00010676288451768004
-0.00023268328508317215
0.0008479800473327696
-0.00033140322866813
-0.000986883182976175
0.00013515842759875525
-0.00015317691122006667
-0.0001615322653380299
-0.013064302937765695
0.0005178099647062482
0.004720883868562958
0.0020322876910104505
0.00014871584443127046
0.00035896023546177775
0.000543401258763327
0.00012673871515251915
-0.0005350346637314458
-0.0008536946708536141
-0.0002069774582624652
-0.00010204997764971478
0.00022295394834763904
-0.0002179613105255101
0.00021910212277845035
-0.011594987043282412
0.00010627530515473993
0.004311904634257427
0.0006893350679435989
0.00014231573967375346
-0.00021331212251739261
-0.00048714707368386614
-0.0002518933628317713
0.00010687842322025504
-0.00045861517818544215
-0.0007270985058916245
-0.0001855488499959317
-0.00026312350111093685
0.00025531474156929705
0.00012493634993463064
-0.01022243522049055
0.0016968520703102325
0.0004245856251929206
0.003655426074981464
-0.00011842969635437374
0.0005000581005547895
-0.0004087992844258624
-0.00015714941987919555
-0.00010339365639301059
-0.0006326273356243677
-0.0001465227922614338
-0.00019048223489223743
-0.00011977856620643733
-0.0002616629445967534
-0.00013050751505101768
0.009288333693740963
0.003191385741842397
0.00017697729486192352
0.00023841336354180298
0.0003435985601765607
-0.0001342597007334064
-0.0005318672550759251
0.00024974410471475015
-0.00011308599724890549
-0.00024446402963255987
0.000139574245559548
-0.00015225180090020182
0.0008606182972523216
-0.0083479521874939
-0.002680700742841285
-0.0002915630935079658
0.00019079054000850786
-0.0003182345580432957
-0.0001473837309343495
-0.00047654913563354367
-0.00012437706316168498
0.00012440386420500235
0.0002233122888612262
0.0001831690965653483
-0.007601951518731499
0.0003511298400537478
0.00228871741480914
0.0001287475838411845
-0.00019662664120040593
-0.00010524322029200357
-0.0002325369986999595
0.0002929447189915784
-0.00029511515581335813
0.00012025251603022731
-0.00013021176054108113
0.00020060661845840917
0.006911932111217442
-0.0001521913336296737
0.002017170421576666
-0.00018745509091767457
0.0001394533792577373
-0.00020287351844491954
0.00036478394356675775
0.00011543627614689208
-0.00017866196130086925
-0.006309556342412445
-0.0017560887293100944
0.0001929042001005846
0.00011743183526113914
0.00012684676307060745
-0.00017521676206074208
-0.00031950407656605837
0.00010553342877682095
0.00016149350160464301
-0.0002820988792741488
-0.004760185175435103
-0.003253118990707324
0.00026018715011366666
0.0015424511199754257
0.00025811824386494234
0.00016536851408187548
0.00028180970449392706
-0.00014425052196643577
-0.0009588224826852351
0.0013291393762217595
-0.005020440672529111
-0.0006064561849480651
0.0013639093636540387
0.00015041449224079543
-0.00025040606073443105
0.00012926322359665544
-0.004895202911693878
0.00023967127605867373
-0.0012083214077887577
0.00013224444021683857
-0.00022287180758690544
-0.00011660580854390038
0.004530512298889384
0.0010745634533674835
-0.00011294369231342743
0.00019607212765231213
-0.00010143373749384738
-0.004199683822691765
-0.00011411080790938321
0.0009599735356156972
-0.00012048333606588431
0.00010465735899295353
0.00017829346519301957
-0.003905691087772524
0.0008618116349488657
0.00016016371587936347
0.0036369731111427477
-0.0001690023849023393
0.0007769526273643858
-0.00014419434922725532
0.0033982593826097527
0.0007018802107108666
0.00013119640589014822
-0.0031829745498047034
0.0006305993803664683
-0.00011862664222040359
0.0029795205175545316
0.00015883888408355066
-0.0005773915487396801
-0.00010797257443775508
-0.002805155062500091
-0.0005261966503940938
-0.0026399476967187965
-0.00048097387971411546
0.0001746080786177058
0.0024834867102258343
-0.0003458710903939106
0.00028071586363215685
0.002350945374008211
0.0004048610726535211
0.002224660303885962
-0.0003728750272068446
0.00016191266438044818
0.00010961008680753213
-0.002098935526361151
-0.00034356022192563387
-0.0003074942986203262
0.0019776485881254605
-0.0003175443839822785
0.00010045040390262952
-0.001899497538609356
0.00029415220871513366
-0.0018071751514555088
0.0002728221934660492
-0.00010336880808028883
-0.001720233285498255
0.00025343078953518513
-0.00010496052598177314
0.00102253259193075
-0.0012686052210735196
-0.00018866376508653232
-0.00023622559784290366
0.00010890550236499958
0.0015659176478613713
-0.0002203302464655647
-0.0014964587190496354
0.00020581098043745763
0.00010652582913871561
-0.0014311977554186035
-0.00019266692875534076
-0.00011196029807875246
0.0013701483186195473
-0.00018056951189529717
-0.0013130543712666979
-0.00016964069265454153
0.00011426127159670538
0.0012592684235358611
-0.0001596265295871824
-0.00011607649819269832
0.0012084299899029172
0.0001507640742879286
0.00011608559472367941
0.0011590467110597147
-0.00014320253420458708
-0.0011073097901346512
0.00014297303643897425
-0.00013661453314985094
0.00011784207196140901
0.0010691899003249766
-0.00013336460718789444
0.0010300767409147367
-0.00011123781210144557
0.00014894967090333346
0.00021444830809388656
-0.00010239168071265301
0.0009525087197010811
0.00012133069471771607
0.00011503169837826614
0.00014672390467737663
0.00030133049427984214
0.00021363293501003224
0.0004840987183049907
0.00012844954652908012
-0.0004693768314591727
-0.00029505010531346334
0.00039564280829102095
0.0001317515771780178
-0.0001223172592897555
-0.0009136297590240402
-0.00010281967398147331
0.000104543445812732
-0.0008788713589764374
-0.00012246797936644682
0.00024238210331969915
0.0008057230031427182
0.00013118952206523057
0.00010075686071380029
-0.0006061167750173366
-0.0005393709004803081
-0.000165588028285431
-0.00010316310178159555
-0.00013054598281249293
0.0005508064623857541
0.0005598188874480757
-0.00015298028765973473
0.00019257701860175236
0.000390612019578758
-0.0005982996823776826
0.0002643953751134764
-0.00013335978608953653
-0.00010119657172533707
0.0007554261264678498
-0.00012071442216350469
0.00013522592661684586
-0.0007322280866797183
0.0001051583148716344
-0.0006478636111852315
0.00024265273532809024
-0.00014595003347712753
-0.0001362034736331782
-0.00011350622983032532
-0.00010053678951844544
-0.000679307265931139
0.00013952632442223434
-0.00010765480164348932
0.00010277923105038198
-0.00014215956178791541
0.00011341223007653155
0.00010406607029874068
0.00014412943754745045
-0.00011197599338406958
-0.00010642843989197342
-0.00014648362500348794
0.00011531622687008624
-0.00014707727819432528
0.00011603156709026272
0.00010952925364916473
-0.00015168070289555403
0.00011811550384757961
0.00011195850080022863
-0.0001543188745032124
0.00010852111148772092
0.0001571236781542338
-0.0001251606241518801
-0.0001154875413914209
-0.00016008330020522243
0.0001272323702626949
-0.00011782705332105518
0.00016293318722902057
-0.0001299695447422091
0.00012002519298295789
0.00016627941553557863
-0.00013067364539902227
-0.00012277711093107332
-0.00017035244164671383
0.00013740409766532975
-0.00012501970189656884
0.0001726101479160396
0.00014753717590553945
-0.0001269649639261848
0.00017667487037438567
-0.00015197437742951443
-0.00012996967545684027
-0.00018099489383004733
0.00015942277175175364
-0.00013327324653327654
-0.0001854975530692493
0.00016273827967664575
0.00014001513724092818
-0.00017611821340096791
0.00015692633126847136
-0.00015143487031161232
-0.00022331655047062954
-0.0001627728185925085
0.0001783734557999915
0.00026319875384165855
0.00020857043545776502
