-0.8258069594977203
-0.29578235235589095
0.2229928010300184
0.18416391899765874
0.028399465349996527
0.13763927164718853
0.08855421154711926
-0.10387129526885769
0.019988182226977895
-0.10268762212062846
-0.08861509251373674
-0.058424920582026946
-0.0013059602388377158
0.02050260441555087
-0.0860744024326527
0.014008240904183747
0.06474369310173164
-0.011326817143444586
0.09437817460928684
0.010823406357293196
-0.01923247195461783
-0.005568272946869445
0.014232614621616516
0.008370863524365888
-0.01608722726889399
-0.0076829496830202
-0.013983658181541422
0.10141922250877392
-0.0004833381857384427
0.0023143089194472633
-0.00028985672835164295
0.004659644387697011
0.004664758579331304
-0.003424178210942402
0.002523582636998596
0.09546243810205027
0.0011113173997958413
0.0013996318935016422
0.002253615739057935
0.002010921417427753
-0.0008880233148866901
-0.002451652791956955
0.0009551818954052185
0.004702617939258242
-0.002072480826715766
0.002641230803608838
-0.08168817339048498
-0.025362061515805195
-0.012359522564712191
-0.0034553984225254063
0.0007297421213878986
-0.00031940165586968005
-0.002043561862926291
-0.0013547510945278625
0.0007692020981398513
-0.001260600386903093
-0.004883881357934435
-0.0008682333037838446
0.00796301083741842
0.07741961779519417
0.00024310293188063064
-0.0025276601043432816
-0.0022339276507475944
0.00031128976646303667
-0.003608611480944408
-0.0011070606305807974
0.0009828101162443791
-0.001953887875843723
-0.0010655280943410524
-0.0005773350484386069
-0.004281377075679438
0.0012679216205983518
0.00360371834010642
-0.0013009175361781188
-0.00650427480705822
-0.06949174461435398
0.004610909645427801
-0.00243417841904695
0.004732289954618646
-0.0008945700845409932
-0.00043666871655278746
-0.00035315893542120654
-0.0011039969652690941
0.0016759352204382837
0.001222073934293541
-0.0008872903489533313
0.0016774032209317335
0.003737088441539351
-0.001742268365451962
-0.0011854353438567134
-0.0016729292580472468
0.003947379067802584
-0.03594835664882897
-0.05152433726917437
-0.002156296534861565
0.0017782194216434198
0.005840151100726847
0.0008846745302662891
-0.0006828678008740731
-0.0012611110555751709
0.0018317263862023504
-0.0008382104474547568
-0.00028785127219950766
-0.0007632677405511939
-0.0002607724099212512
-0.0009354023219094412
0.003550080149986984
0.0005984260215419699
-0.0010647576410274479
-0.0018829753023255167
-0.05640491963036465
0.0017531376967842994
-0.0066507895422439
-0.0006868895905932495
-0.0065123298592568366
0.0003549525693494994
0.00018301795493620306
0.0006052691018820694
0.0002983832926168282
-0.0015918333013040051
-0.00045338681290753264
-0.0004007113889369968
-0.00011358200089553182
0.0005480159076900241
-0.0009050231829086482
0.002577392714988989
0.0023329773948756577
0.001182739116742118
0.0013625537433913741
-0.003993671278760415
-0.010250659529903563
-0.03823327240424069
-0.032477054112252386
-0.0006212212999032427
-0.0012673947585580597
-0.006592716979757374
0.001181745096435833
-0.00016508170191515501
0.0015556993695034316
0.0007095114211280195
-0.0002460945046470479
0.0007245722258367656
0.0005197412587699256
0.0007032640669718918
-0.0001521720204034034
0.0006829717077687159
0.00013238453784444057
0.0015107666899221211
0.002843673345016107
0.0007147943527928411
0.0020528122267133883
-0.0020682643885960804
0.046471416969959156
0.0030451728421088584
0.003011277723701714
0.005105750180978158
-0.0018361632843819221
-0.0009218870481486779
-0.00016881054252419978
0.00015322686075196155
0.0001776367431897524
-0.0012917136764244981
-0.0006435332470191627
-0.0005583475604740127
-0.00018030282307155207
-0.0004833894876634736
0.0003695022572051385
-0.000777172671453198
-0.0003258318865923778
0.00012880040153288118
0.00027280128364037587
-0.0026314559702119394
-0.001142904712598997
0.0013339443018209381
-0.04112585898150638
0.009492741088209631
0.003289119779979585
-0.00013289431454782867
0.0020404123131675055
0.002448684959246127
0.00586891805634212
0.0010260573621194854
-0.0004565019276330251
-0.0011145866117560552
0.0007467596078559635
0.00032667241350161014
-0.0006187311686823016
-0.0005176383062784281
0.00029413781711049746
0.0006484443260558172
0.0007233833385315188
-0.0004975930568154244
0.0008580422605049202
-0.002183766669430109
0.00036933785030075116
-0.00028574803282029276
0.0015228586035292977
-0.0007308675235234505
0.009928946359835652
-0.037216522296782614
0.0027728981659762837
-0.0024144353399480163
0.006016474544589294
0.00037197845398973916
0.0002749835241928495
0.00039791226786776366
0.00019254489756953777
-0.0009704657624546411
-0.0006686923587898238
0.0005783399616011872
0.00028968699199827063
-0.0003862395454848229
-0.0008382189488458964
0.0003003624105125853
-0.00031466387739006454
0.0004609684949842193
0.00196308116346678
0.0008016194196061818
0.0004449413657688875
0.0006536987860951927
-0.001225135753036083
0.03517463111924415
-0.00358215231614591
-0.00013928246449178205
-0.006006898409949616
0.001002866546917201
0.00018781749852493415
-0.00010246763519352021
0.000497544176962077
0.00021395514789849103
-0.0009314646204444432
-0.0003897212922949405
-0.000425794808601749
-0.0007283792802266328
-0.0004172356357197357
-0.0001856959104941522
-0.0002658408264748731
0.0006415303804149203
-0.0005595549016875436
0.00016292371578500157
-0.0003556116694042932
0.00035156687712077785
0.00012072814799660461
0.001725881429099638
0.0009423128250172117
-0.0010445258053883323
-0.010163966626665667
-0.03064555127653868
0.0030416190629690082
0.00035212864866360444
-0.00581984993102264
-0.0010122782213749237
-0.0004078342364968473
-0.00048635402117218384
0.0001490374117576329
0.0006078534952005292
-0.0006710676838419487
0.00029034472803332107
-0.0008733320920169071
0.000101385837993681
0.00018617475896001877
-0.0006404820369965014
0.0001715665691716964
-0.0002953585305786713
-0.00011152300950583118
0.00023716279513988074
0.0017128138735015696
0.0003295767415276757
0.00016607365379477378
0.00025695004236603314
-0.001392893919229438
-0.0020748162837069
0.02966135749684112
0.0020908477520272593
-0.0009948748517251429
0.00279461630403463
-0.004872695851639572
-0.0006636964600914789
0.0005005616828460615
0.0007285581666607971
0.00020312412818617706
0.00047062965879302563
0.00011882474376442943
-0.0007810775097943216
-0.00021209177986627228
-0.00017574431198803857
0.00034617003588865595
0.00042095497828002586
-0.0003557473565243139
-0.0004019821881351382
-0.00026364183760060027
-0.0002551284086411908
-0.0004325721270351707
0.0001311680253102487
0.001550041530419819
-0.00028292930579929584
0.0008973394930309232
-0.0002153135755183752
-0.0011627280814154963
0.000386728766214535
-0.027447374754458992
-0.002100202524481968
-0.005171504661561538
0.00034592074284588934
0.0007006928163788232
-0.00018652285885011201
0.00020208889925031685
0.0005664409861968197
-0.0004633163074135648
-0.0005140062067837792
-0.00023226183038458582
-0.0006896989706554828
-0.00020588612315149176
-0.00021752840717577423
0.0004270146372862705
-0.0004242250694323433
0.00024406622090333399
0.00010738287521073315
0.00012597218114648534
-0.00040671133367215987
-0.000157287453657569
-0.00026628038357888033
0.0012009542431414603
0.0006247356263294311
-0.00033929102768424674
-0.00034796980086998725
0.0010192401742170844
-0.02546092818922347
-0.0011017041222317785
-0.001091585498214811
0.002690757111548745
-0.0038488993042726
-0.0010803813719518554
-0.0001724409627854742
-0.00022771786959225568
0.0007173048213735949
0.0001719369421857105
0.0007541833818815206
-0.00017439972519070574
-0.0002838314680758423
-0.0005047289812798599
0.0003430378825442918
0.00014043161241215026
0.00014790512893206906
0.00019397123485685676
-0.0003086187230221493
-0.0003118024050572704
0.00020088133588236736
-0.0010212375593604871
-0.0006539432468319652
0.0002806482758992584
0.0004156629982181759
-0.0014547704408426634
-0.023529022190978837
0.0006167195394241725
0.0018847453174723554
0.004608415640173763
-0.0005229229739849422
-0.0003972835190288462
0.0004992162719301129
-0.00013998613326444173
-0.0008169289535858469
0.00018205589538529816
0.000185232369804663
0.0002472919077771806
-0.00012897033752534397
-0.00040095886025850303
-0.00022207922168083444
0.000292493290622655
0.0001938215389700582
0.00010356738642419094
0.00027590840231429446
0.0002509236470168355
-0.0001839917832496806
-0.0010361980059158222
-0.00015220364632403678
-0.0005121649266271787
-0.00034454565392559984
-0.013132164802892463
-0.01674707378450907
-0.005415017451381658
-0.0005241521213958844
0.00114790118761453
0.004300880904418929
0.00065745724772324
-0.0003228478020791607
0.0002413288405730935
-0.0004158663976175812
-0.0001744716652939965
-0.000246722047092505
0.0002920292321057169
0.0007041041073632665
-0.00020068054457419337
-0.00041213056582947613
0.00012688866540166765
-0.0002948273988406593
0.000125430451788921
0.00015345724338027133
0.0003515664203116259
-0.00016013836582285372
0.00014752779053747782
-0.00016707518834384308
0.0001403978790469862
0.0010639712046571677
0.001107914393606541
0.0011281150476859813
0.0010483268463502887
0.020390664313037207
-0.0005850610227657645
-0.0014995058197060655
0.003866983381536586
-0.00012044794986005568
0.00013397362236190015
0.00019622014889262
-0.00036486884459350594
0.00021346318889586818
-0.00042525248494279955
0.0006431164352138806
0.00021784079651252243
-0.00010106357819104213
-0.00019462792992754638
0.00033841028217077983
-0.00019863311671330057
0.00028742024533201873
0.00022517913858605132
-0.0001813308838272336
0.00029838105873999905
-0.00014402480214564253
-0.0002162391612196375
0.0009231063194271515
0.00037520392919768316
0.0005014862415982488
-0.000775456795406876
-0.019032855492216654
0.0018911836973028433
0.002029783263766597
0.0031790206352179796
0.0003670255772087082
-0.00026774917236570327
-0.00024096985235237876
-0.00028971665788864236
-0.00019484358760850815
0.0004287323296992418
-0.00030938102419162365
0.0006300201075603413
-0.00011864863766446426
-0.00030276505996364156
-0.00015900749564031703
-0.0002861487390797781
0.00020003380659127607
-0.00011299555332309254
0.0002480729918033463
-0.0001595692144212557
0.00013886677895530566
-0.00012441992757309032
0.0001973784183373678
-0.0007926537782039595
-0.00022543176666048082
-0.00033331889157965845
0.00016920669479231651
0.00010204530641993507
-0.0001313871113991763
0.017916950864372172
-0.00016125380745427175
-0.0035376501141240017
-0.00037432623514556184
0.00040163233839596367
0.00023493342712920768
0.0003172439948593893
0.0003978283662529087
-0.0001706191732830963
-0.0006257581859723191
-0.00010259862850319135
0.0002743292841284324
-0.00025482683723897914
-0.00026835044214890233
-0.00015968733196173497
0.0002628648733689185
-0.00015258693477043588
-0.00024001515544589002
-0.000105520942622036
0.00018796159059890252
0.0007368678515091493
0.0003221832251582223
0.00025821256044920675
0.0009430028397070588
0.00030130054421129875
0.016757933160527348
-0.0002600407000600397
-0.003230389080000588
0.0011111527617500478
0.00033220393650302936
0.00032631194189191323
-0.00025316339132150844
0.000557682896554929
0.0001572049474234872
0.0001832297054962789
-0.00020824175688003698
0.00018035032741771712
-0.0002713899414510551
-0.00012845836878147833
-0.0002288253160975852
0.00011100390542649815
-0.00014320746910869182
0.00012181847665895684
0.00016889882481156473
-0.0001058376485820355
0.0001384362598910682
0.0006438996794754176
0.00016099994932498228
-0.00014413894478051964
-0.00020485656137689875
-0.014646482727776447
-0.005494874023289249
0.0020967724375789785
-0.0003310297612821627
-0.003154779797913986
-0.0002725465764800904
0.00012172424556930459
0.00011711096567596893
-0.000292588712616218
0.0005375354713607523
0.0001582605992818961
-0.00012924045026207212
0.00018541447578460343
0.00024894581149317467
0.0001758344626178074
0.00027438757949533644
-0.00015729997162924628
0.00015270563603411315
-0.00013838042430279357
0.000141446107043503
-0.00019100008162086212
-0.000121908541215808
-0.0006440549323604654
-0.00018214500472075968
0.0004240229742833126
-0.000203010383286572
0.012330466582111049
0.008225232468049728
-0.0007760110432836092
-0.001290273850243305
0.0027146773496995345
-0.00019012439997595553
0.00023949375221248234
-0.0001313101657612643
0.0005392425891340988
0.0001139903029483084
-0.00021081709332353282
-0.00015548225450522156
-0.00023359514356165428
0.00021910039106758789
0.00016172037387088235
-0.00023751846190400396
-0.00011129791719616804
-0.00012598665959842197
-0.00017031496413322272
-0.0001130242128820615
-0.00011363868825352264
0.0005711959595109085
-0.00016368347533391892
-0.0007611956181063556
0.013829870899489765
-0.0011284599181708985
-0.0018475790831586948
0.00012891825254152228
-0.0005627674097585548
0.002606328822636331
0.0005336302073328613
-0.00014018312046895824
-0.00016766871069279777
-0.0001461625565300038
0.00023888133552302397
-0.00024295117774954968
-0.000512003733779272
-0.00016338834394441393
-0.00020403359486658611
0.0002606593941569066
-0.000131806455766655
-0.00015850336374687975
0.00013086017675451332
-0.0001563235325279727
-0.00011647822191448446
0.0005125929490585269
-0.00012677586566906356
0.00030726625051791576
0.0001608105374632936
-0.00031231521349659824
-0.002049135012679259
0.011844682657925308
0.005443572108397176
-0.0010511901371727682
0.0025237390819575793
0.00013874905121019136
0.00013235485781587487
-0.0002325044914490224
-0.00013420755130143092
0.00011919700886197004
0.00023844886284026944
0.00016078933933593638
0.00042464062390553477
0.00018522483098458054
-0.00015839344863179905
0.0002061131486926427
0.00016186329802588632
0.00010946254166081472
-0.00014005945391794478
-0.00014820540348839726
0.00012994014149678713
0.00012340069151061406
-0.00047928209220734575
0.00017854333588094705
-0.00010181199080944465
-0.00010242344429519972
-0.0001854465902942978
0.012482978519885493
0.0009377197465937255
0.0023915663571909256
-0.00020001738682237476
0.00021440015091237486
0.00015971452305447802
-0.000293121931855872
-0.00016755568961506872
0.0004131884799970379
0.00016147947974235664
-0.00022575484635084842
0.0001232036875016744
0.0001610968583083408
-0.00013533820213213445
0.00012255565369277823
-0.00046791299964023215
-0.008268917453389365
-0.00848885513139851
0.0006281742744332584
-0.0018098241903320043
-0.0012736913119127458
0.0002460615659035901
0.00017555581587004723
0.0001367422746040497
0.00023315770517197672
-0.0004241869490166225
-0.00011945303045591051
0.000148194293757746
0.000171506725196968
0.00018960210785334597
-0.00014375544522631607
-0.00014085688504978413
0.00012105934078302691
0.000117061305690992
0.000406947624057697
0.00029890475782213253
-0.011248413365445652
0.00024856445869793304
-0.00030723201192350364
-0.00206987362481956
-0.0002186613749927659
-0.00016113952617309934
0.00012166982589392274
0.00023421019149924647
0.00039749267971576425
0.00020094946975055593
0.00013624329510964793
0.00019101150978995495
0.00013022656827523958
0.00012228142528220687
0.00011191786493382213
-0.000392077978872288
-0.000652108996544697
0.0004347579928670285
0.010649103859127434
0.0003928228086990157
-0.0003005071369069679
-0.0019878678550597165
0.00016342513466690415
-0.00018260916582157468
-0.0001977930706655755
0.0003758136301975125
0.0001339272573629141
-0.00014667202210813564
0.0001939396732483849
0.0001015976443650567
0.00011768953436160018
-0.0001145991064844057
-0.00010439861823811425
0.00035888571474969555
0.00017584945924980797
-0.000401235848668484
-0.010146605071729682
-0.0004764818284479797
-0.0005850389050824184
-0.001793565986124386
0.00017960601724254627
0.00011481579700255288
0.00027908619396218643
-0.00022279255633473626
0.000108455461854199
0.00015499703857755113
-0.00018711334847807567
-0.00011735979597711248
-0.00012116412303217017
0.00011081437545690884
0.00011764199087523287
-0.0003333491472010833
-0.00019382263775685312
-0.00011384579738104388
0.008990485540354826
0.002864758178681884
-0.0022130268348518833
-0.0016725655267074975
-0.0003331738201185719
0.00013288795405598633
0.0001825043702565836
0.0003301399765596976
0.00012638935079754515
-0.0001460272136348355
0.0001775030875867361
-0.00011008353250046612
-0.00010663414106579999
0.0003023257024488482
-0.00015017279711887897
0.0004178823849236725
0.002819863650322193
0.00879079068964697
0.0016146302465894966
0.00011309181272605069
0.00013800569247210753
0.00016905782705404715
-0.00032056609495648744
0.00012615608696273597
0.00013122958781366202
-0.0001699691002764109
-0.00010950300056363075
-0.00010393823882532309
0.00015050034243908935
-0.00028011092427542386
0.00011458661865166339
0.00042140270221178067
0.005088721305737713
-0.006845841393239273
-0.0022240531284284967
0.00022253621098933897
-0.0014934073514908251
-0.00016430152810835796
0.00015763901741640623
0.0002614285216024978
0.00011478518198389184
-0.00012191970711438061
-0.00015839517498771738
-0.00010909156635576981
-0.00027498959337708104
0.008425592984094937
-0.0004492187075770888
-0.00012138821677358142
0.001404909814984519
0.00014321410676863982
-0.00015149968448036977
0.00027506678663414034
0.00011906723640457618
-0.0001440646243341705
0.00011070887382525598
0.0002553557852396076
-0.008076720809958646
0.001291119980849356
-0.00020334810777005151
-0.00012125389057999625
-0.0001642421096819854
0.00025729696850432753
-0.00012378000977962344
-0.00014211096674911078
-0.00010011971388174421
-0.00023992621502878612
0.00010340387315447239
0.007733098684316339
-0.00019475257922218564
0.0001838129999552797
-0.0002254075371366179
-0.0011930454414424165
-0.00014442884969170975
0.0001420103023240668
-0.00024064278907610774
-0.0001364300254591594
-0.00022656915547731871
0.0009151043829723929
-0.007358350333412719
-0.00025890926197637363
-0.00016887851289728572
0.00022315146874470916
0.0011089108305396551
0.0001627322580309185
0.00015122320877726628
0.00022796054291761975
0.00010821472497964068
0.00012196994841268195
0.0001634715957038377
0.00014642136822375106
-0.0001464817056418434
-0.00011087899312710241
-0.007118714636901367
0.00033618592245585706
0.0010255668313970119
0.00012801754584453832
-0.00015286948605246122
-0.0002107264006615081
0.00010209255736131377
-0.00011478845378572516
-0.0002026546735340477
0.0001568587409600978
0.006572020037006085
-0.0004020394662126143
0.001875634673946326
0.00026953809315152875
0.000936553060797116
-0.00014775866383359815
0.0001892696058413577
0.00011856944572734994
0.0001070583368087872
-0.00017776807955705555
-0.0002018731591137491
-0.00020441687115053408
0.006584806998930491
0.00025173223389319784
0.0008434738623264941
0.00014387223272087815
0.00017264436348388577
0.00010952490776969371
-0.00018566578771086662
-0.0063514504493549385
-0.00016554952126989424
0.0007370115039479477
-0.00014041664364594327
-0.00015447103838918757
-0.00010748356324368784
-0.00018107217802068796
-0.006105507775502631
0.0004778732039917695
0.0002460310986990855
-0.0001687124437490207
-0.0006023671413249934
0.0001407658313033714
-0.00013242242050195196
-0.00011966087666714836
0.00018280859615588395
0.000246892671112735
-0.00046765002362400673
-0.00013697473212484688
0.00589367844022069
0.00013963459219641213
-0.00042942760777019015
0.00011667934367248024
-0.00011922878360614197
0.00017868202418319453
0.00019371194952590008
0.005618038377092919
-0.001027051140688809
-0.0002674691248254662
0.00012796589773632084
-0.00016421748841898178
0.0001222319523756635
0.00010422744512842936
0.00023441526051482277
0.000133269576976769
-0.0005995618592123127
-0.0014907856767584458
-0.00519545045820759
-0.0004823912781906185
-0.0005926979533400871
-0.0002579745277826438
0.00011839264768082549
-0.0001475699486622285
0.00014451900783250381
0.00014541142931483227
-0.00015913124687819892
0.00016882898142918859
-0.00010870604910553793
0.00024601053754507357
0.00010609360843926773
0.00018311518971663587
0.00016203035541918697
-0.000354326220450301
0.0005629831366595568
0.00031413119331384355
-0.0015564956033615727
-0.00045996048081827764
0.00021774211282095534
-0.003495005307044498
-0.0025743410622821174
-0.001827471176092782
-0.001267333123083066
0.000215299079670647
-0.00016408981175039734
0.00030874748418669524
-0.00048104783035768925
0.0003316064408895552
-0.0002739288136918859
-0.00010131827651862498
0.0001694025516070074
-0.00018255236184836862
-0.00030346618927893905
0.00015499440339507325
0.00011567911654861687
0.00019952390470885572
0.00012013556834842391
-0.00015339485994226917
-0.00016264760245082979
-0.00017456415983112733
0.00010979357366238575
-0.00014358042909900132
0.00027131296059855026
-0.00010485954863493659
0.0001545981518408325
0.00011048751982536403
0.00019053342011828126
-0.0002222899080559959
-0.0001819768284729328
-0.00028554539924972394
0.0002526379678757209
0.00016721554622967699
0.0002381894707819621
0.0007694283103959263
-0.0004961762803617117
-0.0007106779404971721
0.0008516515108207
-0.0002640045006131758
-0.0005987853114992937
0.0008445399810854159
0.0008185409116873615
-0.004119568927075867
-0.0015786593739796732
-0.0006152935908908357
-0.00010289287678779249
-0.0006837863005791935
0.00039734892109675085
0.00021032276238748592
0.0003625830497300437
0.0002301416427609314
0.00033018541639025917
-0.000353004799278952
0.0007161907949472159
0.0005437458528638483
-0.0005507855025580294
0.0005878886373175796
0.00039812141533541914
-0.00018918895725218674
-0.000246851556317863
-0.0003902040852270997
-0.0001342717136455623
0.00030186358979748454
0.0002135055065812693
-0.0002776609251942971
0.00020760998213539676
0.00012868173384536437
-0.0003806457285835288
-0.0003462830420114858
0.00019181711410388885
-0.00018899650447392062
-0.00010539266608722681
-0.0003259318027530487
-0.00037647141535655717
0.0001675279832347219
0.0002422263679471482
0.00040924751344146215
0.00018549215391030295
0.0001380243721269639
0.0001647523328212583
-0.0003610607280405761
0.00019064924434609445
-0.0002001243166079539
0.00016560703409797405
0.0006505934447305249
0.00026775366275106076
-0.00010150333247642719
-0.00018670451551096147
-0.0005103049782145509
0.000224396080652505
-0.00021806748238180424
-0.0004282285863397886
0.0005107956809239422
0.0003569676860725698
-0.0003563753342840363
-0.0002274172353426128
0.0001373637716776634
0.00037770533558657306
-0.0006026052325178707
-0.0012975153755614489
0.0018531820352069444
0.0007938144211586611
0.0006106122157014451
-0.0011173032572993167
0.00022844541904911566
-0.00028064694850994117
0.00010130440336500675
-0.0012969625179135304
-0.0007031442034385163
-0.0005954555719597177
-0.0020180701498803107
0.0008759560402088512
-0.001660755233786666
-0.0007768877564474872
0.0002125094619599164
0.0005555206723416669
-0.0007385755560570584
0.0004631838284353282
0.0008765738265542241
0.00020142110762799394
-0.00017030438650189147
-0.00014965921676437098
-0.0005310750127094369
0.0007839043590749041
-0.0002789022226911902
-0.0001705644432761323
0.0007139383709487753
0.00010910796580957477
0.00019374954685594955
0.00013939165758053085
-0.0002731854577479905
-0.0002471296083451748
0.00016037404023534071
-0.0002022124251309168
0.0004864527202007076
0.0006296191492595189
-0.0003783615736659131
-0.00012342169613663547
-0.0004020721443361586
0.0002121628275113172
-0.0003043409002993667
-0.00011814570897703682
0.00015223804934685892
0.0001286931492609034
0.00019045923875398428
0.000155246741137736
0.0001122339654471521
-0.0002981369326543945
0.0002611590508672181
0.0008749462628872964
0.0004977640700388919
-0.0002644320094540241
0.00023393409919790948
-0.0006194999632663798
-0.00013232352494121658
-0.0001853892898818742
0.0006078270731296521
-0.0007236585551786242
-0.0002200542868573844
-0.0004830115580845795
0.00010409905117790493
-0.00031270975735785773
0.00048757842249702604
-0.0009966798445289248
-0.00029025223700984194
-0.00043057092318402187
0.00021162569470427415
-0.002695158896842378
0.0008581611619614087
0.00197003725422438
0.0002823633834338195
-0.0008167084801284083
0.0007045014776955062
-0.000829114234279729
0.0005353522708935123
0.00033392724350681907
-0.00021822724562620558
0.0010941586261441504
-0.0003880314810333048
0.0009816352945231114
-0.00011680728722358944
-0.0007326742143736864
-0.00032135099946221544
0.0007207246234074606
-0.00013266813655603664
-0.00027954845607714384
0.0003132160905036072
-0.00016373452808749668
-0.00015300696924310737
0.0004730922053395966
0.00010951318565947254
-0.00038965148711813974
0.00015305661980745633
0.00012565215340429466
-0.0002881040747698888
-0.0002275473835386345
0.0002238320650853168
-0.00013933253842803733
0.0005183858892473409
0.00019140253385796125
0.0003475583065018272
-0.0004557396909637444
-0.0001728604147220099
0.0002143470935644014
0.00029885026368690713
-0.0003415273276069245
0.00012181829836103495
0.0004465038882636133
-0.00011817377264117366
0.00038310860174971446
-0.0001960774842718325
-0.00021175784674346216
-0.0001975804240262097
-0.00022443295565397332
0.00019603664384861786
0.0002474440756612992
0.0006001177961413932
-0.0006078509875200555
-0.0002166457102876774
0.000159757130291785
-0.0009836469847244137
-0.0006382712905586879
0.00023137493326856623
-0.00028356822174027755
-0.00025548120911930683
-0.00020846660857812472
0.0007537031576413816
0.0007404195216947333
0.00029305845295922586
-0.000678586503715267
-0.0018622994760240166
-0.000666951960004321
-0.0001641109618864009
0.0016964773827748223
-0.00024422417272959395
-0.000277433155270374
0.002291632262379456
0.0007758418467347548
-0.00011333635087600117
0.0005534673690753471
-0.00031212393765276135
0.00021292036105428178
-0.000235755027095789
-0.0007723951079889005
-0.0007284953236642785
0.00015627491105890378
0.00036530387939888984
-0.00024146429786458582
0.0009581986314618214
-0.0005015977792263225
0.0005867125260828679
0.000408624937801791
0.00020228245439660818
-0.00019215966707663627
0.0004461260656863233
-0.00014219472869449906
-0.0002608080300563141
0.0004766621166985795
0.00011395307123435187
0.00016207277644704273
-0.00021548488230045492
0.00036201346507622656
-0.00012884038334644966
0.0002873273435005943
0.0002685091290971928
-0.0003155309695513378
-0.00021555050994020436
-0.00018793264096469384
0.00045377646524333575
-0.0005131526644862854
-0.0002905527139729765
0.0001315181384297053
-0.00016635964824559515
0.00016376919875372905
0.00038454985759577194
0.00012182590404632765
0.0004220629452978094
-0.0005911088733858979
-0.00012542906804811123
0.00026942830967476727
0.00013348260228960825
0.00016062996609601576
0.00023278339715015377
0.000573354385868609
-0.0005451724452581009
0.0002813744229492493
0.0009570203302102119
0.00020924095353604366
0.00023629292932325594
-0.00044694252374833423
0.00010440772466879698
-0.00019968264426156523
-0.0005652865665983019
0.00054822147785845
0.0007983271251913273
-0.0006296422174963772
-0.0012029442922741947
0.0015330438400351872
0.00038804576920491125
-0.0003864231892519239
0.0014322443823140533
-0.0001211031425544783
-0.0003130476297593166
-0.0003946613042477249
-0.00015117706055481377
-0.0021392204349095422
0.0007910457578468304
-0.0006423740996654877
-0.00016052954032067188
-0.001185290233813799
-0.00014618566214173132
-0.0008192666996540543
0.000506311707168346
0.00012771485934500107
0.00035369127162751074
-0.00015694106803708447
0.00013432533110456754
-0.0006623416868300757
-0.00027188781964218855
0.00012632983921979468
0.00024407388865677548
0.00042962022096482947
-0.00027918484448507944
0.0005868318519780027
-0.00014488671255981472
0.0001245963946880761
0.00013182217492264863
-0.00010395089796969844
-0.00011516859948172806
0.00035963971986854957
-0.00019394556807862743
0.0004122351634908565
-0.00017361639709143309
-0.00029992921742509203
0.00015477017392815048
-0.00016598533029593657
0.0003867426946591074
0.0003690782777426658
-0.0001345138820012042
-0.000166459240103908
0.0002798266660847121
0.000134380370948687
-0.00037050671983705595
-0.0001448190533751519
0.0002824162995228311
-0.0005734575909918128
-0.00015062831087645284
-0.00032680237172161476
0.0002468990804469715
0.00035045997136877785
-0.00045066108106130853
0.0004886163673210539
-0.0005228777847991615
-0.00013983092999131103
-0.0003885612637424435
-0.0001303838183868097
-0.000856827974303005
0.0005856822521384329
0.0004644295233402275
0.000301573272817042
-0.0001705827592646136
-0.001976356836239987
-0.0004173118511592749
0.0004927833334624048
0.0003519974474729559
-0.0005997048360569165
-0.0012012511766516009
-0.000824139738154282
0.0005244714246147433
-0.0007810145482745542
-0.00022610141673808128
-0.001364301277549552
0.0005523731964724236
-0.0007060638840083156
0.00019435233800054835
0.0014835401844001093
-0.0007613100264503033
0.0006794293115146775
-0.000136465670123318
0.00017747572844241597
-0.0003633737263234725
0.0001006762035475977
-0.0007438120059783656
0.00020941755337452187
-0.00012386474665738447
0.0008450318686188812
-0.00046400890089806613
-0.00026826613771342
0.00020083569818055166
-0.00036142222964838486
-0.00023172465197351106
0.0002914496036927406
0.00016264620100211826
0.0004900812057512035
0.00016915518534911132
0.0003461964357611451
-0.00043225607853834337
0.0003529178690356749
0.00025840074609250716
0.00024573555628578525
-0.00021229099210789997
0.00029772031650732
-0.00021714822550767093
0.00024024522325586273
0.00040577821372440425
0.00012035461997126243
0.0003146261714291259
0.00010331126758321885
0.0001389492447017296
0.0003221807802103874
-0.00034895462642259365
-0.0001796982448627548
0.00031656325594336254
0.00012138176412772936
-0.0006385976932434548
0.0005241566177588203
-0.00024114530410499055
0.00026766596462274685
0.00041116954987113893
-0.00010809066813489862
0.000315131965726572
0.0013040439051325106
0.00028248542768887386
0.0003691579106312909
0.00011437636597171851
0.0009554297114395716
-0.0026682490798883964
0.00019985563878440664
0.0001420190808524484
0.0004815637817439465
0.00015164137486346202
0.0005019803878850114
-0.0010953952569774377
-0.0012534969773131664
0.0010696676385888912
-0.00010422747075383084
0.0001109401725799707
0.00044916396380895147
0.0008004293741721727
-0.00014910306124945178
0.0003422847900561629
-0.00022062794612829974
-0.0002534307153836957
-0.00030090896505570143
0.00011338300596175588
-0.00010331267530735393
0.00012685975071057674
-0.0003276060102312805
0.00020393902051110536
-0.00034976089746829045
0.00040018611153612096
-0.00012432010223422752
-0.00012529132023401344
0.0004759068823970124
0.00013593358430221715
0.00011330925138817603
0.00024166003203787684
0.0001360702657421811
0.0003022001150941702
0.0005908905041092826
-0.0001277625547063568
-0.00015305009882847525
0.00027462031598688715
0.00015310272480799283
-0.00011073801613445801
0.0002154853119735622
0.00012087116642688837
-0.00037813353889052715
0.0003390333640299133
-0.0005936956322416705
0.0003403429203657562
0.00012235771485963697
-0.0001359032548603529
-0.0003034610217415017
-0.0009349532084856698
0.00021049735719413476
0.0003554662721095003
-0.0003922108370663165
-0.00014136818125641285
-0.0007953108682209354
-0.0005178245007666904
-0.0014933703156941823
0.0002857071786242571
0.0006299057910195703
0.00011009191742634912
-0.00035256616306571643
-0.00030670690472071107
0.0010541795786760517
0.0007034130979656142
-0.002005807911722537
0.0008853321530202125
-0.0009170310604721798
-0.0005143710699925788
-0.00017131493943879736
0.00014937406715653491
0.000754647233561539
-0.0011258345874221372
0.0007441408323385821
0.0006087688597721528
-0.00010130360980051342
0.00021137660416477476
-0.0005416419947287992
-0.0005852992753989291
0.00039581618601979707
-0.00021211549668567251
0.0001969270183521471
-0.0002921698814871886
-0.0007151702988492276
-0.000102174490182281
-0.00028520059435396166
0.0001401586722107242
0.00018583415692040547
-0.00011984626788909531
-0.00015377283538385364
-0.000576466576775818
0.00022650279188317251
0.0004300573222728434
-0.000404417752593897
-0.00019715552685609913
0.0001649768119029549
0.00036262682566103613
0.0005555616788675245
0.00013872205089343178
0.00017908896192012346
0.0003203374696204744
-0.00012090346751011428
-0.0003513157569220018
0.0003282644559425354
0.0004040644983259734
-0.0001407019189965092
-0.00010885653296217202
-0.00010146665613043397
0.00032160557773343274
0.00020310685778417278
-0.00010409550355422735
-0.0001257292290414901
0.00012884835219265743
0.0001829388736967119
0.0013027940854216298
-0.00012737008949686814
-0.0011477528649913248
0.000155905420215563
0.000509732277730327
0.00044845783498193514
-0.00012396119820598238
0.002612035978739165
-0.0002983232735982454
0.0012131174928254472
-0.0013398355573892506
-0.0006473771374703857
-0.00011355328169791405
-0.0001429216535473273
-0.0005148770959018439
-0.0004375886919162294
-0.0001601588717091496
-0.00021033951664188965
0.0009223056724268636
-0.00010579437022084493
-0.0006162138469122685
-0.0006374139326775812
0.00023177138885926526
-0.0006836592269782681
-0.0001427162417753465
-0.0002549660028360827
0.00012513351933850884
0.00046898071879039
-0.00047754649159140774
-0.000318922647084667
0.00010311548511847725
0.0002755766344140733
0.00024963952402765294
0.00012442612191753056
-0.00013418101068039733
0.00011154053618669054
0.00033347344046244016
0.00012939695789135648
-0.00011020010448878538
0.00021047885783639583
0.00013899511857441734
-0.00024292269557096193
-0.00019980860526633016
0.00011146819506071095
-0.0026286527725076936
-0.0007611273484667088
0.00030411503550195916
0.0003266024327138196
-0.0006526098230353264
-0.001271677835563801
0.0021589188683923907
-0.000208360987319004
-0.00011852940843578315
0.00012376967552637323
0.00014055618859838204
-0.0004175560504042184
0.00010173477714305885
-0.0004124138838500961
-0.00018721571107331285
-0.0009763052635705119
0.0012698272121348282
-0.00017337200960502205
0.00020149798471259009
-0.00019738565548801603
0.0007232241343450218
0.00024053346149423423
0.0001298965277119153
0.0003400675184259205
0.0003609186971283488
0.00029077999221562814
0.00011100072563071696
-0.0001255693620748994
0.00014182923822894956
0.000507450202097604
-0.00012013203032348338
0.0001417406353788245
0.0002994081689873128
0.00019249411871594642
-0.00015664124470384292
0.00044111490443936156
0.003119947483994743
-0.00018083022928154933
0.0007645517964361757
-0.0003302954475544599
0.00012584455593299157
0.0001753365984431168
-0.000725515788058517
-0.0002239494579158003
0.00013170532976164627
-0.0003814354927644711
0.0003213988429087519
0.00037281336598706986
-0.00014765675603555097
0.00022610112323840918
0.00014534851784635098
0.0004887938183880015
-0.001013754210724646
-0.00011031026929886537
0.0002844673837120082
0.0001557906813228193
0.00013121128197427675
0.0001201453095981031
-0.001503155339236533
0.0002607194899852216
-0.0002932505418872635
-0.0003425719446705448
0.00015220349458268883
0.00010972403401021323
-0.0031264102872687635
-0.00024589982128899406
-0.0007020789859369187
-0.0009856997272015009
-0.00037549591819180964
0.00010179412809090401
0.0008774335457431821
-0.00012014356496130226
0.0002730125412286534
0.000192225497714415
0.00024391082799669523
0.00046872163013428743
-0.00011493378803906797
0.00018847797882022332
-0.0002439052822037292
-0.0002535950991212547
-0.00029073425794762
-0.00025906034466603245
0.00014570995318136096
0.00015790389968141526
0.00017463748108266747
-0.00016936740074288548
-0.00010675324799153184
-0.00016490433727290438
-0.00011055962615226777
-0.00010204685232590397
0.00013877701738121645
0.00013438601172613524
-0.00012977669326216267
-0.00012766471121344463
0.00010898571074193095
0.00013619880094724695
-0.0001340048458881884
-0.0001056985773400967
-0.00010340081926627458
-0.00014543031134109133
0.00011474711042380383
0.00013843339358039262
0.00014626452116276296
0.0001553698282248439
0.00010890654017369956
-0.00010305053851893397
-0.00011772771422765339
-0.00013589783254864616
-0.00015512407387526132
0.00010047406914009888
-0.00011610515583744982
-0.00015580768463396518
0.00015926610167711527
-0.00010180898656177148
0.00016148214102441763
0.00010076732766087561
0.00010421906005596577
0.0001672244579443519
-0.00010017919148715533
0.00010532365924860515
0.00012708420489215483
-0.00016067224392416802
0.00011004986791606331
0.00016684693328349964
-0.00012320260199823096
-0.00019882182979845018
0.00011960946878986921
-0.0001871896199510613
0.00011251088558092141
0.0001525742653151264
0.00016537056994809135
0.00011023101808677659
-0.00012539637350005324
0.00019669708721651395
-0.00012668646099840334
-0.00011328482990927832
0.0001660747741727974
0.00012220397342239215
0.00010040277130693395
-0.00010371143403983102
-0.00017104065799217197
-0.00013631892348383703
-0.00010967974388283214
-0.00015463992287126542
0.00017365854111030623
0.00011378429114781089
0.00010902557275537131
0.00012224666280427602
0.00019118891086276587
-0.000135357497145719
-0.00011689340996981991
0.0001914895768445556
-0.00014715938747873362
0.0001248717019329648
-0.0001125410140860868
0.00014408011577920726
-0.00017135924890409812
0.00017951306297744757
-0.00013177364719922844
0.00026170510951315347
0.00013178013064286023
0.0002429201388428995
-0.0001234870145096022
0.0001295336012699623
0.00014545942427077714
-0.00022866112684608494
-0.00015479372865332276
0.00011120796772633824
-0.0003039375453229099
-0.00019612251875553854
-0.00043258852234234453
-0.0003976637073966837
