0.5668512066642454
-0.3641400948793394
0.1186227555775359
-0.07151050121960142
0.052340571181079036
-0.04185627081077462
-0.04009932712313523
-0.06646307864145493
0.5685814877125849
0.17580901553316403
0.206948733029774
-0.10361232766684438
0.11201197578332764
0.07132025583765464
0.1302946106540931
-0.01207760733891667
0.07923587295805236
-0.0313416065643345
-0.06854428030662944
-0.08273247338095857
-0.0594413796002564
0.014269237007355896
0.00670406688992445
-0.018567994067992533
-0.08987651527651586
-0.006300467017225271
-0.039506419461051524
-0.00658973666744338
0.006883196481062725
-0.0006302218207979646
-0.012070108475241093
0.08422758184209676
0.023462109874100058
-0.0019058834073756889
-0.0016431929579880922
0.0010814879316556972
-0.0026539024837346635
0.0803616116544806
-0.004115821838676622
0.004575322237499689
-0.0019955068935778577
-0.015992331090229957
0.00240182865124466
0.00029444820654391614
-0.001646310889816711
0.0034263110952252513
-0.008627486319197034
-0.028067780154522288
0.04968974227563899
0.042265821066887026
-0.000856281856483965
-0.0010364311822799724
-0.010904840525951929
-0.004913532421860659
-0.002954605660591158
0.0064120337449255676
0.008374838188237721
0.0014378445456193541
-0.004040818775620661
-0.002514878353224244
0.012414629797478836
0.000717558799930412
0.0615139004728453
0.0014501690952602444
-0.0001240183892420345
0.005395467821812192
-0.008082341840798351
0.0005657915299754005
0.0008206138461633754
-0.0012025195014739214
0.004640777440955349
0.000328288143681671
-0.0009258750493070978
0.002006248600323677
0.0039423846969925125
-0.01743942680629428
-0.030505469672124638
0.041683721652639436
-0.012679409764482206
0.004340583975334492
-0.00801206268515472
-0.0017414556159146852
0.00012815843170840225
-0.0006066512108775879
0.0017332772968873915
0.002447878544292059
0.0031046606202730746
-0.0012102437385501613
0.0024155804440398067
0.002678340190863306
-0.0022424827266168852
-0.0008992096314174171
0.007152756951351341
-0.01893591768673547
0.04482927041440649
0.0038265184175166416
-0.000498263502163548
-0.0014267559154740408
-0.005445225415362289
0.005776477936237245
0.0032154711775715383
0.0004591316065841614
-0.004109797400016457
-0.0005135647399815316
-0.00020505674989268572
0.0011725400884181174
-0.0029457014925531235
0.0008035891172776516
0.000801081166972088
0.0012747539880944288
0.00023864400615610765
-0.043048172853082156
0.004219031970727615
-0.004259836518206446
-0.0003355839187837861
-0.005150334980581251
-0.0006832563911955608
-0.001470702014146324
0.002632274401565642
0.006993425401200379
-0.00022695043984741813
0.0018523286522446958
-0.002454757869307449
-0.002943477614795725
0.0009248682928086045
0.0007983285530564077
-0.0020722413301746245
-0.001232793690932739
0.0035405163626937484
0.011705775866932397
-0.025253604363394116
0.026298566155254638
0.0006300022793487681
0.0005048618073691379
-0.004458946482644212
0.000954483348349624
0.001938818422083854
-0.0005274956637743754
-0.002360364094302705
-0.003704658631609733
0.00044769576544729725
-0.00019500026398908016
0.0012675478537886504
0.00016568989813327847
0.003653079401445731
-0.00561792452029257
-0.0026306954591669013
0.001640723195149072
-0.000871080098553766
-0.0009920524623255789
-0.006080632766760122
0.0035737856108840754
0.002507360476236953
0.03336528690000504
-0.0006316319572729383
0.00041848712238324535
0.0031104060681140457
-0.0030351025232881854
-0.0002532523884921148
0.000981434504776992
-0.0038273459172677993
-0.0004965424519943978
0.0013661891221221573
-0.0005721650013876419
0.003278661004801853
-0.0016222479908873486
0.0006162931341494263
-0.005189580132100441
0.0008191897347401063
0.0037646640446229902
-0.004623418367078523
0.020860554089755002
0.02165238136249781
-0.0021731800825295394
-0.0017587227123364321
-0.00014115199833659363
-0.0037241672385027115
0.0007886244524110973
0.00026667510069104065
-0.0006027839641802389
0.0035370847081353583
0.0009308221704006014
-0.0008746311687641124
-0.00011018514502402168
0.00042186095299874494
0.0005051848249711941
-0.001998640423404421
0.000756539170618136
0.00016108087780486007
-0.000744426566289222
0.001525052295928026
0.0007782761841846414
0.0007665708869850283
0.010494312154204375
-0.025742555180871655
-0.004641570492985348
0.0002690578145678024
0.0025972584163332767
0.0022081523669867193
0.0002829132663319341
0.0030966627049355115
0.0012208949724980083
0.0004872332960104103
-0.0006576019943028693
0.0006546312276758239
-0.00024934462144348443
0.000926468314186605
-0.0004730655770243021
0.001654120852693562
-0.0008471238895055178
-0.0007384705471631969
-0.00026345497047874445
0.0009338201414705166
0.000835888544490122
-0.0023138309755867787
0.00018692914884559358
-0.025346422551543922
-0.00015894800624918773
0.0010986362556370487
0.0020579494705074497
0.002134217222003661
-0.0014012594619848772
-0.00045817370119872856
-0.0005730304558181917
-0.0005957264480768143
0.0029987532322584124
-0.0005597303020882
0.00010313123300777867
0.0006206125072918125
0.0005446199269718708
-0.0007465504003109868
0.00015721481487611716
-0.00020325251186728097
0.001555536602236494
0.00036516341315356377
-0.0008949695836436229
-0.00043472388454093825
0.0009166165803791413
0.0002484216724770459
-0.0011785138631845097
0.0049598300533784025
0.015401686546224314
0.014076516731899958
-0.00790309957936999
-0.0017902438825612116
0.0013295454661399785
0.003135065102407101
-0.002457290676296462
-0.0007439228317262404
0.00011080354678849735
0.0005470628561895892
0.00212236073988471
-0.0016473534712924287
-0.0005829470731959936
-0.0007104710684299691
0.0006475186548417241
-0.00016939899541453576
-0.00018770673481956318
-0.0007930429177166335
-0.001237982718935395
0.0002288345415274723
-0.0003372710580675438
-0.0008175777977313007
-0.0008132723553035642
-0.0004087318511178212
0.0006758323560911625
-0.000645188898613294
0.0007199611291394526
0.0004278763247224998
-0.0005898541080349852
0.0023498926965193063
-0.02059103717410526
0.0009177552886311705
-0.00014931561229425037
0.0013095168389050122
0.0010778487196651798
-0.001380348729864024
-0.0014474026941256643
-0.002597090168334317
0.0024174803694781343
-0.002646096351884399
-0.0005680968825300908
-0.0003077666538223433
0.0009930845477297019
-0.00024844420741490216
0.0006988200642371416
0.0009976932233970925
-0.0008713869088784985
0.00026579454228012415
0.0002748999182936745
0.0009542954743621421
0.00021146373715036495
0.00010185369855180779
0.0006146668172569941
-0.0007771426966508043
-0.0003529361870392272
-0.001244162978546735
0.00020582939851077582
-0.00044151184123818903
0.002975414305464599
0.015033766447243585
0.011012531447552348
0.0004648112665102296
-0.0016545512998527821
0.0010091285988834309
-0.00029716754624756024
-0.0003307565263504097
-0.0001417195945771471
0.003043282697846676
-0.0009564769258531859
0.0013364131222065776
-0.002258538852564137
0.0019218455630567453
0.0004723198465067627
-0.0002976625209647823
0.00108147374901691
0.001229713777498374
-0.00039413665659456784
-0.00010476657956301498
-0.0007868413291633442
-0.00011253887415735613
0.00025188765391505157
0.00025505478198499905
-0.0005651516484481394
-0.0007454844342412233
-0.00031346362556870224
0.0008684768426207106
0.0009598015841498381
0.00047696931788498493
0.01699530833575888
0.0024527387970817932
0.0014047223265824208
0.000566182195655638
-0.0010090345727117535
0.0013275816688938756
-0.001036140183217918
-0.002586001248304889
0.0008486654626862987
-0.00033559565908482296
-0.000602636218539118
-0.00020636073614128397
-0.000595192332869505
-0.0006778741128400101
-0.00011529776675428327
0.0030331813435312783
-0.0016154130309668751
-0.0010134286911844777
0.0004816308404271777
0.00017966732819591142
-0.0003782841799756449
-0.0008133433225982636
-0.00017010519790616122
-0.00014817477453448567
-0.00048544263301642616
-0.00033397102354486703
-0.0008206143395838735
0.00032150878293678894
0.0001954845142029838
-0.0008414203483453135
-0.00036211543678907733
-0.00036003237376504375
-0.001500643645491769
-0.000623596402176388
0.015657249646839785
0.0017759190573099761
0.00027223163314486613
0.0011376306777142679
0.001390606119961211
-0.0002837998455218218
0.0004923018349976304
0.0005815590168220646
-0.002304433968304839
0.0006193350796511256
0.00012663241431604786
0.00024338532209141876
0.000546346514706289
0.00025230858248985656
0.00037093825455152257
-0.0008432239957369597
0.002552337101676253
0.0021442328908160193
-0.00088235676058945
0.00036702822674916966
-0.0010048535502395564
0.0008498618526952186
-0.0003272401426970209
-0.00012860273656854695
0.0006578296098674803
0.00024824977463837485
-0.00029419278946947615
0.000431839876598922
-0.0007542764989686241
-0.0003024356229336332
0.0016766927355426572
0.012241050464932996
-0.0077440884233873596
-0.0008952965418438565
-0.0004886070146833634
-0.0012583698195919033
-0.0004887560869283495
-0.00027568792522672606
-0.0001691591937781442
-0.0016097807599904305
-0.001189388994021495
0.0010209886694074913
-0.00036684523458697173
-0.00039556706630097756
-0.0013166345395479123
-0.0006004652219619289
0.0010406651195543305
0.0007255267050010887
-0.000434477483842193
0.0028470608145303856
-0.0008571617042412186
-0.0003082135067412869
0.0006383394953504403
0.00023057229467390264
0.00033288100062056847
0.000705806168141537
0.00021662363306882595
-0.0003233070436653316
-0.0006449600272309082
-0.00011258495897202521
0.0005787212771043177
-0.0015009040633841499
0.003466379565883786
-0.012952457353087761
-0.0005207964415047551
0.00020599970315640195
-0.0010551972876672868
-0.0006009499472548796
-0.0002421729808498515
0.00011975596910440482
-0.00020350790590688403
-0.002074784349114321
0.0004311698176618903
0.0001275249380994501
0.0003254771580726625
0.00018506823265695822
-0.0005533661588276215
-0.0011087540276631662
-0.00023191825323126605
-0.0004097814279236582
-0.00042339644678509507
0.000496776357618519
0.0002762983799084106
-0.0009939948270330718
-0.0028987404271524748
-0.000297595459483898
-0.0007129082756675819
0.00019292383009338136
-0.0005393867900823111
0.00023570730248360315
-0.00010699300070433813
0.0004762005959998117
0.00025498883549975233
-0.0002449305747579794
-0.001009523628467891
0.0001468974384748052
-0.0005983081061985256
-0.01245638219767477
0.00047373183765460466
-0.0003772257440767167
-0.0010603591648248095
-0.0002737397814294177
-0.0001180678292401873
0.00021201942036373536
0.0019388120483780516
-0.00016723222138944864
0.00036849119503501486
0.0002207234994417065
-0.00013210007600085973
0.00021658762101022566
-0.00015776327617827532
-0.00017018551922747782
-0.0010249240879726595
0.0004449765425476719
-0.00039097417813218493
-0.0003320953210045854
-0.0010730575140087475
-0.001969903663964942
-0.0012986667829188998
-0.00021412682694408117
0.001599344003092005
0.0004887318563185273
-0.00024678764480835704
0.00018973720460873655
0.000509417200701136
-0.0005985656965665687
0.0003070459454917841
0.0005892586728812088
0.0005091297161771153
-0.00019524082320420975
-0.002247686896199927
-0.011376741226746584
-0.00037532895872177685
0.0009128651098760786
0.00040593333110531355
0.00011281960462545068
0.0004084895590430937
0.0017879781931842338
-0.00030503850515582986
-0.00013829407703676395
-0.00016141168127763934
-0.00012479505734973062
0.0001270700975450756
-0.0010191842072017944
0.00012568425917768616
-0.0002598067460820863
0.00021583183835029973
0.00014401262889088818
0.0004066517776338924
0.0004654521590281855
0.0007404991240895575
-0.0003873881120239244
0.0013430670928503796
-0.0017059737045400907
-0.0007474271572611039
0.001691971232174169
-0.00016844821557202136
0.00016360229657819603
0.00030149918812598007
-0.0005722926000564647
-0.0003933090155061563
0.000532773266492133
-0.0005373762917978428
-0.0005532049759931348
0.01076144327277182
-0.0003578073770158758
-0.0005088140129910681
-0.0007281001832331144
-0.0004927496400336327
0.00024234772865385136
-0.0001557226631429204
0.0003686030634381156
0.0016392660312911857
-0.00020433325372510547
-0.00014300820607504009
-0.00016288726672363337
0.00019622395708192628
-0.0009602176192935671
0.0002886929865551561
-0.00018607139525575827
0.00021561354401281
0.00015608513486799834
0.00010972438628059382
0.0006546073380407204
-0.0003992058980681627
0.0002191481060951915
0.00038450425135763
0.0005250198035193092
-0.0019041998419362328
-0.0013567335612463221
0.0011708204899487664
-0.0007123230081366872
0.00041308670072488877
-0.000517183107910332
0.0002314916291788976
-0.00015033188560940164
0.00018290517197343137
0.00046541439338552
-0.0003828992461841294
0.0099542167771354
-0.0014678876858467168
0.00045113784656630024
0.00021326872630640764
0.0007932378098214512
-0.00034845590694057685
-0.00010866152014933422
-0.00020381828429344825
-0.001557826496093693
-0.0002380748897107791
0.00014054166754698418
-0.0004217775682930921
0.0008390528441096216
-0.00018025045213726146
-0.00020998995376903632
0.00010710851011326933
0.0006399616462500566
0.00016554571343492424
-0.0001060268065176923
-0.0003196890982241793
0.00020921934686656744
0.0005823528441166694
-0.0011349351814189065
0.0005822388302170378
-0.00015811116074076058
-0.0003638736030774578
0.0022506633207804126
0.0004299679248908375
-0.0004342634222049245
0.0006083804125955139
-0.00023814939719272503
-0.0003299446932185683
-0.0018211830617342467
-0.009228087273136652
0.0007117352345569142
-0.0002778409344184309
-0.00019718876362162963
0.001397798206440071
-0.0005407844209364865
0.00010765727614554786
-0.00030024898260975943
0.00022272868726374244
0.0007333498608161859
0.000366444062858099
0.00012775269657919392
-0.0006147551949438459
0.00012598333964599764
-0.00024429491394313703
-0.00012775734852885496
-0.0002464495728403044
0.0004116927577542168
-0.00036707220707308033
-0.00020919970563751378
-0.000278934305214452
0.00042429006044719875
0.0007144139575868743
-0.001208780596338462
-0.002071821222351576
0.00017806441135862386
-0.00015811019376262873
0.0001384276724251935
-0.0006938624172448701
0.000612982433847986
-0.00029393702052182044
0.008446825331095217
0.0023707800174007755
0.0003707305376428829
-0.0001689760579506941
-0.0007102650882323026
-0.00012281187426446924
0.00012887922299943254
0.0014073711475569655
-0.00014536742747893003
0.00027480026160899067
0.0007620080475045412
-0.0001120489165829583
0.00011427395193304749
-0.00013360547580649448
0.0005789994105233609
-0.0002215428488563504
0.00011472626454853117
-0.00018227729634763025
0.00013781191276724533
-0.00037975320382278144
0.0002805420172910928
-0.00016425292789965347
-0.00018106033349477518
0.0003355929428795206
0.0004468074584812539
-0.0008728112725075251
-0.0021364658223307497
0.0009256980410095974
0.00021678145291236024
-0.0008995818591937487
0.008214140804739041
-0.0001091537639987092
0.0006449223012891407
-0.00013538490993167764
0.0013132179000692296
-0.00023257944435221638
0.00025996482299951447
0.00012123318742782097
-0.0006627461631699922
0.0003121132704077522
0.00012582727632627822
-0.0002610952745864836
-0.00011193988497030621
0.0004952981777219306
0.0001304059574201958
-0.0001778485049167241
-0.0004342674316945324
0.00024093992499763162
0.00035220943928388187
-0.00021627716130255512
0.00023517825749506092
0.0007273618559695253
-0.000485106373540286
-0.0007237500670917625
0.0013297139306837353
0.001792712567950766
-0.00018387608246493256
0.0007279247711937581
0.007691458319087655
-0.00032248158531218425
0.000602496452134033
0.00012040925513441927
0.00016315750931560392
0.0007398524086171069
-0.0010108395568943695
0.0002123350634762666
-0.0007104929977392084
0.0002491567386181212
-0.0004892000607290785
-0.00011209384516227881
0.00010580904647273642
0.0003957509674857808
-0.00020686718077799198
0.00011978430263307514
-0.0002994925050731905
0.00012962575800374196
-0.00020825876892747642
-0.00017653236919684643
0.0001564230969775473
0.00012601742112904691
-0.00046391274138413065
0.001979635274260648
-0.0008348902149665305
-0.0015532859343590055
0.007151953865293154
-0.0005646031092027909
0.00012198271135343674
-0.00011588601626617201
-0.00013426215001370644
0.0005887114510893044
0.0006527876508396437
0.0009542098285583415
0.00033925184587233273
0.0001088304198416376
0.0006643695275473555
0.00014006576641973452
0.0001885693293632451
0.00014329274794211088
0.0004603307688943462
-0.0003728425804585219
-0.00017723564779770315
0.00015166716127332312
-0.00028878323781142385
-0.000134680904383927
-0.00010865416048687301
-0.0003491845160890257
-0.0027295425775795074
-0.0014206195458483489
0.006532816060627607
-0.00015666051718454964
0.0003227551564664894
-0.0005885504972953997
0.0001127753510759862
0.0002048081026058506
0.00014391199338256575
-0.001103715359318357
-0.00019532442685657895
0.0005866567117063326
0.0001720161160131079
-0.00021013373137483923
-0.00042010462509041246
0.00016480636634725451
0.00035311664172564604
0.00017035990586687484
0.00010869135060704702
-0.0002807219867596918
0.00028356804142833764
0.00021819124666140353
0.00014904688630845348
0.0005425745349835181
-0.006801456704969657
-0.0002580261261537658
-0.0005384012462448615
-0.0004056997456116771
0.0002073720810714596
0.00012035786878204975
-0.0010453823315936042
-0.0001214417562668991
-0.0005985484760576048
0.0001690271942089983
-0.00041712098560055754
-0.0001115177095984867
-0.00013662554142681349
-0.00011410272128667587
0.0003025192656839012
-0.00013219346838065884
0.00014048967822848733
0.0002749707213236837
-0.0001405423275311858
-0.00027803352149425334
-0.00011002759104204438
-0.00016729880881336003
-0.00012863866100379612
-0.006373496560828911
0.00039897871723275444
-0.0003378354763234815
-0.0006342780642188887
-0.0009030750977606463
-0.00028313906064802134
0.00019189307262481992
-0.00020513108181470014
0.0009804212702383037
-0.00011039114729630475
0.00010444886102229754
-0.00016026525004734642
0.00016910709797220863
-0.0005211926440655103
-0.00016204893832014964
0.00010246710747261905
0.00040472761735516034
-0.00010583630898766951
0.0001791307051021365
0.0003035019024612309
-0.0002558463031156043
-0.00016575080560280177
0.00024865006617616784
-0.00010163619650370857
0.00015226687049558888
0.005966652151763166
0.0006119473752434972
-0.00022340991769879737
-0.00021373055761683013
0.0013288091153100452
0.0003807665393954168
0.0001966517554756814
-0.0001522926758410326
-0.00035434008392264317
0.000862624154574954
-0.0001649191762786487
-0.0005275029074660644
0.000379818012333072
-0.00016222049032750153
0.0002835583559485694
-0.00024041322999284153
-0.00010852024842377986
0.00014274091124060774
-0.0002463250113254573
0.0056664990787529184
0.0002507098428935157
0.00010164349520230806
0.0002718969105579173
-0.001314396165956339
-0.0006408140544999761
-0.0008410396428729032
-0.00010116916413522227
0.00011852493456918707
0.00016899824204623623
-0.0005058086833984392
-0.00010364215192212079
-0.0003008385595746313
0.00021314312122172556
-0.00015506313234576937
0.0002742539698275601
-0.00022158831354008766
0.0001239703661937229
-0.00010648128708221638
0.00017312431698761493
-0.00012777315286807475
0.00029258390720828594
-0.005363683057890678
-0.00010464450701013691
-0.0001288853416133962
0.00020387968826882883
-0.00036526589913709424
-0.0002870526960039994
0.0003023649399216718
0.0011871412237343861
0.00020262594614612657
-0.0007082912495361682
-0.0006742762473466681
-0.00024692939894951937
-0.00012575241628852343
-0.0001434480315371817
-0.00015313331523407237
0.0004763560384286326
0.00032165942752763137
0.00013718806217355895
0.00012423001061301236
-0.00026098895424639173
0.00021092607814150396
-0.00014032970122374456
0.00013005618371871882
-0.00014778958885278094
-0.00021662651825913988
-0.00014273446988247125
-0.00509064088981072
0.00015628882898162998
-0.00026882467970612583
-0.00019013368545615773
0.0002405193155468087
-0.00019069115039815652
0.0013850528534663509
0.0004376589515000177
0.0005908577221670867
-0.00012463042414248633
0.00027630685785263965
0.00010303368845018668
0.00012631310541834562
-0.0004375275444523299
-0.00033033807902505533
0.00024308336528786346
-0.00020772125447248493
-0.00012479347747262225
0.00019836076216833866
-0.000121615521895348
-0.00017426486253244988
0.004813866719171962
0.00047328001149211186
0.00022784242005830736
-0.00031641816160404097
-0.00020576583057448143
0.0001354241081960532
0.0009658346831104806
-0.00010358309437574145
0.0010761754719323196
-0.00013250858635331818
0.0005733110250812739
-0.00012173184800642294
-0.0004201355484047382
-0.00011806072314938639
-0.00028300915893164814
0.00013271773495346248
-0.00024156152444664806
-0.00011298997579579893
0.00019528875210544442
0.0001871841079704543
-0.00019263459762702912
-0.00012017635913207534
0.001005626237696767
0.003846323503921871
-0.0023537632521419614
0.00019430012711062458
0.00017789798265817672
0.0008452779646941744
-0.00011431612566546772
-0.00020758313094573132
0.00045020203875046087
0.0010567275975385238
-0.0002474099542136577
-0.0003376044203186738
0.0001508341381483026
0.000388905150679852
0.00011740366299455514
-0.00029585425889420297
0.00022941711409745177
0.00010605506308240327
-0.0001833201503337137
0.00017883174228249871
-0.00010530022633459818
-0.00017002948637844984
0.0001587458774526611
-0.00015545733961967444
-0.004398235050940755
-0.00018293488480009264
0.00015195457686910748
-0.00010270331271177021
-0.0007662243685097023
-0.00023678643694898224
-0.0001450062548724962
0.00018255570993197623
-0.0002440339302945839
-0.00020071614889169022
0.0007494941403454543
0.0007932055966794744
-0.00037985220643573707
-0.00021711421134174713
-0.00030264917332247085
-0.0001023747082131464
0.0002781430531903783
0.00021699462733248704
0.00017922401084490057
-0.00016942109814260657
0.00015520376906058176
0.00013449644331483773
-0.004196171234652876
0.00011609498112182585
0.00011086561666499481
-0.0001710688120797735
-0.00010533868125261525
0.00015108811486607676
-0.00012534355785526525
0.00010179309010823574
-0.0007334267060446712
0.00016889795430639516
-0.00015941456494574706
-0.0001481923600901049
-0.00010031453292548114
-0.00043596297732819155
0.0008707248730639545
0.0006968668662286833
-0.00022600909677837982
0.00015070394520189535
-0.00010144268469429026
-0.000245559618934524
0.0001330680470408927
0.00016089573500941264
-0.000139302945928237
0.00016459751957087498
0.00013793269803466076
0.003989174805636883
-0.0004160402565989752
0.00011217218957748191
0.00013093027475329284
0.00010328885647694681
0.0001979188588358876
0.00045748498245330184
-0.0004954966055122184
-0.00024511822525421817
-0.0006170952991532743
0.0006954425722603787
-0.0007432957318429267
-0.00012021521672255443
0.0002035920695271142
0.0002411330954682285
-0.0001940923352127922
0.00016215916681114914
0.00015166722572583475
0.00013879740183773422
0.00048183008362800875
-0.003803704374679095
0.0001525501774361189
-0.00016684035251909025
-0.00019278518505727818
0.0006466172511007026
-0.00013284903418556103
-0.00010810683961427365
-0.0005006977558413649
-0.0004058586372590973
0.0008483730956604229
-0.0003067910638969061
-0.0003198363142454434
0.0001812531790782857
-0.0001267257507010564
-0.0002317200681394009
0.00018606474987901736
-0.0001532384106900992
0.00013057951871884565
0.00012321916857831476
0.00011391691434655069
0.003656080679210581
0.00024822841002477766
-0.00018269547131472054
-0.0006412917877964112
0.00011407126442961336
-0.00014407021153860228
-0.00044430091607517374
-0.0002455261182163318
-0.00021813657659076647
-0.0005644652346003564
0.0007495796313854564
-0.00036318237150846655
-0.00010207273703312574
-0.00021601494252587565
-0.00018010751052078842
0.00013085588481571923
-0.0001449243188711083
-0.0001240767751480238
-0.00010867493880388501
-0.003476367593566245
0.0004276228864187055
-0.00016443591710356314
-0.00011671379033797422
-0.00010690759267274054
-0.00011898914199960414
0.0005946007791266971
-0.00012918156978424365
0.00011649963112230665
-0.000379830452522699
-0.00019709894619449582
0.00011254494773666451
0.00026241311087426867
0.00043194712193067407
0.0008796677829336172
0.0002898458183295454
0.00010926015490422071
-0.00016454710463435266
0.00014176876305359266
0.00010427998321346156
-0.00011969606023585232
0.00010191496876434457
0.00012679590218044325
-0.0001773642509805395
0.00332985334780663
0.0003079881377552352
0.00018188575704875
-0.000556341687709636
-0.00022350268589091006
0.00013130130218024066
0.00013587997331061143
-0.0002872137541283351
-0.00011544157735897733
-0.00018693311360706326
-0.00034017130768732213
-0.00028608099061971714
-0.0008103851172432269
0.00045660058557027764
0.00017514883237079314
-0.00013958030359597864
0.00017143124822939704
-0.00011219583357986006
-0.00011781104089982853
-0.00011213669263650891
-0.0005549833316942848
-0.0031316093685582543
-0.0003026233104865985
0.00019684948927007937
0.0001702144313975496
0.0001886048783250366
0.0005096507253758155
0.0001708336393549893
0.0001376611243645242
0.00013720817936869524
-0.00037370776456522377
0.00012192993588821224
-0.00011651898405555445
0.0005118267585272398
-0.0002908169517462609
0.0005684975080152917
0.00039122157017983496
0.00010154921745155545
0.0002017972129586257
-0.00042314866053838444
-0.00016572800601234193
0.00011129199073311378
-0.00012153938048788157
0.00010112102749724829
0.00010730602352642
-0.00013769185267270925
0.0003116302151298612
-0.0004658404750864101
0.00039088353281126404
0.0007602273571504051
-0.002244490805543261
-0.00172399107883802
0.00027437766066661556
0.00028840477020576725
-0.0001461592621906841
0.00013342235228914863
0.00027650180943973525
-0.00037968069852376257
0.0003067117813430256
0.0001704116560331135
-0.0001873612683448842
0.00012290084950057482
-0.000368532037047641
-0.00022878191126646022
0.0003231332217700227
0.00041645872518806046
-0.0002806479482867777
0.0006222722778559637
0.0004586072423783651
0.00041838446414351914
-0.0001850872660742737
0.00010740076289500442
0.00010987578718284289
0.0005019471121580496
0.00039967203774851493
0.0004853570705918316
-0.0007187539005326611
0.0021865771038025957
-0.000891179807525086
0.0008712808069041738
-0.0004874421634843908
-0.0002747864933922201
-0.0004974350645359665
0.00011667008148865477
0.00023398669780208252
0.0005828585658124183
-0.0001337586404526133
0.0007175744805290592
0.0001464590095182929
-0.0002200975946050287
0.0006199201282358912
0.00044622114121845556
0.0002932314132079161
-0.0001294065938792865
0.0001815742107583266
-0.0002142871408284889
-0.00027166684697916454
0.00034872891554049907
-0.0005046303003811829
-0.00015955544501654084
-0.00010266179083506863
0.0001944207826973284
-0.00013936149169393235
-0.00013799508026204522
-0.00012811525376680197
-0.00011150741391218777
0.00010605743016682037
0.00010254977645949202
-0.00027489732624185994
-0.00016506155063249052
-0.00014243271228105622
0.00040041055120532723
-0.00012247834709352824
-0.0007153994428847732
0.0005650092092953405
0.0004518660473175667
0.0006504366826272206
-0.0012134170171889762
-0.000109080660743233
0.0019768060669026256
-0.00010791775428968158
-0.0005491712016439501
-0.00031601367814524165
0.00014574809643779337
-0.0008364498420210792
0.00014606031272497235
0.0001567706069913484
-0.00013074550054661193
0.00038162856091044197
0.00025807156689180196
-0.0003299870272240874
-0.0002818412999575912
-0.00018369588142620643
0.00016649992029105413
-0.0004998140662463045
-0.00015453774074562172
-0.00015532045661406828
0.00027463105086327096
0.0002566186620373838
-0.0001844820676506524
-0.00024340002869152882
0.0002869529682808532
-0.00020447184046135255
0.00011064323220725091
-0.00013484208779309417
0.00016107986582121676
0.00019386433800391102
-0.0002066684121676706
0.00011707346213995075
-0.0001538864244065912
-0.00027320451243873433
0.00011545473754718895
0.00015968955131567572
0.000500147569734347
0.00010107786377501013
0.00016991522153557144
-0.00016836717782786633
0.00038347139086821613
-0.0007022921490566059
0.0006497474091828356
0.0002447092820720985
0.00031761796562407106
-0.00043511534140828724
-0.0008126928527904558
-0.0005950923461200045
-0.0008630842305690704
-0.0008659925740715759
-0.0008297221349225074
-0.00016848282553969665
0.0011611798382715134
0.00021064314202347194
-0.0003123755141504629
0.0003880880162565178
0.0004019035891425205
0.00033256191723652435
0.0003849206520105659
0.00040024328440586816
0.00021158645136123882
-0.0001546880022456876
0.00015300203654887705
0.00030617874966385475
0.00012751363419381367
0.00030480155091426077
0.00016375988041103984
-0.0002787142432549174
0.0004406022304069665
-0.00010954067499919003
0.00018170724066126262
0.00015457707962831925
0.000304533380349848
0.00018363861248462386
0.00020147117763976092
0.0003739121208296382
-0.0002243893937671224
0.0001590862006539069
0.00015746889879664902
-0.00017283114394298218
-0.00010112014209839797
-0.0001602788830009747
0.00016338858730244367
0.0002673216285654724
0.00017245326556300272
-0.00010216951148596554
-0.0004040650520401377
-0.00033416891313891206
0.00013378039412038025
-0.0003846756189213274
0.00018564670648605055
-0.00014749869640386158
-0.00039757493027427074
-0.00011905060569450023
0.00010476810705068754
0.0003222600949285129
0.0002520210015519265
-0.00030484919858353123
-0.0001822451529348674
0.0006551765197402295
-0.0014123856529495704
-0.0008810604045394651
-0.0009010401102468648
0.0005042127157508927
0.00040749348071312456
0.0004939247864059333
-0.0004603552283013815
-0.00023562708086295988
-0.00010201017438024983
0.0001251823526679082
0.0004789445188424254
0.0002962286181134402
-0.0003055553403731394
-0.0001675792053300753
-0.0005593273141141904
-0.00037191338737340546
0.000389376678004652
-0.00010826734472959997
0.0003524864348476481
-0.00030401270535483963
-0.000394712987430983
-0.00010786594322146258
0.00014218048400057405
0.0001692927913654487
-0.00012728246706368625
0.00010542706188404074
0.0002500684929550828
0.0002978405010615052
0.00016482145383662884
-0.000375789351023221
0.00038892203758840877
0.00035065342361049453
0.00010426172515363291
-0.0001396372079228769
0.00026524545551884297
0.00020669989639164648
0.0002696385048720702
-0.00013252530132230712
-0.00025144428022605566
-0.00022708998748565125
-0.00012522407879828951
-0.0004343744363302767
0.00016219900896709128
0.0001609363856479633
0.00018608739724846517
-0.0005994607639469133
-0.0004842996428982846
-0.00012267827568075094
-0.00020434263276953736
0.000320096640420364
0.0007800362143424499
0.00033903479256929626
-0.0007606263021848034
0.0008240064278080223
0.0007013505672728327
-0.0005943022977041647
-0.0001478053326343778
-0.0008792075936620602
0.0003697464529040095
0.0003468945432440952
0.0004401629747456965
0.0004987939243719391
-0.00014874600740594402
0.00012485758641746613
0.0003166572921548364
0.0003523406147847228
0.0002951626389255731
0.00014853792471568796
-0.00018790405842734968
0.0005263851609070067
0.0002857006697886021
-0.00031217096238777674
0.00023963878469021013
-0.00012366977780731053
-0.00023916784921782652
-0.0004997107441834158
-0.00013281574025669938
0.00018314020037163385
-0.000323250545302683
0.0001028372070672607
0.0001706466076097249
0.00011837816504827833
-0.00015944586277380547
0.00012001016689313497
-0.00022818216312557864
0.0002951355640474242
-0.00019592799685718183
-0.0002295032847760162
-0.00018146787871055017
0.00014315794044421443
0.00018500014000754361
0.00018931503321629754
0.00011825497891769954
-0.00013104145255485823
-0.00023241532150366167
0.00026098708474396175
-0.00020449981732458238
-0.0001867805075962725
-0.0002637875381066438
-0.00010076965488664075
0.0004393563473699656
-0.00023150436298351263
-0.0002692422978015454
-0.0002917924250808643
-0.00013276236087563214
0.00011169001523462043
0.0004691634168614078
0.0003273107738700101
-0.00040890545755914876
0.0003670099876859876
0.0008035488443874126
-0.0011459817926196551
0.0003403115797477411
0.0006035095362853923
0.00018351590485093778
0.000393641465300047
-0.0006503760834611545
0.000176978856839856
-0.0002403939667638649
0.00024344671842462003
-0.00033965947728781644
0.0010234132443025326
-0.00019104306127352836
0.00012775328723500193
0.00020535769318645459
0.00010776968075214638
0.0004538477923334725
0.0001425578704407913
-0.0001625444201512654
0.0002307274913302173
0.00014342737746675158
0.00011639597862977907
0.0001709983193074137
0.00014777132577744305
0.00018617418157257392
-0.0002980103076828548
-0.00020201995480178996
-0.00035268354787405316
-0.0003021417574182511
-0.00014014474132805206
-0.0001563515662931701
0.00016682190804495278
-0.000332356849787966
0.000203345079790919
0.00020304125017966713
0.00023209987045157818
-0.00016713713363681668
-0.0002695162405122469
0.00010043756001892459
-0.0002561900713852683
-0.00020685373615458735
0.00019911778961304393
-0.00025790101453421774
0.00032893750079026804
-0.0001093384212307344
0.00014000626665611166
0.000127935099629801
-0.0004699836975422277
-0.0004842896823820204
-0.00015951406582350995
0.0003084174939020471
-0.0005250651899769998
-0.00020074221345571877
0.00023711129773810265
0.0001274217691347568
-0.0006072928999960654
-0.0006378119675464177
-0.0001027854408643767
-0.00012958419367676977
0.0013633975781911327
-0.0005036916447490617
0.00037791923349784893
0.00025116521187505436
0.00016058677668636558
-0.00010745302664427965
-0.00015008872721587144
-0.00030627011648846425
-0.0007387028001958666
0.0001306288015604921
-0.00026306050538616973
0.00019083371449546082
-0.0005398777207544041
0.00015544814764320697
-0.00010547507281196746
0.00016329611359356232
0.00028705476006621886
-0.00039681079017398857
-0.00010934968882715145
0.00015348721254647638
-0.00021835195620684427
-0.00019032348187326585
0.000447387531261701
-0.00011150411521913012
0.0001312313385595106
-0.0001463958106464249
0.00013093315539628375
0.00020728552365215642
0.00014575193280694235
-0.0001800274886668963
-0.00015767470924728916
-0.00029440540622970365
-0.00014425441367401978
-0.00019711920052444868
0.0003411516489402724
-0.0002615332795828065
0.00021832389375972576
-0.0002635809321063275
-0.00012162916925357079
0.00015191580552748808
0.0010281473803362066
0.0001571971251722874
-0.0003565549745301229
-0.0006023657858817995
-0.00045328936881004615
0.0005869008686645602
0.0006391523919788867
0.0005630495018079289
-0.00027683585957890693
0.0006088956424108252
0.00010553923196457085
0.0006312086876543782
0.00012216872734384336
0.00033914239060284994
-0.00029861554253033464
0.0002176766713681535
-0.0003025559246386885
-0.0001133820958378491
0.0003155665623332183
0.0002479074821179516
-0.000196513121673024
0.00016355466819194776
-0.00012765986804987717
-0.0004869500106331871
-0.0002717806801722917
0.00010437985652802866
-0.00022542684284450074
0.0002687757451229259
0.00019976972738879447
0.00016205446256200385
-0.00018177674863998765
0.00010282997887058641
-0.00018277811951708162
-0.00018645440629895204
0.00025984519544686836
0.00032858737585811875
0.0004107369871988682
0.00018675103830349745
-0.00011180638122070222
0.00021841423017080573
-0.00017919383323996817
-0.0002318599254343771
0.0001573687817916871
0.00016386421143168257
0.0002861551594952768
-0.00016161917338889712
-0.0001266134284029779
0.0001485489724229664
0.00026912032300081937
-0.0003478294723736736
0.00023709871075333562
0.0002468983744448622
0.0001244711079423566
-0.000229841090548551
0.0001336197095417208
0.0001670965983998763
0.0003994430638558656
0.00018223529860639178
0.0010724319266863704
-0.0003282134238969799
0.000564642424661811
0.0006131622336461812
0.00024168055154987145
-0.0010004072327693624
0.0005425065085371846
-0.0001963508109289837
0.00012489449895299235
-0.00045405134432164945
-0.0005583294711354849
0.00012822800321364417
0.00010886529879008948
0.00036368857461251456
-0.00018515596249275577
-0.00019321445157929198
-0.00041402695214433707
-0.0001611043669967453
0.00016564110138701237
-0.00015694211642681974
-0.00019558551999418315
0.0002204773799748244
-0.00022017860428577956
-0.00019896427337367996
0.00015003254372876885
-0.00016193761751854218
0.00013966723150788407
-0.0002480801955667928
0.0002592870298134672
-0.00013403631782875399
-0.00021632294755251136
0.00037912413527877364
0.0001732681339050495
0.00012243406137806624
0.00014843550668279908
0.00021578313950830423
-0.0003716395787708785
-0.00012409036505695216
-0.00015833406852760562
-0.0002675826357181375
0.00013638486886142684
0.0004920388575162199
-0.00011913259733245079
0.00029138826417262953
-0.000145425437146398
0.00010705617653680244
-0.0011921497603884276
0.00011670491290605465
-0.0004742169614681104
-0.0011538732896707754
-0.0004608440859622363
0.0004785549516990946
0.0001139194980551072
0.00018760126408946776
0.00021797220542915845
-0.00011056820749720959
0.00015524531050300494
-0.00037047230805521155
-0.00022108139831196079
0.00024692329999443513
-0.00011855044762405496
0.00024429526120238015
-0.00010246135011195598
-0.00014506476578709043
-0.0002571481041855924
0.00014286931325546733
0.000241395140873286
-0.0005159298917939437
0.000196987215077895
-0.00011037291680920477
0.00017161330458152646
0.00016576953021791451
-0.00012463554669895445
-0.0001297947196544607
0.00017639312487069379
0.0011216199912009173
-0.001363325301553614
0.0002122476578492235
-0.0004640280167068082
0.00010332060049373238
-0.0001743594512670067
-0.00014361098190494617
0.00026484823973907336
-0.0007006934409039679
-0.0002491735228177488
-0.0001094321963910368
-0.0001320915583330895
-0.00012762114923145815
-0.00022373242271991417
0.00016544678001113904
0.000415854070905864
0.00031956043648809955
0.0001771414256969281
0.00011014441377811482
-0.0014558960579823931
-0.00012687735272762823
-0.00011243361459074312
0.00010961092091035678
0.00010296288199903038
0.00013492540463665742
0.00016950641606506506
0.000295450723199964
0.0001870119918324851
0.00012265983363780398
-0.00020239226526828303
0.0004141699521149849
-0.00030475635806011486
-0.0004218442667664881
-0.0002078026384234201
-0.00028361798568986405
-0.00019461379167168933
0.00014797590388526073
-0.00016232579925963897
0.00015811138533588682
-0.00010997636431024523
0.0007220299949529333
0.0002674895432832172
0.00015759652122970932
0.0003053094072652094
-0.0011392997359403107
-0.000498912972830744
-0.0006050570808579658
-0.0001988473915709035
0.00010925462471262089
0.00015352321041170732
0.0001849551214814501
0.00013436362865221273
-0.00011176510870820636
-0.00013005991782501835
0.00011326210969273332
0.00012884047546933412
0.00017297585025554324
0.00012106291443447407
-0.00013823268315780448
-0.00016813209414382344
-0.00011001031614245047
0.00011274039115300688
0.00013893743500769184
-0.00018240542858892592
-0.00012572707619313674
-0.00013591536783487938
0.00018671367269641162
-0.00010059401171408808
-0.00013259014350812067
-0.00013925456126235826
0.00018614214625673977
-0.0001015198765550707
0.00011490616568291957
-0.00012022265577683879
-0.00015013196970657913
0.00020397275449041079
0.00010064514359250363
-0.00011125411946584827
0.0001393470677504535
0.00015405439601272428
0.00019502879875942465
0.0001014433620923589
-0.0001099977336375617
-0.00013529176662723205
0.00016477875234725755
-0.00020627586105716406
0.0001066715116068373
0.00011493467322071994
0.0001430292610426671
-0.00016621467759721304
0.00021592688636257033
0.00010072203588816683
-0.00015016650140889745
-0.0001773420744896099
-0.00022516933595925908
0.00011280985055901016
0.00018091577064010292
0.00016916799459188182
-0.0002385272445048497
0.0001105057127794996
0.00014060769867731308
0.00015376459989747382
-0.00017337382425489106
-0.00010742174103707671
0.000231407143320318
0.00012069267996975383
-0.00013105793487789538
0.00015920182884411529
-0.00019144447500352656
-0.00025086095222746067
0.0001239406396109775
0.00013004158543783957
-0.0001725767441705025
0.00019203529903348793
0.00027155612387842206
-0.00011142713734703068
0.00026074134874669785
0.00016774573831695934
0.00032146013990688927
0.0003406125846932565
0.0003618263777028281
0.0003715786728759351
0.0003829276652417574
-0.0002918723931964952
