0.989575637372638
0.11244172856608109
-0.04642866650503899
0.045072488205612625
0.020336150567117288
0.024771203677567313
0.02731484922486091
0.012256101681061834
0.006730208866685239
-0.013358017281314126
0.019179665133002437
0.008237507677964346
0.0007718558626843987
0.007002151125275946
-0.007694115741964612
-0.014076803306551823
-0.005644275826785323
0.0012310611302678172
-0.0010014519874850724
-0.006590943138301203
0.005120048800548054
-0.01165942071592737
0.004537201519608883
0.0014303153984341782
0.0003707407076622064
0.00047981633621387737
0.00017974533822245293
-0.006656499585206221
-0.01154200612928497
-0.0010292421708976546
0.0015327812255745484
-0.0008407114971589623
0.0002563164598624668
0.0011732931097244124
-0.004885140377958193
0.0006251946046865087
0.004293926845834681
-0.00023115782610437746
-0.009547317701776699
-0.0015100080184456605
0.0006137803640611065
0.0007661350342640243
0.003740253516062744
-0.000844141520398004
0.0004942097062369118
0.0037169545037094216
-0.0009054286378648208
-0.00834299445483828
0.00042309691957493923
0.0006642341972595511
0.0004048112139659833
0.0007057155858515138
-0.0010687647593282932
-0.0002616771009638727
0.002886441723139226
0.0001981657042920162
-0.0004811721039365341
0.003244701685356505
-0.0002666908725160279
-0.00048815487918835876
-0.00032564021276505246
-0.0013969389095960195
0.007149795824410644
0.00017366392813759852
-0.0002008450692210768
0.00022797819669619022
0.0009534719147389001
-0.002282592533048113
-0.000254070597581339
0.00020838813419820582
-0.0028027829611657587
0.0005313591298788875
-0.0002578038951915262
-0.0008246946570802453
-0.00041542353381441313
0.0038435697601399057
0.00495378274672368
0.0008329150051269046
0.0001345087892885927
0.0002202346132844903
-0.00025431734815862134
-0.00019363536979865082
-0.00016667097713115588
0.0018097221878766506
0.002338047220684315
-0.0007507396320781087
0.00018391441189948585
-0.00013148012515692056
0.00018965265253978133
0.0006490787396176986
-0.0001380225636729608
0.0007995048703742631
0.005498475438644967
-0.00018992656399921542
-0.00145802264106844
0.00010671767573233364
0.0004018016941245834
-0.00011326551178259468
-0.002093581795521533
0.00019163398461015925
-0.00013676696396131105
0.0005103701136259976
0.0002453477014695288
0.0006517347560696877
0.00012091330049109059
0.0004885396835637491
-0.004810257723261126
0.00012022733829138754
0.00011603479910730146
-0.00011571196879383139
-0.00018468264874246004
-0.0012284994986388085
-0.0018192003582115177
0.00018321999154249067
-0.0001994359404797798
0.00010302111637366108
-0.0004599091144027254
-0.0005710651717421232
-0.00016269041557841855
-0.00018152662089356014
0.004272738687835218
0.00015790915624694176
-0.00010322541502031242
0.00032504434639683393
-0.000966199227711221
0.0001082887539866796
-0.0008739328170044865
0.0013525554962445414
0.00014544915827487725
-0.0002101001031783264
-0.0003325176600183035
-0.00010760562831838537
-0.00013238674213823475
0.0005077833005081684
0.00014697344272679362
-0.000114134287306764
0.0003891719846046822
0.001037971856375378
0.0036340159253585775
-0.0002804014979886027
0.00014778919730603295
0.0008027388048348828
0.0014242683695255191
-0.00018461136632130554
0.00010198587995906394
-0.00027630828300768864
-0.00017411710520824712
-0.00042816208708156277
-0.00013400574770904418
0.00020622870704052504
-0.0001223518892960336
0.0009393706048311311
0.003122013529239401
0.0009293718223348434
0.00025025404393248286
-0.00011310408562351717
-0.0006743794069009425
-0.0012650360144816617
0.00016057043588568488
-0.00011852817553272166
0.00023412250753612973
-0.00011558653586336644
0.0004071369914560475
0.00015402783322541094
0.0002302760585195835
0.0030450591109438575
-0.0005719192539438278
0.00014619295683340356
0.0011338539785120082
0.00019980927205904368
-0.00010461373549131597
-0.0003626817567954243
-0.00012724630114422552
-0.00020457867442344395
-0.00275015489205846
-0.0004935600293222566
0.00010615167766451064
0.0010189935851790768
-0.00011004290224560013
0.00016248070144371347
0.000328808806449038
0.00010264797006459557
0.00018388722902278125
0.00010412431375675031
0.002487641200359926
-0.00010268196051051229
0.00012638113704423068
-0.0004170545712090505
0.0009167994159555164
0.00010324281816363046
0.00014568979480119118
0.00029727186721579233
0.00016817484338523266
0.0001826651533351072
0.0022602473143821565
-0.00011328081275166226
-0.0003611294145304076
0.0008269073279271808
0.00013022548319456892
0.00012703171908389808
-0.00027141821429975307
0.00013135090507740814
0.0020716957440632833
0.00010164326359876179
0.0003140408768965253
-0.0007628527544181496
-0.00011099655221771477
-0.00024817778232208887
0.000139584189540761
-0.00010712622787066336
0.0018985640128239914
0.00027527248296940396
0.0006981641314950229
-0.00022790573820213533
-0.0001282133958175726
-0.0017475353690786898
0.00025001739026384566
-0.0006409930717797316
-0.0002091843701540316
0.0001174792649114396
0.0016140011458735338
0.00021527590910576215
0.0005897933228822551
0.00019282780183094443
-0.00010945561516980073
0.00018029846343085122
0.001483067328994158
0.0001897815007577451
0.0005467346252726703
0.00015863608942279976
-0.00010048671165074
0.0013858222168066973
0.0001698035143594178
-0.0005062388671270123
-0.00016599511771732994
-0.0012869917015562074
-0.00015231313457094277
-0.0004703594230310157
0.0001543412925158759
-0.0012028528903890888
-0.00013658164186124727
0.0004386328681328443
-0.00014356805087012325
-0.00112461521356248
-0.00012348411203911387
0.0004094357295520389
0.00013569105584880205
0.0010539119912730513
-0.00011178052053567724
0.00038264769184107907
0.00012591107630741783
-0.0009884601044309112
-0.00010159389681577468
0.00035457126588841906
-0.0001180288547464205
-0.0009299573389361282
-0.000338226965351881
-0.00011105775906894258
0.0008757011603136649
0.00031800118989150654
0.00010409302752001751
-0.00010385552767209569
-0.0008267625824351028
0.0002976207207826502
0.00010702055702197546
-0.0007811513690570343
0.00028326459608010685
0.0007396806027098797
-0.0002679284891178465
0.00010859737380335865
-0.0007005024419246288
0.000253870986986128
-0.00011118153640866241
0.0006653188830752819
-0.0002406258515701512
0.0006324038297131342
0.00022866490675481815
0.00011309201546261186
0.0006017392850973679
-0.0002175724805545123
-0.00011504914082249214
0.0005732833456951131
0.0002071165269230768
0.00011853769524923703
-0.0005467276557645117
0.00019748919228654643
0.0005220511790988342
0.00018840150572852724
-0.00011919141000632504
-0.0002644322359063599
0.0004232132307869393
-0.00018007183659644307
0.00012099178108461384
-0.0004773426115438646
0.00017206448024433184
-0.0004572177046154659
-0.00016463318545784992
-0.00012373629550658177
-0.0004381087305432357
-0.00015774688921760317
0.00012516404952950683
0.00042042890850462877
-0.00015117670759067948
-0.00010096561270742559
-0.00040428609102166054
-0.00012610154381042065
-0.00014498890485300906
-0.00010402574093281939
0.00038781094841404645
0.00013911917071388673
-0.0003704975454739194
0.0001344226452158021
-0.00010318282905532911
0.00013136384559207123
0.0003544672856584341
0.00012296301211213535
0.00010596227155620881
-0.00010058059898708147
-0.00021968096020832814
-0.00014479606832381854
-0.000177744125262937
-0.00011333182914592298
-0.0001312146389596817
0.00010671959757513368
0.00010922938086364431
-0.000257640418452977
-0.00011960580483622966
0.00013381946218003364
-0.00023668989916228876
0.00018733369788539238
0.00010125289904444356
-0.00010063156218232026
0.0002994856166662284
0.00013544712356175153
0.00011046129938768066
0.0002911070596281078
-0.000137982165674651
-0.0002796590113489489
0.00011377967199811953
-0.00010230088370310476
0.0001397560280666265
-0.00024531138941794733
-0.00011184234672467389
0.00010520807344527231
-0.0002464787147149285
0.0001423376429163898
0.00011753610170620506
-0.00025087151387630696
-0.00012116807134910875
0.00014429541441139603
-0.0002583751840615022
-0.00011909646054345462
0.00010756043046977062
-0.0002479803605304328
-0.00014638249607332513
0.000120850879647124
0.0001082801919778336
0.00023035115918567043
-0.00014845915458366548
0.00012264030199983134
-0.00011080235329769066
-0.00015137297663219313
-0.0001246601828664086
0.00011199864231585138
-0.0001533309298342143
-0.0001268916364920766
-0.00011442798031612067
0.0001558678218856633
0.00012105723241475914
-0.00015841444456816828
0.00013085492331410865
0.00011740700890441335
0.00016101397485046443
0.00013343633168919007
-0.00011994475790443537
0.00016365695648434353
-0.00013103675895146462
-0.00012282706668210702
-0.00016641170289399148
0.0001381196366746769
0.00012337927162511578
-0.00016939205240787647
-0.00014092014397716832
-0.00012572197032313247
-0.00017212095291152502
0.00014375778063543016
0.00012789050594767072
0.0001753192350719435
-0.00014642903087159071
0.00013025453683060832
0.00017911104542769687
-0.0001498467759446269
0.00013203766776108007
0.00017943397760126586
-0.00015360616677645696
0.0001330039468574505
0.00018418422875582862
-0.00015769073717472257
-0.00013501936275618515
-0.00018734012047680546
-0.0001627492173440469
0.00013641387529472984
0.00019006833236426087
-0.00015545420439869322
-0.00013899339102598271
-0.00019399789647918988
-0.0002081577365294186
0.00021722000188536918
-0.00016011592195814094
-0.00019316485729741078
0.000257664348559343
-0.00020007589392850048
