0.985331544809737
0.12574248355648826
-0.06675562494086457
0.046063257097983853
-0.0393323684325135
-0.025885900979461127
-0.012245962163915486
0.025970490031344298
-0.025388949092780902
-0.014949619719572982
0.003314764681184438
0.019119963529139274
0.00871861773059194
0.019668887095579884
0.0028683110429476182
0.0002527133335858695
-0.0005211352377194196
0.012364320674441542
0.01580865712552195
-0.005970217524551696
0.007271758586773082
-0.007257567740895142
0.005261462632741555
-0.004701445198591902
0.006286727293155553
0.001084136517951545
-0.00767952263301453
0.011894260667617937
0.002647875368747723
0.0004319405640770934
0.0006549776897407251
0.00011129759197503178
-0.003202537866604083
-0.009945322648093525
0.003455294594718955
0.011635214785488691
-0.00046426350969698034
-0.0006542252372635625
0.0005076270731677512
0.003046686449913308
-0.00023690659690947072
-0.00026484032858891055
-0.010005447270066309
-0.009364483373849418
0.0007989176532559985
-0.0004129669614320218
-0.00013366160681440927
0.0009232889322625986
-0.0004742065169368199
0.0010224939441761869
0.002888505236836916
0.0005707599894180926
-0.00015456387202302465
0.0002836877139939607
0.0006516123996450737
-0.008870189383809613
-0.0007085675242026167
-0.0022102330551986974
0.0073600648474993905
-0.0007722369552651811
-0.0023273762420893893
0.0014152549208435185
0.0002840557080008369
-0.0006958982584193159
-0.0009248854891809498
-0.007852351299269738
-0.0062824922954337085
-0.00028088430785962935
-0.0006857641318013407
0.0005200165540374908
-0.0007163443305511696
-0.0023088241108665726
-0.0003024597175847961
-0.0006520516407186775
-0.00018933721946386376
0.0001163142084067519
-0.0001432075462517233
-0.0005914717525791478
-0.0004658576634574618
0.006883707788863415
-0.0011283917253071191
0.0007478563578198706
0.00016646480529519228
0.0051659735201622925
-0.0003423159604686895
-0.00027286802157304376
0.0007292730310160995
0.0020427193533430967
0.00020669742915861293
0.0001657959592478135
0.0006146457847519141
-0.00019577547701614412
-0.00014925280625731753
-0.00015633480655040242
-0.0005433005281856671
-0.0060728003836745086
0.00018394594545259358
-0.0008030124488946029
-0.0012586692126845633
0.004286273614198893
0.00026849404757776034
0.00015344962160284667
-0.0003375089765216494
-0.00022656658939266888
0.0019212483451564511
0.00014410739534025493
0.0005384185478570605
-0.00018256304432207212
-0.0005243833919024508
0.00011349599040660484
0.00020926299152499597
-0.0055915240086195925
0.00028927631584765054
0.0035692378250165506
0.0003745116371392311
0.0001965617577910733
-0.0004870852340711734
0.0016322291507579665
0.00011126267172066574
-0.00042252139338291
-0.00024361170192313924
0.00020049111488331043
-0.00010657013697674432
-0.0002951707971682587
-0.00040473165715804567
0.00012211455922652128
-0.005015867828099304
0.00015094264089438164
0.00047254009390171564
0.002994423949980102
-0.00020015884160287707
-0.00010120583950000417
0.00023874354206044788
0.00015909316778623753
0.00037918140743753274
-0.0014375096243393142
0.00045387335000105964
-0.0001347742529814199
-0.0004368173452466024
0.0001509450187032374
-0.00023305632169898832
-0.004506781990591197
0.0003949316519591328
-0.0021630081298388607
-0.0013642418529191595
-0.00025871177073450867
0.0013271379124826462
-0.00016063343630511365
-0.00038241416199111125
0.00012935301969449218
-0.00010248157490031473
0.00039869025489889127
-0.00014372777179592894
0.00019489868598228152
0.0001490671563647483
-0.004085205567252304
0.00011682018679738009
0.0001193972966047935
0.0021915294004888823
0.00017417662963348297
-0.00012366836151037747
0.0011775627005615554
0.00030032150532054787
0.00018391554266643408
-0.00037027188235345455
-0.000135797953761487
-0.00018634229547152419
-0.00025193117636345384
0.003689227238795103
-0.00040975383980334856
0.0018695678348611708
0.00015039284555093434
-0.00011520871003530503
-0.00013486982874186777
-0.001061117388698447
0.0002974257248559723
0.00033602339194080643
0.00013519937756112366
0.00017571270930789284
0.00013369954958156625
-0.0012487852292182996
-0.0031496373755060744
0.001616030088359561
0.00014037825949615734
-0.0002969199865302521
0.0009091655260533567
-0.000260435188214584
-0.000312294988505758
0.00011187444221272876
0.0001663429040217105
-0.0030996991021969593
0.0013317010393118585
-0.00046330561331811446
0.0001247815048945177
-0.0008595312537419945
0.00024099152774549983
0.00027838640848400616
0.0001070833097646923
-0.00015434551943331492
0.002842716627313079
-0.0012293333972461364
-0.00010947411736379813
0.0001123688009273301
-0.0007760370319404029
-0.00020942837649275592
0.0002568676984022329
-0.0001364727830802075
-0.0026063666007127523
-0.0001973949464732504
-0.0010765054116258282
-0.0001268004356210252
0.0007075782997788331
-0.00018619550499216058
0.00023559579777925437
-0.00013004028599531187
0.002405782916595337
0.00011005500827610947
0.00010867111568305187
-0.0001558540505700398
0.00010971365779483035
-0.0009466356101227324
0.0006477143144223201
-0.00016637113607751098
0.00021469726912715003
-0.00012020426604791111
0.00012994336723136862
0.002230064992787388
-0.0008437099224427001
-0.00046377676155289594
-0.0003671810893544842
0.00014906572531723453
0.0001421450201267285
0.0001435460416461992
0.0001065625469428685
0.00013389589212600505
-0.0020681658454921002
0.00010621536523256892
0.0007457518532583309
-0.000498126042482698
-0.00021490311493701473
-0.0001356631250102664
0.00018733198469157792
-0.00010374240883604801
0.0019269159447865133
-0.0006697889079050025
0.0005008967314863314
0.00012176736898766676
0.00017225461156489117
0.001795672387243024
-0.0006028132524017445
-0.0004643331561068227
-0.00010978553994650643
0.0001605431664965766
0.0016776914376131
0.000542806474834622
-0.0004293689253545287
0.00015023277019885113
0.0015571305519673274
-0.00019174748155314497
-0.0004899315827005062
0.0003997640062242925
0.00013963047274686405
-0.0014734538201447635
-0.00044442565003402306
0.000372497896321128
-0.00013141622800726184
0.0013853756260163704
-0.00040369886315219726
0.00034712366501299076
-0.00012261205442231743
-0.0013027848529074853
0.0003677462642790798
-0.0003248640092829537
0.00011469048813579782
0.0012281424987264067
-0.0003359527142197791
-0.00030604756083484145
-0.0001057071463886225
0.001159210111257166
-0.00014935235378963894
0.00026882951600309046
-0.000287730365334065
-0.00010153975481292537
-0.0010956975804185974
-0.0002814031069591778
0.00027036284603815464
-0.00010508918793563184
-0.001038265862857723
0.0002603726689995988
-0.00025515681348015404
0.000984954739823393
-0.00024006316163590363
0.00024121111213387257
-0.000107674570568882
-0.0009346219091706617
0.00022137432035445237
0.00022496059502590871
-0.0001146363824874871
0.0008893566549404827
0.00020536498706333507
-0.00021614235363698914
-0.000846912591542922
0.00019037681460720138
0.00019870996226632574
0.00011759357630662285
-0.0008065876388821146
-0.00017641140673141758
0.0001949615564590835
-0.00012216972174824894
0.00076898396879998
-0.0001641943463176844
-0.00018525379557016083
0.0001274435894287767
-0.0007341826518899084
0.00015385196631944383
0.00017667861925051102
0.00010248930710187742
-0.00010195080112453936
0.0007030921254018802
-0.0001436403228107185
0.00016837977535445682
0.0001301392788928314
-0.0006728532229373453
-0.00013453746848611283
0.00010546085844990533
0.000104431202444002
0.00016075394922325468
0.00012949400095003404
0.0006442911500754694
-0.0001261194672943963
0.00015375013565237036
-0.0001084938166676299
0.00010782681469515729
0.0006176673107500374
-0.00011866734721300853
-0.00014634259006866137
0.00014029181236057588
-0.00011048220093910988
-0.0005925772298337147
0.00011185083323933606
0.00014023944891526402
0.00014606864501537256
0.0005679687503565456
0.00010604718801609423
-0.00013420983923763375
0.00011331844047564031
0.00011288106864864293
0.00014929657070553498
-0.0005469753309512959
-0.00010071452096052297
0.0001279608714826577
-0.0001152169353917972
-0.00011585711507653004
0.0005249949966589228
0.00012202124359749229
-0.00011207582053129037
-0.0001006019755425875
-0.0004916158157067692
-0.0001028697879860443
0.00012099952852671512
0.00011459571156704083
0.0001173061537384659
0.00013746801312388058
-0.00047607298702690874
-0.00011322884160154095
0.00012163358307121873
0.00011952058575792157
-0.00021061362815853204
0.00040839359816897383
0.0001558398532265993
-0.0001293645993658339
-0.00012484761402164503
-0.00019816402481520663
0.00020312627703959965
0.00013864033512544396
-0.00010059070528200151
-0.0001684202507134419
0.00012236930653928698
0.0001289561284751804
-0.00016310463313589342
-0.00040028837489270347
-0.00012690697903715385
-0.00012292032067371197
0.0003228961612299481
0.00018610881950490154
-0.00015931704850541352
0.00010329538987705575
-0.00012826408967773874
0.00012797712823188636
0.000217394316097322
0.00028865207382292713
0.00014586834359632867
-0.00016579022105191535
0.00016115332632423373
-0.00020229499672490037
0.00023095841061078023
0.0001322878653319749
-0.00013442125728971118
0.00016788494508617862
-0.0002589840351852518
0.00023487975067229222
-0.00013614628675643126
0.00013205258257206103
-0.00012484376702401033
0.00025362436792607734
-0.0001509813192323779
-0.00013547078909586084
-0.0001738836457143442
-0.00013824082059577062
-0.00013616705544098657
0.0003397994147056849
0.00011600030518215268
-0.00018035334976948363
-0.0003449935306620941
0.0001401134354353474
-0.00013813080334236372
-0.00028870817462813616
0.0001777009793340916
0.00013615008872782728
0.0001427696273763505
-0.00014098638862227735
0.00032917118101334365
0.00017494440621818605
0.00014577325900696895
0.0001431973764965263
0.0001802013690030718
0.00014849858635483846
0.00014601460152094503
-0.0001924173207811469
0.00015189807040935508
-0.00014906051578146933
0.00019300811865275978
-0.00014678074330768545
0.0001516621586268999
0.0001871260353868238
-0.00015758878620835348
-0.00015450105580911544
-0.00020362433254929766
-0.00015958261937257823
-0.00015790287373769978
-0.00020511645291281894
0.0001661866640147336
-0.00016097533794305448
0.00021455780059982346
0.00010052050695028329
-0.00016743580064765027
-0.0001640282082792438
0.00021739260597516594
0.00010262104671438687
-0.00017141117898675551
-0.0001676761135948994
-0.00022181679230185442
-0.00010460924146406074
0.00017520868179440478
0.00017134228227129412
-0.0002267401882141948
-0.0001069544363375777
-0.0001789073480026308
0.0001746577315116068
0.00022489092261850102
-0.00010921962377487652
0.0001824749109902872
-0.00017883862736639433
0.0002398021667752718
0.00011169117931732463
0.00018791855295868028
-0.00018346411884824417
-0.0002464876310309149
0.00011441378472971757
-0.00019281917584228656
0.00018777462732138408
0.00025337719954698684
-0.00011747946507584926
0.00019842301906655452
0.0001926090376086842
-0.00025992141834369056
0.00012047618436248448
0.00020534975324191815
-0.00014503397242491292
0.00013534667107951005
-0.00026806636368610935
-0.0001239387883123707
-0.0002135168100103492
-0.00020795751122266537
0.00030728675370840654
-0.00016582872669903322
0.0002833872451841095
0.00010609249222007577
0.0003500722689282113
-0.0002779165656215342
