-0.9848931344182638
0.12362553984680377
0.07467099563131169
-0.044409289607864964
0.04075361670837862
-0.02888298038534246
-0.009951820184827199
-0.025426161372047916
0.0272892572502985
-0.01592008214826571
0.0026135330387467666
0.01815487012795052
-0.008756135782353703
0.021384011498377254
0.0015033034479644148
-0.00013407044122720223
-0.00018881723422381426
0.011883338866099335
-0.01710053826604628
0.004697830897585724
-0.006809312599807814
-0.007386963240866095
0.006315377935613083
-0.006706246162712829
0.006115477578450892
-0.0013956494266425881
-0.009401416292855866
0.009238343094394263
0.002702944084267735
0.00023587971679016163
0.0008938147780130185
0.00019691756080979312
-0.005909167646592862
-0.010166888664620614
0.00340950660223147
0.010815760555780192
0.00045963658417480665
-0.000690507498270314
-0.0003522595538755543
0.00303419740316984
0.00022324757451709195
0.0002903684182877427
0.0001116765456077343
-0.011090114236209215
-0.008638803118628583
0.0004442187434226747
-0.0004417622300763128
-0.000889041630029304
-0.00046559879089471903
-0.001026903459466937
0.0028169819819839287
-0.0006545939806326965
0.0003352291123365112
-0.001356953252858251
0.009700198437945126
0.0007152081202053787
0.003306697220452725
-0.006202454200167448
-0.0007814878081576966
0.0026117978110979856
0.00026501462758831367
0.00010316127533315227
0.0007688831075646483
0.0029140350342658867
0.008148530193799006
-0.00014910135216975322
-0.005705772913452456
-0.0002792054798056569
0.00011166383679030943
-0.0007092647593855921
-0.0005068108277124495
-0.0006778107312721941
0.0021825999349387604
0.0002961587152234574
-0.0007124730462066507
-0.00022112070655846194
0.00011149626469005467
0.0005958679250851459
0.0003919221829169659
-0.00757851875098856
0.0006361266794215801
0.0007101873115525778
-0.00033612737004750173
0.00466054120057278
0.0003509951401907376
0.0002668742560511461
0.002032385529146585
0.00015558340766774265
0.0001525351937451449
0.000175469197615191
-0.0006620108903698055
-0.00013802000629125653
-0.00016076142003267833
0.00015389559237937133
0.0005456845044793732
0.006606152927977185
0.0006246197696588621
-0.00021042928207563307
0.0013672300497707796
0.0038480985343499106
-0.0002582567798434205
0.0001045195950177044
-0.000326136675264633
-0.00016685551951942383
-0.0017890578060623964
0.00015538062635114502
-0.0005701947701990833
0.00017952839224964344
0.0005121102905388666
0.0001828371141361415
-0.006031614596198127
0.00024379150274107415
-0.003188722931193257
0.0003491481487112361
-0.00019856922052457758
-0.0004627219279461826
0.00150619088264852
0.00011835416244695815
-0.00017013017024844514
-0.0004737077154777875
-0.00019470071402799162
-0.00012577727626837936
0.00032421803188526356
-0.0003442086104488635
0.00010068771613300654
0.00012039364480558677
-0.005387006937965324
0.00012156944164517101
0.0008714881714260394
-0.0025524325421237694
-0.00011230858468854908
-0.00014993273653801358
-0.00011845388779437916
-0.0002394765758849746
0.0001667766159986144
0.00021951892552420866
0.00134463721876566
0.0004692609818768444
0.00010203106285034845
-0.00014024683073704633
0.0004177495398542411
-0.00016202218639080782
0.00027748131690640595
-0.0048261555458368145
0.0003232213804417282
-0.00222940152121625
0.00039403744336120096
0.0002597043632567681
0.001211482988587961
-0.00015112024938682725
-0.0003896096801518376
0.00013598789480649324
-0.000317126913936566
0.00021246154627354332
0.00015380908964755913
0.0001891430937082972
0.00013023388692572026
-0.004357111864590484
-0.00010200530910337599
0.0019386129068118688
-0.00010703837982744719
-0.0001310673416388984
-0.00011996553806278588
0.0010715774941362994
0.000330671603030322
0.0001339693398005194
-0.00034915105091697346
-0.00014349280595079203
-0.00017532430872844833
0.00019913151189112063
-0.003925678345869722
0.0004116264725392252
-0.0016454224062290009
-0.00014134046997921204
0.00011121139671806616
0.00012598868890960463
-0.0009620026783728302
0.00029804950695037853
-0.00031395114687589743
0.0001326146555697094
-0.0001667799017177639
-0.00011459998593203745
-0.00246965177660142
0.0026065222715564505
0.0014183080806941916
-0.00012869693204251682
-0.000251722378932501
-0.00012461293375670506
-0.0008210323356107343
0.0002600430240385954
0.00029113629139133104
-0.00011663231664108899
0.0001561962842834873
0.00327529705676748
-0.0011984631804054496
0.0002968486728587335
-0.00011987476942724066
-0.0007755194536610163
-0.00023796829179847478
-0.0002584720260565066
-0.00011092332288747195
0.00014468893226080346
0.0029968920337586757
-0.001073595284899499
-0.00010628299489884305
0.0001379525198095453
0.0006857409736536529
-0.00020618210401304773
-0.00023838817514387962
0.00012754822917312444
-0.0027387166575987523
0.00019777906969150694
0.00015501332867944668
0.0009393063726438982
0.00011771237847549602
0.000635783679932375
0.00018218848834278763
0.00021704243420067997
-0.00012180739258476578
-0.0025297692334588302
0.0001508694059236794
-0.00011747274337772457
0.0008206219180473854
-0.0005816918272583951
-0.00016202047216854544
-0.00020200824617155308
-0.00011140536969700206
-0.00011105223611323169
0.002338842555731318
0.0007327701662961357
-0.00010465864871386123
-0.00016223948393122298
-0.0004998922872151994
-0.00014483526287432366
-0.00016195330372754756
0.00010545968672207541
-0.00216652474704089
-0.00012508724603114112
0.0006415751951568607
0.0004867536159472028
-0.00013098321120790727
-0.0001715272842535123
-0.0020141400979953854
0.0005812984292294943
-0.0004489137217251273
0.00011729112962562812
0.00015760948647861484
0.0018744129391216652
-0.0005215453816232942
-0.0004158910099309386
0.00010549503295836063
-0.00014649568251861258
0.0017492234874541316
-0.00046903988801377073
-0.0003842677606156559
-0.00013709065775690607
0.001624010042460674
-0.00018312355767098167
-0.0004230099472610595
0.0003589783536017087
0.00012728671339019143
0.0015329755231344197
0.0003833429024675467
-0.00033358405970763044
0.00011938071862766722
-0.001440056658343132
0.00034796854293276416
0.00031074172636035
0.00011157502605931846
0.0013531058189286598
0.0003167150934801129
-0.00029019732134333406
0.00010415874138853778
-0.0012745838606017022
-0.00028918208476217956
0.00027368760368934
-0.0012023704187771602
0.0002525403334341113
0.00025728225203002105
-0.00010305155339901452
0.0011357978361471314
0.00024208746709144833
0.00024180510551920928
-0.00011207309708956854
-0.001075491417808391
-0.0002236809830781951
-0.0002280984518058282
-0.0010196300180741321
0.0002061628821387156
0.0002156646594389269
0.00011564029148269795
-0.0009661655983515633
-0.00018994105031132442
-0.00020173972896728165
0.00012173181588267302
0.0009197123738031586
-0.00017619775177890107
0.00019326096114875442
-0.0008753528600617507
-0.00016327807618901844
0.00017772159978228928
0.00012703377888269375
0.0008334134474343216
-0.00015168111977697835
0.00017434258239535933
-0.0001289352218653855
0.0007947081194958443
-0.00014077123311069745
-0.00016568400993935412
0.00013401623569776896
-0.0007582243586535254
0.00013180439018953597
-0.00015801909023435367
-0.00010032312161862955
0.00010196108874635987
-0.0007255227489558121
0.00012300902801570072
0.00015062200433947753
-0.0001372234815220685
0.0006940963958706432
-0.00011513658514357048
0.00010319243426926352
-0.00010418807478166231
0.00014359769416777892
0.0001394775026777625
-0.0006518706390439129
0.00012951995996582415
-0.00010791554578652603
0.0001375878675479174
-0.00010405998365512972
-0.00010692860760400701
-0.0006368062257839158
-0.00010148549805751629
-0.0001171183805936741
-0.0001115802796854462
-0.00010723284662592313
-0.00010920062560601741
-0.0006104537205927587
-0.00012559812215666487
-0.00014612696249168377
-0.00058521761896184
0.00012027603931666987
0.00010635835365585752
-0.00011157027348035703
0.00014949464464254346
-0.0005621474420971208
0.00011498819839742642
0.00010969253744919778
0.00011389549713648251
-0.0005408935669569307
0.0001099125673457205
0.000151047506276622
-0.0005046598442745634
-0.0001233695682761931
-0.00014247531918521676
0.00011568444571635198
0.0001506473047601493
0.0004961098930844895
0.00011879384031080275
-0.00011717211829499988
-0.00017866177685620747
-0.00010176651494195958
0.0004286631219451968
-0.00016087713600456224
0.00012530463019930988
0.00012211127538752932
0.0001996401529356257
-0.0002136597078380331
0.00014053079572508054
-0.00010787890910602574
0.00012121565939739301
-0.00018648878967840948
-0.0001140967691021454
0.00011032877482242474
-0.000162367229983916
-0.00042247722572883573
0.00012027501335608227
0.0001233128781743051
0.00038642688301974656
-0.00016166402821901954
-0.00010110820298575457
-0.0001115040989775812
0.00012462173454632288
-0.00036741252390753835
-0.00011804129952012629
0.0001370719745880884
-0.0001674153839260657
-0.0001958142246233113
0.0002433150401445003
0.00016053927323193915
-0.00013770848827189346
-0.0001246501464462114
-0.0001259909266850579
0.00017024205891282444
-0.00020564816488899737
0.0001925661736756717
0.0002395024411309816
0.0001324403787759344
0.00012791882226524703
0.00015466627107089102
-0.00010322264632961943
-0.00027758856425462225
-0.00014215822738906795
-0.00010813804937360831
-0.00017118453410620269
-0.0001308723224288311
-0.00013274680292542671
0.00035734560651115105
-0.0001774887339650354
-0.0003553576852232896
0.0001324763947044045
0.00013402147892698873
0.0003017757284319573
0.00018774536844345883
0.0001189903666557531
-0.00013301428448237316
0.00013652505141588858
0.00033069693684966843
-0.00018336774370016396
-0.00013741365825073224
-0.0001386645774919452
0.00018646142866191132
-0.00013898140391809238
-0.00014120764007753746
0.0001901103972226339
0.0001428382770331156
0.00014406041124539586
-0.00019331951448203427
-0.00015182085750857965
-0.00014592526369440486
-0.0001927820545896928
-0.00014746146601497592
-0.00014908624248941696
-0.0002010886205974286
-0.00015119416069465965
0.00015222466207342566
0.00020458954168803167
0.0001599577723737781
-0.00015293214043312454
0.00020937579960298659
-0.0001564844098767034
0.00015788309781169724
0.00021337830028463444
0.0001603047318697275
0.00016128236140105026
0.00021742852553000084
0.00010031427512845554
-0.0001638969424082962
-0.00016469583099868696
-0.00022222576447460086
-0.0001025278345566689
-0.00016812599661309783
-0.00016786619901799912
0.00022679202572445058
-0.00010423298919629419
0.0001697911855806975
0.0001716987105893464
-0.00023242997957269965
0.00010656263081221014
-0.00017462940650539568
0.00017591407382429758
-0.00023774849340156475
0.00010943358057140697
-0.00018006044391628276
0.00017998828711981855
-0.0002438576960902177
-0.00011242642280962802
-0.00018629935461995367
-0.00018457040710184933
-0.0002498229862017989
0.00011550290236417349
-0.00019578805047622703
-0.0001899847243729746
-0.00025665807643428863
-0.00011919274921877516
-0.00020449842506459036
-0.0001999727252002331
-0.00029480498226859027
-0.0001725188461348432
0.0002608522473619233
0.00010170244728716825
0.0003327048839389389
0.0002633789304655949
