-0.9841049495538887
0.11773353153458217
0.08953390788367985
-0.04107473633538053
-0.04251122566771879
-0.03498918887245513
-0.012037654934031451
-0.021280119475634792
-0.03023784934865101
-0.01822836850068112
-0.0015359614358652492
-0.01616321365123659
0.00823947660811956
-0.024256774095385503
0.0014903409423740225
-0.000201595180808379
-0.00035122528078894113
0.010699142675947897
0.019249343536482746
0.00203389751940746
0.005843330829093798
-0.007580951836536786
-0.00748065951613088
0.009774417741475652
-0.0058671590622013945
0.0018819898640182054
-0.009254227822478216
0.0061486318792720275
-0.002587860144459206
0.0009845930487182837
0.0004266307895664323
-0.008527515505529213
-0.011068287328684973
0.0031421064097802666
0.009165043012082723
-0.00041888883873986317
-0.0006794313480073705
-0.0001272913417648336
0.0027421194292145154
0.00013732340300270872
0.0003616180092848699
-0.0002782152796930073
0.012867285822712042
-0.007207526231408548
-0.00022847804299973014
-0.00044359987243585086
-0.0007760553233108698
0.00045805233528911665
-0.0009846232386281518
-0.002456720426508886
-0.0007762371526078246
-0.0003851581399902985
0.00856124801493932
0.007299362088203788
0.0007146128688627887
-0.004677871335503025
0.003434129615499764
0.0007829908579595721
0.0022189247384175183
-0.0002449079085382605
-0.0003865744078816583
-0.0007661260371262809
-0.009777141477725907
-0.001161328526818402
-0.000208642128489098
0.0046588012638094966
-0.00035055659358681004
-0.00012901316674851883
0.0006917575759525265
-0.00046167821670022713
-0.0010341683976514827
0.0015901131651860384
-0.0002626369178097424
0.0007638523037171749
-0.00025483199821946175
0.0005512166048961932
-0.0002983749289112639
-0.0085920911104014
-0.0002942805159306257
-0.0006231912850921073
-0.0007927017879875209
-0.0037135590872298886
0.00035560079942750626
0.00024108170282675034
-0.0016703583964659684
0.00010967762219297608
0.00018658693420210638
0.0006945895345009985
-0.0001673698464300103
0.00013213504647621483
-0.0004927742685049509
0.007442085715962745
-0.00044306600772485064
0.0014381406529844108
0.0001534288126885172
0.0030891198022933845
-0.00024204391295418767
0.0002804437677294895
0.0014508584277970896
0.00015571579379247433
-0.0001719421911093515
-0.0005815537302923988
0.00016185552203239504
0.0004453850202366099
-0.00011910596937837818
-0.00671411150727701
0.00015391070203262297
0.002543377087111449
0.00028868094901990995
0.0001927650975157166
0.0003952230769726452
-0.0004347484886301499
-0.0011282229268452302
-0.00011979020613356889
-0.0002014678271165509
0.0004571851360270845
0.0001649625330918473
-0.00016917808212728845
-0.00039572790645659166
-0.00012633243084832346
-0.0001065718023490289
-0.005959834646858191
-0.00010226304362733427
-0.0016901387378201998
-0.00130934782319628
-0.00016141992564217778
-0.00024507237129293486
0.00018585427683073184
-0.00107692170732962
-0.0001032151867873314
0.00044324808388787834
0.0001029324836718799
-0.00014281208510586317
-0.00035301239065917205
0.00016566707411761608
-0.00030032290137683765
-0.005313022544438962
-0.0001688138538073293
-0.00021491442456501265
0.0017773680013113654
-0.00013911184271954394
-0.00024707657550459303
-0.0009560847130617584
0.0001273209518478839
-0.0003759344930205683
0.00013487829139802914
0.00011614575111209043
0.0002952161561862575
-0.00016047416039941263
0.00016131325337368654
-0.004773664111143821
-0.0015271730883982578
0.00013274215674684506
0.00010383486611286284
0.0008423729150909272
-0.0003202875176960695
-0.00012187179903228444
-0.00028806390535336484
0.00014657031158101143
-0.00015154670074416407
-0.00015198158250377566
-0.004288514420788953
-0.00038973804676531535
-0.001285709564620753
-0.00012763286483399622
-0.00010270015116060278
0.0007525771369953244
0.00028158459130339224
0.00025590209775591005
0.00013378991078534308
0.00013867182221216542
0.0008586529702196894
0.0036347150746093245
0.0011281073027239583
0.0011044451413383235
-0.00010715513224259293
-0.00019094885760124626
0.0006526097982422589
0.0002442977737772864
-0.00023648903292227506
-0.00011718915702618461
0.00012831376298996035
-0.0035458959818280835
0.0009426158711891116
0.00017383753786881628
0.00010709469779262773
0.0006033863521864922
-0.000219701364159584
-0.00020934388546031698
0.0001087461064361195
0.00011825265540677827
0.003235080661519328
-0.0008306661493545196
0.0005424937195052063
0.000190180640194433
-0.000192220746454851
-0.00010382047225959167
-0.002958609432794236
0.00012982664262624184
0.000725974484767774
-0.00010216941377106627
0.0004910155004483592
0.00016691687530660384
0.00017373968371127993
-0.0027197586463352987
0.00013378916883962725
-0.0006318848951301964
0.00045016200076005255
0.00014761001478838618
-0.00016259119706710012
0.0025096046971431803
0.0005631981306152649
-0.00011475386402898064
-0.00039813930650106085
-0.00013155035954784468
0.00014395382597421694
-0.0023188494435858404
-0.00013067873944916443
0.00048443895288472453
0.00037622390372100625
0.00011802451151263136
0.00013509072274263287
-0.0021509340063468516
-0.00044560300495703433
-0.0003467437483647855
-0.00010544410286915806
-0.00012507421662756777
-0.001998601218314158
0.0003989868995161488
0.0003209614588678997
0.0001158278551052657
-0.0018623838868135011
0.0003582837900408583
-0.0002966091532615818
-0.00010835317101292779
-0.0017305024603982704
0.00016266082309479503
-0.0003228334736466589
0.0002773322443938215
-0.00010046810521590962
-0.0016278708435476593
0.000292181502794374
0.00025723902167748986
0.00014552535232757838
-0.0015202691708706899
-0.00026505858706437697
-0.0002397458508145253
-0.001433940063217441
-0.00024098979862520603
-0.00022347770718195015
0.0013494953200099231
-0.0002198746653185533
-0.0001032700620128036
0.00021099243219233754
-0.0012721425910004994
0.00019886691040859106
0.0001982594794703287
0.00010424337747780467
0.0012009373887190986
-0.00018401211986829636
0.00018627628667470977
-0.001136197779056742
-0.00016968948067743727
0.00017576564087296367
-0.0010763339198045412
-0.00015632691179370717
0.0001661920812989865
0.00011486801693963806
0.0010212780574861645
0.00014396168673438338
-0.00015605401980521428
-0.00011936309089114502
0.0009696907636740266
-0.00013348872502228306
-0.00014895099997963527
-0.000922354441942838
0.00012365000742090872
0.00013772360003594806
0.00012283888655914048
-0.0008778676218553071
0.00011486399063289296
-0.000134390813963897
0.00012476888970673698
0.0008368237627716538
-0.00010659574731180888
-0.00012773921539292174
-0.0001286140360108666
-0.0007982343007365824
0.00012183346932314283
-0.000762635953309579
-0.00011615548408038391
-0.00013095118208978883
0.000729831895608862
0.00011090537651320395
0.00013293962152314488
-0.0006984380991489343
0.00010615397691345352
0.00010019389342485778
0.0006691262948256588
-0.00013569445630283813
-0.0001016529643512557
-0.00010195470131063589
0.0006162168299199153
-0.00017913892545896707
0.00013822519532802026
-0.0006148141649427915
0.00010277620985665887
0.00013971804690136562
0.0005910182548107088
0.00010565659671301942
0.0005656927896930334
0.00014281054056701584
-0.0004857664823763635
-0.0002502666570383895
-0.00010814099907603793
0.00014447395728065402
-0.000524856691760563
-0.0001628470990937388
-0.00011380721788336671
-0.0004385868099953267
0.00015441626387244182
-0.00014792841355482146
-0.00011918198205160767
0.00017423870662791743
0.00022810593472715593
-0.00016451986079943413
0.00016487620277132647
-0.00013635003901121373
-0.00011231501537343073
0.00019498140027387497
0.00015010501261279225
-0.00045546130069724114
-0.00010190870026445709
-0.0001130512819839846
-0.00011546515281730607
-0.0004218324143966025
-0.00015074790195081524
-0.00011540450523748032
0.00011373667876845871
-0.00041550570599222745
0.00010919641750904329
-0.00015468668343923903
0.00039596171691983015
-0.0001075459591804347
-0.00011573507663682989
0.00015778281332355908
0.00031760547524322373
0.00022867923315426044
0.0001168783152141931
0.00010234870177991707
0.00017222848471871028
-0.00013472894871193497
-0.00030522329642482634
-0.00011192128321890817
-0.0001607132176364521
-0.00012111646833745458
0.000381468659962401
-0.0001630252801458497
0.00037175070579882337
0.000102854041501866
0.00012233361157326447
0.0003277282824262546
0.00010740276175011185
0.0001647335907934302
0.00012161513128133404
-0.00012412497751500954
-0.0003483283681961312
0.00016824410004088512
0.00010385356680453828
-0.0001262870942073754
-0.0001713262660385837
-0.0001170387486128767
-0.00012824842087307938
-0.00017395159350196753
0.00010906348429821271
0.00013085970759432836
-0.00017687873498051725
0.00014006740345994217
-0.00012322689262189157
-0.0001795403715565137
0.00012157335900863083
-0.00013503885345126789
0.0001833835333377251
-0.00011610201384449481
-0.00013786128262293986
0.00018659100495063607
-0.00013976680184258074
-0.00013526799772152183
0.00019031449535421126
0.00012786806986583214
-0.00014262659159369845
-0.00019395314789031766
0.00012870304042656168
-0.00014561843578608037
-0.0001974974035954524
0.00013139830170348323
0.00014860953248466851
0.00020168395961469695
0.00012609668504353228
0.00010354828892127272
-0.0001514684945205693
0.000206248943765664
0.0001443148616153638
-0.0001547732923943532
0.0002102911653957556
0.00016112863831186335
0.00015826662274507987
-0.0002151211567090066
0.00016466592128256644
0.00016215838555661558
-0.00022068262290244505
0.0001000785751621618
0.00017211150093523694
-0.00016669543641892063
0.00022640378101742523
-0.00010457518965224507
-0.00016508453072120824
0.0001725157731429409
0.00023301185877776197
0.00010916971114246342
-0.0001858321296353498
-0.00018303862417317428
0.0002629370180505095
-0.000173172829615646
0.0002233967313628901
0.00029905907924152286
0.00023587520372677422
