0.9680284062257812
-0.1886963059621133
0.0774855402140955
0.08461106467195488
-0.03976183822360053
-0.03559159441190598
0.03444994505893418
-0.04155467466695265
0.024974826621122104
-0.023774992876535388
-0.000367573938600702
-0.03810793478245019
0.005593908354878059
0.01797962738619518
-0.017836422977242784
-0.0012852689949043755
-0.0007422892938916782
-0.02426163212190006
0.02183475754982325
-0.006498097254667603
-0.013349780431750767
-0.0019964160992733135
-0.004967329775035687
0.00032363664211202927
0.00925033692981736
-0.0009384726001025788
0.004486993715074444
0.027712717104911796
-0.0022758960601717403
-0.0006644239761653516
-0.00012476534946648092
-0.00017314311882089258
0.005206364496522424
-0.008653663169142258
0.023761512896670767
-0.0007803091171903395
-0.00013017539209821767
-0.0011854722407064165
0.0001469365665147247
-0.003156354643334549
-0.0001419265596155019
0.00940843689084952
-0.002233682807273943
0.01976421830757366
0.0011499636479621492
-0.0004902962632927503
-0.001807041333589592
0.0005753807951726709
0.0012690345793477395
0.0033045731219984147
-0.00012009986011339137
-0.0004209805690668066
-0.00029082132784452206
0.0001865457874590067
-0.0001580125764660372
0.008583979444441598
0.0010501381654283292
-0.0030006243517908915
-0.016568569754113
-0.0006291604590763751
0.0008398057264303283
-0.0004561590315727742
0.0033557019526101674
-0.00041683032166904983
0.0001637633211962033
0.0004578224745639582
0.0002710952835053165
-0.00018122933422894675
0.007775603437371765
0.00106749012946674
0.0005564185654386941
-0.014168832032259595
-0.0012011774298735505
0.001030530357111791
-0.0007335473921796414
0.0010653975878177928
0.0030111949839677346
-0.0004967961374531251
-0.00048265035383207453
-0.0002105779407728455
0.0002932228670208969
0.0005370088488389511
0.0005268887596926322
0.0013346580119897248
-0.0069315558626070525
-0.0008137303593648729
0.001208208885368395
-0.012064013974719963
-0.0006058668330957489
0.0003168096461130041
0.0003634346161117326
-0.0012702623865215765
0.0027349996195937584
0.0001441499436076976
-0.0004634570755489358
0.0003520583956789974
-0.0003193668079466041
0.00018107221936310443
-0.00040005318486112764
-0.0004328284213415686
0.0010813102627580792
0.005574984709018189
-0.003154392136302265
0.00036743076393835276
0.010357314646486343
-0.00014721506933166472
0.00038161311169509034
-0.0005455788217849911
0.0006107644650137544
0.0027301488939065525
0.00027044989879350926
-0.00018345883846149005
-0.00042474808151801827
-0.00010844465692394533
0.00011698478035145459
-0.0002143551876732723
0.0006105973040599534
-0.00015157927811285682
0.0002253938434092748
0.0003073243803804394
-0.005928710057638123
-0.00015802404085771412
-0.0007157039205014443
0.008870343435763595
-0.0008294874033395914
0.00028264014538613875
-0.000664466257783491
0.0005123043938495788
-0.002416721062589354
0.00039233118773711263
-0.0002663520007841704
0.00026030235484258486
0.0003184637483458165
-0.00022182720342381993
0.0005443048450717167
0.00014186225204700122
0.005442105466632686
0.00012828368512156439
-0.0014248307906818735
0.007592633543338371
0.0003687782655982222
-0.0004302292207151499
-0.0004143988595626377
-0.002279748120029303
-0.0003151868985296215
-0.00015486675377756313
-0.00041853056859552783
0.00010473740372142437
0.0001524310105180121
-0.0002598589646445817
0.0005096032634576789
-0.000128443737063035
-0.00010127633431986344
0.00018169441751219163
0.0001505376192195383
0.005019408740707783
-0.0001857169409696902
-0.006415210097554725
-0.0019975387401752176
-0.0001672533691041489
0.00045388496309596105
-0.00010863163454344724
-0.0019772347006525386
0.0007333357375261998
-0.00024251137332368481
-0.00035720166868039043
-0.00013545086144528358
-0.00012763327178342543
-0.0002685377346472911
0.00054735693426355
0.00015568613596979452
0.0002016819737743622
0.00028599184790351826
0.004602258273830639
0.00024367495568415325
0.00015702100484129203
-0.005892663545165596
-0.0003481604458892542
0.0001232406856184301
-0.0003843014117872749
0.00010241390600636455
-0.00013504072844390048
0.0018949749010534335
0.00020234824827739916
-0.0003334953302901824
-0.00012547191920927043
-0.0005187429262371104
0.00010272986529617634
0.00019531848038580255
0.0002116347368261196
-0.0025327098354191563
-0.0030797710929114552
0.0015784058774748464
-0.0017958515931210555
-0.0048597268371667
-0.00022282722993098166
-0.00014299151719163533
0.00010548760327413001
0.0017500998243552433
0.0002959148592703069
-0.0001408339375545546
0.00010160334639064854
0.0001781550346883271
-0.0004929887566625832
-0.00011469404289038639
-0.00011030406321980017
-0.00022814189405581276
0.00020697919394279535
-0.0037394708895721438
0.0013195037788916663
0.00022443095675975423
0.0002625415825437655
0.004561276587825272
-0.0002997365684583092
-0.00011508498232547376
0.0004462302617524198
-0.00018213237256281577
-0.0015550671402217563
-0.0001029651558547985
0.00026639381276184564
-0.0001262165835739518
0.0002767478966906742
-0.0003771173650534687
0.00022674185505060948
0.00010783437005893346
0.0036999074190976573
-0.0037838680084645716
0.0014829180367467822
0.00011733126333590556
0.00022780992331560687
-0.0001900175916846294
0.00040565990382609703
-0.0013937613676750903
-0.0002811184877840332
-0.0001158351834055274
-0.00042930445435963415
-0.0001131748861244931
-0.0001394192867220492
-0.00014888435061623898
-0.00016154385402452972
-0.0034431882994197228
0.0036180747715392155
0.00011216463835395564
-0.000319255620690992
-0.001335932043528898
-0.00013877228559776539
0.00024018321007346046
-0.00012434200082046107
-0.0003711844857112038
-0.0001306446849267363
-0.00019965638914994327
0.00010642159466969085
0.00011178586869775753
-0.003193621314461466
0.0003285132060084563
0.0002454251712461858
-0.002953807296856233
-0.0013483394925995116
-0.0001073471703682342
-0.0012322105152562158
0.00021266737289803392
-0.00037435023452948103
-0.00019703404949266464
0.00010427092673080665
0.002821541771974344
0.0008968222526704011
0.0005489577612409555
0.0029170731899315658
-0.00010875392146905833
0.001138526941913567
-0.00019849723313139164
0.00035679144106711796
-0.0001875568691405097
0.00010197843551140425
0.00013676089744472824
-0.002817175786914322
-0.00011973744509111709
-0.0026253657062269694
0.00011332240361386821
-0.00012357209118118496
0.00027993682547817887
0.0005104635864689171
0.0008699010437120783
-0.00016496877286344453
-0.00033062139126541435
-0.00017238740143110415
0.00010843824841072987
-0.0008093641450389576
-0.0025231416759916208
-0.002315145609972172
0.0005462253297031554
0.00015236010120912025
-0.000955923494253404
0.00017295574492936236
-0.0003065059284868988
0.00016670412819726335
-0.00010479884921068655
-0.00018564717662651297
0.002484760265179961
-0.0021597422439874558
0.00013574826803683463
-0.0008797761338497705
-0.00014608644467031652
0.00015634657684037925
-0.0002882654586801053
-0.00015922299160857307
-0.00010287545098968621
-0.002343830119659163
0.0001585547865510541
0.0019591523998450924
0.00016787205529206225
-0.0008265564530086231
-0.00014364256991620215
-0.0002711460731664656
0.00015517598322103854
0.002212213376687547
-0.00014100426581912818
-0.0017939989959254812
-0.0007653148273553665
0.00013441809355530692
-0.00024075305928726245
0.00013518911556000348
-0.0002945043236707179
-0.0020658818378711005
-0.00019668594154403433
-0.0016241229561394697
0.00022822808739482035
-0.0007136729537224673
-0.00012365447617982778
-0.00022506969116877572
0.00013117277421392963
-0.0019842971353577826
0.0015001258799244577
0.0003011098963254707
-0.0005824161883585869
-0.00013740615348999477
0.00010932642080782855
0.0002237704004272239
-0.00012530658690169139
-0.00011892525860611192
-0.00014317779553642924
-0.0018495534404946773
0.00020125076459584891
0.00020868606104927233
0.0013824077213291832
-0.0006200786781225237
-0.00010576510960469507
-0.0001897965267264238
0.00011868235868479778
0.0017828503854143418
0.001272012528790326
-0.0005823219378112876
0.00020043371965595367
-0.0001131045405450786
0.0004007272321055527
-0.0016464626629374129
0.0011747317453439977
-0.0005475054602969606
0.00018624496328098163
0.00010676472915039333
-0.0016105035701549392
-0.001090221053778613
-0.00011074404343945908
-0.000503462219060993
0.00017834991557345113
0.00010111927863360128
-0.0005991893799036987
-0.0014144420508999664
0.0010051059516413938
-0.00048376409316057477
0.00015555358716553256
0.001462438901999907
-0.0009355705162486646
-0.0004569094941762955
0.00016026832185573055
-0.001362006717664279
-0.00030810173075149374
-0.0008688764827346753
-0.00043122875124010606
-0.00015242808856078834
0.0013359862401488463
0.0008087943834613064
0.0004046520373157934
-0.0001443770478089751
0.0012761745246485457
0.000754380223024629
-0.00038505545480196815
0.00013584012085278882
0.0012204753893324642
-0.0007042428015217585
0.0003599687533795854
-0.0001311233041671319
-0.0011594352496575792
-0.00014202721198249013
0.0006559466907854598
-0.00030911051809185894
-0.00015566972295091505
-0.00012175368935053503
0.001084174875075518
-0.00019424607761721568
-0.00021016590970802135
-0.0006178013234955663
-0.0003279070591843943
0.00011146556286748933
0.00010998154854147846
0.0010737080595746662
-0.0005798497446613008
-0.0003121984462267306
-0.00103338676843989
0.000544682198662229
-0.00022146241169105065
-0.0001979607120345997
0.00010625512250932177
-0.00011405518521101962
-0.0009917939442404282
0.0005126654266003475
0.00028295281348283453
0.00010186869729546315
0.00011951998224796563
0.0009547097423222572
-0.000483335257501013
0.0002661273491299625
-0.0009179652339045037
-0.0004569166261665044
0.00025189875230486713
-0.00012572892737728686
-0.00010781899083292027
0.00010045527819806155
-0.000795471289010917
-0.0003845268468228953
-0.0004333173480851826
0.00024264430543999277
0.00013111018665887226
0.0008436468338378409
-0.00041220258100724744
-0.0002301979363569394
0.00012511882682975073
0.0008175213044290191
0.00039138572367627077
0.00010659774518723246
-0.00018881291474450793
-0.00011016616248486797
-0.00010463740726760729
-0.0007781027091735218
-0.0003879672777121656
0.00020151171142273092
-0.00014008988878442153
-0.0007194055940762022
-0.0001158965298726348
-0.00039791444697121804
0.0001771798722001376
-0.0001061528613308111
0.00012055286873470947
0.000711536227013314
0.0003581376472769124
-0.00010866182308118013
-0.00010621046495472021
-0.00010635348922067328
-0.00010884423131254176
0.00037058162570583185
-0.00011926304895351037
-0.00014886613476646537
-0.0006022886356430607
-0.00012158402070108834
0.00019046684903886683
-0.00013448546111065365
-0.00015992512552293845
-0.00010044077943574134
0.00011863136742794775
0.00018558635228592478
0.0002543475011879704
-0.00022231398259595946
-0.00030721773622009035
-0.00013153981510497913
-0.00015009638650373338
-0.0001738406987987484
0.00010084982687780284
0.00022543672048735532
0.00011622198130808962
0.00020014064950257392
0.00016949565432820558
-0.00015820121030846984
0.00017123797519173726
0.00013446314121280344
-0.00010157581384754547
0.00039607708620616205
0.00038521155575062845
0.0001847014099092711
0.00016904718730406082
-0.00017020565829661675
-0.00011690321467172023
0.00011149512473331449
-0.0002595250952293924
-0.00014484918986025502
-0.00014097341037691614
-0.0004423671370322975
-0.00015950185698081613
0.00011960810136038262
-0.00013763503506460987
0.00022363920251781307
-0.0001157212639256331
0.0001280026172622176
0.00013299773938297367
-0.00012125219661934374
-0.00018545392740623642
0.00012936362085640065
0.00011207233691571307
-0.00042281451663030243
-0.00019012271497168866
0.00010507265717170194
-0.00019853568174245468
0.0002412856987799703
-0.00013996290255934097
-0.00010848325059816659
0.00010880336127560873
-0.00015789695176808002
-0.0001327648877316525
-0.00012700499287032245
-0.00023161301521079433
-0.000376928588780796
-0.00011805206401235172
0.0001881400692160784
-0.00011080492512923347
0.0001634267751630916
0.00022807386574473433
0.00012405781147629562
0.00010598655129579204
-0.00017117287858722135
-0.00010018553065192848
0.00014579142505079031
0.00017037842712804582
0.00036056958910520167
-0.00040196021791585765
-0.00011366561563888028
0.00011575104693115349
-0.00010816524651074632
0.00012027286249028491
0.00014765127713337235
0.0001907811339519882
0.00010119049974914976
-0.00013660445557277167
-0.0001105162115490394
-0.00010705641740461537
-0.00011863014523499831
-0.00010587814525406029
0.00039506687506212797
-0.00018008816106509465
0.00010211765084922124
-0.00017382075106810762
0.00016591059231495003
0.00015411239152170932
-0.00013723315813995497
-0.0001422421548554662
0.00038851896535811205
-0.0003928784655998008
0.00016245244733092455
-0.00010887688499424306
-0.0001518864928123675
0.00018294678821589784
0.0004887640915645656
-0.00016396177939659594
-0.00011450377117871535
-0.00011862657667392354
0.00015598992391564352
-0.0001323762632481853
-0.0001450171356900381
0.00013841487098413936
-0.00010507413742466514
0.0004438925026327368
-0.00018656835606181902
0.00015316909101037535
-0.00015171092522938502
-0.00013971068019246656
0.00021936323186549206
-0.00048124730152836843
0.00018473147040845355
-0.00015003612911873872
0.0001454090004543854
-0.00019713035002146548
0.0001590334355879902
-0.0001476461918168231
-0.00019935138697359088
0.0001591742101627831
0.0001534584478718649
0.0002044370403227077
-0.00016743413688515688
0.000143861665088859
-0.0002108813270835675
0.00016994712365574587
-0.00016005931439825992
-0.00019672540140655778
0.00017067269208197357
0.00015550608678243283
0.00022313840596617575
0.00017986287426951752
-0.00014732401896997547
-0.00022843908082251764
-0.00010270065480565603
-0.00018378168074541766
0.00017201481339635725
0.00023523298978601816
0.00010585217404983534
-0.00018732825953357083
0.00017735762839508334
0.0002409947129602192
0.00010763614118145483
-0.00019100168480076717
-0.0001817267661860648
-0.0002479518406694845
0.00010811581179197943
-0.0001434422070737895
0.00013410495645126643
0.00018884454153283257
-0.00025522398859854423
0.00020577336196007977
-0.00010594351633050817
0.00015847514595134751
-0.00026169048113699724
0.0001177722151939056
0.00021277369940769306
-0.0001943490807882519
-0.0002595909144620049
0.0001242467852307246
-0.00021640301167170323
-0.00020188710862931053
0.00027824327809641424
0.00012677506138105744
-0.0002232224425664031
0.00020878104579523702
0.00028725698973428677
-0.0001332996221498141
-0.00022779159334426213
-0.00022007491264157094
0.000298152214134132
0.00013569950945798483
-0.0002353587246390783
-0.0002286495199638809
0.0003205879876771826
0.000141293274618966
-0.00011395291904595449
-0.000359585360282189
0.00010750734439318136
0.00041079189009366563
-0.0003349675923608918
