-0.98595412152814
0.12770616737728893
-0.055641852871279956
-0.048307039654298535
-0.036862815133692606
-0.02179359635070056
-0.014199406552250389
0.027061354641478724
0.022602008648898917
-0.013386207433990984
0.004030915824699383
0.020442145695866106
0.008261095972125229
-0.016691788820539604
0.005773613526412703
0.0004894238001389077
-0.0008924950375921482
-0.012756844711269111
-0.013934196223828839
-0.007532949365630747
0.007937280656147853
-0.0069124862138882325
0.0031093464056924773
0.004476845858721712
0.00436716204473665
-0.0006308257818530939
-0.0038409969338002027
-0.014838302525425378
-0.0024263256803829262
-0.0005706270740148157
0.0006049139907515796
-0.00851165333993133
-0.003221853679233997
0.012668766328275424
0.00044553615858263456
-0.000566110378087049
-0.0007143535020920949
0.002878591891918488
0.00017186526958778034
0.0002618046913873418
0.008327302362334841
0.006420825103710376
0.008161226646180684
-0.0002738201858803874
-0.00022606035797375696
-0.00094140929737049
-0.0004932045466770729
-0.0009730991223536381
-0.00281239223298211
0.00022832957306591998
0.0004143382237836101
0.0002455654048686498
0.00018999841219296805
0.00016179035589685353
-0.007475622153707948
0.0006897386209654714
-0.0012219325232499846
-0.008487208950837618
-0.0004996363536149637
-0.0005514668359276212
0.00013332157900172237
0.0004150784112305862
-0.0026883740198600497
0.0003220293672821688
0.0005477606448345825
0.00016771179955099718
-0.000109364639669149
-0.00025554970890347557
-0.006706984244708661
0.007089262447595897
0.00024235479293420695
0.00013765555238923454
-0.0006147855563418103
0.000522279858241768
-0.0008527924776109448
0.002321977864502686
-0.0002949387988318623
0.0005368054045956072
-0.00018638107373410013
0.000193181926976125
0.0005505015601830067
-0.0006304891120223093
0.003758213805193768
0.004610916925045322
0.0007586112110613345
-0.005886711002990137
0.0003231138945936046
0.000319015164388343
0.00013011632777254627
-0.002221730559395011
0.0003328752001576234
-0.00014834542249861628
-0.0005140540844997404
-0.0003121781371409853
0.00014531096293326183
-0.0001961142708197301
0.0004920724524745995
0.005204750190057483
0.0009749955730113209
-0.0010570184718541194
0.00493797812025208
-0.00022478676501854085
-0.0003354282335581895
0.0003288939480411667
-0.002014067389149987
0.00046088913730349325
0.00010161721509606088
0.00015769390400183954
-0.0005093903637652308
0.00019637794872806496
-0.00022845058596127887
-0.004862402287670391
0.00032794853117922235
0.00012768112032804168
0.004141186312277014
-0.00040412544409902033
-0.00018099583051949694
0.0005012867771749343
-0.0017411054444789243
-0.00042575786616749095
-0.0001317026477140017
-0.00019471640862191213
-0.00018620476588376763
-0.0002376938325949433
-0.0004186161902591079
0.00011676422203541112
-0.00031504318534605105
-0.004387128500620934
0.0001687565527885238
-0.00044557227281998317
0.003507081835925918
-0.0002668371894578911
-0.00010980600969591588
0.00023008199449515074
0.00013487060962442065
-0.0014406751516186933
0.000708236069648989
0.0001076059478244486
0.0004008652442816932
0.00012050518480415367
-0.00043775877989821047
0.00012500083311784468
-0.00010724136870080994
-0.0001030328996450535
-0.00014116745360590098
0.0011118222870845948
0.003840320830679054
-0.000487008428621584
-0.002973729154529478
-0.00024513779319761787
0.001444378471846786
-0.00016582855685199523
-0.00034902810327733767
-0.00011114970446825581
-0.00013936461250315104
0.00010762385239471392
-0.00041305112366985485
-0.0001217656769071926
0.0001934708016499542
-0.00014892190876059804
-0.003628425638355954
-0.00013435905496573804
-0.002593860857020061
0.00012985838738445527
0.00016139482815724472
-0.00016476583255977065
-0.00012127513817562661
0.0012904366382042226
-0.00032073330036893884
-0.0003806813678630197
-0.00011907219900988994
0.0001867195653471266
-0.0005451054261221589
0.003258623330054424
0.0003840357511091334
-0.0022255419956039462
0.00020414145438317862
-0.00012156389126780752
0.00014084423349521857
-0.0011709774452988537
-0.0002795830854821371
0.00010126596278783634
0.00035090711246782923
0.00011436781128084792
0.00017869332036579236
-0.0001569314469025635
0.00037220152502573373
0.003019787974942796
0.001937714124526916
0.0001535157489925439
0.00011584814747256193
0.0003430500750661359
-0.0010016587485868105
-0.00024502554640064723
0.0003276405753227677
0.00017462228536211234
-0.0027970359953149522
0.00014544954983567327
-0.0008878319466115697
-0.0014470668209636897
-0.00012746123098044838
-0.0009538090174898157
0.00023262420850083188
0.0002944989755728415
0.00016058142529732264
-0.0025785874515466493
-0.0014877356642663889
0.00010808841983573227
-0.00011195827439851038
0.0008705681067935114
-0.00020325622939825616
0.00027128056949015896
-0.00014291572437727412
0.00010055273251533171
0.0006788571306593815
0.002281528905069826
0.00010567257666935093
0.000161134755433589
0.0012998380961984225
-0.00014376732005751008
0.0007959467172293044
0.00018351776227997304
0.00025360741379289783
0.00011298309938805204
-0.0002605887013453348
0.0021759411211725852
-0.00022772127434650768
-0.0001565734849321433
0.0004275727947291784
0.0010809032868806378
-0.0007268759651660994
-0.00016554053172562335
-0.00023029772956668348
-0.00012771867621263761
0.0001572043685542582
-0.002044356240242641
-0.00103256441176897
0.000663958604515608
-0.00014910137221087113
0.00021520573696812308
0.00011753065022298347
0.000281014181990295
-0.0018867238292608788
-0.0009215822200378985
-0.0006122420459822144
0.00013738693834959085
0.00020425729562737236
-0.00011135517770845608
-0.0017777496109604616
-0.0008293074981125943
-0.0005679746760619753
-0.0001239956631562127
-0.00012552069642780654
-0.00013984525039065435
-0.00010405209061901248
-0.0016618526011911896
-0.0007437065599861431
0.0005273382689810265
-0.00011234684903445902
-0.00017623647197483123
0.0015563792646964413
-0.0006714167123053042
-0.0004882634354886688
-0.00010139945475333126
0.00016451233961578237
-0.0014441301228891449
0.00019974693858315807
-0.0006070773150529615
-0.0003957292805885182
-0.00022816246594810577
-0.00015316666462404223
-0.0013731121419808265
0.000551818493386132
0.00041991692481246
-0.00014496786583086376
0.0012922302709751205
0.0005021346046491166
-0.0003951943714511084
-0.00013484876761683844
0.0012184576446576689
-0.000458135900836005
-0.0001552429583074997
0.00033727701166849075
-0.00012690970611626108
-0.0011506494949277766
0.0004188740387868236
0.00034932794898743434
-0.00011669036847908184
-0.001086229563143349
0.00038595152904568296
-0.000328499658379162
0.00011269806262596862
-0.0010292796279685458
-0.0003514362281335349
-0.0003087252974040793
0.0009768586010503856
-0.00032621012754365935
0.0002915786905064298
-0.00010079575172720749
-0.0009276941428469944
-0.0003010053068916643
-0.00027556705420372294
-0.0008780151086287067
0.00027810148616694204
0.0002558847330967204
-0.00010692417500244635
0.0008367639314640317
-0.0002580283554448472
-0.000246969729248232
0.0008006521013882009
-0.00023949378839910047
0.0002297890561233439
0.0001141866434849079
-0.0007630441265818361
-0.0002227451406175532
-0.0002227372405026196
0.00011755031171555565
0.0007285062724850669
-0.0002067882585918406
-0.0002116013228260112
-0.00012462395617178024
0.0006953937945161167
-0.00019393113562869466
0.00020179351050799693
0.0006670303160816974
-0.00018121889501515
0.00019225899417219493
0.0001289531189574303
0.0006386871419997819
-0.00016987498749196695
0.00010299817574637578
0.00010000654396159891
-0.00018354445079843933
0.00013381372613966016
0.000612252133414899
-0.00015938084756133043
-0.00017538271855934044
-0.00010760269941803001
-0.00010499113472378455
0.0005872637619696436
-0.0001501107678262353
0.00016664594241564546
-0.00014099309051892128
-0.0001104140727140117
-0.00010804840786960313
0.0005591018494011096
-0.00014168288531363972
-0.00015971526700426928
0.00013841111818823596
-0.0005352281878452464
0.00013457296878653126
0.00015261481917260803
0.00011414904214740457
0.00010994861258706882
-0.00013560910886948794
0.000521093351592565
0.0001265908977942964
0.0001429264830567073
0.00011779191983698791
-0.00011392693559860119
-0.0004994008740982429
-0.00012566753681719572
0.00012679285399735745
-0.00014785286411121788
-0.0001544544152204182
0.0004487276956929291
-0.0001287545144429208
0.00013148599063850981
0.00011863501977243765
0.00013128607060572173
0.0004296047496904885
0.0001815228011594669
-0.00011113500105046414
0.0001072151124818556
-0.00012433407884929637
0.00011835337438917862
-0.00022260277252149197
-0.00014288006672888792
0.00036125637620564434
-0.00015669509646263534
0.00012970948232147994
-0.00014889263911202578
-0.00018291784327180058
-0.0001526359972191983
-0.00010223107440312375
-0.00012272731842807077
0.00012058848805905361
0.00013294702098179197
0.00014893480694871462
-0.00015750587947120946
-0.0001571547020884758
-0.00033150602911341645
0.00011760016398501487
0.00013004609746671827
0.00012573926296455688
0.00011985222449255114
0.0001831434134171517
-0.0002724165372466701
0.00016263363007804144
0.00013404565291207324
0.000133500891637154
-0.00012933702245999563
-0.00031311191570815896
-0.00013944743036817053
-0.00012067900435263368
-0.00016746424409109267
-0.0001090127745373515
-0.00028058638312201457
-0.0001227631526496325
-0.0001357755738369352
-0.00013064402681840418
0.00017161103467543907
0.0002447112360213637
-0.00021244632442014302
-0.00013388288292578613
-0.0001400157555844533
0.0001315137396514518
0.00010812428849982305
0.0002030955763021474
0.00011693198866395288
-0.00019611024081707995
0.00017368948989112795
-0.00014352408499541104
0.00013864484769655786
-0.00030382851851819937
0.00016118507612066958
0.00017437632483404786
-0.0003236787421911653
0.00014777025157761665
0.00014060295492719966
-0.00027167781403052567
0.00018400187862695148
-0.00010741022006470573
-0.0001492951592978843
-0.00014427235511310852
-0.0002710959668739989
-0.00013100477647420402
0.00017031991760968119
0.00015214563084339967
-0.00014615020605683674
0.00019394748152620525
-0.00015555934582917041
-0.00014983961829904315
-0.00019369446014315227
-0.00015920074052252686
-0.00015299995756460437
0.00019986497454380927
-0.00016234111609867907
0.00015672198061638613
-0.00019310832174956573
-0.0001658180968594854
0.00015070353670285387
0.0002072464142325612
0.00010021383786244373
-0.00016973412408030172
0.0001628532825407232
-0.00021387399225700598
0.00010223190694890586
0.00017336354551464054
-0.00016078860777375285
0.00021276933144217394
-0.00010462373795968033
-0.00017713194223753978
-0.0001649994682899743
-0.0002211450602804389
0.0001068251920758924
0.00018130485340980818
0.00017401891577827994
-0.0002263656192763958
-0.00010919516218306463
-0.00018578747704090063
-0.00017724168867421547
0.00023304509038658895
-0.00011176570407969431
-0.0001895389204640324
0.0001805835536758805
0.00024246246456943727
0.00011451190760375291
-0.0001943166479320381
0.00018680687406336097
-0.00023857377341893183
-0.00011556613975673502
0.0001995108914218216
0.0001922210965457161
0.00024522302726919757
0.00012014537780175332
0.00020470420029040112
0.00019695342455630698
0.0002542314228649574
-0.00012349524136720852
-0.00021037083279942386
0.0002024136310151182
-0.00026892206581836687
0.00012667066424305287
0.00021656433120002588
0.00020916824371752145
-0.00028300024853874627
0.00013001664404088984
0.00022542323128086337
-0.0002183910248943747
0.00032019049342770785
-0.00014723794279370876
-0.00031896157036328247
0.00010685131663667986
-0.0003749982050890296
-0.00029949342551649266
