-0.985970195132062
0.12774289989204762
-0.0553540620409526
-0.04836463594540991
-0.03679143197103875
-0.021687797450980456
0.014245654864167496
0.027088997435095193
0.022529357067420937
0.013339345750808328
-0.0040479186167226055
0.020475703841893275
0.008242533143698138
-0.01660840101439107
-0.005837109045123224
0.0004965090966927715
-0.0008996161324279675
0.012760843308191931
-0.013886747266010673
-0.007569368895935796
0.007955879016702914
-0.006897312855786673
-0.0030448411386479286
-0.004492853215055164
0.004294265005958786
-0.0006193900117345451
-0.0037569808357324715
-0.01488726945220624
-0.0024183462593359408
-0.0005697426522170773
-0.0005739177296936068
0.00846376472546071
-0.003210335424310819
-0.012693206777231509
-0.0004445871859200191
-0.0005637676237252589
-0.0007190898455037681
-0.002871400838333485
0.00016673952075894533
0.000262380901207091
0.008281661406430031
0.005821419823895635
0.00862802678973653
-0.00026697726093776445
-0.00022874370671457288
-0.0009413786103271567
-0.0004938099822407233
0.0009710551054471945
0.002807428719246432
-0.00022052063358626105
-0.00041668998938042766
0.000247617783375681
0.00018733127121463433
-0.00015235135844087565
-0.0074368583177474605
0.0006890858661052488
0.0012036369344922027
-0.008512151951068563
-0.0004959896086346559
-0.0005536232154616469
0.00013441141125079803
0.0004106388124549887
-0.0026860904097819388
0.0003231972633069076
0.0005436552000844791
0.00016988686573756064
0.00011103564599415405
-0.000244817637239927
0.006674149236184192
0.00710984869974887
0.00023527415549410741
0.00014373222893241332
0.0006124223513953328
-0.0005220706499784231
-0.0008575034397695245
-0.0023192275030712094
-0.00029444191609829265
0.0005335458869958273
-0.00018573007123963547
-0.00019452446363841416
0.0005489029576128717
-0.0006242466845228416
-0.0036043901563553387
0.004697172288181827
0.000758589774125508
-0.0059053003190921785
-0.00032250125595652664
-0.0003254050606770647
0.00010815494775541012
-0.00222107403831681
0.00033762994541522374
0.00014786664672317794
-0.0005109963810799381
0.0003158104847873873
-0.0001447975952841352
-0.00019947903226067893
0.0004897120341017964
-0.005179908240666023
0.0009798364994478006
0.0010509318592162805
-0.00010805340506541986
0.004954504193180939
0.0002267873449804663
0.0003350667515835856
0.00033182092918744723
-0.0020145951703141353
0.00045840118168591007
0.00010066574949295496
0.0001578056159195735
-0.0005084710222186824
0.00019791022068451768
-0.0002285282121405196
-0.004841627360980218
0.0003270273148660049
0.00013344133121285468
0.004156422748895625
0.00040484036545039716
-0.0001799396343482573
0.000501197341571069
-0.0017425056916959935
0.000423492271866675
-0.0001346123534625055
0.0001943311276254491
-0.00018854604038539004
-0.00023642750877962367
-0.0004182913171495966
0.00011649373638393529
-0.00025591647520485433
-0.004373133435792725
-0.00016297111404471113
-0.00042856248196372436
0.0035232886362578696
0.0002638134761115887
0.00012174624208987175
-0.0002298395863828908
0.000133793501529116
0.0014653452062085486
-0.00066023539456027
-0.00010834554298183268
0.0003990230541858571
0.00011995492340497737
0.00043732615251407915
-0.000124227700857082
-0.00010893100477180663
0.00010474963122192245
-0.00013852232686941242
-0.0009506801862510789
0.0038676866765727327
-0.00047615356801070286
0.0029880758020892515
-0.000244564307985031
0.0014464220146271267
-0.0001654613964299892
0.00034775411878543616
0.00011044245703922077
0.00013721636531102344
0.00011347610785688707
0.00041278345734891813
0.00012108842643661339
-0.0001933542258943625
-0.00010455598519923397
0.00013274790079374088
-0.0036151134401353193
-0.0001343988470449955
0.0026048957938361907
0.00013137853131990355
-0.00016046307823237952
0.00016761571750299547
0.00012104454612210671
-0.001292534970782906
-0.00031948725052777184
-0.0003805874775747822
-0.00011848820053134517
-0.00018649798924477506
-0.0005654812238261162
-0.003243530455734506
-0.0003829353720292368
0.002235101878959223
-0.00020940483170342185
-0.00012192758435355957
0.00014087337512833065
0.0011731448243850744
0.00027880537971850753
0.00010135984659381808
0.0003509620594169048
0.0001138639863502698
0.00017859534553575467
0.00015723151383615597
0.00036021585325575955
-0.0030110426941114556
0.0019467534486407676
-0.00015380574299893922
-0.00011957142645307679
0.00034402175325459674
-0.0010035038246205598
0.0002442089128409616
0.0003277517645926924
0.0001736130785342845
-0.0027878333012598543
-0.00015272690985618237
-0.0008520039931714146
-0.0014778669170196575
-0.0001274371787777199
0.0009549482818371814
-0.00010267408757630752
0.00023215894404257114
-0.00029468093137089465
-0.00016060544728752394
0.0025708160950409543
-0.001495112787741914
-0.0001077399490191812
0.00011182852963043955
-0.0008726459575295446
-0.00020286303721507953
0.00027141107894022225
-0.00014296702476040865
0.0005604298986935874
-0.002306399483369198
-0.00010560330516115403
-0.00016879542295225147
0.001305562953557993
-0.0001443564776097016
-0.0007979337865204464
0.0001832746898173203
-0.0002539205068222831
-0.00010872489181858873
-0.00021638656755704127
0.0021747568481818255
0.00022626743018413885
-0.00015645372812840317
-0.0004879922154364508
0.0010616723159483843
-0.000692056042077123
-0.00023951303799481393
0.0001653685623419294
0.00023130251651486057
-0.00012781691441236305
0.00015785395055994159
0.0020388340230814775
-0.0010380552899826652
0.0006662526232107597
-0.00014897549493796393
0.00021572821369186297
0.00011769559730276862
0.00029127413223843565
0.0018802426978532948
-0.0009265780371974267
0.0006139632500220886
0.000137323589469175
-0.00020458100663718116
-0.00011147504198683045
-0.0017733122306325788
-0.0008338109341608373
-0.0005695635164898305
0.00012396201639413174
0.0001029916087142322
-0.00015751145073781493
0.00010418859008633572
-0.0016579078852828732
0.0007478584515706705
-0.0005288450035726168
0.00011233135441913748
-0.00017654781849392388
-0.0015528065138722992
-0.0006752217472987993
0.0004896955190596124
0.0001014113769103146
-0.00016478127859024847
0.0014407939558041503
-0.0001998757208734717
-0.0006105517787855313
-0.00038662761512623457
-0.00024577826395644756
-0.00015342084078167102
-0.0013701642870756515
0.0005550158397899225
0.0004206808717321151
-0.00014525333852386337
0.0012894677713079035
-0.0005050749361231462
0.00039636800788101574
0.00013506793000476463
0.0012159859937021598
0.00046083616848759964
0.00012957319996037965
0.00034916558910158703
-0.00012717357703544464
0.0011483839542927908
0.00042133348775598526
0.00035039356506631064
0.00011693392929980388
0.001083951884062335
-0.0003882844743123869
-0.00032950844872709764
-0.00011294473249489344
-0.0010273465541876382
0.0003535396179218501
-0.0003096759651610317
0.0009750756901555838
0.000328196188771927
-0.0002924844441578872
0.00010102498238174224
0.0009260261690297533
0.0003028497797515638
0.00027642189975565795
0.0008761615245817846
0.0001017962368722051
-0.00027982196311862183
0.0002566596847538458
0.00010684409711670909
-0.0008328819613110781
-0.0002596275433147038
-0.00024773876735507033
-0.0007993201941327453
-0.00024097589642729144
-0.0002303685128255856
0.0001141731057290277
-0.000761787422499836
0.00022413495479641854
-0.0002234304372089027
-0.00011753656911949728
-0.0007273529582424897
-0.00020809039715817237
0.00021225870509974525
-0.00012465861288347296
-0.0006942820272436088
0.00019515302516660835
0.00020241998498901916
0.0006660006680989498
-0.00018236740055487818
-0.00019285430318863927
0.00012898189031515894
-0.0006376968389701633
-0.0001709559990594919
0.00010283551354549737
-0.0001841123178632479
-0.00013381308521376407
0.0006113385131233048
0.00016039963938740297
-0.00017591776442874035
-0.00010748789876321868
0.00010482284925043753
0.0005863993783976314
0.0001510748743188286
0.00016714615874795254
0.0001408567901120018
0.00011031920575109768
-0.00010790074973918131
-0.0005621589547803478
-0.0001425988031615542
0.00016019578498448133
0.0001390178123283641
-0.0005358992822074375
0.00013544961188443087
-0.0001530656568616628
0.00011404187220363297
-0.00010974887470653358
-0.0001363347121286809
0.0005203600899675576
0.00012712808120461837
-0.000143038113726636
-0.00011773382944778515
0.0001135819998482625
-0.0004986644610980601
-0.00012651462103456683
0.00012987335036043613
0.00014864135495135035
-0.00016107546187864514
0.0004457733954680619
-0.00012963086757518987
-0.00013174260984714808
-0.00011861593347004622
-0.00013053510582901594
0.00042773846633874945
-0.00018418856737080011
0.00011203865813727379
-0.00010749726304360065
0.00012429290000779
0.00011820181527741151
0.00022332139825457232
-0.00014696145779744587
-0.0003522383868409573
-0.00015714979414025918
0.0001296049362466145
0.000183646159755768
-0.00015263493681377284
0.00016681311516938326
-0.00012221156661257904
0.00011841553715426537
0.00013365001892001665
-0.00014927651274260328
-0.00015817840136435405
0.00016807896541419328
-0.00032492373835052646
-0.0001181218793441586
0.0001300554725875404
0.00012565550343034699
0.00012076284654002124
0.0001802410995476865
-0.00027283133970218415
0.00016308686275003597
0.00013455449899834118
-0.00013353747253910537
-0.00012929621117261796
0.0003117264949228439
-0.0001383923293606503
-0.00012170947023781297
-0.00016787952432504989
0.00010644205274035785
0.0002800372122607493
0.00012394158532544344
-0.00013575216952348924
-0.00013055886124033073
0.00017221883737554022
-0.00024381521615496178
0.0002113017922948991
0.0001351320818715364
0.00014008439806925053
-0.00013129154441923876
0.00010707369070864682
0.0002014127962511408
0.00011297126026185476
-0.0001982052974773148
0.00017440519867917788
-0.00014360913251573794
0.0001385953729413453
0.0003026414774698635
0.00016292879368108115
0.00017564034324046436
-0.00032412225927036086
-0.00014732229723441145
-0.00014057052702582708
-0.0002713222592925921
0.0001845351526232159
-0.00010549187174218561
0.00014939302594016297
0.00014429405868029828
0.00026776941509617234
-0.0001329019531739628
0.00010080536559413383
-0.00017292911813684473
-0.0001522488623198879
-0.00014464939465592613
-0.00019436808975457402
-0.00015567328548437025
0.00014985657376947426
0.00019457185922418978
-0.0001593297583914336
-0.0001530104747496772
0.00020048134836541146
0.0001624913252020476
-0.0001568028210077398
0.0001965256972532782
-0.00016596846028796945
-0.00010754608944300688
0.00011757582342825987
-0.0002081404600238731
0.00010028157105652979
0.00016989631268419877
0.00016288562421125195
0.00021455332856096688
0.00010230538485433374
-0.0001735560886182365
-0.00016580820103380178
0.00021424588330641977
0.0001047059742474715
0.0001773182031845301
0.00014810642580350742
0.00022219760415835687
0.00010690365954617918
0.00018150642878297213
0.0001741096118565666
-0.00022738301099715566
-0.00010929149108215123
-0.0001860000022585427
-0.00017636801894751152
0.00023401450609614118
-0.00011186918440452032
0.0001897886307531875
0.0001805551742469833
-0.00024308816010641185
-0.00011462680487406588
-0.00019457267788883679
-0.0001869772750081814
0.00024007155803536684
0.00011597279530792236
-0.00019975023089792494
0.00019241495514208897
0.0002473881113383621
0.00012027807615749097
-0.00020496697032076853
0.0001971553979519697
0.0002563602336712803
-0.00012363736895960208
-0.00021064479561859345
0.00020263835127497698
-0.00027003571585856563
0.00012681517446189945
-0.00021657534912040006
0.00020943625640075592
-0.0002833736419656528
0.0001301658391454839
0.0002257237669957065
-0.0002186530540783177
0.00032047670533159173
-0.00014660896434871964
0.0003199463214764679
0.00010672782200610547
-0.0003756686224424811
-0.00030008955181895324
