-0.8225849307228756
-0.2953549859480636
0.22491571618022643
0.18450052807986284
0.02750563921425802
0.13946927444412274
0.0886427886503212
0.10455828962221585
0.01923390838285836
-0.10430294457087932
0.08917474181810056
-0.05867197772321091
0.00136610931685431
0.020165359916369866
0.08763409682757102
0.015290984105565208
0.064774823152823
0.010568919256072699
0.09602142926077249
-0.011512185596382715
-0.01902861813355566
0.006244792889100921
0.015149984428308361
0.00689050282480143
-0.015909607062621605
0.007690381167003369
-0.01335143397462362
0.10301628895756809
-0.0006410757818747236
0.0024146904644207303
-0.0001951047833890477
0.004565872240305899
0.00498862643148905
0.0033126656990904477
0.002593092206434737
0.09696878191316274
-0.0010711633245440403
-0.0013761016265794795
0.0020580603876550396
-0.0023170937403710046
-0.0009126618515486182
-0.0025662496465263056
0.000969022768094549
-0.004520624264498897
-0.0019629660562161633
0.0025900768741111456
0.08036894736443385
-0.033334466980602974
0.01291826328697543
0.00012658675870370214
0.0034886799778564674
0.0004408975547523949
-0.00034225458692253705
0.0020631087773454837
0.001571741181697211
-0.0007708332605851627
0.0012413818846219082
0.004689942273166794
-0.0010991905675836716
0.007673932698698066
0.07898295261951427
0.00033352118912459276
-0.0024603825541427015
-0.0024047347598429745
-0.00036175512369091613
0.003555741594537748
0.0010989812693817695
0.0010787978493206475
-0.002080529042433175
0.001051961826755869
0.0006586954806985524
-0.004114033919842931
0.0011975154650943499
0.0035917522275645416
-0.0012977561024898508
-0.0060769720760247056
-0.0710494828696247
0.004586034656986056
0.0025254096771597737
0.004750578518412775
-0.0008694801847811294
-0.0004995705999372689
-0.00039270656880123625
-0.0010856924230267118
0.0018287891031632212
-0.001292556155289577
-0.0009155501594798342
0.001716511880797628
0.0035817643122691635
0.0016718366672413326
-0.0011794498016677556
0.0018241734926456351
0.004061526150633932
-0.025519347284077135
-0.05899495387909812
-0.002265890980987725
-0.0018523118232513067
-0.005983746972249072
0.0008571544769890558
0.0006790816217042717
-0.001344815465712018
0.001948085347605376
-0.0008635846686512047
-0.0003142931992530235
0.000802961113762652
-0.0002593981944421076
-0.0009295981017822744
0.003417028466943024
0.0004532911084896294
0.0011879591980846129
-0.0019408274229514382
0.05771049230364571
0.0019731558302031145
0.007506350576918976
-0.0008187958770591922
-0.006732658103606564
0.00015425016024115526
0.00026055637679291556
-0.0006841129233731936
0.0003194926639594487
0.0016998800426200437
-0.0004634794701829227
-0.0004253081447612549
0.000137557520315425
0.0005923753228597566
-0.0009504377676908226
0.0025533195755564476
-0.0022484415268685014
0.0011549154193196763
-0.0013389369027933104
-0.003987308424604128
-0.00801024768696554
-0.034172637570476984
-0.03911424125828649
-0.0006956578740143765
0.0013882922178649606
-0.0069340348489053735
0.0008194773306711881
-0.00017365754429916967
0.0016497834713947996
-0.0007396932675623364
-0.00028436577988991916
0.000644453062443507
-0.0006591015895286975
0.0007627155458436206
-0.00014732026233571103
0.0006889511464819879
-0.00017855121241369204
0.0023555563864304466
0.002089299930702603
-0.0008300207884596985
-0.0019315087029185413
0.001938812580697717
-0.047764582253157634
0.003408738466074946
0.0048329103365130095
-0.004002348181890704
0.0013552031585430668
-0.0009642833367455939
-0.00012459290400463791
0.00019986240686601595
-0.00022074172559132907
0.0013843014559821426
-0.0005826731470658282
-0.0006827411457625462
-0.0001350244413485439
0.0005066317067107353
-0.00039246759814680365
0.0008326175361714843
-0.00038528397249761785
0.00034485747123291294
0.0025315757606057965
-0.0011870809592218064
-0.0012926019269959743
-0.040555167008400374
-0.015513956183098969
-0.00336278818147138
0.0003962760843059874
-0.0023115926168411445
-0.0031198397844383985
-0.005913979156393001
0.0010610182528971279
0.000471990781903804
-0.0012043834465314592
-0.000793493073353927
0.0003498079884595735
-0.000582728240293032
0.0005855972807470012
-0.00030622407400819683
0.0006932178005850279
-0.0007847148013925575
-0.0005393466409233528
0.0008647141416676153
-0.002086766041266199
-0.00032605639310239604
0.00036538733044857964
0.0015545579086951335
0.000830687404900566
0.007187675355896783
-0.03898328022556831
-0.003147225010437181
-0.0026468608502168483
-0.00639991113169667
0.00022277347420909937
-0.0003115593833843243
0.0004354112103748128
-0.00021342142630526457
-0.001055490821919082
-0.0007094826231823496
0.0005883134290641128
-0.0002788844921037177
-0.00012585285748039883
0.0004094627056952201
0.0009079788963967567
0.000303390069934378
-0.00033556165356661257
0.0004827809838157259
0.0018912116487482405
-0.0007635139303741675
0.00044062966357363826
0.0007252390445785099
-0.001159742818845613
-0.03620910870565011
-0.004158520941812719
0.00016866189127680704
-0.006477243446148899
-0.0008753865258377944
-0.00019758300141160863
0.00013043339159050742
-0.0005379866244238891
0.0002588913927417222
-0.0009933334989694397
0.00041022686551238515
-0.000449532551390282
-0.0007330756250996686
-0.0004488550627181221
-0.00019696811148964225
0.0002892323989759612
0.0007074022366258122
0.000585324448810854
-0.00017634893246944706
0.00035491896530474897
0.0003947473465658417
-0.00012900542058680552
-0.001665071624867912
0.00012225137091929333
-0.0009459521581304909
-0.0009382907154021224
-0.007432151183670749
0.03247485138609574
0.00308658310170184
-0.0005581027646814498
-0.006306086569142569
0.0008670882870098021
-0.00040118572814949315
-0.0005362168716540366
0.0005654533746404657
0.0007960939120665156
-0.00033666952028729626
0.0008858165716813771
-0.0001562166637136918
0.00013086959436030038
0.00019242551047488386
0.0006916015128387321
-0.00021678244747994893
-0.00031568058680975214
0.0001103327000771221
0.0002656380407255422
0.0016678727813877025
0.00031817009368989894
-0.00016452215780740618
0.00018131252854754882
-0.0016534599063720624
-0.0017002709154285015
0.03061700781073566
-0.002393587744581368
-0.0012081430922617012
0.0034380411396519204
0.005031151575179898
-0.0005448911540635936
0.0005319375061600567
0.0007920859442096849
0.00023187378289910945
-0.0004919023811446933
0.0001978375555168432
0.0007781807498217096
-0.00027316047181671893
-0.00017638309246736122
-0.0003012424084625306
0.0005097160121877528
-0.0003440431467087387
0.00045361950458202373
0.0002820520430101379
0.0002793300490195444
-0.00047437957266662964
0.0015065882256127025
0.00034647960918687793
0.0008336095241831927
-0.00022522722573208202
0.0010987468071261808
-0.00020932110475548017
-0.028362387921173682
-0.002230200495439468
-0.00562983172327275
0.0003669505058663831
-0.0007425843918537217
-0.0001585624351182804
-0.00023307220697880768
-0.000627003261915166
-0.0004613801563130337
0.0001805179888119813
0.0005868720213373885
-0.0007087047332407862
0.00020768866948591878
0.0002456660674820468
-0.000466504815592199
0.0004559190848163237
0.00023836207134681446
-0.00014069907052852097
0.00012994983698367743
0.00040327967644440503
0.00023677425937660064
0.0003143561429387408
0.001232072573267239
-0.00040608390863369146
0.00032908379596012494
0.0003481917387590839
0.000917411956414421
0.026323724922496104
0.0013672229573283689
-0.0025671142972155257
-0.003511030922554894
-0.002947858819239255
0.0011099531660180365
-0.00016516199702644913
-0.0003189989309275911
0.000728937162614222
-0.00022116050876985616
0.00016058815132369953
-0.0007825569132877758
-0.00017448919186185732
-0.00030394773220400294
0.0005472529995598826
-0.0003837430606385257
-0.00016064266805322305
-0.00021297743342280724
-0.0003437670555149677
-0.00033450374800740454
-0.00010289591076505342
0.00019729193123628035
-0.001081600883884358
-0.0004360027631643885
0.0002950321414582699
-0.00045527083308956426
-0.0014791367437353463
-0.024315151278507346
-0.0009661410218926148
-0.0021588602291828436
0.0005850508608700658
0.005014977717615549
0.00011696318331627417
0.0005666630976591212
-0.000395383949325199
0.0005551044675456963
-0.00030833222544541735
0.0008019417376718189
0.00022278072151171304
0.00021182236741509473
-0.0002241156928588247
-0.00016276133154028823
-0.00044117617965096993
0.00024417108933666817
0.00030623734176608885
0.00021015330866245636
0.00012620284948099706
0.0002848645844648312
0.00029230910281857726
-0.0001973590467972875
-0.000996361245745259
-0.00016385116728133013
0.0005279094072701085
-0.00034342999948210886
0.006214351543664224
-0.020113646330648507
0.008536460298032242
0.001301823277632568
-0.0007170894926956863
0.004802721105938618
0.00025506464160102236
-0.00018136948451782012
-0.0002479079179342813
-0.0004641742516403924
-0.00021028257356821048
-0.00028133617005637803
0.00037430407931457016
-0.000700169678898823
0.0002196644512743881
0.0004538144086354426
-0.00012149176596160883
-0.00032641539092969886
-0.00017170858451189469
-0.00038212530078286555
-0.00011232758871461894
0.00020467607809763016
0.0001889227456351195
0.0003594236378439279
-0.0009808676204152893
-0.0010063333635903968
0.0012731211666948345
0.00041018271972535395
-0.021141439476475083
-0.0004891696395590627
0.0019105034121060405
0.004172561435009444
-0.000135928574578822
-0.00015217632760271678
0.00013708780128548491
0.0004407967988136132
-0.00023563122747827838
0.0004644306208005363
-0.0006534820712798588
-0.00023720500719401236
-0.00010878030410707344
-0.00019442582792160478
0.00037236051078379625
0.00022012627418126784
-0.00029243232667784913
0.00023825352407582574
0.0002010119201422523
0.0003297554491990468
0.00016514846915965936
-0.00022148783275157134
-0.00010131940598122434
0.0008876813759362998
0.0004085244008494316
0.00042512079868520475
0.0009581750093350178
0.01971200989506058
-0.001983674023514392
0.004108764125232201
-0.000855446585688549
0.0003196445448952927
0.0002975986378938413
0.0002500346043989607
0.00032127970706414004
-0.00020060226549065572
0.0004528891230801685
-0.00014314578783962333
0.000309913505823383
0.0006575194638335468
0.00012237903347772357
-0.0003346227221862265
-0.000190061403496909
0.0003341104800676812
0.000151964071452186
0.00010304333937312095
-0.00027363001018170565
0.00017532150036409714
0.00014166878889782333
0.00014536751181011797
0.00020889038716536207
0.00012713571994867813
-0.0003195574025247839
0.0006991394481556232
-0.0001406046332554595
0.00036002068331308733
0.00015670949088231894
0.00043245417546472964
-0.01856759166904483
-0.003945932929039623
-0.0003937968456040828
0.00043923500242793427
0.00025221247710740255
0.0003231268839855964
0.0004363841026472053
0.00017474820220179086
0.0006566515285928895
0.00012127459721170476
0.0003219360276055212
-0.0002740633738532182
0.00027759577011808844
-0.00017345477380319507
-0.0002850157797882876
0.00017293215650500884
-0.0002616884996189939
-0.0001244208441959524
0.00018791063606026043
-0.0007037244907421557
-0.0003601696381780613
0.0002748330096711212
-0.0007579719059115194
-0.01738781414630068
0.00021131271996111155
0.003667603311361203
-0.001087192554659885
-0.0003397177381640836
-0.00036873258551462326
0.0006428237739243734
0.00017220905125219624
-0.00018653399379731754
0.0003099317999987595
-0.0002841115461520121
0.00013472437092307805
-0.0002534092323238653
0.00012597233063663503
-0.00014810641646586606
0.00013308572655991663
0.00010709285407923127
-0.00022011458637184183
0.00013841390077195444
-0.0006213418407800099
-0.00011284454703917595
0.00018087241302647234
0.00021445809647094164
0.013083004769817276
0.009801889105175593
-0.000855277230404453
-0.0004224309164709914
0.003542854990866107
0.00027841314156122653
0.00011492251434665447
0.00013284008285720822
-0.00033331764548386446
0.00012262906700124014
0.0005741004844273101
0.00012498800119408813
0.00013160960575333953
-0.00019964477588543775
-0.00027130940602052803
-0.0001923053484561115
-0.00027300369815645584
0.00018967052256038707
-0.0001509074177809242
0.00016124916349042514
-0.00013576172973948258
-0.00010833342420891784
0.0002119667001497052
0.00013662932268993693
0.00010863421312974464
-0.0006125636007996788
0.00016909352837338472
-0.00040217591729815253
0.008777904611658142
-0.012658995858956315
-0.00017091318848682312
0.001690301799988885
0.002915011512856257
0.00022529463882326546
0.0002674833685769058
-0.0001281003568723048
0.00010092967778622989
0.0005660179898507025
-0.00011608481000747515
-0.00022065571854443342
-0.00016424689930800147
-0.00025851759479956436
0.00028375713905293474
0.0002656828091577343
-0.00011088004051763248
-0.0001320214638400586
-0.00019588284402810672
0.00012610508070902678
-0.000126901702861831
0.0005500737837473557
0.0001545816525085367
0.0007432064593027033
0.014360290109681522
0.000964918515445521
-0.0020074306970926845
-0.00038347166493657995
0.0008765225777700488
0.002914815697020983
0.0003762288318457524
-0.00012463682388947324
0.0001790124453095196
0.00015503638756495552
-0.000265697400574129
-0.0002551029875093996
-0.0005395279688951919
-0.00018004915926945957
-0.00022863813240660638
-0.00027279782229954803
-0.00013819621462139665
0.00017646107554143134
-0.0001337189737637556
0.0001733468318951348
0.00010808073948656888
-0.0001238435470260278
-0.0005006853166892758
-0.0003346640385888407
0.00010386928067904879
0.0001869397609857658
0.0014966495050372248
0.0045505795944013015
0.012853574081208897
0.0009750286079446078
0.0028576003358860825
-0.00011356636549522252
0.000167954942955085
-0.0001228371609832634
-0.00025882932305102004
0.000293509088398395
0.00013065667150672185
-0.0004589683276936559
0.00013939403771677297
-0.00020800700439328808
-0.00021046917610538572
-0.00017234596341317082
0.00017192633654009495
0.00011855775318518456
-0.0001491563131293542
0.00016519499979921078
0.00014708234588646716
-0.0001381549117366452
0.0004583491768963626
0.00018246857740669063
-0.0001015261581547654
0.00011920869565066138
-0.00013378860827049948
0.012918021601877988
0.0015038918773460635
0.0027155262280078515
-0.00026361467562455735
-0.00019728461606899737
0.00015151117742393463
0.0003345629366205417
0.00046381704308130376
0.00010416065692107753
-0.00017134099122307773
0.00012446937371229352
-0.0002371744307016776
0.00013030316204778027
-0.00017788020218580426
0.00013745505712269815
-0.00013857430178476396
0.0001243444235457527
-0.000156615356005493
-0.00042382432856811266
-0.008769239517290082
0.008650532144934855
0.0006236675209077653
-0.002512510898017056
0.0002418898511415543
-0.00024213376394943253
-0.0002194245578306611
0.0002638176766789902
0.00044213865228651496
-0.00012805244254694473
-0.00016796690954378924
0.000185440612668581
0.00019649934473749687
-0.00011029276926053596
-0.00016043006710686757
0.000148552856674486
0.00013810216193249094
-0.000129351723898856
-0.00010285580464278894
-0.00020556489811466753
-0.00034370532830557525
0.00010216494463125998
-0.0002715532435529235
0.011692192262085364
0.0003677169956991764
-0.0007154141675883175
-0.002279497352044036
-0.0002261331041886835
0.0001785922851311032
-0.00013945464223592347
0.0002647670027051958
0.00042223298733666266
-0.00020162932692385072
-0.00013477516871357082
-0.00020688679462011698
0.00014611341437136346
-0.00014492867471693944
0.0001189459299536971
0.00010187531123780957
0.0001247970247469619
-0.00037512364972114987
0.0005791020277346074
0.00038028269247214203
0.011078906413140155
0.0004703154355952061
-0.0003434507227036152
0.002272869138911549
-0.0001885404593757347
0.0001976724387051682
-0.00022842257692713117
-0.00010878378517629095
-0.00039506415736599733
-0.00014837595122886604
0.00016280420585941676
0.000205323299095439
-0.0001288802726639572
-0.00010092779715642136
-0.00012161530115449765
0.0001007099329232036
0.00011325694038446035
-0.00011630449807992476
0.0003432579353263653
0.00016548213391425257
-0.0004512340162220594
0.010550100338217945
0.000659952298774475
-0.0005851201931380433
0.0020519614119675583
-0.00020921527249645198
0.00013379048900059209
-0.0003696694901937352
-0.00011894882157221895
-0.00016974437032411238
0.00020018646499414484
0.00013200565340045736
0.00012759613809194177
-0.00012336665200750376
-0.00010035999689302576
-0.00031847792085210486
0.00021817021656683034
0.00013480597465655752
0.00810965037981671
0.005996606695112995
-0.00010366487072454599
0.00010653372833810996
0.0019601941271883932
0.00014107684696452671
-0.00021044530127125916
0.00034953198899813115
-0.00013446145732055854
0.00016398586853831149
0.00018814168427142052
0.0001278067049091666
-0.00012927434325554437
0.00011712186763826548
0.0002912392410612238
0.00016573601954424037
-0.00034576447022116916
0.009531586869720807
-0.0012557411755021923
0.001856110875990912
0.00022987462373816786
0.000194864360299052
0.00034183006467664967
-0.00013514786782009092
-0.00014899079292490523
0.0001798728441437781
-0.0001216166063071143
-0.00011242617542130705
-0.00010192442571096055
-0.00025586803095794776
0.0001790424978596692
-0.00030828111940645156
-0.0016997462582672245
-0.002433771358555259
-0.008692152124290248
-0.00025587450868704394
-0.0017263222564556494
0.0001092755646839628
0.0001901423202387689
0.00018468559546496369
-0.0002968191010295896
-0.000137327043435481
-0.0001700273537925453
0.0001025364443519827
0.00011302918742717109
0.00010354871933209799
0.0002612746119823855
-0.008767757827963595
-0.0006226592487594002
-0.001631917523678825
0.00015521895426268912
0.0001744341892208351
0.0002937386615357164
-0.00013323246256370847
-0.00014864804236785893
-0.00011961495574395739
-0.00011948027804513686
0.00024438434936831666
-0.008416930823479097
-0.0015122900779787679
-0.00010843584311194945
0.00011508640138816902
-0.00013697051802716634
-0.00018643951400060263
-0.000275247245640697
0.0001377207125672873
0.00015000028803018942
0.00010635529300939444
0.0002247333657885928
0.008062508323959107
-0.0001416061211571088
0.00022147563791408278
-0.00010461597396099803
-0.0013775086013490276
0.00029554547385174384
-0.00015562632494928958
0.00017011325104944274
0.00010335317827523523
-0.00025800753845805233
0.00014629722933244888
0.00014547032889157782
-0.00010669158594013633
0.00010523574216944328
0.00021650125299177913
-0.0011724348083950475
-0.007641140541639467
0.0003045592931476924
0.000332151598920483
-0.0012913824420658165
-0.00017904532454037224
0.00017175346305143044
-0.00024417379110967927
0.0001234222943398849
-0.00012947269433717675
0.00010358564364384863
-0.0002007495264041045
0.00012622590349035452
-0.00015390039471876156
0.007425364600423787
-0.0004033894910289457
0.0011971086922233137
-0.00014128023477913665
-0.0001775398846343149
-0.00022569009382229942
-0.00011244469471120935
-0.0001219949723856647
-0.00019384813519919713
-0.00010175909519502768
-0.00016406174714258203
0.004309271512729213
0.002098851277075065
0.00529555897622375
-0.0002454349838767134
-0.00028675473314290377
0.0010983683981257168
0.0001725861476698358
0.00011138499020785837
0.0001800641105992936
0.0001363401857666375
0.00011443328904144889
0.0001821118467841306
0.00016416348767423402
0.00016614950275669086
-0.006880282627607075
-0.0002459535661296644
0.0009902685180830262
-0.00016012914761980536
0.00018409398673596003
0.00012407883756823944
-0.00010607122421133095
-0.00010005916871909149
0.00017910631828493796
-0.006633724366292337
-0.0002749206606670748
-0.0008664027848609847
0.00016484535388099563
-0.00016564109815043532
0.00011861167878148834
0.00017183817625573427
-0.006368124177864733
-0.0007029298675198304
0.0002128797162490413
-0.00017374313283106605
-0.0007025804339606325
-0.0001683585945381866
0.00014261753233477437
-0.00013618285249895445
-0.0001719784389638574
0.00023865480120467266
-0.00044617285494819644
-0.00046444171539526804
-0.006157632203720102
0.00011072665039183896
0.0005010706408635527
0.00012442116735253024
-0.0001239338156014295
0.00010476800907582456
-0.00013464449000726177
-0.0001092532969001596
-0.00017016758700237673
-0.0002033094652577403
0.0056700558175118735
0.0019067244240745737
-0.000337118938647794
-0.00015854949166582412
0.00010453777657990352
0.00013723587095197483
-0.00011721306039637947
0.00010848667403008478
0.00022601835371766427
0.00012109548332782989
-0.0005460431014930027
-0.002322693081750136
0.005155493376769428
-0.0005718893115791309
-0.00038475368673571863
0.0005989399918269904
0.00029096668003425106
0.00012457006100377463
-0.0002023222149938285
-0.00011348604220416887
-0.00016698079940947173
-0.000177983919601366
0.0001733468725616124
0.0001063630432361243
0.0002588722503979931
0.00014646576395248182
0.00021209550254012416
-0.00016462812833485167
-0.0003686736424167648
-0.0006259452985329809
-0.00033241855858426176
0.001477361753167663
0.0008111706267453712
0.00011827608976620886
-0.0032703262378177625
-0.0036037351538561755
-0.0003774543550499841
-0.0015215532435695774
-0.00012065779772470912
-0.00022798306671937814
0.0001801318835321676
-0.00017206055947206617
-0.00010276900184482853
-0.00029688373741810055
0.0004879765507248806
0.0003820028681888286
-0.0002772865732704679
-0.00011087256626396208
-0.00011098096504802814
0.0001817433734553658
0.00019446689734010526
-0.0003191332405403608
0.00011008790883750767
-0.00016989083787566445
0.00021314788039466584
0.00013660816486426374
-0.00016701757972997417
-0.00010130015151269617
-0.00016905540558481434
-0.00020946466471603346
-0.000127269925739587
-0.00010768918852778374
-0.0002690447674759
0.00011044651652866441
0.0001774210597323879
0.00024229399799934677
-0.0002274805983871101
0.00016876209493151304
0.00032132600417446544
0.0002271624040925777
-0.0001137832676041
0.00012938337429640475
0.0002985802045562621
0.0007837569526245745
0.0004980934521734857
0.0005247669066639749
0.0009241755910822786
0.0005205894654528118
-0.0006981155763524582
-0.0007979157151175658
-0.0007765119797112508
-0.0043641471998433976
0.0016144547761931102
0.0005541421636525095
-0.00019597610946885674
-0.0004686079047752683
0.0006073779978042777
-0.00018135544143075703
0.00042994128566321854
-0.0003095848333835297
-0.0003710304241779571
0.00016679199875334675
0.0007817540561097237
0.0007984632135636135
0.0003228044824904119
0.0006229147884471923
-0.00044017642732865767
0.0002079942565179399
0.0002147177641622372
-0.0004034866045178866
-0.0001586016755062484
0.00034536991968732596
0.00022667198005484892
0.00029993112059683484
-0.0002249075673216236
0.0001275783188810559
-0.00042953179083111157
-0.0003541537033579714
-0.0001890176380125847
0.0002021589085225798
0.00012253155203547253
0.0003580731558336603
-0.00038785637546640754
0.00016993280116492092
0.00016527702977807996
-0.00043818261778512136
0.0001486066361214073
0.00019152154044840114
0.0001492100794966822
-0.0001608974056035678
-0.00033726693455919915
0.00027565219261193187
0.0002265739759021851
0.0001985757312221256
0.0006644916594658993
0.0002704327681342128
0.00011360373215973679
-0.00023093982361555823
-0.0005218124501234384
-0.00023832357511674137
-0.00048792331047973017
-0.0005695388128715546
0.0002890755918374798
-0.0003668241166509933
-0.0002552682418124781
0.000389326364782537
-0.0005974782374095261
-0.0016634547176749234
0.0016510328774119835
-0.000863335322264944
-0.0007906600604045255
0.0009872794367472952
0.000501397968427779
-0.00010102787958778814
0.000334469601361262
-0.0013946500254404955
-0.0008895283444023936
-0.0004220044895991687
0.002106420169531302
0.0009286307074158368
-0.0018075195566099188
0.0007341098442404974
-0.0004509797015048835
-0.0005649011832738392
-0.0007204667395917827
0.00041631788107521873
-0.0008789008461988881
0.00025048664467092717
-0.00014105895546829227
0.00017112869935346765
0.0005443970201953194
-0.00015404273259962535
-0.0008301217961880812
0.0002989549768569309
-0.00020828760420402013
0.0007585449612417766
0.00014976294143725322
0.00020962170687361623
-0.0001246154473383106
-0.0002948008020574397
0.00024892558073293016
0.0001865341822317963
-0.00020128986894207352
0.0004918264458457144
-0.0006293923982420719
-0.00043960960327263637
-0.0001431575496703686
0.00047044271060657137
0.0003166831036504967
-0.00013256632524746452
-0.00018735262417907074
-0.00021009683759507365
-0.00014915420816136578
-0.000136129247125141
-0.0004278614179381043
-0.0005751356099791461
-0.000710185787520594
-0.0005040562944489383
0.0002665057742742018
0.0003136390305903475
0.0006357869661630695
0.00014261877074895775
-0.00019757574674710514
0.00020252709184435952
-0.0008890752964319284
0.0003561024743978018
-0.0005512165043194721
-0.0003597494267545099
-0.0004305014890165087
-0.001117037746212311
-0.00028656162796439295
0.00036790877352698304
-0.00040218586668000895
-0.0028619742416654747
-0.0007573915393469336
0.0020074314789332343
-0.00022013518107245897
0.00023598215691254194
0.0008915081791122812
0.0006981675054100614
-0.0009047574203210709
-0.0005772689702807125
-0.0003299793732395387
-0.00020297084666836665
-0.001176086043846503
0.0006260353978698584
0.0009726636506439389
-0.0007818146015217924
-0.00034739745739103124
0.0007421109213244655
-0.00028050442516667855
0.00033316612406785395
-0.00012523341124273863
0.0005104424936881641
-0.00012057850704842894
-0.0004197760858234746
0.00016470700939477342
0.00012549510339957828
0.0001523109860233196
-0.00026089565535454947
0.00021231720382158112
-0.00030428295602675154
-0.0002755066896342101
-0.0005133969954506569
0.00042442843281773355
-0.0004352306796073375
-0.00016768842487432822
-0.00023204671472022516
0.00021055175265517206
-0.0002487133351088142
0.00035641501051367056
0.0004582302255777882
0.00034810440939622516
0.00023910683254087554
-0.0002217658653852499
-0.0002084132969856729
-0.00018563451773032528
-0.0001584562974954545
-0.00029057459014450335
0.00026919440191361133
-0.00032670047858053
-0.0008194583139077082
0.00026078222236298315
0.00023644530640442842
-0.001155533235159449
0.00036693295416049784
0.00024398445641014298
-0.0002916044710815196
0.0003010813433935332
-0.00022001197791784356
-0.0007429939354655308
-0.0004226415070276572
0.0006677251941833641
-0.0003769843878724901
0.0010658084793608755
-0.0017604649966756333
-0.0005050678613973904
-0.001564100507579851
0.0009034004830750258
0.00014366658718822516
-0.00026436598476517047
-0.0024146497563796053
0.0009248634862508513
0.0006123575725761074
0.00035322673032096136
-0.0002814755481786227
-0.00015692042734115433
0.0008459250046519814
-0.000755843935947573
0.00014518802824896405
0.0003743286252454959
0.0002847810429112812
-0.0009809277104709236
-0.0007114650831180313
-0.0004893617710739914
-0.00041587439971585503
-0.0001723712823091782
-0.00020322427161699434
0.0004498473642999784
0.00015413428234226534
-0.00028855574922638776
-0.0004943631118942015
-0.00011501449873228611
0.00021256590127705075
0.00023843421004761232
-0.00036637206515697195
0.00014427662971386066
0.00029273003345241645
0.0002890682413773783
0.00029202437914157214
0.00024321320426948215
0.0001830092780352086
-0.00011264303079738572
0.00013002007552825103
0.00028976141889025607
0.0006548933803321788
-0.00029381898440921847
0.00015853128771511592
0.00016406185584217427
-0.0001619222508696998
-0.00040990626377520906
-0.00012684720280845577
-0.0005343416012738638
-0.0005460904597260214
-0.00013141455604746347
0.00028673537542881237
-0.00015519307600845688
-0.00017069509167896008
0.00022058389366637115
-0.00046428163758935684
0.0003866135077762624
-0.0005314064256344524
-0.00017379739663308136
0.0010572147273825911
-0.0002144599482477602
0.00020445273792507344
0.00046524271508548165
-0.00013563596183771998
-0.00017254382232068967
0.0005705487711187675
0.0007972462837562396
-0.0006290723234141169
-0.0007181310451325868
-0.0011685684534229251
-0.0016256970439925726
-0.00035248030621783084
-0.0004243110156357283
0.0014868949240098395
-0.00011563198667037919
0.00046599785635467375
0.000272110348115565
-0.000251206474594385
-0.0023016748269435203
-0.0008170375298493281
-0.0006589202636480706
-0.0002339675090838022
-0.0012094001425581027
-0.0008697850612134989
0.0005257485431531965
0.00016185339738688362
-0.0003514342456873254
-0.00018401123528634258
0.0001479259972516367
-0.0007365884398565648
-0.00021957234324804443
0.00013856716379764928
0.00025254939583678655
-0.0004923515546388224
0.0002343232693158079
-0.0006269638546274952
-0.00014690845691082857
-0.00012208428086578287
-0.00015658591200382244
-0.00014236048172464147
0.00026307516451728574
0.00032201777840086304
0.00010707611365457364
-0.0004788752080847179
-0.00029841828088484924
0.00015974456914781446
-0.00018556018184899648
0.0005376113631442807
0.00016794265737591672
-0.00013480923871394756
0.00017166802841989484
-0.0002755538151261859
0.00021620461379383084
-0.00034689559117668384
0.00016269902437114373
-0.00027959142794899117
-0.0005957774921906255
0.00017446087687040296
-0.0003444957947661275
-0.0001792640019056378
0.0005742712620404543
-0.00040768899204549075
-0.00046346152061914336
0.0005101942751586678
-0.00010987028900856112
0.0004013741240352309
-0.00012726900838247262
0.0008489529721274504
0.0004232137059037673
0.0006545815998994055
-0.00032995605372272533
0.00015527703379956967
0.0020953228548197347
-0.00032295614583971384
0.0004466407647426879
-0.0002574817568985858
0.0008268351306028507
-0.0013426762886238537
0.0005860056006925557
0.0005056811396177
0.0008928062162627832
-0.00022706853362840283
-0.0013946985748926988
0.000490244103608516
0.0007745898747677654
0.00011921775512218934
0.0017137910826098327
0.0006885445782400312
-0.0006836083149413864
-0.00015855837865692179
-0.00023298504859474138
0.0003341880061457668
-0.00011791635951747376
-0.00011211205669415583
0.0007473021151364988
-0.00019350519439604504
0.0001002133272889127
0.0008942422540151577
-0.00015330486200545667
0.0004960927799527066
-0.00032692277794579995
-0.00024508445354826607
-0.00033939931539529966
-0.00010483647769035534
0.00024904882485357984
0.0003127785211458501
-0.00015755727678976015
0.0004968301300113891
-0.00023677737677781297
-0.0003368562791713568
-0.0004626235275624209
0.0003520488567074761
-0.0002812500272242562
-0.00010359754735612931
-0.00011341441877599467
-0.0002452647048197084
-0.0002111663194629295
-0.0002964853233897651
0.0002553297418724
0.00011960137000859552
-0.0004933369120840755
0.00013981940976927503
-0.00034279959235673774
0.0001301117563970015
-0.0001089306801300237
-0.0003515709139233253
-0.00043500844246840563
0.00029635693954314604
0.00012043458375195107
-0.0006644747705138493
-0.000566518748667324
-0.0003064829503140492
-0.0002824062574602035
0.0004750376644297063
-0.00013769271553277194
-0.0003237986914474559
0.0013226568892724542
0.0003169226207926528
0.00042600480031370735
0.0011962307496623178
0.00011611830462035482
-0.0026828156166175876
0.00014371392113762195
-0.000429218090352093
-0.0003287951307719298
0.0004746760866993067
-0.0012910707895481242
0.0012536645631097628
0.0011624926782621806
0.00012964996016729983
0.0001243472015176265
0.0005277465779957336
0.0008469800049106983
-0.00015331242792941463
0.00033520128938363894
0.0003557614821350714
0.00013436082959146305
-0.0001378488721066739
0.00031312704359676044
-0.00011208608900482444
0.00010314350040297447
0.00034532868653854655
-0.0001724346831790422
0.0002850847060616877
-0.0002892184595054193
-0.00043793230714973347
-0.00012878197121048504
-0.00012012361276628803
-0.0001524055441446495
-0.00047018994168373374
0.00015541206833240165
0.0001143788976985081
-0.0002682010499043813
-0.00015573259521279068
-0.00030434993372748957
0.0006269459104840176
-0.00011907811909857252
0.00021907012619890829
-0.0002746795938013364
-0.00013119281851424583
0.00023426913940043364
0.0001193694727780689
-0.0004545546391385966
0.00036046881918272655
-0.0001366684989727204
0.0005526020333790423
-0.00032538162395425265
0.00014692387167028267
-0.0001246052327229325
0.00034169145683406616
-0.0009665768226471931
-0.0002717324816101513
-0.0003466671486717737
-0.0003263312498359546
-0.00023857502657862714
-0.0008373760982740427
-0.0005183045855888668
-0.0014842816182336718
0.0005248351786462354
-0.0006707093224031041
-0.00010086604256925114
-0.0003593297213499374
0.00022679470792708436
-0.00035042902210464833
-0.0010628593139829856
0.000849793160971591
-0.0021993696175400443
0.0005491017226874441
0.000987224141165964
0.0006779850153315017
-0.00027715630254880277
0.000756296214586633
0.0009353850376576053
0.001076808529137538
0.0006254450263987745
-0.00019448841602096365
-0.0006923264533167006
0.0005355059189268516
0.00039395361457191116
0.0002782093709967599
-0.0003532103127293035
-0.0007403351165913665
-0.00010071024121554183
0.0002892104245787697
-0.00011107533468465635
-0.0001123905118947674
0.00022008191415468615
0.00012816872832669592
-0.00015168765522796977
-0.0005657467328167272
-0.0002794642497224804
0.0003974320399910803
-0.0004844482066370217
0.00021003164543469355
0.00017982662060694486
0.00036912961855000207
-0.00012063512272167835
-0.0005384501956732671
-0.0002559945399621416
-0.0002395708371449492
0.00031028578578827726
0.00011673264492605042
0.00040981890307225695
-0.000275961092773512
-0.00044695910470273766
0.00017501003849330817
-0.00011891130492920054
0.00011527608453414981
-0.00011144039501236497
0.0002666639377072093
0.00029786998969741124
0.00015050190733307362
-0.00016713270551440662
0.0002798760101339147
-0.0012946057598271332
-0.0001801455588025231
0.0001165334376327076
-0.000713444854539232
-0.001096472556281211
0.0003114068750789386
-0.0005203331711986385
0.00010261293229569942
-0.00017473588136876538
-0.002739198586678219
-0.0005904753970076623
-0.0007597493608137925
0.0016762386825911627
0.0007019102611871118
-0.00016772988264278702
0.0005789812285820773
0.0004617175863555001
0.00019066933610495742
-0.00031159684914619696
0.0001485037803347311
-0.0009475121502701939
0.00012612985320294953
-0.0005986310544277424
0.0006449874889099216
0.00024271499380870552
-0.0007496587051464208
0.00030573228978212914
0.00014349135079175384
-0.00046700982307115263
0.000126718201334025
-0.00010065575730625711
-0.0005128471867237788
-0.00034533340522146285
0.00011961361210778471
-0.0003174736205274795
-0.00024339434318744224
0.0001348010470647407
-0.00015457449389762426
0.00012263648519512553
0.0003674011907385781
-0.00010949866299045259
0.0001244326739994356
-0.00011644925923995408
-0.000210482357203865
0.00013670087608474212
0.0002560015799196292
-0.00020448264843842204
-0.00010892194500848288
0.002810601184596049
0.0003032919670552323
-0.00019740941893712417
-0.0008347613890134773
-0.001297389127203338
0.0023580315942178165
0.00017298389816851445
-0.0001521660247172307
0.00011496885609990582
0.00011935560400888167
0.000149919424884479
-0.00013177464853850104
-0.00045141507409626947
0.00010540573437466805
-0.0004337274184165054
0.00020235339955357963
0.0009265973663606579
0.00020584565334285737
-0.0014041779399371944
0.00015163414041557114
0.000166121643963905
0.00013345097580191344
-0.0008320949106642036
-0.0002175423122554608
0.00011370511801194812
0.0003656563201896257
-0.0004027781463299083
0.0003177622341342675
0.00010116537078927001
0.00012995874187028344
0.00010113587045630321
-0.00016521125506985745
0.0005162768231484997
0.00016472319689612874
-0.00031377609104029546
-0.00011033259385606923
0.00020209735474721016
0.00016093587225065274
0.00011139596784912672
0.0004369346722705291
0.0032916641018373616
-0.0002848483061292284
-0.00015166953415442086
0.0008844959298066334
-0.00020219399379782193
-0.00020886613003036407
0.0007987023377358617
0.0005398842109228309
0.00041017555671044823
-0.00016347324549204789
-0.0002426633314631815
-0.00021189402757927408
-0.00047216462007975183
-0.0010770642809775994
0.00012143161527914656
0.0002960649524043342
-0.00016259655994050847
0.00013480543037436846
-0.0015887369452096782
-0.0002838557746098975
-0.00030781432858299746
-0.00035389626083603433
0.00016209819072441378
0.00012525356708688329
-0.0014936512723544876
0.002944803260589624
-0.0011827502024782822
-0.0005107410411417303
0.00039825119797825794
-0.00012408146087417523
-0.0009592177594123563
0.00011452770844092595
-0.00010174123198197058
-0.0002941959548814323
0.00010604304929871687
-0.00033252537579651757
0.0004995200650408957
0.00011626980173812375
0.00032683559165565994
0.00012687568442199828
-0.00025787264777844804
-0.00010086977822406004
-0.00032248851177273
-0.00028294920764879747
0.00015738469729687272
-0.00016994011943748027
-0.00019466136822894308
-0.00018593885161992304
-0.000177954874698754
0.00010049120376788658
0.00011141436439792203
-0.00015170830546288637
-0.00011899665604661357
-0.00013287771419493049
-0.00012126349914979042
-0.00012535184145139242
0.00013862004058700527
0.00014019492767074752
-0.00010126971950016711
0.0001409021074129706
-0.00010962365674653911
0.00013956079555705475
0.00014413576019191933
-0.00010255044806112523
-0.00015643244961214889
-0.00013726801638738655
0.00011740236166788897
-0.00014126006256982238
-0.00015809868622237695
-0.00010123803441892859
0.00011188561218935721
0.00015747799596869906
-0.00016144094086194337
-0.00010478661404309711
0.0001025605696825741
-0.00016428801871423753
0.00010218101980465786
-0.00010339016578209616
0.00016746962321302256
0.00011166911624646978
-0.00010613083708014418
0.00012180173354095111
0.00015956577604749303
0.0001191552361254436
0.00016385453424176281
-0.0001317773257347215
-0.00019900347174584427
0.00011724392768756123
0.00019154256734354641
0.00011337436883491007
0.00014570959197001348
-0.00017132589664857462
0.00011206741532443776
-0.000124358754407051
-0.00019133270425182843
-0.00010394909789433935
-0.00012777934124330896
-0.00011453897127717403
-0.00016687976749645263
-0.0001197279428432161
0.00010128875576074469
0.00017740748668429153
0.00011171725326614117
-0.0001101131002509601
-0.00014528740210784287
-0.00018003422133182071
0.00010961762159100617
0.00011058890974021164
0.00012050978840199382
0.00019909738609670186
-0.00011370438875029459
-0.0001176215949016828
0.00018520679016723526
-0.0001519400014858732
0.00012448591185056
-0.00011419053467466164
0.00014635934049194463
-0.0001688963764555721
0.00017736775232001065
-0.00013666862830019274
0.000257953138354382
0.00013666240988611364
0.00023803849143736968
-0.00012150786972251913
0.00013217819970927705
0.00013884645935369327
-0.0002243292111803922
-0.00016017676658976573
-0.0001096811651644277
-0.00029207088166469857
-0.00021014031264707014
-0.0004325111256173287
-0.0004018984517032707
