-0.30850322637582817
-0.48317623871198323
-0.11845918242613365
-0.06828104904093554
0.04793193778047611
-0.03608467665981013
0.03023208485839913
0.029244393914575534
0.027341255342583776
0.025541298956877994
-0.02563832979988899
0.39644593538855505
-0.4849323748056098
0.20691470125491226
0.24493571158584757
0.1310519102490582
-0.10062537153768482
-0.12767857525154686
0.003695480512525087
0.08934423513714526
-0.04086175531164249
0.08307527245990458
-0.08938027760569464
0.07152746312566069
0.01922726300554102
-0.010223727345567006
-0.036628526304653214
-0.09682773170431408
-0.0018957955435234127
0.046623566228934196
-0.00612357260442546
0.00750486960216927
0.0009665880869886284
-0.014090873351015002
-0.0994315108507558
0.024955126786428156
0.0016484688138873897
-0.0016466540268945085
-0.00030002622734717614
-0.0018279376984850202
-0.0961436356243137
-0.005863611359736803
-0.0019821761610284896
-0.0007630587727411208
-0.013876371638762704
-0.0023276304527732644
-0.005135948147717468
-0.010601347004759261
0.001514475839438274
-0.013005864889430402
-0.06805355819055572
0.044700556451847756
0.02837921179770935
-0.001115344675942866
0.0024656855065724862
-0.009399534273912151
-0.005079990831600144
0.0010270246115262817
0.002583044571374442
0.0044879938256261066
0.00040375628191021123
0.0010519488254878005
0.015171749178874726
0.0044782348536377735
-0.07703717473419326
0.0013293348204813738
-0.002232731414714391
0.0008983855651955027
0.0076931171114296435
-0.005346407876417736
-0.0048843715396988865
0.0024026121940007397
0.0010305499062031559
-0.004494090990037246
-0.0009238745895742866
-0.0008829234447924805
0.0035627410892729978
0.006291329946708157
0.05708059780515069
-0.039690209326761754
-0.004413521277700108
-0.004977375948242055
-0.0035302016423018837
-0.005226900892888226
-0.0010007112110595902
-0.0005697078870685947
-0.00338626426433944
0.004212414891915228
0.0006372361487980531
-0.002213718707449789
-0.0004912661128743432
-0.0029628859959686333
-0.001005288472942724
-0.006427024335235158
-0.01291997652364599
0.0019773732539693036
0.06002279294168928
-0.011717515665223404
0.005405687141253898
-0.001224202950659112
0.0021896694548271187
0.0049491121363644435
0.001193858128552975
-0.005397920845256501
-0.0010385672016533145
-0.00025006899663186416
-0.0008822387661756672
-0.002302420113921015
0.0011757294445128178
-0.00034801631410885653
-0.0024168630244004743
-0.0005862686091867991
-0.0560718129450298
0.0035506586990207236
-0.004030421362364746
-0.0005184948349514547
-0.0031731321729355755
-0.0006445134538871623
-0.0027579379387264913
0.004924792798145734
-0.003281009956228171
0.004479985002873129
-0.001082397025878253
0.0005279733041366323
0.0017099836365504423
0.0012497451828020543
0.0013344332874599522
-0.00303436889678692
0.0006820150420403607
-0.007175077820388579
0.04737144553098808
-0.01166839071978688
-0.008928906146697188
-0.0057513499258973096
-0.0007675676678865042
0.00046872735254103174
0.0027702603732115954
0.0025974762554297035
-0.004667953918022107
-0.001971417882384941
-0.00018330416795838157
-0.0005804784062862977
0.0008007115238663379
-0.0006916775058848773
-0.0019141124040452028
0.005792576092610347
0.0013738543547088806
0.0029268711743620827
-0.00034057081288725404
-0.002067948773221268
0.006271251586961894
-0.003866736437337523
-0.018083541525996113
-0.04092705958521439
0.0005263465840256787
-0.0004814929744631435
0.0002416572995137259
-0.0033100117263368378
0.00038812409283538646
0.0005160438574213184
0.0014910799593095463
0.0043870002780808486
-0.0002580487885389591
0.0014117509779470847
-0.0006914194465512698
0.0001592316365142668
0.0008048206352519513
0.0025894522908943207
-0.0006376550397838389
0.0009720700922331676
-0.00040028012377159956
-0.0029223644450394274
0.016547201092994773
0.037604277139839666
-0.004287031156043939
-0.00025580572261312977
-0.0020709043154426166
0.0008260639017598977
0.000140974851101727
0.002749170667478975
0.00013610179471297055
0.0007994710433403775
0.004269279893643888
-0.0008822461066643616
-0.0007547078848125109
0.00014395554039850104
0.00046460894226979234
0.0010089722769792541
-0.00019764631038543523
-0.002256092689175992
-0.0009027280933824159
-0.00017396051180796002
0.001130150310320808
0.002226740720313458
-0.00099152155225758
-0.0019965077839600638
0.03727224184283288
0.000984977855983415
-0.000356241464269833
0.0001321015438493448
-0.0011454954557931977
-0.0012150755084137969
-0.0016802597322563536
0.0029786246364683507
0.0028084468697506778
-0.0019909499166145556
-0.0033071678044479568
-0.0014964745644973562
-0.00015621737051972845
-0.00053458743579238
0.00017905925998451224
0.0002757690782013599
0.000618184574910675
-0.001218608515400334
0.0007878175625997335
0.0019938207501744073
0.00027733499307996446
-0.0013092098462884117
-0.001076644246708633
-0.0013037296612639733
-0.0016024328490635807
-0.0020161321663393554
0.0013359639162668804
-0.009630050815810368
-0.032338225105630745
0.0019275650504652583
0.00010423331124642081
-0.0006372682568157201
-0.001553478731946882
0.0005713827069451907
0.0005226342954878537
-0.00140401918934323
-0.004077461155417371
0.0005447715556050212
-0.0018631156100113273
0.000790219235853844
-0.00300080470916825
0.0018071097221718441
-0.0008074881827067424
-0.001332060365232472
-0.00031561300447564963
-0.001420641360119985
0.0015118334763437236
-0.0008549564810851683
-0.0013793938146369868
0.0001481338140813302
-0.0012789428641951956
-0.00036004351609374494
-0.0016062591045468023
-0.0040528879607004305
-0.030234144733796486
-0.0028718903584942787
-0.0029789663560095326
0.0026533237928698804
-0.0010839089432222062
-0.0013579218882714017
0.0004193391163404347
-0.00032591486691678555
0.0004711611149254421
-0.0034324219488380946
0.0012819415942908977
-0.0005562586348096905
0.0005900825802458258
0.0009479282914355148
0.0001908702174027472
-0.0005357003968733993
0.0020798793545119395
-0.002109520701436172
-0.0012241032198281477
0.0003073820470588136
0.003202166386669821
-0.0010071736279525672
-0.0017309814176576432
0.0006442662343894629
-0.0017409653343476938
0.000325747390786001
0.0008721275668372419
-0.0008174677101188796
0.0031294209746995615
0.013174726105563611
0.024771225864033325
0.0005437673242408716
0.00020616170532151528
-0.0009321536068531615
0.0013938830500846633
-0.00021028917287191685
0.0008007788368420902
0.003272701007997931
-0.0007024542725644746
-0.0002955332023910946
0.0008772364484998323
0.00030155074843990503
0.0006288118170013534
0.0005222903408392093
0.0018869391974540627
-0.00012333294146975936
-0.00034287272775774
-0.0005924932487031208
-0.000722766178951363
-0.0008872995738598658
-0.0039034315076528396
0.0014609948262138783
-0.0013001559726815077
-0.0016941725107371898
0.0012662069719764572
-0.003347535371344733
0.0005217825847435704
0.004945930779073206
0.000935264994373998
0.02517012712866629
-0.0006228551169625908
-0.0009755425125214539
-0.0007073437340931123
-0.00010102846070570973
0.00012559327869214053
-0.00027408464089849146
0.0006717274522957902
-0.0031428674111595787
-0.00046277282229960674
0.0005414009705987866
0.0005311449011776659
-0.0003099995443590333
0.00016071421627385528
-0.001830613072899548
-0.0004774782602157375
-0.0003978680380471035
-0.0003288024433880433
-0.00010921447377760862
0.0006751102065103183
-0.0013819706234345314
-0.0004048137809442854
-0.0005010287153720381
-0.0005682846934880031
-0.0023864417065688408
0.005732415705748852
0.004768097159601197
0.022915877233056277
-0.000742446519669069
-0.00045416564171826563
0.0003136844711165031
0.0004924082378651028
0.000876865295993053
-0.0006526761517073086
-0.0012578540168551643
0.002710682249903369
-0.000727339367235342
0.0003103395338625242
-0.00022729698363045778
0.0005021045784191206
-0.00023492291291019417
-0.00013944664921627017
0.000769587444703766
-0.0014664068122764067
0.0006483570508587005
0.00037978585540212896
-0.00012095212327565149
0.00025337884811040164
-0.00012805677254944267
0.00039731455480413
-0.0003969382515582468
-0.00015719544806910493
0.001282113247885177
-0.0003449716406056441
-0.000577668968288083
-0.0007699152155831607
0.000315621142681557
0.0020984736379243926
-0.0212308530011919
-0.0062796933813779815
0.0013020886024639093
0.0014573490897692675
0.0010486401502877321
-0.0011404643599055811
0.0010322516892456019
-0.0006300051721632893
0.0006272065076280152
0.0007189443879692712
0.002722956652082441
0.000376121459138418
-0.00038709041502508595
0.0006194508158278532
-0.0014977098254702495
-0.00047320869921992054
-0.00027300301485758035
-0.00017156178039299768
-0.00023299697446391767
0.0013016318977894519
0.0003520166232361128
0.00020378105673795824
-0.0005407514446241443
0.00018613736738498667
-0.0004901782955414199
-0.0012590553721814237
0.00020390081761457234
-0.02036469916797491
-0.0008115081813986444
-0.0006940142688846483
-0.0019314323809805692
0.0005203711907995326
-0.00039799247533043745
-0.00022581252057440074
-0.0005325733876456433
-0.00017949154333809562
-0.0021752667359052316
-0.003205134290791213
0.0004896134635207263
-0.0007308247200262558
-0.0006214308574224748
0.0006383062393842296
-0.00026345096848827935
-0.00037067934598814857
-0.0013678323537671356
-0.00041493901575062066
-0.0003932832501383876
-0.00015751040067607248
-0.00023810772919910793
-0.0007488854137723739
-0.0007351504771529512
0.0007477784718024608
-0.00016117977198344338
0.00016379185555245355
-0.00017490218796694157
0.0004190533688140271
-0.0002512384538577034
-0.00019709624880814966
-0.0007395026265492185
0.0007383530752403857
-0.0011269816793431672
0.00011332967740647871
0.014709213540900823
0.011945645046388542
-0.0006446875251876051
-0.0002560075646060764
0.00046338405232555075
0.0005243703862254094
0.00018836842966865014
0.0003562113339095257
0.0011531431420030585
-0.0023901444942208087
0.0008894595722193968
-0.00022298337573221997
0.0009492068993259339
-0.0014892081985906295
-0.0009667505262702881
0.0017699580510321207
0.0008178451500358332
0.00029126311732328633
0.0013551053926807808
-0.00025737510839744104
-0.00011239734788562454
-0.00017029413547761627
0.000514267811950688
-0.000527039660079647
-0.00016656112386087072
0.0009763702392054894
-0.00015068963364941773
0.0004092389265924296
0.00039029836374914666
0.00013159190186658344
-0.00020069870354730133
-0.0001044297346818318
-0.0008884803430813284
0.0006496777362344736
0.00020794769676836354
-0.0017503274971380801
0.00441854815465585
-0.016982808629444793
0.0004164615519999642
-0.0003216589687214057
-0.0004123551159808701
0.00043602496611454456
-0.00010263876544085877
-0.0003229092319749597
0.0005404767458754418
-0.0024155943161583166
0.0003135383999436872
0.0004567927494368339
-0.00035009869818845206
0.00047107414308892383
-0.0009302742997728021
0.0002844832458817851
-0.0019460569832887727
-0.0011544750099630968
-0.0011727529606988597
0.0013645625826111843
0.00010356831789987256
0.0007097540013778433
-0.0004772226053852632
0.000889702744895019
0.0003322164542298967
0.00020647763524166702
-0.00030677515077262276
-0.0003630070867927648
0.00019602379989120455
-0.0010127630999286305
-0.00011886864537091563
-0.00010430651769673139
-0.0007174916922149145
-0.0008225252657175601
-0.0009505300498417709
-0.016148073451680855
-0.0023241158887734345
0.0014199795410104181
0.00022383681289447695
-0.00035450662547701625
0.0004449370750466301
0.00041742365019274696
-0.002264340354118594
0.00018507032451376071
0.0004788976766259529
-0.00040256645523743654
0.00013459524796113374
-0.00027079982669884817
0.000169953083636955
0.001349993823777389
0.00039217968546195064
-0.00047254261495593503
0.0005117111227771362
0.0005320669244729602
-0.00041951602324230986
0.0024086030940621453
0.0005164221245129581
0.0010220842628489903
0.00018676951322607626
-0.00026429248713075024
0.0003143759518186645
0.0002385967808213137
0.0006988072756080766
-0.00013669604870891034
0.00046326074483986156
-0.0005113741710580608
0.00048174614742459425
0.00047652053984407366
0.0009140877337715842
-0.0012401249373349128
-0.0006221272531991215
0.000693228715569555
-0.01522707459364801
0.00028880251291180467
0.0005669699999971529
0.0003801064500874546
-0.0005163447492221585
0.0009457054637066358
-0.0016912484691985169
-0.0007872297495052113
-0.00020123273699875152
0.0002663450257815164
0.0002824189384945932
-0.00011326143525267475
-0.0002566457834626974
0.001252430644226821
0.0003733685468107728
0.0002565272177192469
-0.00035663343602712475
-0.0001973211032220394
0.0003028224277434892
0.001337885977059168
0.001804786819378715
-0.0008766544162576621
-0.00032108320518341914
0.0013042740024585778
0.0002979456994899275
-0.0001692410983496794
0.0006845296788825949
0.00027730005012966666
-0.00029696566650768536
-0.000257929454339709
0.00045511275788261087
-0.0004937393105951559
0.00023952107916456523
-0.00011421543797212884
0.0007101140415339983
-0.0019447302373341992
-0.014174555329894391
0.00012866418733118286
0.0007449306935027941
0.00028563611168768035
0.0002869555181393696
-0.00021802556483288137
-0.0003793919737847656
0.00012001227986532666
0.001959450004330714
0.00040378886246776434
-0.0003573589608583095
-0.00024235934273680496
0.00016415100126976673
-0.0005212418573556627
0.0010842770381781872
-0.00016454203368205793
-0.0002325769024441114
0.00029384534291548305
0.00011315882955973948
-0.00016082316081748044
0.0008206514943682556
0.0004003815352869389
0.00010083525831476565
0.0001845111918926575
0.000184273899301826
0.0006024436188976917
-0.00016718595942268597
0.0003041243721361551
-0.0023030907300312688
0.0006544791543576148
0.0007243919883696011
-0.0003696226122809328
-0.0005257059078663563
-0.0006490862427959302
-0.0003621809404745212
-0.0007822989399171439
-0.00046958688805449515
0.005535525782910711
-0.012015514298526117
-0.0021703324024594404
0.00026384835775962554
0.0003173640358903895
-0.00010690400093088545
-0.00016200162409292238
0.00015478129576000475
-0.0018682723480980044
0.00025907725787324785
0.0003502267529950554
0.000195758591681537
0.00022399749933726788
-0.00027277576867908604
0.000183061582500326
-0.000357967145275445
0.0010270241176171774
-0.00014549434762969893
-0.0001814813258469751
-0.00011503176213500921
-0.0001670258640902421
0.0008230741870382543
0.00038828180276896895
0.00021141189923293082
0.0002661135748655595
-0.0006916048723503301
0.000800062509217621
-0.00032044682646364345
0.0014356164669473974
-0.00028676647846417137
0.0015868218266569844
-0.0006609349931633085
0.0008940430793332482
-0.0002931264629583358
-0.00013811401403440244
-0.0016394993461044142
-0.002001737956788604
0.003094033902239938
-0.011934926573180024
0.0003684223942949813
-0.0003949865667136634
-0.0002505285833731292
-0.00018766484748974517
0.00013622931927519927
0.0016701030528037317
0.0006858961605244696
0.00022348825531059923
-0.00033712847299035713
-0.00015850834196728066
-0.00012645949551418412
0.00011956880916143098
0.0010028508031891497
-0.00011298595950653906
-0.00019653643125715784
0.00035769300766301185
-0.000694434559658851
0.0002895909895604912
-0.00017148156271618392
-0.000255340233730936
-0.00021648956474279928
0.0004407165867204785
0.0004132580681018561
-0.0001547994466446046
0.00017810496959861838
-0.00028573186560923545
0.00011777598219053236
-0.0001777638106677022
-0.0002732272006560814
0.000600402630071141
0.0006463436473356004
-0.0017134905930269511
0.0015491663581727938
0.00036411426246781253
0.0008722907067581661
0.0034337522678385933
0.01108994816585859
-0.001954369669458117
0.0009672509753149974
0.00030655392710497844
-0.00025899136555620697
0.00014663921000818888
-0.00032281848219799583
-0.00030962505894100627
-0.001647927516287281
-0.00016430742366849754
-0.00035360351808310926
0.00013878214894046464
-0.0002493268243675133
0.0009059936353991417
-0.00022198217473884006
0.00013371957301592404
0.00011520941810490453
0.00012960914993543032
0.00034861905271840824
0.0001469483652413463
-0.0006888709352415573
0.0001816645741287831
-0.0001698539851765634
-0.0005433314277769896
-0.0001361121718791275
0.00014399568506989028
-0.00011285617945855497
0.00011883080249284965
-0.00032715504052257177
-0.00046639760437107463
0.00017301476239707834
0.00031203017702409805
0.0009647745344768423
-0.00037840246432124016
0.001262209419063823
0.0003173075152458749
0.002294687191563152
-0.0011163483594023242
-0.010977062530699506
0.0005232454030427864
0.00012937795864081993
0.0002753878809658644
-0.00018350960852207504
-0.0015934868532671914
-0.00020867219247286214
-0.00016935670654363096
-0.00022402105927592445
-0.0001472990657479325
0.00011602613786529965
-0.0008527301720414939
0.0003542896832144555
-0.00013976676534324705
-0.0003836021868080227
0.0006211965102396124
-0.00019882136651118933
0.0001242585387205964
0.0005301542928960614
-0.00030052157104675577
-0.000163956897125192
-0.0003178459923616585
0.000284510190960297
-0.00020569667071940905
-0.00011842292461751103
-0.00023631863032165542
-0.00010955381827627802
0.00022948436732840414
0.00010233548484422757
0.0005882761342257564
0.0014521289364179699
-0.010591157888558331
-0.0010944788400387255
0.00016822598382005505
-0.00017519042648124462
0.00031242880482085147
-0.0006898049803687199
0.0013691228906167784
0.00017058971172619595
0.00020191265186491684
-0.0008642419627209499
0.00015938432794506544
0.00014894525630219251
-0.0002511341020621896
0.00017902956880210655
-0.00021499510582807135
-0.0005812628116530382
0.0004989525898055889
-0.00016784867614322844
0.0002651752568444623
0.00012074234662289689
-0.0002304224059686713
0.00040614909634471803
0.0004495732404624838
-0.00011519714760080631
0.0003835127958089755
0.010047346276395887
-0.00010040889831389265
-0.0010756896803495186
-0.0009498395082493854
-0.0004342118394522362
0.0003725123743683817
0.00047393167089971005
-0.00030200409930554944
0.0013780400744125834
0.00017369918596570305
0.00021209974339408922
-0.0006885177873447307
-0.00040701386564703156
-0.00028384482913504697
0.00012133107475609679
-0.0004891562760829412
-0.0003097756766233057
0.00012498386213476568
0.00013690386391682926
0.0001294462298327747
0.00048242241970139564
-0.0002443518161682351
0.00017741994150805176
0.0003882233091082255
-0.00038821260144462384
0.00017968932884024263
-0.00023221654783681656
-0.00010710541100676895
0.009444474444696352
0.000930164418461135
0.00016290601485467466
0.0004885185781099792
-0.00015898556834469116
-0.00028987352582949936
0.0006481612859893977
0.001433148017168403
0.0013167402779492895
0.0001739318543182435
0.00017770633473083322
0.000175507183007397
0.00012299712444223325
-0.0007722489216558366
-0.00023418204540844042
0.0005412035593819256
0.00020327045383542204
-0.00011316134324313851
-0.0002888281057976136
0.0004305784726094406
-0.00012264363538113084
-0.0002123394737056715
0.0002897508172111184
0.00011280509744968957
0.00020300025261033158
0.0003645801838190234
-0.0001524387567075284
-0.00020217908119059548
-0.0019487336224401183
0.008729292041784194
-0.0007239153515954716
-0.0002260840269910418
-0.0001344565418061279
0.00028834563868799124
-0.0003335118058798185
0.0002462729857961939
0.0014490942127171635
0.0001252670311835579
-0.0004058620595316129
0.0011805633279395912
0.0005893003328447052
-0.0004682955772878108
0.00010266897865350066
-0.0003206268603514533
0.0007111356580123999
-0.00013875984462590482
0.0005304276641811584
0.00011059436896154906
0.00010346594268424234
0.0002474417743687929
0.0004156190800801962
0.0003507381550338051
-0.0001270057649578913
-0.00022481671865848192
0.00034384832715149443
-0.00016776935514971108
0.00016717466544811615
-0.000280431357360587
-0.0005710658664254562
-0.008471948877636689
-0.00032325691936796203
-0.00010607789403288733
-0.0003688351592678082
-0.00019480450403159825
-0.00018330274700501317
0.0001278251949087271
0.0012870025626006865
-0.0004729653188057366
0.0009813124593908349
0.00010831497743534338
-0.0009688845986050977
-0.000428170750424432
0.0004264137412240866
-0.00038183340927342455
0.0006092670303122807
0.00026302179394463524
-0.0004466081685966417
-0.00012697797229949936
0.00018919370255124905
-0.00012314361223365717
0.0003931773301972513
0.00013841847688885324
0.0003149359575575116
-0.0002176895373104793
-0.00012831514624849557
0.0003305184842372366
-0.00014990373091900805
-0.0003024376816484891
-0.008063244221425982
-0.0003041778474499228
0.00012406952171899015
-0.00019585606783410024
0.0001451235295542648
-0.001246703742514706
0.00013675303367186823
0.0001818937964731962
0.0001063285052143783
-0.00039960905424596106
0.00023805026994281142
-0.0001276799689668643
0.0004667205641660027
-0.000816460584132241
-0.0011133658140157435
0.0005920071811285681
-0.00017408051878684786
-0.00019808430400792513
-0.00014009348711071642
0.00012647151748401448
0.00011642702433997237
0.00047023299510339054
-0.00021041551700433573
-0.0003675372785315409
0.00012503359753864482
0.00011047967389112859
-0.00029138410380291256
-0.00022454273516720898
0.00030324104074493677
-0.0004229193994111372
0.007664796331864671
0.00016772270446594647
0.00010663401857929828
-0.0011567720270187953
-0.00024128003485546752
0.00011813253959018952
0.0001374046307392838
-0.00031580268744931173
0.00017121251308906376
0.0001900341587778133
-0.000719990597245991
0.00044916638168890686
-0.0008805841256314835
-0.00023281549980500352
0.0008265213686673897
-0.00039094050989269273
0.0003871691487096164
-0.00044968059913328264
-0.00019158335414837208
0.00010920999812151617
-0.0003600271261434927
-0.00010168942711012732
-0.00027216618261834954
-0.00010283273834910045
0.00018707812870171514
0.0002824072009237959
0.00010696594893181464
-0.00029463604001176027
-0.00022821874053349168
-0.007291008776192447
0.0001272335867310673
-0.0001655477398159402
0.00010976741176160239
0.00010908041586092712
-0.00017958937092021427
-0.0011175167774554098
-0.00019932349425733504
0.00015509233229074834
-0.00015259069864366015
-0.0005525242632517616
-0.00039863961649328416
0.0002652201050838348
0.00011047944894373708
0.0003361201367378331
-0.00016221479840708224
-0.0013169124328563122
-0.00027154041890006976
0.00012992270494497333
-0.0003862210127769007
0.0001759601143045538
0.000169382466824573
-0.00029299527061043163
-0.00010278782323914823
0.00017283250163148764
0.0002840388846141168
0.0002447143407574673
-0.00010610002548167726
-0.00010497126590709618
-0.00017067345951090118
-0.0002930663802185155
0.00011998173181096487
0.006942497843449165
0.00010056179954359834
0.00011198768764370146
0.00013852002572012763
0.0002154615630618253
0.00026429718687262396
-0.0010535360551197361
0.00014388520185142922
-0.00014857579288441307
-0.00010583786931701752
-0.000618061759009664
-0.00013504463364695561
-0.00018635616636831687
-0.0001641768787385296
0.0001291679657684454
-0.0001490020664819092
0.0003269141090953892
0.000491240251744173
0.0005826503879114299
0.0007349904306788792
0.0007791645500768643
-0.00028210744839605404
0.0001790864661498963
0.0001857692272363261
-0.00017787603116604982
0.0001705255198039043
0.00029763609887880423
-0.00010036708854749026
0.00016388152524803295
-0.00025841351642022747
0.0002452462079450906
-0.00012745103622314175
-0.00022118564219766965
0.00012016461635932264
0.00021305767299780224
-0.006463890674400341
0.0013796068456001637
0.00022820674863936632
-0.00034645259090659673
-0.0002086410037620071
0.0010035998810904011
0.00010083015124158457
0.00014214110677301342
-0.0001649754279816958
-0.00010981788969766474
-0.0005784184668662018
-0.0001780338538710145
-0.00013952264630151694
0.00020827846809925288
-0.00012739680762071827
0.00043782672408040484
-0.000258701340427732
0.00029469968933802383
-0.00024834471474765327
-0.0006125116878994674
0.000505312487348068
0.0009580780048416088
0.0002626332422966137
-0.00012352383992263654
0.00024871338185267076
0.00023812951264422976
0.00015051643288409495
0.00023892548813430063
-0.00011072701161540547
0.006060679574364522
0.0017735517546772855
0.0001977959787483156
0.00013545276704858265
0.00010628795690310574
0.00019464386173916637
-0.00012915648868732719
0.0009698117235681091
0.00010929993468271195
-0.0002622805868607912
-0.0005055800229860072
0.00019441218189777073
-0.00011397809313594415
0.0004209265366723792
0.00011368871564528991
-0.000265306775148384
-0.0001338535396042052
0.00022174841624614296
-0.0008486725382162986
-0.0007883551312022438
0.0002635575808235693
-0.0004160714031380479
0.0001310644428786363
-0.00024179610659250374
0.00022316833935902367
0.00013792063850378314
-0.00022237982255287735
-0.00029299563145476786
0.00602755075029813
0.00015517570233434638
0.00012438661862183096
0.00010270866375507256
-0.00010960179145332525
-0.0009012489311317889
0.0002131941390240535
-0.000537666514837566
0.00018661499908337326
-0.00011837755989807285
0.00030844202472128657
-0.00023878858654987812
0.0001771142604538598
0.00010593902730119905
-0.00015733745777535624
-0.00034535410112137183
-0.00027525263677275017
-0.0003434147058248422
-0.0004213884956128541
-0.000242959360477713
0.00036180496605063247
-0.0008282700564613898
0.00048191185797769357
0.0002195218139568395
0.00021507659096729382
-0.00011963860641876919
-0.00020886724076032057
-0.00011181116007309435
0.00031684419659931175
0.0005351544432876359
-0.005728734851246894
-0.00017256382376440194
0.00024116988623651607
0.0008791278181365744
0.00010026901786662013
-0.0001627345084695842
0.0005155671323078871
-0.0001132483301066446
-0.00021024984104564204
-0.0003267306044417368
-0.00018987218445496232
-0.0003162018062904089
0.0001141951713393581
0.00012181742522117587
-0.00028394788613627904
-0.00020512368666772695
0.0008690132628529568
0.0006904727776283309
-0.0001337118300711267
0.00029108010805465635
0.000197396404724671
0.00010281101791915484
-0.0001936872973846278
-0.0004592559466748903
0.005494146365671628
-0.000183275550948432
-0.0007954871073185855
0.00028162796122703835
-0.00010379895002677402
-0.00015606464169884784
-0.0004947267684090488
-0.00012812800941838686
-0.0003531671370134937
-0.0001490873441595207
-0.0001174754762684687
0.00030234519645298255
0.00010285546707788156
-0.00018590580569800554
-0.00029302792414197254
-0.00013400777427180838
-0.0002434659969891346
-0.0004283110568785059
0.0009715073810871356
0.0002678528149839489
0.000124326977070968
0.00020505275160101428
0.00018424814256473321
0.00017224348057418893
0.005267359131900685
-0.0001892663677343593
0.00012383867614407503
-0.00015370565046836748
-0.0007735323929148471
0.00026088840611288895
-0.00014528522597411726
-0.00045510225451327225
-0.0001387281327864966
0.00011834094007208949
0.00031772689057086776
0.0001425460673880765
0.00013135273080200382
-0.00024387321083268746
-0.00014825427323041335
0.0001034518716155489
-0.00021351445830920218
0.0002613054630354615
-0.00019681787159746237
-0.0004056226620039296
-0.0008564184559523806
-0.0002823222457435563
-0.00033882336790660035
-0.00030985798663465833
0.0002780605632086569
0.00014332847576201024
0.00011847940751701888
-0.00015404846150702698
0.00016158202608699784
-0.0013858291004468018
0.0038506584690920042
0.0029450283446329556
0.00022459407591924937
-0.0007631409045013192
0.00016188349469627356
0.0004426798155662492
-0.00014101695977004734
-0.0003247685642287278
0.00010663224236380386
0.00015817326077916625
-0.00026981071589458113
0.00010510389610403506
-0.00017380605947796773
0.00023674905178953768
-0.00018973085446694245
-0.0003382395569579202
-0.00017263703353107107
0.00011471913144045947
-0.00012753711347043167
-0.0005079422092854901
-0.0004191536593476072
-0.0005593291249176768
-0.00047153364286862807
-0.00032240563258657937
0.00013058462728577933
-0.00012511442942176806
-0.00016349109538826362
-0.00011583132877394814
0.00010120458004705886
-0.00020151198988259777
-0.00020742104095381928
0.00013423747558237095
-0.0009233821601484901
0.004726236597075175
0.00016131907933512041
-0.00010283217917538939
-0.00021401724042035763
-0.000667641089540916
-0.000126257799071669
-0.00021279649838738986
0.00018205351758293262
-0.0004344228457411274
-0.00023511913020696727
0.0001930705759338674
0.0002385264914815996
0.00023242679416028282
-0.00013843719300670439
-0.00011281337950061509
0.0001645403537191429
0.0002240618906665336
0.00016619168108140487
-0.00018594865284797264
-0.0001562968262596079
-0.0001348839002367875
0.0002615420999801777
-0.0008414282718517256
-0.00018040098786117125
0.00013993881089562906
0.00030445662749196674
-0.0002555235313292189
0.00032491331453858574
-0.00032090682723262456
-0.00011183762768420986
0.00011367668863437946
-0.00010971312202612882
-0.0002667399797905495
0.00038327422655199783
0.004573245108775003
-0.000336311419436528
0.00016903768872053986
0.00011297170249986354
-0.0001200332912545712
0.00020867688985243098
0.0007137043470613144
-0.00014378301423641817
-0.00011522648134288665
-0.0003414563654194214
0.00024233597183778932
0.00010091223568097442
-0.0001707733992306306
0.00026412887881923275
0.0002429657204806234
0.00021842914731165142
0.0001662316507584898
0.00012411099022889812
-0.00011918452810463892
0.00010852161406397366
0.00019905111692315115
0.00010608105203625362
-0.00021484656134447918
-0.00027558141531391884
0.0003008416231459592
-0.0002830081558741506
-0.00011661592110761154
-0.0004621490324930045
0.0002227334360666185
-0.000291232322715097
-0.0003638613641964991
0.00027493758516361846
0.0004883942738238947
-0.00025485720158808486
-0.00022089286541527567
0.00011667401230325366
-0.00015634368072936248
0.0001419666686056506
-0.00014184694843050335
0.0001326298506242072
-0.00029492470799306376
0.0002416623360482212
0.0004838273751123005
-0.000735001286474192
0.003507804125626007
0.0012291971493701907
-0.0016446020305317041
0.0013230838817775664
0.0004258996000051452
0.00013535402399370242
0.00016891244166361856
0.0001555820266140624
-0.00048058972981395446
0.00024346325389001152
-0.00022078275197645117
0.0003346509661848569
0.0001534953417090853
-0.00023573319479260844
-0.00015553763957309994
0.0002902567672549642
0.00030008267582914494
0.000276130895676968
-0.00018114991574608055
-0.00029072977983676
-0.0001402153108753433
0.00022874643842789162
-0.00027672012586550323
0.00010694785471339471
0.00033900867224181773
0.00015043961878119196
-0.000163709244841631
-0.0001196201498988242
0.00034932057268099087
-0.0001658584007282823
0.00015839384941348857
0.0002864652586530525
-0.0003573904718717743
-0.00020120466919103106
-0.00017448429007558536
-0.00018574487052713202
0.00015118064373370677
-0.00012012091806957226
-0.00010417028913938819
-0.00019512444134055657
-0.0006306268233115187
0.0004571180362314147
0.0001794143799577725
0.00025634244148275314
0.00042131412848463086
-0.00012092890518550364
-0.00020067117451554237
0.00024025704404117805
0.00041400114495185255
0.0009076147374332271
-0.0005849539646510098
0.0030232134304537615
-0.0021749961364567207
0.0011944312453686437
-0.0003793351222730199
-0.00021257847935174102
-0.000328246050475941
0.0004082045554440827
0.0007874762737596332
-0.0006458417927300746
-0.00026620287877048964
0.00024051200361700773
-0.00054230803904941
-0.00011568280364510613
-0.00034595974538451763
0.00018500637670929243
0.00024209916693676084
0.00020423765428356989
0.00017117219315439358
0.00018672091530486985
0.00016873040058706758
-0.00016197811037638456
0.00013219927252700305
-0.00021106668986001448
0.0002858837788407471
0.00026086009759761295
-0.00014961284656462583
-0.00013698793125227807
0.0002304605493641322
-0.00010822134835054285
-0.00037621227775170603
-0.00012873295184336053
0.00024607806490506564
-0.00026460101858125784
-0.00019200887864016239
-0.00023446501761049913
-0.00017009466988830265
-0.00039813499495985715
-0.0005112215658411204
0.00023092413867197223
-0.0005146730704647718
0.0005285629161843828
0.0006324761702987512
-0.00010241114795238777
-0.0004106890477725585
0.00034010224156213526
0.0008364735843559351
-0.00018488314841352173
-0.0005366970710017166
-0.0004443003462749374
0.00035813019527688837
-0.0002867489778360908
0.002495816486204061
-0.0005393287032262687
0.0020916029737928204
-0.000663735554741745
-0.0010250381438985645
0.0005729484523806293
0.0009993841088118103
0.00022549977413575747
0.00020842767606501982
0.0005305009991713218
-0.00011639136602663721
-0.00042782150569061823
0.0002494152121162054
-0.00010133875308364956
0.0003881874535421354
-0.0001023106006936792
0.0003995410643460654
-0.0004517184251850789
0.0002197262922100413
-0.0001409621835828533
-0.00022527903224309637
-0.0001792697518356124
0.00024519843233872853
0.0002599917850928502
0.00018156595954330824
-0.00016423106024373736
0.0003586969151070009
0.00012954380218910646
-0.00019453162920931045
0.00010259709351137694
0.0002395944376114863
0.0003615872191185047
0.00016264187003238987
0.000143707406663731
-0.00024350776177755034
-0.0002073907493578378
-0.0001498358150323747
-0.0002176998514769249
-0.00011975803371922338
0.0004302390991177649
0.0007935098821754905
0.00034360613104857053
0.00010925159641286232
0.00029782413161795696
-0.000624947208631348
0.0004092912692643198
0.0003874261720192601
-0.0003429512552619482
0.0006522531370673709
-0.0009523386665758785
-0.0008805918850689489
0.0003380718581368819
0.000586174345524842
-0.000712311019830483
-0.00018508104874262812
0.00018426231469650142
-0.0006284242395183375
-0.0002710692746618741
-0.0021536375459967846
0.00022408091337586846
0.0008089837673666458
0.0011480228932282499
-0.000201335604772152
-0.0012501713460674792
-0.00032168327667504075
0.00039431491415038386
-0.0003916599041059861
0.00015769366774234035
-0.0004971355527012548
0.00013611459338551158
0.0007289647197934654
0.0002248451094241702
0.0002585672717054859
0.0001732442523218166
-0.00011582843549212559
0.00014389274614595547
0.0001344559174121067
0.0005997576667356734
-0.00019466600097424274
-0.00020720772768758597
0.0002589830922210598
-0.00013025169098796296
0.0005135472097714417
0.00012841881526762608
0.00027804772187592066
0.0002291533941661727
-0.00018763331294342704
0.00020978813190748676
-0.000141769460195514
-0.0005741698884804852
0.00021971081150056577
-0.0001708247934034382
0.00017533853244832911
-0.0001825743188913718
0.00012453892992709347
0.00020225261797105547
-0.00015255797592785518
-0.00025353602799288433
0.00013062583272643993
-0.00018913213089554777
-0.00034229720943124636
-0.00014214042109622944
0.00011249597889229242
-0.0003122570761127416
-0.00036319923981225185
-0.0005044701514442617
0.00024068053769327714
-0.00042120022725055094
-0.00013369818076417448
0.000649306159259042
0.00021873685391825935
-0.00011474926861523312
0.00014808344305497563
0.000433281462558511
-0.0005788877055650953
0.0004332981642188336
0.00022941974691027757
-0.0004912988299753303
0.0004062319038138654
-0.00019383616936821896
0.0002921508763103876
0.00036578347285139596
0.0021761591144196734
-0.0001345133214108176
0.0008716443904680254
0.0006368925095472083
0.0014752956900901699
-0.0005236100193158959
0.0005320758477504134
-0.0001132042761920578
-0.000871291935070701
-0.0003292107856115084
-0.0004199771303728854
-0.00042494998523361245
-0.0002026991019780648
0.0003555511178830555
0.0005612037256950737
-0.0007891202149340648
-0.00012813997930389065
-0.00018984114005438487
0.00028332113633587126
0.0006952236673069505
-0.00013047172103709608
0.0004002060881841855
-0.00038534874267600905
-0.00040755382790918273
0.0004623357464925051
0.0002841520195890559
-0.0003682273696815404
-0.00010816476187257862
-0.00015867197285172977
0.00018580463016013121
-0.000257828428137677
0.00028853548837994865
0.00010836560514784367
0.00013593077882131173
-0.00011133048833164084
0.0006174228217468643
-0.00011570679902248729
0.00024136302608145796
0.00017981950211771626
-0.00027172378890115385
0.00038689014462647646
-0.00036959472320176827
-0.000181737205821531
0.0002925489468832201
-0.0002406644690868712
0.0005553749972742792
0.00011537604267691829
0.00028961968439862194
0.00044652282692491795
0.00010801987088735279
0.00041195635948957764
0.00013416082074120075
0.0005606791654901629
0.00025244312362218577
-0.00020889296572653465
-0.0007793061982031451
0.0010250402741219147
-0.000399436816485136
-0.0011528062489054912
-0.0007865670907806012
-0.0007073438249211232
-0.00013349774958515035
0.0012243505362327554
0.00038180018489435765
-0.001054112449307676
0.0001023320472341764
0.0012726073403834077
0.00011281042939374735
-0.00011492215854778042
0.0007904918518983937
0.0002833334591938195
-0.0003824753824960059
-0.0007499038653646451
0.00013140044407526714
-0.0005487532553321545
-0.00010575161606018961
-0.00032270602120226024
0.0005267778273506502
0.00012505255487941746
-0.000350922502210048
-0.0007251583309894007
-0.0003614097517586304
0.00044613340499475353
0.00027639634840466166
-0.00014531738023468155
-0.000335724638824094
0.0002721483017221895
0.0005175926821988633
0.00027058759817208145
0.000386781741369248
0.00018005646245985776
-0.00016616522538383526
-0.00016112240718381792
0.00015005856198414724
-0.00016380529967607548
0.0003495934233459051
0.00013357496240234019
-0.0002955080444032396
-0.0003969535607184121
0.00027447131039438406
0.0001231206789061576
0.0001256201742511266
-0.00015997362593429457
-0.0002682483162744207
-0.0002689864517198051
-0.00016741268284275546
-0.0002701348208819223
0.00017295310525556262
0.0004711655451663151
0.00016605411321479152
0.0001011403346319582
0.0008095982334411468
-0.0005447827701437113
0.0001812604209217127
0.00021279205103791367
0.0003247385905570053
0.00014746710274286275
0.0008244454189132202
0.000714841142826417
-0.00022219417212815642
-0.0002055093213648413
-0.0009108436401861995
-0.00017405879370822582
-0.0006025373227338434
-0.002111276081766772
0.00018469998277596323
-0.00015634416252813778
-0.0004909429298570001
-0.00022720652736766243
-0.0002448521627665549
-0.0002372309425599812
0.0005228023540896293
-0.00014964279328333907
-0.00028199120404886503
0.00022282477627296474
-0.000986442202746493
0.0012028754867745592
0.00025096979921904286
0.0001288913065535247
0.0003058222961109495
0.00015580257354454833
-0.00016207343391036263
-0.0004070513453943481
0.00018740964931998995
-0.0004394299184322207
-0.00023628160932494268
-0.0001164570098530067
-0.0002649649737671989
-0.00015420517736090727
0.0003595236026549226
-0.00014999388887463328
0.000223829266248334
-0.00013823353275072003
-0.0001354359061426454
-0.0002689363897420055
-0.00042871811191895975
0.0001888372738890413
-0.00013937391832558293
0.00022658439065865557
-0.00026325530154955453
0.00028359536821589504
0.0001647818413896497
0.0003498311186216679
-0.00012956469600535652
-0.00022690819608012848
-0.0005848663283569704
-0.000293323821941237
0.00023671855403122646
0.00019600692577880256
0.0004042506784711754
-0.00016581684030920004
0.00015609878141708574
0.00022316534749195098
0.00034044543579134207
0.00088031049434632
0.0005141946213114722
0.0005032431186674369
-0.0002520475981350823
0.0005559135155543503
0.0006588605533402172
0.00025166714537660443
0.00024221397273632613
-0.00041082835843611013
-0.00022616743982676726
-0.00031925401557739624
-0.0005838165864820335
-0.00018982256865107664
0.0009175371491132086
0.0014162069025763064
0.0015178036003186098
0.00021061285939052258
-0.00010857918005172995
-0.0007274876787153524
-0.0003541199344197919
0.000324825041809487
0.00019824464835745576
0.0001752660819592657
0.0010315581340182792
0.00024496260319154217
-0.00015475443439089806
-0.00020958951839452554
-0.00027503842195387014
0.0006571474235902429
-0.00018180252552023484
0.00014451339706615036
0.00010447573776369243
0.0001583461964943594
0.00014305996571776635
-0.00010102798543423655
-0.00018322454927626003
0.0002217704256345191
0.00028184082223621016
-0.0003325957699918759
0.00023508319090587477
-0.0001467395328806502
0.000318180691974392
0.00012102218179009105
0.0001228699321742097
-0.0003854997098494987
-0.00020535033257853587
-0.00019835837945947766
0.00022743507139840987
0.0003197748421522603
0.00015356856590337934
-0.00015879073654574563
-0.00017117093980750683
-0.00011334191690843545
-0.000475812800761532
-0.00021048201604133567
0.00036570776606491636
-0.0002291947826600422
0.0005722126738020638
-0.000392030450492649
0.00013020565509730807
0.000186380561576773
-0.0002485450383161863
-0.00011189781293423383
0.00010488780203538507
-0.00011567462227065477
-0.0002563383102661268
0.0005934574081785906
-0.0013370415124807032
-0.000427455156663847
0.0005647533866458236
0.0002794559996091388
0.0010311357780616974
0.00020425724525921867
0.0003993376255526047
-0.0005007667527446971
-0.0011568520714488515
0.0003501330891777635
0.0008932005277675272
0.0006334384357367692
0.00030812734027028466
-0.0001333783668028302
0.0009139606158226241
-0.0004679408612078251
0.0003249598172585775
-0.0004311377137202895
-0.00020317549386099552
-0.0005555083576068141
0.0003415421325981663
0.00011396715622525857
-0.0005229503730965417
0.0003187404414805692
-0.0003514783524302427
-0.00014157979641968543
0.000189806725412585
-0.00021011152943139298
-0.0003113335350624989
0.00024765375706147457
-0.00017677511748802324
-0.0002636819481303117
0.0003251059355076106
0.00027687522065028314
0.00010799437242522371
0.00012314062692685902
0.0002415532563127676
0.0003914309674666765
-0.00017673939648776927
0.0001575894478837347
0.00034510171954561
-0.00021589460614350402
-0.0001148915740964271
-0.00010960270772470885
-0.00014998879871166396
-0.0003278807715399704
0.00018014920974387006
-0.00015279066472766119
-0.00021801413296183744
-0.00013836451146030554
-0.0004751825226718807
0.00016840315709851523
0.0002465457207784888
0.00012475891431422474
0.00016765795215107016
0.00032435851242615903
-0.0004257970463929903
0.00011032945753917669
-0.0005223682973375618
-0.0005228115901376851
0.00010529050817392695
-0.00028661395146341474
0.00049674249386303
-0.000378845068080179
0.00038809460687759604
0.0001751407175753464
0.0018583429703972038
-0.00041319498763703317
-0.00011745593473632878
0.00034795093791776833
-0.0011687841583856696
-0.0011076175244886205
-0.0007494927760906447
0.0004719584715159011
-0.00023024371461753896
-0.00022564350180260596
-0.0002462940683227196
-0.0006229636060749461
-0.00010233082214002409
0.00032370562907137694
-0.0001462720431793094
-0.0004701130136562641
-0.00014655603618263054
0.0001424840992892058
0.00021474806845859864
0.00037074350379677956
-0.00022684198778719837
0.00011576616287511308
0.00014642884222306122
-0.00013663622665793776
0.0001144613919341678
0.00014453415453592533
-0.00028918541585824906
0.00018938598629042808
0.00016580965480456186
0.0002521261283969093
-0.00010660266482822624
0.0001660629413561469
-0.0004855744242820604
-0.00012089805544169469
0.00012319852945994484
0.0002635127656486146
-0.0002212526287959887
0.00047196620971344874
-0.00015589067166795815
0.0006586555681673517
0.00010861733123693608
-0.00011176600998414308
-0.0001077395135261952
-0.0001113122284224279
-0.00010385018403183482
-0.00044615067398240263
0.0006556999174984413
0.00012219804033728894
-0.0006372409899497602
-0.0001051143576312788
0.0020315939164686435
-0.0001220879579700558
0.00030002260464798017
-0.0006522661855059248
0.0007954669283778328
0.0011792884707620486
-0.00017782098714137602
0.00011721332931392466
-0.00036151504597651987
-0.00010910116966296981
0.00035282029698292236
-0.00016956088299361106
0.0001917003877980951
-0.00011310234387017322
0.00014188094179885208
0.00046983682831002745
0.0004162428011320489
-0.0004348086543823205
0.00023963344079816026
0.00012721581352869438
-0.00014761635041561383
-0.0003361994325449649
-0.00015826714229827938
-0.00018894240868011836
-0.0002893473841083341
-0.00014530883401374172
-0.0002075032959638705
0.00021291860723683832
-0.00024351718192472835
-0.0001343985559727585
-0.00010383996848201856
-0.00012099341821012115
-0.00017374549993701268
0.00022011633185552076
-0.0020707797636408264
-0.0007503100950090824
-0.0013168876145415573
-0.00010437788826501347
0.00018637989848396824
0.0004962336174290491
0.00034830441896559536
0.0002487204539094551
0.00025220933120534346
0.0002955734132229882
-0.0002458204819289608
0.00011853656464579596
0.00017366280949910918
0.00012705673148841214
0.00016299849916302943
0.00026289047275814844
-0.0002242442004332229
-0.00032267264992731756
-0.0008684856869677948
0.0002828175734497758
0.00022458295094167894
0.00011432983167137616
-0.00011987667826949005
-0.00014298322712389555
0.0002487453787111497
-0.00014886896533596757
-0.00020420675140957726
0.00016446153108801078
-0.0020627048323926898
0.00011639339572927969
-0.00032628307664376584
-0.0005702473884343088
0.00018720578455951186
0.00010486821023177794
0.00019219705068151174
0.00011313559190161836
0.00015956608999878185
0.00019910761530440076
0.00011543228701565908
-0.00018613349919882914
-0.00012736513464930665
-0.00016558450508979332
0.00027825482496237475
-0.0001436093197434539
0.00025406165051648034
-0.00046767681626544856
0.000351487955979238
-0.0002500052198705216
0.00016046117479713982
0.00011406686325991474
0.00010647289543402992
-0.0001428218011158622
0.0010217481375321526
-0.00044297505123344096
-0.00010594301495791452
-0.00016858564570470413
-0.00010194131986005946
0.0004334119445952056
0.00011047532452684894
0.001794910320963461
0.0006316485617620665
-0.0005824572613440977
0.00024662154050712846
0.00011979450413822537
0.00010271634510437248
0.00011588532973339375
0.00025898743028831455
-0.00018336313411426055
0.00013203800995615817
-0.00011563455843312198
-0.0001235826493801055
0.00011718276965622832
0.0001124487770246654
0.0001208998784015279
0.0001277011826261166
0.00010544953639136127
0.00010595922959467612
0.0001083207644998783
-0.00012989562133583105
0.00010666830577475006
-0.00012869096281436585
-0.00012317301223209432
0.00013644961041715922
-0.00011546425315600892
-0.00013455480766324095
0.0001432420814342515
-0.00014797006938517505
0.0001438729546868365
0.00010803683173831054
0.00014414176137202115
0.00013033506806899036
0.00010140097787453804
-0.00013826161527012446
-0.00012960250953699304
0.00012992503472049582
-0.0001265230517802297
0.00014862025464082397
-0.00013980687683085176
0.0001436646564081774
0.00014873734544251503
-0.00010395088461781083
-0.00010625355675894688
-0.0001553076517169991
-0.00013359485281110077
-0.00014990768970283143
0.0001423869000497107
0.0001162027731353673
-0.000142194882434528
0.0001616509771818218
-0.00015620102927343604
0.00016100226062531637
-0.00010903401494503847
0.00012787139955606862
0.0001391452064631168
0.00014722550522091674
-0.00010774056428107431
-0.00018764697123815037
-0.00012893785031709216
0.00010908724164470775
0.0001009385885529663
-0.00012877595780193645
-0.0001790188969047688
0.00011718565952639233
-0.0001172625201838312
-0.00016301739535411097
-0.00014008317881017998
0.00012641840994494788
0.00011709787830642427
0.00017080257133341296
0.00017106139327191576
-0.00010720498602570623
-0.00018485408025922947
-0.00015899677489267401
-0.00012331608882055353
0.00010143353544470874
-0.00012019980080921918
-0.0001850442626916487
0.000176995322170012
-0.00010687623633797149
-0.00027121797741944744
0.00010160297173447096
0.0002837192931113453
-0.00010904421596320638
0.0003197886631049081
0.00033841547060028954
-0.00035926752416915375
-0.0003690639697612358
0.0003735631231299411
-0.0002796920679013725
