-0.2797532092667505
-0.5861119631034731
-0.17390209754930616
-0.10709591734411761
0.077938441781835
-0.060024915677257124
0.049603816844357544
0.048068590085617945
-0.045200438014135993
0.04229293590625407
-0.4530336784688588
0.3106338614847805
0.04672060994271933
0.19572609459294005
0.19430573887925096
0.07694921790816035
-0.09592395777401554
-0.1090758582027878
0.09598115321359117
-0.03804973024813982
-0.06470906908005084
-0.05618981684892086
0.10490482184251501
0.05446702936581391
0.007734754969645385
0.045934833065669416
-0.052647867314223676
-0.08427955556329234
-0.023150215674765228
0.028254282983182152
-0.03051801198329763
0.001682262949809231
0.010561979270835938
-0.07466963797992415
0.05724298612873045
-0.019390075270287816
0.01616861176529414
-0.00015743836435151172
0.0001868649996335226
-0.0042493243194031615
-0.09117940568712145
0.0032558799967190963
-0.00520053879196246
0.024290607284373378
0.011275415174120918
-0.002659036795104047
0.008829185468922876
0.028841042549226936
0.005375733869111241
-0.004039120193136439
0.01690183362503453
0.03389015886666204
0.07631757957725313
-0.012432662539991857
0.0010549443984700084
0.005085564619383798
-0.012471641726037925
0.0006982326973118465
-0.0006153327482830471
0.01102531898748828
0.017442987635570274
0.009067283508876874
0.006262020604476145
0.07487820424537302
0.01126159898979209
0.001121104974883073
0.0038462407072106675
-0.004362158013011642
0.013150606729629727
0.01752196284700158
0.010838402333928866
0.00037319250742633955
0.017812099950233445
-0.005663828761846566
-0.00098676686309037
-0.002484991447867573
-0.0053985807320058934
0.007327198225872371
-0.013905768435304708
-0.06571957395218815
0.009661203603309111
-0.005539356441096733
0.006811997959999604
-0.0009867885758460591
-0.0007460542053213985
-0.005792928147434879
0.003079846130984439
-0.016758156420676493
0.001684441825524568
-0.00741865340279255
-0.0035430554358732297
-0.002274627309894213
0.002518394573945207
0.019235885152337553
0.002885265999199227
0.027666387758247774
-0.05203290082047809
-0.01252802731837837
0.006165770237052929
0.0010355558826264408
0.0043499988719306
-0.0017145592931947962
-0.00317515661522
-0.015105906071162249
-0.007331789693076103
-0.000997525538250385
0.004606090074655269
0.00018699155707652888
-0.00225110740087739
0.0003893356478370238
0.0018739013849992522
0.006845016685007669
-0.0072843707631656835
0.006981350616062668
0.052705984658278825
0.001544041952027938
-0.006849147078948824
-0.0023140619435059032
-0.001275548340403215
0.01588694484585559
0.00331949988101855
-0.0030686303183602307
0.006432542140300245
0.013816017479225494
-0.0025554434601644475
-0.0024861564502935063
0.0016613284366919225
0.001424363014268305
0.003771914046644987
-0.004760395335629025
0.0018561851143917506
0.00817250225159531
0.0004822140596387256
-0.029408432283101534
0.03433043504447705
0.0144759723364942
-0.0006465245205064182
0.0028765607059244
-0.0027277485942513915
-0.0010593096090870755
0.006737148472130599
-0.0012438845437712522
0.003651112154072503
0.01265239158429089
0.0027961953924452027
-0.013821349235536027
0.003843577643567916
-0.0038996112461815316
-0.00028511011695862593
0.004521453823290712
-0.0034111301646644553
0.0014690135582664154
-0.006701872187724991
-0.001990674040523192
0.004029311243820372
-0.01623597118011201
-0.03925790265984547
0.0018687924999523612
0.00013379883384806622
0.002039081228253274
-0.0016078415367982656
0.004954910143012885
0.0003263142340633622
0.000491990132869602
0.0037872348191828635
0.011281465941039473
-0.0011800921366018214
-0.0011037471509976681
0.0036380729873245624
-0.0033412174091087743
-0.0005305956115597281
-0.000625538664392972
0.015007581933869526
-0.0027388298745687064
0.0023187901495597494
0.002656873472984164
-0.001981723201475968
-0.004042002932764475
0.0008980090264238729
-0.037851500407798166
-0.003375777663274929
-0.0017604071138387844
0.004730825962657602
0.0012539482047967765
-0.0028062749307821737
-0.0021577528812405317
-0.004032899421137526
0.009830780112778806
0.002581676415985706
0.0026541047911335363
-0.00032684458079096465
0.0005680118726259192
0.00034906051068196167
0.0017875678742846268
-0.0018663142175891633
-0.006335921945064841
-0.003064584008546455
0.00030617578595657435
-0.0011020856604086221
-0.0027423765462429237
0.0001180706132117727
-0.004124554729817369
0.013178067683745923
-0.033935886993051806
-0.004491527507444873
0.002546864543342857
-0.0013942556834407598
0.0007052850845079117
0.0016524733028157287
0.0012831454640951714
-0.00034156591017274837
-0.0011732753992464665
0.009157736903607907
-0.003659757897405827
-0.0001880036313742352
0.0007408257952881266
0.0006798577713528261
0.002413602892007311
0.0014541821415978886
-0.0030037233329962038
-0.00550833639670862
0.0022213532529320977
-0.0004808676524052866
-0.0003111426208975517
0.00026590356091465793
-0.003349592494344416
0.001847133373487975
-0.0036229888649969163
0.00840582140937549
-0.030072124841519977
0.0026866818844759406
0.008120881467268007
-0.007218709809457133
-0.002634748315135468
-0.000530556893468226
-0.0012529066930900795
-0.0030938127261124363
-0.003353608164214928
0.007923443802228461
-0.002376199623556243
-0.00010179384457674921
-0.0019035013045705957
-0.0002909651401317621
-0.002567292645538134
0.005131337379345497
-0.0006303138566196274
0.0002195003293906178
-0.0007988823168638826
-0.0016384153656604091
0.002703715574295576
-0.0037704429307564334
0.0011574889337988969
-0.02765714838148431
0.005818390728741954
-0.0026618008433810375
0.00025406389552104573
-0.0005294622352689884
0.00013487841795596826
0.0031575210646811267
-0.0011378383413607352
0.0016980645163894648
-0.007723046266342726
-0.0038457725279336104
0.009706948665769696
0.0024172360889937188
0.00014058592740796304
-0.0003540130754900804
-0.001414117720008436
0.0019345733705326117
0.0005821022414886826
-0.0044562042323169435
-0.0016368586578583855
0.0003472770302046711
0.0018333115689198865
-0.0011167109552272989
0.0006719527657369585
-0.0022833030897576037
-0.001533814168892194
0.0034330293027255614
-0.00035187705574907225
-0.00024136665479054526
-0.00034331400382953223
0.0004101008710567953
0.0019073234599615446
-0.02576445145459407
-0.001865922973320251
-0.00011820914559457728
0.00026712741100903516
0.002230941589023974
0.0022787974661083346
-0.007100295194608864
0.0013635534352312195
0.0006341369009592231
0.0031048793240364097
0.000656004966155765
-0.008813555312289978
-0.0036946991489202816
-0.0013763540473255914
-0.0016166787248833236
-0.004177908297508303
0.0003395673324941695
0.0019472718816671908
0.0007616743240281946
-0.0013321059934579807
-0.00046182569611132333
0.00018119229724083806
-0.0030536316025189044
0.0007076213606689637
0.0005221872700295255
0.0006260565445671397
-0.0008745098972245521
0.0028301110346349682
0.023525214393682062
0.0015765642898438199
0.0010371664656895936
0.0023051614148577324
0.00022621530393692553
-0.0002855682827379744
0.0007726809619103157
0.000494628461665542
0.0010101762478580678
0.0024214239608637317
0.006036426920596686
-0.001888197936035803
0.0006583777321301966
0.0006082373152851334
-0.0016124877229365187
-0.0006986639670018819
0.0001997559021711916
0.001668782265014264
0.004240019062266006
0.00803643096383318
-0.004058186663410365
-0.0006286735172365243
-0.0009813706337883368
-0.00023836706524242584
-0.000836761867192126
0.0004377378374284917
-0.002866269853121641
0.0014438550726793727
-0.0010559112853746626
-0.0002445800528812306
-0.0018831004514111033
0.0008508210304409611
0.02167201153689419
-0.0010257839497121426
0.001994170917956554
-0.0004899527920408362
-0.0006568288939555034
0.00043428724211664064
-0.0001508819984744896
-0.0003359911791604535
-0.0023192493634820966
0.005748470615552079
-0.0008084770933789613
0.0014554066115159269
-0.001457193039246851
0.00022550801918355383
-0.0003743622391219238
0.0003094256691271105
-0.0007962608767319076
-0.0013985020708538393
0.00012192846667398848
0.0038113826530132163
-0.0008251189822737164
0.0006679837739707734
-0.0004348627619843642
0.0008960133707455021
-0.005662518614664866
0.00577288062676717
0.0026176724732399964
0.00037542439899165256
0.002562549490349054
0.0016355215405982938
0.0007933125898253904
0.0006882667016410696
0.0006574109934826016
-0.00047076858461616005
-0.0022126907376044465
0.01965088747152036
-0.0033926811013151674
-0.0005010371591272259
-0.00030619866101164704
-0.0005860466763488047
0.0006360588836459804
-0.0017779738299063444
-0.0016741509637240224
0.0007862663560957956
-0.005489063405478175
-0.00041291586538584553
-0.0002371437653529886
0.00013759725510130517
0.00030969676637866543
0.0005342143390787137
-0.0007752297562894038
-0.001501892195809075
0.00033869863829575687
0.0033887187390266894
-0.00042813237638605363
-0.00124451466983108
0.0002289139701081415
-0.00014181556758529522
-0.0011495856189502767
0.0025805873173732562
0.0012743608252846943
-0.007402083814509486
-0.00017208943314806594
-0.0010690645389179142
0.0023312810619755204
0.0007205864490096806
0.0006149606624960194
-0.0007607262567819998
-0.0017610078130290711
0.0015916713102605293
0.018353517018174476
0.001360899097452428
-0.0004644038848623047
-0.0005556565698591024
0.0012289142241205188
-0.000394119460593154
0.00013758065391214684
0.0015205582334308074
-0.0007147797206464318
-0.004184574308530685
0.0029204529305160453
-0.0005206464681508251
-0.00020834888554339986
-0.00023079996869318452
0.001462447326487741
-0.00019667670777544707
0.003093585468680616
-0.0011902986427567064
0.0006451704254227469
-0.0009688052148308336
-0.00011092569580272357
-0.0006473311210553871
-0.001323719359565464
-0.0014432026687612566
0.0017951774566614964
0.0004664175708442798
-0.00028003119613307433
-0.0003124028485438626
-0.0005289533860122629
-0.0015809920652987374
-0.0006385890456386054
-0.007198355692183728
-0.0015870109068258401
0.001002754490980305
-0.0008183559987814272
0.002721141993788583
-0.005398009452962643
0.015984482852139586
-0.0008645716213951685
-0.0013716400726230904
0.00030120974676004544
-0.00012415193914948675
0.00024367881828842752
0.0007048191724730214
-0.0046821392431211604
-0.00048179761919647985
0.0002518067691457599
0.00135549455922624
-0.0010581918562916053
0.0010605806018247625
0.00032842623546806366
0.00010615928130595693
-0.0028644305782880566
-0.00037488084684576253
0.00020846325190774958
0.00012997525848501234
-0.0007593029347731277
0.0010188536858244332
0.0005236125287444465
0.0005236877434069964
-0.0021118792128852417
-0.0001502332412090635
0.00047441995758520467
-0.0007780834175871765
0.000392040892578378
-0.0016488035857651652
-0.000907283120408483
-0.0011327643751973143
0.00023858186798209624
0.0018067636455982243
0.006664311767123086
-0.0023251711517261035
-0.01545112207460446
-0.002555250034799154
-0.0012746565882201977
0.00021902046192313917
-0.00030464314397482165
0.00034744411256683414
0.0005461928366658185
-0.004385743477000207
-0.00017006702804089996
0.0007662489911538748
0.001261921160959643
-0.001009030893301664
-0.00024805927837184485
0.0007108928431306425
0.002678537460223329
0.00018498033995834208
0.0011670003445436545
-0.00018390783751264612
-0.0019570729971552076
0.00043554679835434897
0.000893479813458357
0.00013841384533039245
0.0007680270956343748
-0.00047763852997204066
0.001561845817264641
-0.0009222115282324341
-0.0002460843400557271
-0.0003499637334329615
0.00034222231879418337
0.00033045379527382946
-0.00012996981240069892
0.014848735492983985
0.0007296704168820452
0.002566880183007905
0.005699162572016807
0.00040563979629269005
0.000739565424111519
0.0002942251743127555
-0.00045415977659443035
-0.0008970672776845545
0.004164873515533935
-0.0007266982909847667
0.0006922712000094759
-0.00023146932557362285
-0.00017600640078264533
0.000533089690678498
-0.002492863429862092
0.00010115342128733413
0.0010843177831167984
0.00019995332636166152
0.0005171271717014998
-0.0007416195883381638
0.0006958273346395064
0.001774292139816739
0.000477012652568842
-0.0001806820406954387
-0.0002944885464761843
-0.0007618469277717545
0.0005126385783439789
0.00037382445600985583
-0.0014851479595480103
0.0001966656470778442
0.0011941460542636401
-0.0002443868460857444
-0.01374129007653723
0.0007647508265383693
0.0010413469440648142
-0.0002367489989921962
0.0012770973188096645
0.0005808776929587265
-0.0009007597587557175
0.005789062460379011
-0.0010048409498068162
-0.0007870230309009847
-0.0020271803719682105
0.0032115358879932897
-0.0004964885969685798
0.0023414678847984705
0.0010015392083423916
-0.0006307070922535972
0.0007765088371091331
0.00039216071300248633
0.0016505484874680372
-0.0005658730053715044
-0.0009191835203941222
-0.00021854888651590267
-0.001310836960434056
-0.0003496727063511141
0.0001343368605480788
0.0002301558455734674
-0.0006508020936487345
-0.00022707277460614638
0.001060217351558576
-0.0005974973934942547
0.0003721760611115263
-0.012768211860307596
-0.0015537689574310993
-0.0008494015286281591
0.0004413537914029192
-0.00044435310876544937
0.00020509973592739155
-0.0009272697076204436
0.00058628536525206
0.0007216718561889673
0.0018610348128491453
0.005279701157868759
-0.0034440190698228493
-0.0004773902836637616
0.0006163662004249576
0.0004984286236020955
0.0008220910830605428
0.002173003040109123
-0.0007090825395436504
-0.00010360847406524659
0.0005780917912179164
0.00012772615595438248
0.00048218535551381966
0.0015562227813389902
-0.00016189610578331605
-0.00046083268201976786
0.0006905209544266359
-0.00012291168415393805
-0.0004408662683350316
-0.001195815393319169
-0.00018211253328994975
0.0006155178834224023
0.0005799305751943101
-0.0010068552296538923
-0.0007245098635760482
-0.00012803352369566035
0.00015538247395534223
0.0016094315036767194
0.011812903540058036
0.001820231598287004
0.0009398026748835157
-0.0001990093232386421
-0.00033391995625016153
-0.0001887481197008415
0.003393479408825836
-0.001082232684491885
0.0009498014815594818
0.005013400864965407
0.0007160655696960476
0.0005017265629549011
-0.0010358737108885452
0.0004968903776664771
0.0003299918732567593
-0.0020328707171911485
0.0002777776365682877
0.001475360133338129
-0.000351876080778051
0.000797653868117272
0.00049350305122302
0.000598839861726342
0.0011420163328156824
0.000121551462934183
-0.0004301139435098733
0.00023497761451386374
0.0009355609492631002
0.0007105031522326038
0.00031182712482295214
-0.00023410191041486615
-0.011230574458042132
0.0012042301968133693
-0.00021900631049724098
0.0007990383023299783
0.0003059206780624059
0.0003651675380894946
0.0005245141915394766
0.000225370011166058
0.0002243915407756554
0.00047309605481726113
0.0029991408808741687
0.0010686262093190972
0.0005998264891173247
-0.0005017453916547077
-0.0007140679206295587
-0.0021349244567322157
-0.004285323808699496
0.001191389127831163
0.0005363881699848314
-0.0018773098187121822
-0.00034961002697350593
0.00140559141858552
0.00010228787911270226
-0.0007434518849189404
0.00017148660919536358
0.0004205529664801689
-0.0002829622516922949
0.0005393585861644579
0.00040155269024997356
0.001006471536808362
-0.00038639936748902846
0.0002638110584536682
-0.0006565055860321073
0.00026754009290542465
-0.0008484812076583294
0.0001894135422190726
0.00027191670049554875
0.0040956014918662464
0.009802877582317961
0.0007837169525251143
-0.0004620120970567306
-0.00042759625253478185
0.0001595441072365462
0.0006073988475171151
-0.0029344021942665564
-0.000510465670204309
-0.0003627096012395217
-0.0007990758316347065
0.00021057293263098187
0.00013972049494899953
0.0008061356855646307
-0.0019945245974241563
-0.004409200151903338
-0.0007388025932586963
-0.0007402857267895851
0.00019477127361147316
-0.00044107202707937155
-0.0007036419474614854
-0.0013124409229640318
0.0004352516582304884
-0.0004970052834012951
-0.00018785695383708787
-0.0010107677796071558
0.0003073826976298255
-0.0006230051583307122
-0.0008277169704534014
-0.00039231710182470724
-0.0004256682286853697
-0.00016853578752056258
-0.00012423626521602358
-0.0008184846006315045
-0.009991696902686632
0.00036711574997079954
0.0005755115341751644
0.00023886455552863295
0.002791380096604829
-0.00025540756404545024
0.000700392717052821
0.00016467815490790822
0.00017389980023484866
-0.00021590988974302017
0.0015161119583461046
0.00016112465625780237
-0.0010344298479306707
0.0004403090071461873
0.0014460501076194515
-0.004141678303621806
-0.0006751801828257994
-0.0004990312571319876
0.0012353426686434385
0.0002961994834746337
0.0009511526920989053
-0.00014535142670329458
-0.000123415201783257
0.0005742221843008076
-0.00024997187270326543
0.00033681777400867735
-0.0007763485659527317
-0.0004359652294169925
-0.00015955511573567018
-0.0002869270673361307
-0.00021772142628635196
0.00012996859806701876
-0.0001355520733470775
0.0007408593532376
0.0006438180950814807
0.009398063104793035
-0.0005251334274117062
-0.000159284683739187
-0.00015692960944540139
-0.0002632026144256507
0.0007170086078729624
0.00262230386471321
0.00022201290883099056
-0.0001879621330426682
0.0003491979349675264
-0.00035034096664530594
0.00012529130098645332
0.0016271677637927505
-0.0004245010299410108
0.00028154037619892574
-0.00034616688771228434
-0.0007178719965104968
-0.00030294218764937466
-0.00024927591930496584
0.004152324524672906
0.0011291712845203582
-0.000175857199978012
0.00019496212797405764
-0.00010596379739887635
-0.0001272846077423871
0.0008943872910529198
-0.0003391693649648513
0.0005548025679387623
0.00015071598419278282
0.00012974881868716304
-0.00029718194346415813
0.0004253484100706187
-0.000736005151289862
0.0007032898254176194
0.0002572687032237406
-0.00048770882010171364
0.008895323713289707
0.00020001950578251262
0.00010980533073796318
-0.0002619935533775654
0.000555604574464033
0.00034895217041463914
-0.00020707755412608926
0.00035864879264322003
-0.0024864291571016026
-0.00012556624657924273
-0.00011852566472601171
0.000282646600972812
-0.0001141961122254755
-0.00014163883403050964
-0.00040580065364211564
-0.0004470784283970078
-0.0014752985983447979
-0.00019278765130332218
-0.0006057534431591852
0.0001248529450969853
-0.00017536479615333844
0.0012135773688643616
0.0005146362605257909
-0.0028820216280750362
-0.0026103523576767804
-0.0003986851834976454
0.00011586446848928442
0.00030753828258480635
0.0002683605139999187
0.0008451293028968745
-0.0005162758416283759
-0.0003830449463450866
-0.0006895209467472681
-0.00023735314572408266
-0.00012758143060882525
-0.0006653490027353195
-0.00042414165242212544
-0.00019733296466164168
-0.00015195544107884942
-0.00010419704816764353
-0.00012020979032082305
-0.008389133513776473
-0.000547764445128206
0.0004036392255405437
-0.0003524831711961154
0.000631059596821676
-0.00022210471625659683
-0.0002214566615014308
-0.002346477718927725
0.00013301532049799292
-0.00011687104070005918
0.00014054821301045503
0.00040454464047522115
-0.0014453178310981187
0.0005550500868592579
0.00023793487416081432
0.00010356485755006662
0.0001450480920711764
0.001014387530656485
0.00048615424740822177
0.00025898761809852735
0.0001264032999168153
-0.00029683193321710614
-0.00035090793789948786
-0.0037317760827422454
0.00023112825832777742
0.00048601993161362784
0.00037882119941957997
0.0007841628814707487
-0.00016070095008816776
-0.00016312457613420022
0.0001766720079619898
0.00018385208774325851
0.0006268687351550036
-0.00043514810713939317
0.0005984133808300838
0.00021069001980954103
-0.00026633313018866546
-0.00018467518968635384
0.00022596456758155773
-0.00032959622554185123
-0.00028388855192804953
-0.007956319666695267
0.0002773157438141611
-0.0005844314638428242
-0.0022242472825911284
0.00020372637329463738
0.00040885944900421784
-0.0005275035313056997
0.001360832266866973
0.00015812706287546735
0.00016215743791653958
0.00023816233885564823
0.0002937107179363968
-0.00012616489096007767
0.0010019924815272171
0.0002508131386467121
0.00016338698237561682
0.00012335264594588851
-0.00024092555223099478
0.00038834937774041904
0.0005170430998406662
0.000994395713603169
0.0034916087360767167
0.0002139296615392363
-0.00011570462843241634
0.00013634026794286225
0.0006125110483927161
-0.00017448517961673763
0.0002545652729296637
0.00040670263183607196
0.00022690691560320371
0.0005969350278806003
-0.0003038303056620657
0.00011599286714000587
0.0003702011182640184
0.007543992017605109
-0.0005301463477509118
-0.00015987740285652584
0.00014562871148606196
-0.00036375768528357634
0.0021040437065152798
-0.00018670121508216188
-0.000236198161414563
0.0004936504822307678
-0.00014454859136576515
0.0002512944443592028
-0.0012940684220102607
0.00018078389691438579
0.0002345737510606263
0.0009442248271002629
0.0003218942784132271
0.00011493448959634401
-0.00010418024624562478
0.00012226976441797715
-0.00044980436711823657
0.000204234052581623
0.0007366050297313927
-0.0005120713251301569
-0.002659516012154741
-0.0018519913682741062
0.0006676683887590351
-0.0006349568456301061
0.00024787821729157085
0.0005805840127882562
0.00019597843255947842
-0.00012122625147079434
0.0003732583531810561
-0.0002839555784616866
-0.000558810858804874
0.00012141525493802015
0.00015090259898900088
0.00011412586221321941
-0.00020990879390097428
0.007166299671466163
0.0005140022175036948
-0.00034723233690000523
-0.00014044407571227915
0.00023447869327930822
0.002004949118497564
0.00019420421977005
0.0002708729318409779
0.00046730199871437193
0.0012299229170071881
0.00018039796947313754
0.0003107614011702346
-0.0008957609045448519
0.00039775835099330534
0.0001767155186906332
0.00012438350197614337
0.00010417435012476652
0.00010542297029335717
-0.0007011648069292787
0.00023231799336087414
-0.0002749619304031095
0.00015941210749673598
0.0001870045342384884
0.0030377787085214655
0.001154415122835018
-0.0004844341221141529
0.0003974401489285606
-0.00022898830708968437
0.0001213319218333939
-0.0005345851989756744
0.00014338526517809871
-0.0005014148203638912
0.006811113333309295
0.00031570237949699325
0.00025142809782576446
-0.0001867145996758624
0.00024362859224505537
0.0019008958851150074
0.000148529887370603
0.0004468289769807943
0.00010181648175998698
0.00016271665132669286
0.0011680661895063314
0.00015391449750167067
0.00019597071465856262
0.00022980888798877167
-0.0008511414071540361
-0.00039934860333896397
0.00021550705061580393
0.00021887752597850714
-0.00016700736187573526
-0.0006520966981354795
-0.00020882577332538687
0.00010723620180834651
0.00011179880917310526
-0.00013114990256890826
0.00012105248887343669
-0.0005688203535469959
0.00036056276010714154
0.0004474042352807954
0.0018673899277560494
0.0024237155079878474
-0.00013641811215674948
-0.00011969397231820637
0.0005063535628168054
-0.00022224486187310015
-0.00015083353161905256
0.000472062461988611
0.00031277250690262367
-0.006480913070588648
0.00023027153540061595
-0.00014196402121845073
-0.00012152532097837527
0.0018126233034224653
-0.0004257502164558377
0.0011006968776119837
0.0003151479855251084
0.00012061627194913458
-0.00018345137823007682
-0.0003771201347622764
0.000800114409328629
-0.00020351311521089231
-0.00019882081056840124
0.0006276674100143907
-0.0001064581322868481
0.0001063932342225924
-0.00010814290920691041
0.0002820276407919369
-0.0003335802451641068
0.0005307366921424183
-0.0005894868556655073
0.0005137221316250602
0.002739380336810103
-0.0005623271004095681
-0.0005609251545423477
0.0004877912852950388
-0.00013507665056039639
-0.00017816918618781063
-0.00030090162212427393
-0.0004542374181711151
-0.00018842555314680702
0.006171951954647385
-0.00039760624540527255
0.0017264921185302401
-0.0001396989700772982
-0.0002636355508243153
0.0001704736048005605
-0.001056867225766118
0.00013541966676173687
-0.00010057534673485246
-0.0001966053997174258
-0.00024563291905241297
-0.00027922498419661224
-0.0007727305532545825
0.00013206808302547085
-0.00011786405645831836
-0.0005976198065409332
0.0002461092569639979
-0.0003265385637685487
-0.0004870018282516893
-0.00013154974032827913
-0.00018251587711200074
-0.0001471353651116575
-0.00017600738784674056
0.0003005543307881458
-0.00013240380118760016
-0.0005914350316442318
0.0027820535549937684
-0.00012595588794485086
0.00024694305311577947
-0.00018974892627294206
-0.00040879946830739975
-0.00012110397911130008
0.0006027564850224934
-0.005711950450063853
-0.0012696295505932587
0.00013630989729553343
-0.00038002846305722974
0.00164370845366541
-0.00016445667429100595
0.00015371900465324342
0.0002600632310412575
0.00016655681414307695
0.0010106007031897822
0.00010464244624590665
-0.00010131115503459221
-0.00034631089438655306
-0.0007327497578695631
0.0002262682508144918
0.0005676556845144569
-0.00011900441736939466
-0.0003040541901541712
-0.0001591171936275768
0.0004493453968429055
-0.00013589566349042333
-0.0001265073062940656
0.00017931823118103393
-0.00011123887907118175
0.00010023123557932808
-0.0004597015723920289
0.00022378049135094054
-0.000527642857712442
0.00032938054908953
0.0026256165236222917
-0.00011476082102346634
-0.00018474161382161586
0.00017014208371518298
0.000398276579215732
-0.00045116929883951186
0.0055947996782007145
-0.00012938501044066725
-0.00015579211008724434
-0.00036512697965996937
-0.00023323769894551091
0.001569204208055694
0.00014432578476232118
0.00015412746408810814
0.00010037893376783541
0.0009621223560069408
0.00032871262956471654
0.0007036487977934308
-0.00021518828659682199
-0.00013947884704602664
-0.00047154317580160325
-0.00026704908763968457
-0.0001174278151756703
0.0001045855138136531
0.00029849776959012004
0.00015414938425898945
-0.0004416054055558066
-0.0001127209854555587
0.00010953158563916507
-0.0004331417564541862
0.00022712353495362903
-0.0002788573608190723
-0.0002860422878418747
-0.0008583841250963571
-0.0022364635782465476
-0.0009392167497506717
-0.00037238136081264026
0.00010853245393871447
-0.00012344130254165263
0.005360896114990256
0.00026933434212549117
0.00018869169925251085
0.0002260882638970085
0.00016225679302054704
0.0014940171651010262
-0.0001313069795933717
0.00010200332331411362
-0.0009183391261698415
-0.0001807540510142705
0.000258106808023502
-0.0006614853765586154
0.0002093228323779952
-0.0001521696673339649
0.00013469490994758254
0.0005339916594556736
-0.00024491152090743443
-0.0001327449106997447
0.00010241571934977154
0.00010092546890750282
0.0004217009154004874
0.00018247495886740409
0.00041335028623283295
0.0002663694452976724
-0.00012357601454929002
0.000131301393319172
-0.00015777350503058294
0.0002678695776715516
-0.00023376103119101307
-0.0024601702794235644
0.00021766764170005881
-0.00012284778511145123
0.00020458845910161825
0.00014953421059858742
0.00017110011602847091
-0.00018620917106565207
-0.005114962325805961
0.00021180270720554196
0.0003321156328309114
-0.00018337476246746415
-0.0014317298793026041
0.00028545905752996246
0.0008796805910545002
0.00010704131712268
0.0001292099545273014
-0.00019724979454100892
0.0006382286637389972
0.00010669123451562529
-0.00013331783673954656
0.000255959367717137
-0.000496616736373981
-0.00039212725352514807
0.00013222909060783602
-0.00018240110828652426
-0.00038553003123309015
0.0002873877025826766
0.00013396808054495324
-0.00015338891344436462
-0.0003366579090864914
0.0002837784474582527
0.0007826911367759408
-0.002234868251966038
0.00010330697546417209
-0.00014441877564360205
-0.00010573416045091993
0.00017778078528441908
0.0007479624802960488
-0.00483676811009761
0.00039015742453620835
0.0013636213231819855
0.0001242892170658779
-0.00027943997656277767
-0.0008443777494382141
-0.0001887309711288156
0.0001392642585140623
0.0006094310935690778
-0.0002485780992031662
0.0004711975699636834
-0.0003841308334081177
-0.00016626821622546894
0.00012383007671504335
-0.0003546813388491945
-0.0002442777033784313
-0.000118175555178884
-0.0001098205405251561
0.00013022160876748968
0.0003508610443841111
-0.00012077172959284314
0.0003235423150419939
-0.0018531463345033941
-0.001313176436127264
0.00021203052028016518
0.0001268600469022769
-0.00027218033268346515
-0.004688243473501824
0.00010484358692317418
0.0001078053545319877
0.0013133247611484481
-0.00026696643510050016
-0.00016267606342326263
0.0007973535686506946
0.00014145329873902683
-0.00011718056197709496
0.0005824941249679353
-0.00023520440802562181
0.00044892927336499143
-0.00010319501247067788
0.00010086616978853579
0.00014984813589793657
0.00036803124895790356
0.00012528950855234122
0.00021012245663217378
-0.00010157660160411343
-0.0003679223633008945
0.0003457533649692893
-0.00018864506674781721
0.00021485323660390578
-0.00035831617058378296
0.00012029795144022611
0.0007803302501773204
0.0020335517643704994
0.0002826305502372696
0.0014999695829567216
-0.004226234927574588
0.00018200014361668894
-0.00011013911353908088
0.0012538078411064469
-0.0002448886534122629
0.00011005996164683707
0.00011748848852312687
-0.00014643861774643575
0.00036401991260052904
0.0006799044399030281
-0.0005471863764071953
-0.00012136664257212591
0.00016621883399618913
0.00019980297259834408
0.00011583773236961584
-0.0004303043466754383
0.00018080715072614278
-0.0003519236944552447
-0.00014031949816856494
-0.00019051933706995392
-0.0003486066500130382
-0.00011238076410485023
-0.00030625014770660735
0.0001562908346584502
0.00010927878494861385
0.00014628601941372166
-0.0002649437869129084
-0.000250043190916744
-0.00011993410964203945
0.00042875118400569187
0.001950157228824261
0.00032828210396709123
-0.0005497195002525336
0.00017581600218159721
-0.0003928411137703873
0.0003603355020020022
-0.0042795744495618395
0.0011693031714314966
0.00023834620928777167
-0.00032459131173268437
0.0007359213602968055
0.0004546906052604731
-0.0002739263019041485
0.00026993788091847037
-0.00012019547034972921
0.0004129895962721306
-0.00013827215978675787
-0.00033957547859512826
-0.00019621452529228436
-0.00032190067910908696
0.00021453083907072292
0.00029039565032508755
-0.00015591290970175362
0.00022396067321374705
-0.0001244535879318488
0.00013634769920045907
0.0001696965335424409
0.00032026950474293856
0.0002460808391394114
0.00042599689413889855
-0.001301160875938375
0.001532353964970999
-0.004093374078676552
0.0003146169769407421
0.00011435188902764605
0.00010888716811039544
-0.0003849440655371649
-0.0011019948758472949
0.00011106073661919163
0.00043275573502853353
-0.0005553204497306011
-0.0001935714487401027
-0.00013921980853108358
0.00038831852684053053
-0.00030835474796246437
0.00012740901923180965
0.00012505391650245306
-0.00036813880637436084
-0.00010837445223496596
-0.00014938371430650867
-0.00019787846740816956
0.00023188517020474917
-0.0002315720161314673
-0.00015234848231591557
0.00016652126645095157
-0.0002912517942246902
-0.00010245252121186016
-0.00014254538448993606
-0.000294683621714553
0.00014086539153311642
-0.00015819230296017697
0.00010239820253382541
0.00015283981708394038
0.0002913860687386982
-0.0004077715967768618
-0.0017471587328623042
-0.0011933317470146179
-0.0014253680580996382
0.0008448017524449432
0.003486664284692558
-0.00010972292434194079
-0.00017595758269972945
0.00011141102436953213
-0.0010186074643569398
0.00014171434607352488
0.00020072109092786927
-0.0003101818073363359
-0.0006775930539834522
-0.0001492555806821165
0.00015149370052294206
0.0001102209527676395
0.00025217135427508684
-0.00045509956170653723
-0.00021185156375630627
-0.00011855252533275005
0.00034785908504493177
0.00018263731699287252
0.00013530100533526334
0.00016988502270443598
-0.00015333472536350467
0.000287619769864724
-0.00026696217241469015
-0.00011099213423779828
0.00017862843083070999
-0.00011289127699823045
-0.0001773513053362732
0.00024358448669429771
-0.0001860820918462393
0.00028916430012192906
0.00013074025631185058
-0.00011610526610436581
-0.00014698844388604017
0.00015761994876910428
0.00024558224321196754
-0.004224242218358882
-0.0001760969226876506
0.00033912451777943657
-0.0001464827365110669
0.00010869033143256251
-0.0001499689302307938
-0.00013249667394125985
0.00036759465897048376
0.0010052112149901786
-0.0001107493754506333
-0.0003156958576900233
0.0005836936915436822
0.00020075019344855587
0.00011729574006295484
0.00046441307962970176
-0.0003225492045948112
-0.0002122712559794431
-0.00012697054366617695
0.00017240835087485568
0.00011871222250096263
-0.00032963862334083467
0.00011578869314450987
0.00010530192811087422
-0.00030393976342559556
0.00014955216168808844
-0.00025155213577225194
0.00012355251207563214
0.00022244108904410226
0.000166550951787719
0.0001304050400022932
0.00014366660903332708
0.0001290073896474181
0.00037496487275634954
0.00020445702835409103
-0.00010719990085358772
-0.00011360053486581064
0.0002463420870554458
0.0012690617196594667
0.00014386672678175488
-0.0005094285431540804
0.0034251444041323996
0.0006544759583002352
0.0012054799146212897
-0.000742519413726021
0.0001788507772548229
0.00011743979982900409
-0.00022722280786743776
-0.00010052324014917343
-0.0006899530790569703
-0.0007234530465582515
0.0004303444075668359
-0.00012061525507758692
0.00011738461462405076
0.00010234322534544775
-0.0003132011070971934
-0.00046745196947316876
-0.0001327835441354775
-0.00012986705108475506
-0.0001634451556548857
0.00022867039430965512
0.0001043623590684296
-0.0003917976283741961
0.00017449689426243822
-0.0001404811489682034
0.00010646326606432621
0.00010872883255599655
0.0002702161788890938
-0.00024090141996345083
-0.00015279793315127523
0.0002072521043038933
0.0001707202777664153
0.0001234781293526118
0.00015287047457164068
0.00010905059225472174
-0.0001591234246800538
-0.00023293122053005523
-0.00011410243601256336
-0.0002626817354665402
0.00014215627925177985
-0.00018646532168711312
-0.000211419689960122
-0.00013946963676504824
0.00011993369652032626
0.00015104184067515404
-0.0002157603473568069
0.00012827689974673575
-0.00038571043079738273
0.000463945378738796
-0.00012850116945128736
0.00017965464202842403
-0.00022827497122431743
0.0016837440564824305
-0.001983355175677299
0.0019593392467203595
-0.00048105668415613734
0.00019770142213229068
-0.0010286184296353527
-0.0003036409434017724
0.0011565588777878832
0.001164623669291036
-0.00012423138878344268
0.0007334842199579606
0.0005221282472756233
0.00017910745380436335
-0.00011302454522496275
-0.0004333644886523651
0.0003673160917688494
-0.0002480932105350937
-0.00022422786823622935
0.00015313365811529334
-0.0002000255099834459
-0.00019428932392374668
-0.0003077950182965445
-0.00012182820236435406
0.00016722582913425473
-0.00016816332340742737
-0.00026333970208973175
0.00020503263930770818
-0.00010809890868974673
0.0001321347791127971
0.00017318909492596149
0.00021749076326976936
0.00021389800326155
0.00013637724485359335
0.00027289996617945914
0.00013425683601823714
0.00014461778656627887
0.00027425297825480193
-0.00010066298369392073
-0.00015144935302928745
0.00014639516727794002
0.00016866729460658647
-0.000102396550669369
-0.0002509779705826522
0.00010891885441402068
-0.00016118592160171364
0.00013635743100648705
0.00011530085769461837
0.00010655381315111378
-0.0011071792869301236
0.0007454394179994938
-0.00022946722831323216
0.002541429811493051
0.0017476055092037746
0.000177905052244837
-0.0014578625547284486
-0.0004514618405787288
-0.0003795400017314962
0.0005540257571765257
-0.0005004883730868152
-0.0005738451364443498
-0.0001280159885204471
-0.00022904494917620706
0.00017426625732882957
0.00014431845035238627
0.0004189041448897002
-0.0003135569030087539
0.0003539315105544518
0.00014234977844799555
0.00024333433066653162
0.0001833290652385636
0.00017716996571633058
-0.00023186911237069467
-0.0001968330346397795
-0.0002042347885329229
-0.00012057473336630219
0.00013528265102151306
-0.00014168574488687983
0.00013246339299441054
-0.0002628811106426496
-0.0002750245714205596
0.00010571471988131738
-0.00023210019875755954
0.0001940888596869717
0.00017895297278096477
-0.00024241712714390189
-0.00011322646190068743
0.0003234208202574888
-0.00010036557370318166
0.00024278335278040317
-0.0005632451339515797
0.0001322005230219302
0.002792568638758358
0.00032551402297283186
-0.0014001200213328016
-0.00017335474629603644
-0.0004117475521899696
0.00015508208029714495
0.0009936131438755178
-0.0006607908760725362
-0.000488843669720829
-0.0009940927681278415
0.0005522942547614597
0.00011948785099631347
-0.00013940676346375553
0.00010609531331735747
-0.0004117954789443257
0.00037061953315490183
-0.0001700091797433076
0.0004822422761015015
0.00013041916573642605
-0.0002160275504462885
-0.00010608196596222272
0.0002661622588944699
0.0002677022214766899
-0.000340177977178354
-0.00010619410709885328
0.0001855897854380468
0.0001417967971173391
0.00024143340453886163
-0.00017737028796733966
0.00022960016828795188
0.00011097786749033131
0.00016384855808098062
0.00021366258859362036
0.00019458507179766774
-0.0001245627763023207
-0.000174996835528721
-0.0002515921226997857
-0.0007408557297427238
0.0003330530813550444
-0.002938370789077338
-0.000194223456922213
0.0004195522918429871
0.00014185784788511315
-0.00022463448575662842
-0.00022293690529651684
0.00034043415770854026
-0.00013547371502333562
0.0005864361691969899
0.0014844061806554738
0.0005424726504798573
0.0003170686261134539
0.00021741090946844169
-0.00014133070976475126
0.00012425090386827405
0.00016098009500828354
-0.0002465078404542181
0.00041385338773384264
0.0003311452362351874
0.00013018711995040763
0.0001227336143579287
0.00011239928877563702
0.0001799418352349872
0.0002706806672891394
-0.00018052744267323212
0.00010211569115673828
0.00016137235678453105
-0.00020679371682197278
-0.00016737397705641325
-0.0001885858629084927
0.00016721676286817868
-0.00020700581749108336
-0.00028864164262194244
0.000258011450921478
-0.0003303187638796545
-0.0024671866294019053
0.0015609915687150656
-0.00014018082163425123
0.00036084635327509213
-0.000437221481107254
-0.0003572487238509788
-0.00019585143061449
-0.0007323462924548708
-0.0009010632323742315
-0.0003209419930184596
0.0009844252328637731
-0.0002193202691139583
0.0002641945571664471
0.00026090701542871793
0.00014806859307105592
-0.0005331759257694003
-0.0001873214623484787
-0.0003484207342216082
0.00010020352259323655
-0.0001478685505567065
-0.0002841750668522823
-0.00020140575698323387
-0.00020107888027132612
0.0001314834240793988
0.00017712252584180208
-0.00016528016562200373
-0.0002651437494078003
-0.000494075042301833
-0.0002297839767057947
-0.000139264748902039
-0.0004338639253297036
0.0009210749471651366
0.002104724973549421
-0.0014089396795155138
0.0006914936996822932
0.0001318893245200161
-0.0009132866392825215
-0.00017221194613061195
-0.00015440656684343363
0.00018246546423889682
-0.001324244944456243
0.0002492987340660047
0.0004184536370331439
0.00034545416717287854
0.0003435528644725658
-0.00019471317456392454
-0.00010341264317907535
0.0001148432860692315
-0.00022804980687142379
-0.00011696916879428328
-0.00017326693478612315
-0.00011731457318235855
-0.0001367526045021269
-0.00011905705288901276
-0.00012043142928890572
-0.00013991170762437278
0.000148968907320954
-0.0003446881369036063
0.001119043188534773
0.0024055365059282158
-0.0006470758548219209
-0.00019293843334033218
-0.0007525109509224474
0.000532423716800823
0.0001582414412955146
0.0004958198865953776
0.0012393619088155248
-0.00011480193913553805
0.00011884704062863112
-0.00020555238422786547
-0.0003784660835709384
-0.00021358555792910601
-0.0002299802973291069
0.00016948775212281543
0.0001444656765883844
-0.00015571419339049068
-0.001155961035359275
-0.00013502835627222557
-0.0024649015399392884
0.00019243973337923977
0.0004592857946789756
-0.0004423268569263286
-0.00028045426868169296
-0.0012380997405569436
-0.00011480365318516221
-0.00022550589132821545
0.0002960291307218514
0.0002143670934009046
0.00014288055023804525
-0.00010533704516849537
0.00014429587461076574
0.00010124693763496485
-0.000166927028559111
0.00016368040350121386
-0.0001368112009157277
-0.00012209080778351558
-0.0002384187051651058
-0.002533116256454338
-0.000254348076870175
0.0001228509222491446
-0.0003752530639183674
-0.00014363487560200666
0.00010146847201757058
-0.00024651608054366913
0.0003706478752533773
0.0012356082542643804
-0.00011875875398762191
-0.0001634281462019114
0.00036515095472376273
0.00024198770259252245
0.00018593461809397345
0.00021776186733662474
0.00016082203031061602
-0.00012289308421562447
0.00015909192665931266
0.00014864916270362997
-0.002166237406454378
-0.0003855821882606509
0.00011447827522916804
0.00012459808182045028
-0.0007675939541653613
-0.0003908051442324742
0.0011476659497825622
-0.00031811989546653795
-0.000119388880079794
0.00011003318352511947
-0.0004699170330242028
-0.00022662893325887002
-0.00011564175977809509
-0.00034454157069102045
-0.00024794230113013983
0.0002091075765667279
-0.00020601042422629677
0.0001905390061117741
0.00017458975503369855
0.0001497977072282951
0.002093635464979105
-0.0006623003731591199
0.0001238376434822764
-0.0003996394560339685
-0.00010408099881866368
0.00028691287693444347
-0.000108564535957749
0.00022060011533084063
-0.0001856449250234639
-0.00020933811281959665
-0.00016530423856981642
0.00014463721964195854
0.00013007647906572298
0.00010715143579767089
0.00010042522848769545
0.00010158036600826215
0.00010412949282795002
0.00010040230035600055
0.00010735775125137816
-0.0001029500696295516
-0.00010996706585195524
0.00010522116747018636
0.00010142962544450952
-0.00010283375891276517
-0.00011164414245945721
0.00010796902649213544
-0.00010438179736937214
-0.00010768047769511041
0.00012213150767979267
-0.00011196651359362083
-0.0001041271985757975
0.00010883276405707166
0.00011780390108113046
-0.00011473315374937276
0.00010683225166275667
-0.0001118917654485195
-0.00011837241101963899
0.00011759754654916917
-0.00010943462391588434
-0.00011468903350848354
0.00010036355844105901
-0.0001161038850404399
-0.0001172985529161447
-0.00012961654381114243
-0.00010332234288704322
0.0001506495782329189
-0.0001866284364182742
0.00020979276235422558
-0.00014867365342895902
0.0001896214480129172
-0.0002377003265918493
-0.00017600089015505356
