0.8572514368163117
0.2704990767449613
-0.27410166981427175
-0.12932731740367354
-0.04755280824067631
0.16434093220463403
-0.05079451316981879
0.06277113072931446
0.03120073216531425
-0.11991019784277072
0.045680317382278034
-0.03176580539431062
0.005798949452872046
0.028324620658910418
0.0918005783791848
-0.005743842185663243
0.03202775431431501
-0.01852696936195845
0.07737004579285497
0.013658707572581941
0.005164352687172688
-0.0003590243944758005
-0.0012606564311884974
0.013707359097352803
-0.07468876847443942
-0.0007857417637607998
0.000704471057061101
0.0018407878139549564
-0.001485546941912275
-0.0009803587384388647
-0.0041920023950790175
-0.00042506672240570794
-0.012622261300070912
-0.01270822126655242
0.06737712670578234
0.0013062750373560312
0.0023238323561754802
0.004650177729259979
0.0007785422289175689
-0.002582708774608036
-0.0038222936146885076
-0.004508008136659614
0.013899329074366109
0.059835207915523554
-0.0015225920231281887
0.0038081186165610757
-0.004387755442630281
-0.0008101040753868341
-0.0016645156393184232
-0.00417122772066012
0.0008431973564576012
0.0057259083670297495
-0.00025759239836239966
-0.0013570346665590818
-0.00043012319286470053
0.001681479568839325
0.012720072880762117
-0.0025905217223348353
-0.052250323342201706
-0.0029277820241723853
-0.005052059518595039
0.0013848387296733192
0.0004674082221028835
-0.0015918279868953698
0.0012598311533366983
0.00554393158964012
0.0009662777941549897
0.00200577078857973
0.0004990143199497245
0.010208894708253055
0.001755914400980852
0.026507434894685617
0.037121729510744654
0.00060898775162917
0.0067958565496937145
0.002430425031514763
-0.0011605983315618135
0.004685296024468185
0.0016796986575661084
0.00237434921747472
0.0003559007331777148
0.0009755983848056894
-0.0006079401105691856
-0.0022791223211520565
0.007664121538895304
0.0023117787985962503
0.005551858244521915
-0.006478273672535798
-0.03921081653400016
-0.006196307621532955
0.00013023190795783188
0.0004947914663466304
0.000746418756631664
-0.001339326904914947
-0.0020535142664374357
-0.0007793190821885586
0.0042536063040319524
-0.0015930656322130671
-0.0007067442424122027
-0.00023407002669558353
0.000766863650476922
0.0023973895868415716
0.0002617231073340141
-0.0007447142582807184
-0.00036723334329328736
-0.0076814232400174804
-0.03530975605090387
0.0038981946020515707
0.0005895695227064238
0.0010162245122748775
-0.0019271355756110648
0.0013978634124045017
0.0007212698198505976
-0.004048448713424217
-0.0008068247818343879
-0.0003983190816875245
0.0009762642547879886
-0.0006978337616774416
0.001008364268917366
-0.00035310016778550523
0.001906485439972105
-0.0005304209268632251
-0.006226753246940394
0.03145834044357852
0.0016861071324700573
0.0007536669454860662
-0.0009793259338038683
0.00016088580351712292
-0.0019445315864969736
-0.00034778801824733574
-0.00042343688400875705
0.00014936847052792734
-0.0036676236309594904
0.0007028959558253304
-0.0004567833558032571
-0.00010526678401289085
-0.0012634708748062422
0.0007588621037117815
-0.0003228760468989874
0.0006888519740432584
0.00181788931842946
-0.0007089737051242586
-0.0008133024161028234
0.005242232865594106
-0.0002008860862170245
0.0015888233084457412
0.027940335994361874
0.000936186797672541
-0.000757176778535184
-0.002172250140130909
0.0002943111622301391
0.0007157481640481889
-0.0006248626660375856
0.0006677051587404098
-0.003205945171763756
0.0002665351035685692
-0.00047933112413098804
-0.0010760509880199584
-0.0006419323309742833
-0.0004478100374917914
0.0002943380108118699
0.001704661444521368
0.0006525047733334637
0.00037151871073676197
-0.00025042035201021444
-0.0004445581206219864
0.00047065872488220785
0.004305434537169182
-0.01990916307363035
-0.015105682237090128
0.0027895217851506052
0.00025396331925413236
-0.0006925360733597945
0.0003799545241090666
0.000453920616219616
-0.002876544763788139
0.0011212110807424553
0.00016926839918332914
0.0007778757658480057
0.00031699220621561527
-0.00015487314898226582
0.00047840071983791646
-0.001697284507678801
-0.0002797957889944928
-0.00024383802567234524
-0.0003689831507611708
0.0004455508235721264
-0.0006893507466468391
0.001901424799990678
-0.0033863737757006554
-0.0009464616957313987
0.0005441604975641252
-0.022481616015686164
-0.001152147309075643
-0.0007666031139986791
0.0002495384324306674
0.0005666144492735762
-0.00029769775035814674
0.0005401462093699148
0.0004123987762654441
0.0006924698850913561
-0.0019382074189980933
-0.001849611175129328
-0.0005152911524115227
-0.00036485239225094395
-0.0004597012263906859
0.00030453604702066644
-0.001160089223535425
0.0008973276991898844
-0.00014841885323935153
0.00044677025091657374
-0.00019054534040009285
0.0005655357639502282
-0.00023539186541802275
-0.0007011711971965835
0.0005733825276794717
0.003182908935450454
0.00019893963217553493
-0.0020978969352966636
0.020241082750024567
-0.0007381042565723578
0.0005578512556672836
0.00041971167333945653
0.0008053011178242546
-0.0003437815572919324
-0.00028037658698626866
0.002338407888911891
-0.00014026677592647585
-0.00025255893128077814
-0.00026186197589975045
0.0005267783680282872
-0.00023690709039242777
0.00033549130715602554
-0.000138654204248268
-0.0013910626193228727
-0.00036893314028716584
0.00010136226764887039
0.0004681695315406118
0.0004096877047125721
-0.00045175631648702614
-0.0007064056232484733
0.00013163528631295442
-0.0027043038893422295
-0.018446442592641586
-0.0006871859500204698
0.00019476938351140006
0.0007547745034775866
0.00044722139071434703
-0.00022216767050524863
-0.00031062211381449806
0.0020142447633274443
-0.0007468625985316654
0.00034313400214233404
0.00042873709961671494
-0.000136294849497265
-0.0005605127429755551
-0.0012026653271086933
-0.0003161181819697295
-0.00041728655041291035
0.00013450090929464115
-0.0003031607950501236
-0.0007633446668297606
0.00010911327241938258
0.00032273295935721823
-0.0003166216380883426
-0.00237177516781015
0.00032549063169526473
-0.01677814514438972
0.000834262004148693
0.00036796648244126923
0.00028882306188022616
0.0002797409672463723
-0.0001738306572349844
0.0019428247776611658
-0.00031361950785388363
0.00046006117327088294
0.0003751193089117502
-0.00020992011782243093
0.00012854470936113835
0.0010809395337781026
0.00021192391354766428
0.0003659687629455871
-0.0002802414565027544
-0.0002443041115504537
0.00018357373783577774
-0.00031533259079295946
-0.00024986008957768037
0.0007090893199981357
0.00038102908179318525
-0.0002522987072147934
0.0020244529043776543
0.01514434206632071
-0.0020402438149656893
-0.0012193086445418497
-0.0005328116552430609
0.0005180161484963201
-0.00010295658240062172
0.00035236591745150544
0.0003650215491301305
0.00020649743784273585
-0.0017716076134272564
-0.00017925888227327916
-0.00017360573124621084
0.0003778133252068985
-0.00025648141706183805
0.00013056016702478994
-0.0002451969715676798
0.00043205833334301826
0.0009672670339193391
0.0003302700925959696
-0.00015723458108343893
-0.00030623248616173796
0.0006672628625578148
0.00031897538052143423
-0.00030306045202844567
-0.001614235502177102
0.0009085659388611219
-0.0002471723360379159
0.01404975575572868
0.00010241621163949724
0.00032476831786931124
0.0003035165515237761
0.00019043142840219295
0.0003990021118852759
0.00020571896651067377
-0.0013247644888221902
0.0009515758654905468
-0.0002183875817797019
0.0001499507080565093
0.0001599885401857096
0.0003193298840160899
0.0009096592869246644
0.00027076581497695735
0.00019090891297806454
-0.00013526044673039213
-0.00017403745864090337
-0.0002876970371045752
-0.0002729720211145667
-0.0005993779489325356
-0.00010336927435156201
0.00017250010137937619
0.00017066501377391435
-0.0004294290167686361
0.00017976280130697277
0.0015645364832411754
-0.0013789204411295208
0.012852945843655643
-0.00021094487013126984
0.00031503130742519713
0.00023040473890542277
0.00021977448858607703
0.0014704298099004862
0.00023845558786154676
0.00020484817188276845
0.00010761578583444902
0.0003075881020703084
-0.0002530737995048647
-0.00021487197551453156
-0.0008378797236104315
0.00022286613114613492
-0.0002832139196809322
-0.00019181786867538675
0.00011824241645453078
-0.000571747787399589
-0.00016688903943618078
-0.0001765393822548978
0.0002859171266574716
0.00032188425256440465
-0.00013426892983067122
0.0002552909671952164
-0.0013811902385395367
0.011914805713020915
-0.00013814356536500164
-0.00023118765477854139
0.00026660933733130726
-0.00016825531302625172
0.00026522353410076544
0.00019054898291815617
-0.0002129283356142042
-0.0011245537776892786
-0.000798969258876915
0.00017293109592102305
-0.0002221282236296224
0.00026122749842031636
0.00015336804219922068
0.00010906090051833778
-0.0007849418970573286
0.00014364267064639183
-0.00023456189555704803
0.00015558066510731002
-0.0005283206415254694
-0.00020456799824337106
0.00016287448108500763
0.00023750956702482247
0.00029575410677443105
0.0002709397078030313
0.0012186904832049484
0.00031213469911976847
-0.00039981867753906947
-0.011010505592318094
-0.00017060269720606272
-0.0003154234299656299
-0.0003038379946565579
-0.00011208715670632471
-0.0001468539562579086
0.00024985713124866556
0.00015946979434127692
0.0012633023052190532
-0.00024098982334250642
-0.00014547914982760213
-0.00011529046347733441
-0.0007139290731109358
-0.00010359701559470401
0.00010259458252867826
-0.00026516417074712854
0.0001872859172591788
-0.00014153141093129151
-0.00013566343359473404
0.000481922592272155
0.0001117135577237151
0.0002231025033056723
-0.00012736857459027804
0.00023277401867933986
-0.0002826277536758307
0.00011940667340205805
-0.0010796760764256884
-0.00011166827362557657
-0.0002992163728822895
-0.008030328751006875
-0.006295725957712461
0.0005368028053090283
-0.00042869996092592373
-0.00010646672722547472
0.00021988496954000245
-0.00018824140600818228
-0.0002613100737646043
-0.0011557647212862322
-0.00013744873552054443
-0.00013960565433217222
-0.0006722422367312707
0.00022161528913698688
-0.00013108724965912527
0.00016607549233716793
0.0004643129756018779
-0.00011605828188925782
0.00020171707540510514
-0.00019576852182263203
-0.0002787884685351502
-0.00014685267754607878
-0.00012075621409575686
-0.0010084605859567652
0.0013424303114495406
0.009414133681105054
0.00013498484984326097
0.00022514112658091086
0.0001608817169916973
-0.00011023445460018816
-0.0010694177128014813
0.00017921378471102216
0.00014753783156717614
-0.00011085475831984841
0.00010322009475713815
-0.00021088721022395588
-0.00018514720640425727
-0.0006079506843748648
-0.00010695118260260876
-0.00042682528166988645
0.00017800081535952186
-0.00016214718142256463
0.0001297064467601889
0.0002615056676073813
-0.00013394413610527575
-0.00011821113106926331
0.00023629457079184671
-0.00016959081106601348
-0.0008724112879805754
-0.00011736267688760347
-0.008862196721560883
0.00011200231028348719
0.00020586839237497916
-0.0001500341609677754
-0.0010056559294708194
-0.0001823798744520474
-0.00014379180996808194
-0.0001018771078633842
-0.00014973785110022068
0.00019965687360974565
-0.0005787833634277621
0.0003976608121071541
-0.00018429277431984006
-0.00010251431091214153
-0.00012727818698029592
0.00015965437385581915
0.00025062435060059317
0.00015682023869532878
0.0002206779803712374
-0.0007822195624426518
0.008274159719554895
0.0002773496069283358
-0.00010650224510225494
0.00018260768600053586
-0.0001423468754105764
0.00012778216295106053
0.000948284832715863
-0.00012937195460822627
-0.00018553423010916127
0.0005343854243976907
0.00016962508077856468
0.0001026696535122263
-0.0003501480417012293
-0.00012536890400937145
0.00012204418127594015
-0.00012902858784660562
-0.00024931080274362123
-0.0001439436842422617
-0.00019061303063959187
0.00013383378418875127
0.0007025761341831592
0.00011064040895178552
-0.007749012243431416
0.0002776724854142525
-0.00011743610568814014
-0.0001256158768107973
-0.00012204686234512074
0.0008851537776633903
-0.0001675145463621743
0.0004974975194150036
0.0001002347931537368
0.0001584144138328394
-0.00011303034399042353
-0.00034586150604010087
0.00013066893153424264
-0.0002289304674613772
0.0001244237429912627
0.000190832343125702
0.0006377361993083803
-0.0002286097256884373
0.00022983051577993017
-0.007260695077552599
-0.00028721995511986955
0.00013315828914940182
0.00011501270648324349
-0.00012416320084618026
-0.0008276228908996703
0.000125201469837283
0.00011296758155155094
-0.0004778087828182834
0.00010447102580019904
0.00014421177937364843
0.00032580236180167476
-0.00011849521872095779
-0.00021672854408928905
-0.00013131771869563454
0.00017821360029642968
-0.00015654769180580068
0.0005877830726971191
-0.00015210960899797213
0.006828539624694827
-0.00022947374940661774
0.0001685282672293618
0.00012723369069671356
-0.0001397222903919915
-0.0007770031828952298
-0.00044584114664444636
-0.00013751059266211549
-0.0003052612619225353
-0.00019134103236989294
0.00015914245099739224
-0.00016692144756770503
0.00015241898468269755
0.00010718502114706011
-0.0005354840638365036
0.006360878612124631
0.0009769034414001947
-0.00014564195686236222
-0.0007252651230201303
0.00011092935031672219
0.000409248554006828
0.00012479806726271853
0.0002885119161013997
-0.00011501423914802481
-0.00011411699704246071
0.00018602949310615537
0.00015549309351504332
0.00014486547122526008
-0.0004918960135379918
-0.0002363475628090691
0.006065889608847296
-0.00013116769694097
0.0006897647865325837
0.00011997364764300063
0.0003756188583267254
0.00012518746843332053
0.0002739526323411595
0.00010615258879742225
0.0001796060426167296
-0.00015180851797906531
-0.0001352182675487515
-0.0004479783961306542
0.00573444209756535
-0.0001330158005802979
-0.0006495390312600034
0.00011362067729805804
0.00037027283252807544
0.00025921407878901564
-0.00010061416953310852
0.00017064282774835446
0.0001485262612732281
-0.00012604275135881388
-0.0004087688628231073
0.005426107416380863
0.00015231125997441667
-0.0006186063488916223
0.00010864641404227944
-0.0003500045622870053
-0.0002447888019078558
-0.000162733874550103
0.00013419809439963568
0.00012070487874827966
-0.0003742203108763985
-0.00013307027553032897
0.005141852247107444
-0.00010182319046304665
-0.0005845427705994962
-0.00010114470928511478
0.0003327315920834905
-0.0001412858773353807
0.00016943670081097844
0.0001105676839198246
-0.00015445919523388016
0.00012747859490909742
0.00011451091525735354
0.00011460885391543365
-0.00035319483719107095
0.00488016707120931
0.0005540525746107836
-0.00031227248989475757
0.00021937584914327108
0.00014572885847875455
0.00012038111791756717
0.00010153829736645025
0.000104678618353006
-0.0003250479818071062
0.0046370589652560525
0.0005261986873738325
-0.0002994269446822432
0.00020734275436968993
-0.00014398863731891515
0.00011415619846105714
0.00010110164379563065
0.00030148305007621104
-0.00010844552236989907
0.004407486153207946
-0.00018487458538129025
0.0005000112718535984
0.00028481115538051265
-0.00019376559685617384
-0.00013414695333166575
0.00010946070772758557
-0.00028006784018054536
0.004201319846194058
0.00011522814572936353
0.0004759892479832998
0.00027145972208740565
0.00018815837598800566
-0.00013002218188400702
0.00010332654655107556
-0.0002603020821752426
-0.004007730054612248
0.0001184654524609177
-0.0004539119032696161
0.00026651464491685655
0.0001790460816038166
0.00012063299998269816
-0.00010025460602411782
-0.0002423304021569451
0.0038275899156345133
-0.00043249356278594035
-0.0002471867071407105
0.0001705300810675309
-0.00011635842689834428
-0.00022629365731091877
-0.003658790615528279
-0.0004142913903422329
0.00019074003020397065
0.00014035908417376497
-0.000163530887844261
-0.0001111750538596383
-0.00021397581251612433
-0.0002331419332989929
-0.003491979568295209
-0.00011784444041607658
0.0003883059435611408
0.00022547841332964995
-0.00015657817441599694
-0.0001072434546673599
0.0002003853035042662
-0.0033534047665296964
0.00037968362025052083
-0.0002155408089480656
0.00015083396958972563
0.0001013813433496965
0.0001886645139703023
-0.0032148167085111444
0.00035305718737180274
0.0002063260344942448
0.00014354692641377844
0.0001781007696724246
-0.0004923218697491009
0.003045769882574145
-0.0003480649204655269
-0.0001985138905607836
-0.00013793015326622813
-0.00016889840376920352
-0.000622250615613391
0.002885712128007999
0.0002275469316770585
0.0001180759428886484
0.00033427418728926756
0.00019034273972398392
-0.00012716211917715003
-0.00016026305401049438
0.002844087721307117
-0.00016770557441751267
0.0003206486341944729
-0.0001833070526518937
0.0001263461024454856
-0.00015414965412369384
-0.0027330700749894467
-0.0002176401227235869
-0.00030770899670286354
0.00017731253377667634
0.0001227046033610049
0.00010847036118540673
-0.00015289421694286237
-0.00024922235350015364
-0.0006519767178936623
0.0025441165522949298
-0.00029254930394250834
-0.00010971246813208229
0.0001227035489851832
-0.00012422996688321347
0.00011258157828022954
-0.00015860404557310664
-0.00034035713157333513
-0.00011055884366921987
0.00030933131936334505
0.002463375576640452
0.0003157148409600671
-0.00011855804917345423
0.0002075342665537109
0.00011755889947918588
-0.00016745884518965675
0.00026310164651712425
0.0001287509563396356
-0.0002350678083806124
-0.00016813633236482248
0.00036382568365689284
0.00024673407049272437
0.0005379872789556489
-0.0011029869502058856
-0.0020209166139829914
-0.0003458373285201797
0.0002875175344667019
0.0001415768615347158
-0.00010942148612408025
0.00010925752539164848
0.00011093917785987857
-0.00010200519036822602
0.00012598129418565899
-0.0001357040731935078
-0.00010877437102765393
-0.00026899657399261854
-0.0002752312510276632
-0.00027030621602056775
-0.0006745224974184373
0.00045945045529583004
0.00029349520213701926
0.0012838927579210482
-0.0013886254076555349
0.0003335519179938711
-0.00010143313423989245
0.0008721772443451443
-0.00016441256688528878
-0.00022766206928945233
0.00014796982967699713
-0.00014418129143905367
-0.00011742934574369138
0.00010502798479746742
-0.00010162704285995547
-0.00010102842007333501
0.00016166535499160633
-0.00029117657943234085
-0.002223386406840498
0.00015058280171075214
-0.0002383823012910608
0.0001456684403117328
0.00011956593284690358
0.00020601326273605268
0.00010430027169928879
-0.00014749265470238474
0.0001949665824815973
0.0001373281212196629
0.00011277439006714017
-0.0021637688905269373
0.00012161923967313556
0.00011970563258043467
0.00014537615163623
-0.00024577631629392195
0.0002134014992577657
-0.00012829904071905843
-0.00013738737818478619
-0.0011080080751980231
-0.0016896020851750193
0.0001287152838426963
0.0005868186146762912
-0.00012278911192565214
-0.00023724819857868826
0.00019484977525193354
-0.00012230929771357588
0.00016405000447395054
0.00013319512826360846
-0.00018059571453562075
-0.0020309254861025725
0.0001826996427802729
0.00020742810364459793
-0.0002794793819757934
-0.0001380844193812596
-0.00013647786441120342
-0.00045441208283672474
-0.0001830786637578585
0.00010199539512010733
0.00028118546435034207
0.0007247777332343578
-0.0013406510201686463
0.001133587903876398
-0.000287915521020461
0.00010037237699451049
-0.000196410924999122
-0.00016654704009238497
-0.00010008405327619968
0.00022232984239319877
-0.00012310670857007658
0.001324805744458614
0.0012302631518357264
0.00014097322326855704
0.0007045203029234545
0.00010101768964732725
0.00010246627262428757
0.00010487944782570303
-0.0001098676577068818
-0.00015338820887273683
0.0001173550613219018
-0.000812140030462884
0.00010711786768567086
0.00172465508110413
-0.00010584188288372147
0.0018290904424529415
0.00015153154101533677
0.0001743954815073855
-0.00015761594877873624
-0.00016879608484968853
0.0014001044715351752
0.000963814672515747
-0.0005133320347863794
0.00023769813454148516
0.00010494750442619231
0.00012892300101855053
-0.001717286232473681
0.0003308440129911214
0.00017310421121699188
-0.00011299741374023035
0.00010044465019482867
-0.00010142905813449783
-0.00010010765526304868
-0.00010110928230482803
0.00010748406087303436
-0.00010665276999942815
-0.00010723362267463212
0.00010253446549052384
0.00010863646200091465
0.00010907042190131516
-0.0001043914015954546
0.00011058477246959259
-0.00010191980463306074
-0.00010231404723402691
-0.00011126591619991039
0.00010689668691488047
-0.00011199596095856964
0.0001039661717819928
0.00010410076476232688
0.00010698086782603741
-0.00011735300096415539
-0.00011589071263067922
0.00010507304434609761
-0.00012665780108307362
0.00010109667527432663
0.00011967727495583612
0.00010661865664944601
-0.00010809361004535734
0.00012533553366330012
0.00010638708716083374
-0.00012210261103193378
0.00010764853313302182
-0.00011051370428239115
0.00013044383732603422
-0.00010589730042644122
0.00012549742340127335
-0.00010726124039829478
0.00010765965399527952
-0.00011265270748619847
0.0001378266255166579
-0.00010136130578913355
-0.00012823934483326756
-0.00010452943521753055
-0.00012012508936678096
0.0001131460672909161
0.00015952772624509595
0.00015289776660417604
0.00014166261769648112
-0.000201251783376136
-0.00016488891001002293
-0.00020072021675413218
-0.00026806905263601427
0.000217812692726901
