0.9330669232783929
0.11411218347116905
-0.2849889593480479
-0.019141106613688036
-0.04887523379693184
-0.12206069753166124
-0.011517698285107894
0.03009787890373291
-0.05789192018909764
-0.047051407230277204
0.008195863114926665
0.021125251412007388
0.0026733954854518257
-0.05233264099594199
0.007919760239308467
-0.003500653193744462
0.015047544561233863
0.0017043097065619572
0.005705701081398648
0.0372540728425496
0.01718246160516626
-0.004568019641021745
-0.01156363354395328
0.002212323944705
0.000665011143111508
0.00012201372997184221
0.004326139123234628
0.03452975633016586
0.0004559973297418605
0.010465343509846988
0.001679220084872475
0.00111003630061033
0.0005291170814399245
-0.0012892745116631832
0.029312851622647483
-0.002566684150513337
0.002368323001616519
-0.003724408619360498
-0.009820640115903067
-0.0001811550990230025
-0.0003959593395280202
0.0011094598451101615
0.0021227967663102264
-0.0036171617996427533
-0.01999131817200535
0.013700016626267205
-0.00014266954760993713
-0.00032754327737974246
-0.006941202896884578
0.008412081768966273
0.0009378907590478444
-0.0009906734967772195
-0.0008037804392710721
-0.0013032414375746212
0.0005349767314739636
-0.0003773275367016697
-0.002819766103098667
-0.0006388455638768518
0.020386522203343662
0.00045437841349201604
-0.002013126505019576
0.003663728499939381
0.00645929628847632
-0.0005827271249737975
0.006852950000553816
-0.0017650133988481066
0.00022685830443614584
-0.0005541488580155567
0.0005570190136245954
0.00015239459813946597
-0.0013579481462756878
0.001816373230498096
0.0017627153710321512
0.0010373425816818402
-0.0170829660445104
-0.006999965787572187
0.0009992764359453993
0.0003506789943689167
0.00038668952772391574
-0.0065116480587589344
0.0015910557964949872
-0.00032559168113518137
0.00039042029693894207
0.0018185003301149857
-0.00030323039036641837
-0.0008248235219753781
0.00042107391398962194
0.0010607476689411862
-0.00020926952846681538
-0.014515213700097408
-0.0002743170740306829
0.005464077320645808
-0.0033677532810992413
0.0007298778746678264
0.002707838733899397
0.004065285481858544
-0.0006250834779478873
0.0015788509704504953
-0.0034976793348462823
-0.0009152066411425246
0.0016378620408267063
-0.0004891091832390716
-0.00017915584321757396
0.01239330545941028
0.0003925559761554433
0.00015538616485157
-0.00030344353432213073
-0.0058520011435193205
0.0005115673021270461
-0.0004208792297301049
0.0007870807240114015
0.0023361814902417536
0.0006332813055821807
-0.0001845085191143191
0.0005827229759802583
0.005102284960077017
-0.0018007986915929447
0.0002235550765693188
-0.0006305485519434679
0.0002056634275776515
0.0006434206888422428
0.0006249931243386571
-0.0025350052751625185
0.01026930486897594
0.000933994047201544
-0.005293775784025098
-0.00027921198195372023
0.0007748361177177877
-0.0005446804315580757
-0.0016705950042334248
0.0001676595558107649
-0.0009518275218639569
0.005130753219062354
0.0003770375658591999
-0.0005427933437899095
-0.0003663224350024708
0.00013022660377034467
-0.0010618581938280506
0.00030197113057360596
-0.0013977762281331308
-0.008973406394471398
0.0005054631215652789
-0.0003362770284913333
-0.0046014389267623424
0.001802664006217302
0.0002663644300596249
-0.0004563584344359058
-0.001380253264705742
-0.00026956687005275505
0.0007249630537002248
0.0009935638134160002
-0.00467454832576697
-0.0006417973618590508
-0.0003626417207323378
0.00014464751814572554
-0.0005376366429303968
0.000563282282790084
-0.0005904780474432125
0.0005466752029209344
-0.0017156029633577706
-0.007668740121905053
-0.00034012103917897596
-0.004564141654362326
-0.00010528259973154628
0.00014600027437681727
-0.0003127789393002124
-0.00019091827369085716
-0.001141301459159479
-0.00048334201996453723
-0.0003207195725194034
-0.00010097218787101167
-0.0008770286921725288
0.00037010484786469106
-0.004425240872934824
0.00029639862201081635
0.0007916140423177269
-0.00012635594886612088
0.0002039003378243772
0.00014138977811454855
-0.0005820783196218301
0.006844150739374475
0.00031299095446667445
0.00026722944111937287
0.004200622486531134
0.00016330333683518274
-0.0002754131995213937
-0.00038722175198304944
0.0004326764261904736
0.0009712648560301607
0.0002263372453053109
0.0008020339569190346
0.00024260496525270895
-0.0001042089473229555
-0.0037522575449327965
0.00015843550825160937
-0.0016108134227299864
0.00018389576429093176
0.0004293218331930384
-0.0006724047151336643
-0.0003584818544619254
-0.00032531956503622356
0.00017091680580167166
0.006014123714333594
-0.00030009299705221066
0.0038746759322796235
0.00027939404939738774
-0.00029934646360883777
0.0009841790731094009
0.00016141431017103642
0.0007886303135870555
-0.00018865115240227547
-0.00043900200788330563
0.0012446230848917011
-0.0007088495405999752
0.0033504766265778337
-0.0010412164197822855
0.0006557238460784158
-0.00015467413890276412
0.00041577557911098276
-0.0010063687627620548
-0.005186683772836415
-0.0036153754330022557
0.00032249008116911997
-0.00015911827437715964
0.0002366046618394963
-0.0008498133676820343
0.0007393131250780604
-0.00012066415686749737
0.0002836896529368209
0.0007155777010172755
-0.0001877792946208068
-0.002528952027264721
-0.002395483119505951
0.0001970046588831552
0.00016650107454338738
0.00013698281612544802
0.00022776243060191356
-0.00011386859918140428
0.00015613940731762778
-0.00020473379194456984
-0.00019337445264954673
-0.0004616219066885365
-0.004655197620109362
0.00017055658506676463
0.00332263289863773
-0.0005257319578579381
0.00014469439910352443
-0.00016062711699133485
0.000770804354392329
0.00011370094194595
0.0006828562415545191
-0.0002936936564265158
0.0003165024649266125
0.0004354251539329334
-0.0002210308092712009
-0.0005695788585880722
-0.0005067349392701579
0.0030003199466754047
0.0010438836882342307
0.00027460625495381044
0.00017675835548152584
-0.0003709255663504933
0.00016179355835258978
-0.004141482251145645
-0.0007582514593156054
-0.0030301391174077422
0.00023885825738500756
-0.00011350876972210638
0.00014404958496732148
0.0007077400796003461
-0.0006901812291578986
0.00012953287590217942
0.00011943842923340498
-0.000397008239377731
-0.00014994550333536114
0.00024476025788579996
0.0003093940128200918
0.00025602086618394226
-0.0005536851973299232
-0.002971653353113983
-0.00015184113732187528
-0.0003381694111983797
-0.00011424288059607567
0.0001980274022023167
-0.0001492163247450586
-0.00014847628449299742
0.0002754589253123508
0.0035013123943735862
-0.0011375961170579769
-0.00013275958999075347
-0.0029207153625811257
0.0006518827904917429
-0.00013000769922539508
0.00011160550821622641
0.0006255759118431534
0.00012578301688684487
-0.00036737840666463807
-0.00016078537933411388
0.00031017402012087597
0.00015549769261911405
-0.002782246360297285
0.00043755689417680657
-0.00019975858534841334
-0.000261242710446844
0.0003179926411391378
-0.00013096709931794128
-0.00012628754974711008
0.0002150930521651486
0.0033006211224110675
-0.0027282017943192714
0.00021651578876492943
-0.0005827105776554922
-0.00017856818803203863
-0.0005668720565272851
0.00022363820413857488
0.00027047544032441127
0.0002799652512552446
-0.00016862396662253008
0.00012106750347453286
0.000593957753016245
-0.0009907871172525745
-0.0008388778576132232
0.00222276438702119
0.0001914564694725888
0.0002758358844377973
-0.00012479429408358025
-0.00013520523211673662
0.0004069331560479061
0.0006624213189154795
-0.002869736113582096
0.0025058602399560597
0.00048537130236840783
0.00012040686058191657
-0.00013612587199907848
-0.000523656955648399
0.0005615831234556747
-0.00015905149934429406
-0.0002721249986551648
0.00031356234326004526
0.00042781713524471114
0.0002132443541022085
-0.002306831317104897
0.0006713739767577971
0.0002978354133007775
0.0003699811685298533
0.00022387384264502779
0.0026715532732654416
0.0019269124197756927
0.0014157207372798358
-0.00020242327410412112
-0.00048500047555896474
-0.000529377401500677
0.000144851644949481
0.00010542941852874975
-0.0002402166019050804
-0.00027273301441649474
-0.0001078994970505204
0.00016719176830006516
0.00025098460282042535
-0.00016771949961180357
0.00013429457545264525
-0.0003628434406138533
-0.002279962015529501
-0.0002010030901115762
-0.0003485397263791764
-0.0023922159905763714
-0.002108915486369881
-0.0006748019958493353
0.00043064966646621996
-0.0004460543564246933
0.0004919489085965309
-0.00010639908461780672
0.00010283589679803338
-0.00022351681230765394
-0.0002755988394728783
-0.00012679334813350698
0.00021072737889866748
0.00016344925366012193
-0.00011744988588128338
-0.0010779875677467672
0.0018636903106093285
-0.0001613611144066006
0.0001680342648482474
0.00015117485182242126
0.0001622426653801516
0.0021904804255957863
0.00010525703741642102
0.0017862970618021164
0.0011419887417963748
-0.00041093071687064227
-0.0004841653963163141
0.00020200833763839955
-0.00025164323328444245
-0.0001116717623121157
-0.00017364485935361212
-0.00016343397140940403
-0.00010444109291630018
0.0001083893592644015
0.0020290093101281493
-0.00019023175335384793
0.00017549669449381296
0.001993870193714774
-0.001998496657806335
0.0003809921509529587
0.0004537066776096726
0.00018450913446819577
0.00024099299017830723
0.00010948403797815632
0.00014685532959322057
0.00016235154752669914
-0.00011431069969828757
0.00032116007263989016
-0.0014167138956686458
0.0012418145885343557
-0.00022587839452942461
-0.00013242680430151135
0.00017131420407157484
0.00035098289177980273
0.00177732621005218
0.001830358167666169
0.0004493586181845949
0.00011259073060039812
-0.00024704791370495
-0.00023437413708771523
-0.00043075057133535607
0.00017518376355256526
-0.00022234646947125669
-0.0001268255727333268
0.00015580937188143214
0.00010204994346113791
0.00014701815456684273
-0.0003072448466578448
0.0017641363508663901
0.00027822769361812206
-0.00011936944510795471
0.0016551942516246805
0.00010883988338244042
-0.0017788193202272176
-0.000147657586247457
0.00010602346967199823
-0.0003152575935907309
-0.00040703233603184893
0.0001182370215798278
0.00013793370584193096
-0.00020761124903582738
0.00011545074232844955
0.0001472630976982799
0.00017292463451220057
0.0015099418027242093
0.0007789925217945677
-0.00017994304633269108
-0.00010726558983179103
0.0015164848203560982
0.0016882626011902341
-0.00010995473470523765
-0.00029169613200941586
0.0003836535455528971
0.00013231727863532262
0.00021563823143391818
0.00010418081082514815
-0.00013714267012351626
0.0001215491122990865
-0.00019030641106283693
0.0016029181794986178
-0.0001040382899123602
-0.0013965587332445395
-0.00048150818221302934
-0.0015094788954494469
0.00022314470539244106
-0.000269972180743388
-0.00012273081475298764
-0.0003495433200030645
0.0001272621139655382
0.00020673029261002588
0.0001370753802603121
0.0015294729324991682
0.00010427025495258201
0.0012839857149253644
0.0012307622603241102
0.0008864569183930256
-0.00024882918388832373
0.000350618351768355
-0.00011925346936249366
-0.00019277846574775102
-0.0001305170106698374
-0.00015587898141949014
0.001408377378587067
-0.0001787190367382707
-0.00023319744631817603
0.00013813857905795745
0.0011833413002862564
0.001442979796199232
0.00023146437990421967
-0.00033835852806714045
0.00010955573433001801
-0.00018450794590214032
0.00010951660707636152
0.0003330164435237068
0.0007769526161970352
0.0010714388092472017
0.00015727963339623859
-0.0010922694874431233
0.001372443941212088
0.00022329451405882813
-0.0001444373479303277
0.0002895101801762052
0.00010227560044523012
-0.00017064989315673288
-0.00011842301677617267
-0.0001408466158124364
0.0012880615200877219
0.00020655074932306107
-0.0005073166127034818
-0.000875917660672865
0.000188177990742275
-0.0012929993133576
0.00019622805716293883
-0.0003045884740699158
-0.00016719971016522793
-0.00011191933099167027
0.00010005343977399122
0.00038630511973751936
-0.0011825721141505141
0.0009265915561716895
-0.000144354369754142
-0.0012452466017675054
0.00018347417795038458
-0.0002919557794629257
0.000164001703485164
0.00010819121486025941
-0.0004788043176217653
-0.0010798742405342824
0.0008717182583154973
0.0011892006976043602
-0.00017112403834686402
-0.00028024619573565224
0.00010767473495761278
-0.00010270893381726275
-0.0011193546456276507
0.0008106479788776633
-0.001130720392103125
0.00010888716900405216
-0.00015846995138128335
0.0002679338502884315
-0.00014757095057214625
0.00021203208715529767
-0.0010493197772550693
-0.000756694686129276
0.0010774618822612383
0.00011613689155132112
0.00014772483249843692
0.0002572796961241491
0.00014053575377390151
-0.0001020150439840214
0.0008052493723166172
0.0006294446260971955
-0.00037542453487705315
-0.0005939329800425321
0.0010337333261340462
-0.0001374970559569732
0.0002455667804794985
0.00013476325133733577
0.0009702005143952504
0.00015343380310297547
-0.0006572936401702779
0.000989622680244857
0.0001280043729068401
-0.0001980155136945486
-0.00013096272779053756
-0.0001302407577238699
-0.0009409402417722906
0.0006165296219178999
-0.0009505066746161853
-0.00012054247663330017
-0.0002250167495439939
0.00012392001835297774
-0.0009011744571266299
-0.0005784701686665108
0.0009104370340919403
0.00010972056776690394
-0.0002182465777619887
0.00011855732397033157
-0.00011325414857507287
-0.0008580017045111493
-0.0001203425364146107
0.0005432506627094048
-0.0008560071259902562
-0.00017693918856586592
0.00010201123105912323
0.00020959573046503603
0.00011898501815874187
0.0007623025273354288
-0.0003320010133323627
0.0005120984421768509
0.0008359269136123026
0.00020079236137175304
0.00011284531988390052
0.000763696821774382
-0.0002121328589717307
-0.00011961118716015459
-0.00048392809683866096
-0.0007994073528727556
0.00012483514400780458
-0.00019299912462176623
0.00010437244017034841
-0.00010568740914009537
0.0001304061771699457
0.0007574021189803073
-0.00010517998547372379
0.0004551963210601591
0.0007680625085503113
0.0001846630569920884
-0.00010044467977400873
-0.00013077472223717518
0.0007394557700839909
0.0004386133432677215
0.0007314607610241262
-0.00017693755639237735
-0.0007097771582293672
-0.0001364300147627897
-0.00041828244559587077
-0.0006987530412521237
-0.00016671172285377615
-0.00010632399132048058
-0.00010448098965956379
-0.00032618959296987834
0.0005985200831302928
-0.0004217529672905135
-0.000660218152063068
0.0001579431215057288
0.00010879727000186248
0.00013681707402338886
-0.0006201715970936415
0.00015424119943782246
0.00010038770191578605
-0.00041487386799471995
0.00020445676322589594
-0.0005879877825558216
-0.00010729897641474656
-0.00010971241794463574
0.00012654084975782646
0.000148490042318232
-0.0005809458894421123
0.00016603947587502806
0.0002843892131821139
0.00023289127484675342
0.000110094255042184
-0.00031531143693742535
0.00025933047343218235
0.00036323364912269973
0.0001007225234090599
-0.00018704335255842673
0.00010105711193524303
0.00013810934991548195
0.00010871558422540122
-0.00010115316474356598
-0.00011910420932699014
-0.00011757684593876827
0.00019841397635295862
-0.00032840371931664537
0.0003599872076781496
-0.0002673518687343534
0.00019823125365688095
-0.0002114850931784254
-0.00027003725598595736
0.00021423084562552077
-0.00011937010787667248
-0.00010899212492658388
0.0002941034218551366
0.00014940714760737243
-0.0002959614002196164
0.00012392522156499548
0.0002124886890118739
-0.00011785053714966293
0.0001574947119283777
0.00010167152602904757
-0.00010800087449210488
0.00011867224580897111
-0.00011482587585279586
0.0002715909731277058
-0.000152764866335439
0.00022640880626090498
-0.00012466047029364248
-0.0002669055521865668
0.00010845510374926979
0.0001737870458155128
0.0002024708153733831
0.00019161873188462586
-0.00010160516987946702
0.00012317370923705054
-0.00045598783942936774
-0.0001467703383252951
-0.00015748796080463463
-0.0001208514977932857
-0.00011001705820122609
-0.00015849187870965457
-0.0002341143081193468
0.00012176112375445222
0.00014287518645629145
0.00011289844116756928
-0.00019966366128796936
0.00024547886478983066
0.00010023861284899778
-0.0002994756769046701
-0.00010887941671746336
-0.00010247357534250173
0.00038288944148030617
-0.0001860341528568938
-0.00020211906800079996
0.00015252118302258767
-0.00018943453420115062
0.00017758180324545743
-0.00012524237837622544
0.00014816733336871804
-0.00010784611818635889
0.00011041484272158917
-0.00018744095174347134
-0.00028657486879434457
-0.00014720296751895165
-0.00019044740864186362
-0.00036375743224131846
-0.00023147269286402387
-0.00015259288819800666
-0.00015039570241093912
-0.00022641461558767784
0.0001391385667859599
0.00019225478782020577
-0.00013281902928198868
-0.00010909020167250785
-0.00010599162217898835
0.0001314165008804675
0.00014451050152007
-0.00011137958991036504
-0.00010579882781084017
-0.00013611886994340877
-0.00011987532728040509
-0.00010457181544474443
0.00022681837687102635
-0.00015308220860676394
0.00021498931367123751
-0.00013514181825963168
0.00011711803438736944
-0.00023471698085495964
0.0001303528589952492
0.00022933424449718686
-0.00011770311884475666
0.00015152507252400832
0.00017932919433092181
0.00013299525421836246
0.0002768507085814242
0.0002559420877396011
-0.0001125411569715692
0.00011821577141304087
0.00016006334422096803
-0.0001703343247041221
-0.00011602379577751669
0.00010630167436258266
0.00018154213756850057
-0.00016442148618128912
-0.00012468333523880799
0.00021843413804503747
0.00015443584493633365
0.00013597430944014513
-0.00011296855563326991
0.00034885008489726505
0.00015742806030675719
0.0001369995522432455
-0.00020015605447367917
-0.00014451861434983451
-0.00016212285997253516
-0.0002687250645747848
-0.00011467885979275886
0.00012018858648608467
-0.0001887182341792142
0.0001031046770895684
-0.00018986362306839134
0.00012816970261116039
-0.00017904375313464266
0.00011817288205755187
-0.0004202554707990702
0.00033206504418262055
-0.00012675474347481
0.0001693987194008413
0.00013298041681716145
-0.00012972199648038618
0.00011251064235576472
-0.00014102104976170923
0.00010594858505711313
-0.00010289996679622059
0.0001242282422141461
0.00014272852115865338
0.0001091827013728542
0.00016795485938490352
-0.00016262995146082394
0.00014238697203743648
0.00010027846017272137
-0.00018314700523830313
-0.0001299597028948104
-0.00012387339232832503
0.00043219310663032717
0.00011705115658488589
0.00014105659037889283
0.00017492470552415943
0.0002643245496053323
-0.00012569437756639038
0.00013585840970610293
-0.00025848382659280153
-0.00044428681215050105
-0.00014105409172841888
0.000261293181700324
-0.00015563180304730998
0.00020791853490734845
0.00010615761585499156
-0.00010653118234937442
-0.00018953188339563144
-0.00011126048364106398
0.00018258553538707124
-0.0005934248945064402
-0.00015140566017247188
0.00022159050908012292
-0.00013245487200213925
0.0001376737858308105
-0.0003721519643204568
-0.00034625832056863447
0.00018687733111201035
0.00011745588586521832
-0.00015347502501084957
0.0001395249947341214
0.0002695503552981252
0.00013231241569049954
0.00015175896449210358
0.00032879058839537466
0.00014128922074689145
-0.00013914320236501637
-0.00018684639261291351
-0.00021247031974096122
-0.00017751750195864278
-0.00014330975123883489
0.0001447114753111383
0.0001960421568194006
0.00015886387031343243
0.00014662871187826214
0.000187684894939002
-0.00015358881546162926
-0.00015255952242340442
0.00018905356170638906
-0.0001692684464506991
0.000142763387610741
-0.00020784372708592
-0.00016766314411429062
-0.0001588170669465324
0.0002151083769771266
0.0001635448196184689
-0.00015720549103470728
0.0002221972863298678
-0.00018167240703874016
0.00014964249833249844
-0.00022775063759758083
-0.00018130413442424818
0.00017072947982969342
-0.00023419105477316365
-0.00010242444827018805
-0.00018298275322584405
-0.00017622029479281978
-0.00023987541688032685
-0.00010343409212562068
-0.0001830693381095155
0.00018114434413973472
-0.00024675411964278544
0.0001012219517556332
-0.0001225771374113052
0.00015315270439369475
0.00018575997468677023
0.00025386721871770607
-0.0002078847595722329
0.00011545015579275603
-0.0001474793232407242
-0.00026010177240828067
0.00011299459750681629
-0.00021349090562584202
0.0001925302149909928
-0.0002621655855654137
-0.0001187176476096568
0.00021817282076092308
0.00019924013052860143
0.0002763240637623138
0.00011725592228470618
-0.00021294982248285156
0.0002066568657082583
0.0002807296039115877
-0.0001303845128584403
-0.00023379554307628185
0.00021499531993308612
0.00030833941864597843
0.00012008876447240815
0.00028408755164488524
-0.00018916670299145102
0.00035855913478398627
-0.0001058202144038196
0.0003727098509151439
-0.0003985351411994194
-0.00031436966371200566
