0.985211653813224
0.12523064604693643
0.06890581968122186
0.04562017419051643
-0.039747224932862826
-0.026688935195979636
-0.011761286386677694
-0.02578218267124882
0.025917255415029414
-0.015214570742660668
0.003150189288749452
0.018858965155846293
0.008751592114700205
0.020160307374813766
0.0023957801732171504
0.0002159905198183841
0.0004336174731692417
0.012246913856920559
-0.016166885919553432
-0.005636350929284449
0.007147477227208301
-0.007295432666567426
0.005586607312628264
0.005338079246399203
0.00619535551166212
0.0011710340738265
-0.008315504554980237
-0.011142165373656913
-0.0026711714987160294
0.00037772976694346635
0.0007363733005469268
0.00012949193972025766
-0.003973563865529729
-0.010054424223317157
0.0034564134182201675
0.011418236120251779
0.00046431958903094277
-0.0006673258168378931
-0.0004645802432858064
0.0030539724026371045
-0.00023619194637812928
0.000270275203549102
-0.010309573292917247
-0.00917415631139009
-0.0006596790278746754
-0.00042407844639046787
0.00011834592140944042
0.000915705872289152
-0.0004714838994536934
-0.0010259494624773485
0.002878660808100829
0.0005941510705930882
0.0001377277227864214
0.00029915029840884893
0.0007947357647367885
-0.009113121160486288
0.0007108829427886939
-0.0024790386551301283
-0.007086272908598198
-0.00077685493317094
-0.0026456049369948404
-0.0005500518454834717
-0.00027825563357647735
-0.000719605226680279
-0.0011898903528679639
0.008030293372995188
0.00011251978386072253
-0.006125235068497534
0.0002791946729502911
0.0006945010802390807
0.0005173224431624922
-0.0007001320009820418
0.002283136400957119
0.00030160809165387105
-0.0006705959237143104
-0.0002017723734211613
0.00010327461643156794
0.00013416671855360815
-0.0005946835724976129
-0.00044194745381118876
-0.007092279781834565
-0.0009415200059848932
0.0007404760739633098
0.0002089960342014124
-0.0050276193102539056
-0.000345079314854865
0.00027149817032411636
-0.001713537814390849
-0.0012806532763053012
-0.00019069847853391052
0.00016870697699869106
-0.0006296196216494585
-0.0001783886414140805
-0.00015348750994633603
0.00015647617594625516
-0.0005463424310517012
-0.006226391116310978
0.0007682528582751445
-0.0012902223843550406
0.0041652159728430335
-0.00026403510607422696
0.00014033919528047212
-0.00033541440051240213
-0.00020924474899002007
-0.001889763508335992
0.00014727258396172354
-0.0005489816724688106
-0.00018186280866977936
0.0005228371287408887
0.00010023775471498825
-0.00020276087228574552
-0.005717111026707843
0.0002775552593330669
0.0034633951372038912
0.00036804866343497075
0.00019756909981456298
0.00048120355429515213
-0.0016011707308630733
-0.00011337688248421738
0.00030499418432109577
-0.00038769669840857087
0.00019969666650468306
-0.00030283610590583034
-0.0003945082252506215
0.00012207218497629685
-0.005122118926361317
-0.00013899610537670317
-0.000560395448808081
0.002884309535687898
-0.00018500385055818163
-0.00010813039457383138
0.00023979428534216246
0.0001613820361327637
0.00032059674634550014
-0.0014197021838624783
0.0004599367028034267
0.00010019729561897392
-0.0001365927177558994
-0.00043301237665403563
-0.00015470327962426616
-0.0002472679163282001
-0.004599312664160719
0.00036205520467320895
0.0023122442783160813
0.0008825723315552273
-0.00025961483304298884
0.0012977301381639128
-0.0001579882890895748
0.0003855886973774039
-0.00013166067889493996
0.0003868307249721608
0.0001469383172481401
-0.00019399757431561542
0.00014412353389322714
-0.004163678605295121
-0.00011509501657489576
-0.002120272210810026
0.00014980019846491178
-0.00010567147659354685
-0.00012302737582014668
0.0011503559920088722
-0.0003178624448757776
0.00015688610081365385
0.00036550531405621356
0.00013848987136008445
0.00018445291786905207
0.00023334086443862906
0.0037572695036002914
-0.00041142743328268324
0.0018061945865284576
-0.00014750768968801943
-0.00011432982092745165
0.0001327735790570229
-0.001035450732307526
0.0002985071325483613
0.00033080101353729957
0.0001261093646807592
-0.00017378125474022083
0.0001286568516860189
-0.0015471637554953942
-0.0030793463021909144
0.001559928145467422
-0.0001373959273661481
-0.00028795456278304157
-0.0008873924208806083
-0.00026105345758562593
0.0003072448173291259
-0.00011352165201882676
0.00016395125281251546
-0.0031501038828016413
0.001299668755418332
-0.0004009690311287511
-0.00012363538069149821
0.0008374996829948045
-0.0002407812384206425
0.000273558616879309
-0.00010893120830014751
0.00015209369542811379
-0.0028869547445785383
0.0011848995296912471
-0.00010885705515254599
-0.00010947502968275466
0.0007552778194369452
0.00020903976940249815
0.000252392387154677
0.0001343575342594465
-0.0026464504026232024
-0.00018007808498342643
0.0010373468882921583
0.00012421108092069389
-0.0006885952870128364
-0.0001854929484264492
-0.0002309469864014953
0.00012820614448095185
-0.0024415112782129357
0.00010003249433427774
-0.00015476743807227552
-0.00010605117279510532
-0.0009112905914284922
0.0006301889110065744
0.00016550465265408775
0.0002127900717780052
0.00011805128404089142
-0.0001247061087346651
0.00021808445003602728
-0.002252141513661443
0.0008118568117081408
-0.0003706453265096445
0.00043862066801990987
-0.00014818602355232575
-0.00011892941440419733
0.00015809534980498716
0.00010461842707500085
-0.00012407248349915692
0.0020964829122111354
0.00011214571197188427
-0.0007159178523416314
0.0005251388641383065
-0.00013460733714322184
0.00018327528600921053
0.00010172092794132893
-0.0019518796484577468
-0.0006445785078964042
-0.00048701671217652327
-0.00012073003541820119
-0.00016849816005633933
0.0018181734454157323
-0.0005793784801995237
-0.0004513804938725558
0.00010876920068768301
0.00015692279371801816
0.001698118823650653
0.0005215056120981862
0.0004167477583038621
-0.0001468517369911585
0.0015761964164200132
0.00018960781062706014
-0.0004705885502905361
-0.0003890578987841447
0.00013644646540732084
-0.0014904185152253713
0.00042675306751270244
-0.0003621079423484349
-0.00012833398109425467
0.0014010074462339774
-0.000387557684483732
0.000337371352605923
-0.00011975153818491035
-0.0013170995058364651
0.0003529546068602454
-0.0003155388859164575
-0.0001118251210059095
-0.0012413380363585722
-0.000322361809546173
-0.0002973499011543542
-0.00010326928287098222
-0.0011714711429936778
-0.0002219534262925304
0.00019689374473443594
-0.0002795460802652704
-0.0011070682983057721
-0.00026999142534802815
0.0002626744883149224
0.0001086478188755543
-0.0010488096927165813
-0.0002497097856464718
0.0002478755245631674
0.0009947722652794851
0.00023020418419397628
-0.0002343397107565434
0.00011179931432465596
0.0009438703515998576
0.00021222240547486847
-0.00021874412143952022
0.0001182819829242356
-0.0008979331041136355
0.00019687414511789628
0.0002099864826554696
0.0008549370558205728
0.00018248500868934641
0.00019303431599913636
-0.00012285505054236126
-0.0008141505155943382
-0.0001694425191556628
0.00018941505329806238
0.00012602796956259969
-0.0007763492535110448
0.0001573666973120585
0.00017999048966095408
-0.00013149415954425556
0.000740951245944741
0.00014742347895171739
0.00017166044801338024
-0.00010227308187558157
-0.0001021688995996064
0.0007094039973539691
-0.00013762223251118013
-0.00016360536214327692
-0.00013470919223675353
-0.0006788267985051833
-0.00012888292358067123
-0.00010519307901159071
-0.00010457631352741721
0.0001561925015702736
-0.00013618533178777186
0.0006497533296797685
0.00012080542388518309
-0.00014940808917749052
-0.00010780469240399575
-0.0001077830175499179
-0.0006230295269344787
0.00011364967154154038
-0.00014163552531214825
-0.00013725743326777748
0.00010875510417902489
0.00011032304503526207
0.0005976455535705518
0.00010708238851964436
0.0001363123886354911
-0.00014692072803563103
0.0005728236866078169
-0.00010150824696543017
-0.00013047802190154054
0.00011211218004943806
-0.00011275625713968757
-0.00015037640553546485
-0.0005514829691453156
-0.0001245113605115143
0.00010683075939119286
0.00011550650366593494
-0.000529468297014895
-0.0001188543093485822
-0.0001339543845252424
-0.0004957846663298663
0.00010761166682140516
0.00011994219922516041
0.00011171923664492408
0.00011706511050868176
0.0001445533014506065
0.0004820740012201757
-0.0001048258704750576
0.00012187666349185945
0.00011908815210617372
-0.00020580047954446356
-0.0004141879804720086
-0.00016064308909486552
0.0001285739709718037
0.00012214624860529066
-0.00020068850282034748
-0.000206155267084474
-0.00013861650368597906
0.00017423602973584148
0.00012053838932947677
-0.00012403807763086369
-0.00016408409907275168
0.00040680621781074113
-0.00012559273238431715
-0.00011697285157195463
0.00034547439944270354
0.00015857582954243446
0.00016181917164102754
0.00012584171825547158
0.00012723597845832563
0.00029249700226330506
0.0002242589949507839
0.00014416418908946675
0.00016820665638438593
0.00020188739940786297
0.00019958012805936176
0.0002052837283757483
0.000130743609156217
0.00012733996115114925
0.00017053476284050798
0.00023493476988672957
0.00013498292433786985
0.00023671518426331316
0.00013566580849041414
0.00013140521147516205
0.0001313396380030583
-0.00026092895405580463
-0.00014994653267483938
0.0001269021943527644
-0.00017487458166211495
0.00013661977845884834
0.00013451404953559475
0.0003284234045320845
0.00010586494265178726
-0.0001085090501357283
-0.0001804002487909386
0.0003480042491378356
0.0001366306298204308
0.00013716733304204926
0.00029221216383101465
-0.00018117701066551988
0.00013550475351340236
0.00014076956982416643
0.00013992753975121148
-0.0003314557893851963
0.00018580910592167708
-0.0001439134759455954
0.00014211346417748025
-0.00018633263788575866
-0.00014642647033088005
0.00014485345896777827
-0.00019316183262613494
-0.00014986088832039015
0.00014784534873455072
0.0001954327849761632
0.00012883924103311413
0.0001502994933073307
-0.0001908702749713448
-0.00015534851975867892
-0.00015318565068084635
0.0002045026787504506
-0.0001529678871594391
0.00015650009353322786
0.0002073565327316494
-0.00016506036116171517
-0.00015932817958649376
0.00021406892904054345
0.00016496642395009465
0.00016249027391134787
0.00021769317641610078
0.00010159176921458971
0.00016887353250696525
-0.0001660680641615442
0.00022200806695707364
0.00010353293912394076
-0.00017261755304089172
0.00016966267281608461
-0.00022698838751053076
-0.00010583985214337213
-0.00017646818247093148
-0.0001729459312231992
0.00022937104564119714
-0.00010798699276048362
0.0001795684467542224
-0.00017701851516595214
0.0002386751390113222
0.00011040825771781157
0.00018497570165410402
-0.00018152171904113913
-0.00024460651130601616
0.00011314804402991466
-0.00018993367641793136
0.00018575972757835143
-0.00025117962400080776
0.00011618131295033887
-0.000195635852999685
0.00019051140197644644
-0.000257504329728992
-0.00011917195766902453
0.00020290684924740253
-0.00019538888707705177
-0.00026503880497756463
0.00012268619753912636
0.00021112001379737413
0.00020584369405602976
-0.0003042128786745156
-0.00016815432748480582
0.000277048369166917
0.00010510904100722694
0.0003453574347675556
0.0002739382249777996
