-0.9246943890540987
0.20747821359274357
-0.2187573822953131
0.0882898124154552
-0.049000454020152844
0.11742140206764616
0.033835750999130075
0.039449625806547525
0.03274497328900765
-0.08110793812821343
0.02906441279740864
-0.018884323531966955
-0.0056175586980597185
0.023851614721558525
-0.06059581167861557
-0.0029187998208676106
0.0185475691831644
-0.013465503988149281
-0.0469298174042341
-0.02131856020822849
0.001966164782544538
0.0005016193423506188
-0.0007987696978715698
-0.004015157786320005
0.04734042058013765
-0.0076995911642777064
-0.003442237218486489
-0.004991849296379282
-0.000986744283466357
0.0004274942712387171
0.0015995787761381116
0.0017816687668267734
-0.029026841434189075
-0.033278762341702
-0.0010739930533424742
0.0005637689276196125
-0.0023355270944860258
0.00015956035649610767
-0.00022772726452839802
-0.00015927851294314467
-0.001051332477282255
-0.028274834837525686
-0.02648169151650585
-0.0008513602868834271
0.00033892422790850836
-0.002205610886080043
0.00012728697196435452
-0.0005568669797743393
-0.0020494116325091177
-0.0002290293138763599
0.0019551560028590624
-0.0003940969105729519
0.00032490368434861286
0.00017985397448231884
-0.025169458091868945
0.003123859028838291
0.021930210229966253
-0.0009074844703876012
-0.0024115506014249187
-0.0005033541781703075
0.0001425640694032472
0.0006173927715676796
0.0002769937664564045
-0.0005475586184259309
-0.002042369716628946
0.00020963153313712405
-0.0004373516080836713
0.00011697451971196367
-0.002764163352474488
0.022048289812928393
-0.009169320507207245
0.016068898670400174
-0.002549124450218419
-0.0015725732761538837
0.00011002405708196802
0.0010823075464015171
-0.0003812691150412205
-0.00018799280806988246
0.0010455650342413836
0.0015366806413109728
-0.0008148235560681965
0.00018009272996168465
0.00014772382058065957
0.0004789012109407646
-0.0001666055845098378
0.014371935337940468
0.013554681155953966
-0.00029604727038456106
0.01564321459400933
0.001160276310166162
-0.0009291316646850413
0.00011216288236222232
-0.000487598000505936
0.0003945379681250919
-0.00043603583764608496
-0.00031175987404145997
-0.0017366513037958466
0.0005673357481798376
0.00015640138395269242
0.00032058646330117757
-0.00044962213722099146
-0.001127357709895955
0.016568305519241655
-0.0055620961086136934
0.013337052493380639
0.0009025499313534491
0.000155720426743583
0.00023856189516454365
-0.0005639325705691597
-0.0006410624787511975
-0.00040499589263262456
-0.0003808420275518636
0.001460160569811592
-0.00020765684677221492
-0.00014849734270193116
-0.0002375532759711172
-0.0001386557392135866
0.0003841035883063279
0.0002620590189117398
0.00012666075122034443
-0.015530516178302643
0.011267659947865133
0.0024720547013996437
-0.0002186933067802057
0.0005457222378580815
0.0007804872193452082
0.0001546556786119895
0.00029156854383283155
-0.0012482184915503121
-0.0003741007648571777
-0.00032743375910723103
-0.0002890358608999303
0.00026941509959372347
-0.00028448420177557655
-0.00037839792539791725
-0.00011724310792457103
-0.00016226296685878627
0.013847836381749343
-0.009871417196577251
0.0016446997190090293
-0.0005268425490567564
-0.0007192705852220101
0.0003120310544504226
0.00011947084104211183
0.00024239073860253657
-0.0011035091939852503
-0.00027280493508765187
-0.0003853395146199899
0.00012941345267906273
-0.0002216051361152329
0.00040150045254893767
-0.00015895920922338354
-0.00012404142394776624
-0.00011835828494212853
0.0010391959171386972
-0.012344994137184647
0.0038845939554298017
-0.007858641268845177
0.0006537875248448263
0.0006511020709847235
0.00012227963265120452
0.00026083447432324154
-0.00043115105213117655
0.0008813462228178422
-0.0001610156658157291
-0.0003765839971109307
0.00021334433198164977
0.00012090996202767366
0.00011233724305738708
0.00021740301384313158
0.00017182920395061673
-0.0003638864846486034
-0.00018075567939993388
0.0002175765636667721
-0.01115760585809929
0.00014809375017152773
-0.007732513879724253
0.0003193723847725045
-0.000341231788329613
0.0001524811351575364
-0.00013824343317873032
0.00012118930461434008
0.00025851485438011505
0.0007571769482954327
-0.00046431752157689637
0.00010872504036477302
-0.0001523416104992444
-0.00017699097680654347
0.0003562257842166031
0.000213707573122936
-0.00012674760726669198
-0.00018233697840367582
0.00034886028729513006
0.010147399651540667
0.006734528242803708
-0.0005920278505384307
-0.00029370930457671245
-0.00011752034257769517
-0.00011238894726816859
0.00012338667035109206
0.00026599228554035286
0.00015825916257675472
0.0007337169119757974
0.00010762381821835931
-0.00019113126098294444
0.00024191767949973528
-0.00010381556648082616
-0.00032598704179476087
0.00010539442927695993
-0.0001501629750498763
0.009228681337862242
-0.0060030891844400905
0.0001326492617343704
0.00029467532339557854
0.0001146053330021303
-0.0001298117472868361
0.0006453446042655416
0.00012121589900935418
-0.00014756358187432815
0.00013762234936896725
-0.000161378794329208
-0.00015831057270753794
0.0002964496799200833
0.0001272047873952732
0.00010271362516306166
-0.00011286304621108934
0.008422732456595859
0.00015913136813713706
-0.005351562129627403
0.00010548862857040203
-0.0002853486494694559
-0.00016607473823720108
-0.00013028859103397547
-0.00010688945093968563
0.0005785181239219036
-0.00015798983186984878
-0.00013901672122045253
-0.00027534500543620127
0.00010778979388405652
0.00010363623993841981
-0.00012499827417160168
-0.00013978947796698107
-0.007723309765232424
0.003749499029641702
-0.0029557716054202862
0.0003316363301815373
-0.00018588277775708463
0.00019672145659287258
0.00013375620966802585
-0.00011141249053408099
0.0004926277418680732
0.0001509765420548402
-0.0001273437827405191
-0.0001073495705756661
-0.00023949961009499024
0.00010944276772791013
0.00012180736996409215
-0.00012310921184892096
0.00016863117210649524
-0.006986938674622941
0.0011984403403236883
0.004244510721796316
0.000826538643779882
0.0001294946721438221
0.00010112530091604724
0.00043356878752143804
0.00014580704995833868
-0.00014041217033225592
-0.00021342181535000424
-0.00012223102460642878
0.00022042445716664367
-0.000247286844408771
0.0008767285176188152
0.006493881489649663
0.0038712276401029234
0.00010954825460732825
0.00014381826487561673
-0.00039597626168389323
-0.00011365086052243797
-0.00019307972099935432
0.00011420898792413359
0.00031266664286539765
-0.006065037151439979
-0.0034998496134382214
-0.00012395479545505356
0.00013877809491255182
-0.000354912301392914
0.000176151187350726
-0.00010313839469271167
0.005636350894070058
-0.0031693220418543074
0.0002071378291937313
0.00011432036259654618
-0.00012445486716401158
-0.000127995031133058
-0.000318379336580855
-0.00010301736055499515
0.00015896364489068182
-0.005205253774245745
0.0005188068708587138
0.00044053261544426374
0.0028591712640613273
-0.00039879427175078946
0.00013475093620716642
-0.0001227563518439096
-0.0002830365655391296
0.00013921928255177174
-0.004893803514595468
-0.0003049734063582972
0.00261945257063757
-0.00018347867114779686
0.00011685710779079447
-0.00025562990250973383
-0.00012873211845470503
0.0024435984081861927
0.003869679308916967
-0.0024195010936366593
0.00010938969736229515
0.0002295657125545131
0.0001173251377853298
-0.004274882780736775
-0.00033644281800236257
0.0022192351325657695
-0.00010763965405401076
0.0002120897038611693
0.00010682210650924889
0.0040302999568067694
-0.0020367797134044716
-0.00010839377171970178
0.00019133388712020636
-0.00014994181013048893
-0.00010949252566820122
-0.003786034905306601
-0.0018771286938908812
0.00010164838333119021
0.00016640784622831424
0.00357503323947188
-0.0017320631261176459
-0.00015398030574447952
-0.0015935605049884718
0.002974198905579254
-0.001602663725785735
0.00010133938280261612
-0.00014538441508163942
-0.003186815949036255
-0.00149637392741293
0.000134044069809473
0.0030232779156003304
0.0013820640976309959
0.00012310294994558873
-0.0028627661570156154
-0.00013253673157354279
-0.0012892988339348657
0.00011307773225828157
-0.0027230009011221
0.0011948599261698619
0.00010510499740417327
0.002591171319369143
0.001116748800857109
0.00246679045412115
-0.0010435986970922743
-0.002353414411026259
0.0009756929606333682
0.0001652634534839176
0.002238822161281871
0.0009102559779839983
0.0021441845100600497
-0.0008592270611993039
0.0001020923709797634
-0.002053088729635386
-0.0008057050107124903
0.0019662436541145216
0.0007578331442454428
0.00010245254345517468
0.0018824789988101866
0.0007136937327770924
0.0001045515707103757
0.001807772376710632
-0.0006724032405175328
-0.001735742679746679
-0.0006342189173674287
0.0009813158843507204
0.0013484475767377487
0.0005995573140065045
0.00010288975580488406
-0.0016026115975988848
-0.0005674313916288804
0.00011296951330930192
-0.0015405499119952358
-0.0005384101794411403
-0.0014590555944510792
-0.0002694111115298805
0.0005175700795605103
-0.00011003633874261606
-0.0001329468742101531
0.0014163858773852856
0.0005053328893761051
-0.00016825603942568424
-0.0013572455029263952
-0.00035186000981862184
-0.00021016625387224372
0.00026634404785350903
-0.00018392832489537274
-0.0002841265736098034
0.00017093931527911873
0.0013295167848360967
0.00014896686321493825
-0.00010374048995914675
0.00012649972250188536
-0.00012013615963862314
-0.00016734601790743714
-0.00032724871638617416
0.0005609425333993164
0.000411763516445716
0.00023534952628887997
0.0003581595842757994
0.000776478119078622
-0.000541317647708556
0.00021576913368870468
-0.00010646488717354484
0.0001231676238429301
0.0012709172973328802
0.00013813868847197455
0.00011260880926216878
0.0009742902353213085
0.0007594362054234773
0.00010814665665953758
0.0001329915904244176
0.0011675216094950225
0.00022107500028095624
-0.0001313976155140276
-0.00012357873611109808
-0.00010818655074445743
0.0011557355127932416
0.0001252910253714397
-0.00016748903405691947
0.0001734619989961494
-0.0005962369454995862
0.0008537709352353604
-0.00030801721247833864
0.00022488864378444987
-0.00019876906451761595
0.0005500759797519354
-0.0007340260177607744
0.0005818233831959857
0.00012764846879085987
0.0010378711189060693
0.00027612463539086654
0.00013063909975200705
-0.001028124630613342
-0.0008823353445340584
-0.0003871367178303209
0.000242429251788536
-0.00012836885127567296
0.00010215614880982444
0.00010249416956759731
-0.0007968816975096173
-0.0005302429909083894
-0.0001108652575091105
-0.00013371447839508583
0.00013531230952415995
-0.00010285403200081225
-0.0001011681988675219
-0.00013807493165807303
-0.00010235119509365054
0.00010339482207834468
0.00014026758036624916
0.00011114239971053266
0.00010135918519905918
0.00013690747975866928
-0.00010543078171680222
0.00010660768692273598
-0.00014572661629357555
-0.00010773212655662533
0.00010892461804228875
-0.0001479401416737684
0.00010081904105893419
0.0001518647278502915
-0.00011325254394207987
-0.00011248047042415657
0.0001542592438061629
0.00011510376768517475
-0.0001117581306888835
0.00015722363538985928
0.00011731628862926557
-0.0001171564576065002
-0.00016051087318940231
-0.00011824165051664649
-0.0001195817524186633
-0.00016280832606196662
-0.00012312895187522753
0.0001218216719452463
0.0001691916136544914
0.00013017843317147143
0.00012397671991932842
-0.0001722291525729882
0.00013326449749123158
0.00012673698515323624
-0.0001766364511697357
-0.00013917799881298722
-0.00012965345040122332
0.00018053717208948197
-0.0001440863451979644
-0.00013399891436598218
-0.00017553581634173105
-0.00015887760801159927
0.0001168857397571307
0.00010448371751749972
0.00013678620160206782
-0.00018032983529860254
0.00016342719773858539
0.00014339913792094306
-0.00014325589738707555
-0.00026464103104077436
0.00021106495876581146
