-0.9304221472372232
0.20053508774730014
-0.2116533429606564
0.08428706758297863
-0.048954879833026106
0.11216311144734985
-0.03233024543641791
0.03732511614522322
0.03283103462532604
0.07703272750136797
0.027639424943428168
-0.01776700397286509
-0.005696444618731742
0.023937649906134593
-0.057318578499016906
0.0027105311772124543
0.017198220642869452
0.013261195586819098
0.04420794985054817
-0.021209166598692035
0.002512509512762248
0.0004993461991697457
-0.0010479727897914817
-0.0028038062765420786
-0.04476953617746314
-0.008330715432661142
-0.0037828857218921426
-0.005132112470299556
-0.0009713516260244372
0.0004634262404013224
0.00025218079319215054
0.0015481524596707185
0.004868369444038468
0.029211221507624542
-0.029707952152067507
-0.0010374132632680294
-0.0003006110744822183
-0.0021609928310690734
0.00027083919373479376
0.000121652223668714
-0.00010647504660155313
0.0009624086900467138
0.028302333323014756
-0.023447079828792537
0.0007997099813737561
-0.001999558294362529
-0.0005371352251487555
-0.0019401436491685267
-0.0004590467278390076
-0.0018071686299955532
0.00032723832939997294
0.0003259220042436072
-0.02510085302745498
0.0028273637813093356
0.019285687954607673
-0.0009556273200064114
-0.0022295508916589193
-0.00044647537069139533
-0.00010372356505598171
0.0005566320263619073
-0.0004614287495184924
-0.0005147272922997707
-0.001887436250464371
-0.0001150134857832821
0.00038204720233053004
-0.0025633579021752057
-0.022000184688387547
0.006786599293016536
-0.014635549833705734
0.002333823568669305
-0.0013634388556799932
0.0001613652843676294
-0.0010080334439333922
-0.00034034293395219145
-0.00034605125363169334
-0.0007995221217302221
0.0015173765906551914
-0.00074121595057148
-0.00016494532522526634
0.0001264434577794599
0.000340799051544002
-0.00017431284800141657
0.014843490570573494
0.012765766594962922
0.00077009203598205
0.013622767690006057
0.0009292319616023496
-0.0009309292526186361
-0.00011195170771675082
-0.0004538737479918028
-0.00043022453476552683
-0.0003291794210375702
0.0003257965823316309
0.0016131250070792423
0.0004933032493573655
0.00020069397667961058
0.00026239954278225384
-0.0003221625044066664
-0.0012559602535259383
0.017210997263196998
0.0022993353853628194
0.011443851139441772
-0.000816036806179262
0.00012716272531867662
0.00019245024278663435
-0.0004837768806186354
-0.0006344066012041891
0.00032764343515424984
0.00040185727902098816
0.0013496583984497887
-0.0001707914203727435
-0.00011794611779965934
0.00020441661016658055
-0.00010599394454762185
0.000313666314302867
0.00021576384260161899
0.00010228813733273173
-0.01544843832957475
0.0033329071043393527
-0.009224246283583109
-0.0003078267689452101
0.0005044318330102264
0.0007280023216574923
-0.0001458816341111318
0.00022035943663792368
0.0011598986781000834
-0.0003391450804683893
-0.00027323958428554154
0.00027513610305096185
-0.00025858726336765907
-0.00020318540731262535
0.00034498264919481897
0.00012442531986312454
-0.013771880065189507
0.008343135536526894
0.0013391996181477675
0.00044284389884211397
0.0006760427954797168
-0.00030991911497125005
0.00021079894294615326
0.0010155326440022588
0.00025304887682142647
0.00035861443235575937
-0.0001019993875128686
-0.00015175331762239412
0.00036847735685944437
0.00014561050382739252
-0.0013758917452922827
0.012262771755598709
-0.002212947559451205
0.006982285137834885
0.0004056824791262054
0.0006538663248231548
0.0003073732074645916
-0.0002320895961181719
0.0002972311794114651
0.0008478781564755288
-0.00014846095269856216
-0.00034429689615175075
0.0001793489994053496
-0.00012690630769660632
-0.0001020131470177082
-0.00015062928340030216
-0.00013063276148953735
-0.0003416590585191614
-0.00017008296792839656
-0.00016566341099238206
-0.011103496178738273
-0.00014226104341029676
0.006430500219746122
-0.00028748381040556584
0.0003205753912349971
-0.00012630092406570872
0.00010515269779617895
-0.00011102757956144379
-0.00021449998168041412
-0.0007111191075874645
0.00040498929930698807
-0.00010100496045370128
-0.00016048293984108038
-0.00032990502992675597
-0.00019731044383687304
-0.00013738635719315182
-0.0003990890557490489
0.010090846539143538
-0.005534423223797805
-0.0005109176006625707
0.0002713519191683519
0.00010091852141550982
-0.0002573597255621495
-0.0006720000657840163
-0.00018458248461267513
0.0001799486310226218
-0.0001289106965825498
-0.00030211316872303274
-0.00010020593428425636
-0.0001116057143308948
-0.00011147864188778392
0.009180727409809719
0.004889044031745891
-0.00011741873824780614
0.00027922990929272166
-0.0005902636192545347
-0.0001481565784141893
-0.0001262957074133841
-0.0001547231650126629
0.00011250495004440998
-0.0002740876243620191
0.00010216168913617004
-0.008374987901867244
-0.0001830900307070801
0.004325895334158169
0.00026412958682614355
-0.00015811093446216177
0.00010208635096232326
-0.0005273804297505323
-0.000149505677144535
0.00024893468422949877
-0.00010118662674603177
-0.00012851117253691918
-0.00767586209623905
-0.0011983848097812282
0.0036339901134433287
-0.0002988019515936623
0.0001706830145361714
0.0001814044831545282
-0.0004519513832413868
-0.00014154971577516514
0.0002212780164618512
0.00011517195879207407
0.0001001395328554338
0.00021340442490857707
-0.006999790306029815
0.000774512459647431
-0.003390129183015636
0.0006206968890460823
-0.0004001829725914797
0.00013503259240942416
-0.00019760906909309874
0.0001139271527050913
0.00026024850988294937
-0.0003109134195955634
0.0005898394787397165
0.0064730987375936
-0.0030557367124252215
0.00012644283841426365
0.00036013309622201587
-0.00017812010251096278
-0.00010644879215966829
-0.00044126064153773473
0.006007574500173434
-0.002741975605474111
0.00011681161775789606
-0.0003095231847101909
-0.00016208734220853486
-0.005585571009352448
-0.0024663801129872157
0.00017507107983822742
-0.00011594480453640657
0.0002890661554905079
0.0001460720421522264
0.00517844012098393
0.00040803744406333725
0.0022182692520421
0.0002938616860789538
-0.00012486772218082477
0.00025712504862062676
0.00012990047774460385
0.004841936567396701
0.00017017651896090896
0.0020174262860363093
-0.0001605765992493209
-0.00023184448264260574
0.00011855557678146008
-0.004371963704824733
-0.0011679249923389457
-0.001844200085572152
-0.0002095480591452716
0.00010792304054946055
-0.004230147986451994
-0.0002216750291059834
0.0016812007949524998
-0.00019148038425492926
0.003976515301622337
0.0015338947505737774
0.00017305519956254363
-0.00028664110660314826
0.0037261202469241347
0.0014054622113206755
-0.0001555264022690215
0.003520219821460435
-0.0012897456934190604
0.00014325196086888232
0.003296499227002168
-0.0003914844457722957
-0.001187232621276329
0.00012973553919876348
0.003133688891693069
0.0001017434023517671
-0.0011014415223019544
-0.0001209887117653929
0.0029685923146541868
-0.0010130905806788786
0.00011106465672139015
0.0028106645018680567
-0.0005452240690799573
0.0007682724749082504
0.00010216772795699263
0.0026694116818823293
-0.0008683448274342308
0.0025365210552228696
0.0008070577950649233
0.00015389045362632415
-0.002408909912361552
-0.0007514908276861766
0.002299408581872205
-0.0006999317614409991
0.0015913639908921307
0.0015068693045793852
-0.000651531866036883
-0.00018950957220878473
0.0020839636814604548
0.0006115455059755838
0.00010416921918185871
-0.0020005267448415984
-0.0005711213355295463
0.0019140946051593465
-0.0005360295756595598
0.00010482567385159159
0.00015748562416369823
-0.0018242064974726936
-0.0005033110881638618
-0.00010686155794279353
0.0017567012340660995
-0.0004729451854960759
-0.0016851924619898846
0.0004450497798516811
0.00010084618240950536
-0.0016123840876722485
0.00013333789117771916
-0.00041989662986378575
0.0015536002035946796
0.00039683626282643094
0.00011381090085082895
-0.0014901242057668619
0.0003763364437486171
0.0014107580913900468
-0.0002753433268350492
0.00036029094685800133
-0.0001131345460376635
-0.00012114941084011069
-0.0013744061982909853
0.00035169361828346634
0.00023787818281749824
0.0012964213247938815
-0.00026974878820451185
0.00015547563798608242
0.00020661933927258776
-0.00017919045311487626
-0.00027116268060478415
0.0001520869721400629
0.0012550351625467198
0.00013058349681127098
-0.00010058445214357604
0.00012540275035084574
0.00011958694211033155
-0.000162194022307947
-0.0003229503119625426
0.00044186700174077807
0.00051344790915852
0.00013431463348032182
0.0003897123640210621
0.0006937872428127362
0.000516271253790758
-0.00019540454778068544
0.00010296017544813447
-0.00012382147379146657
-0.001201259121472055
-0.00010044789867608023
-0.00010624157933633544
-0.0011474131339018322
-0.00019652767337514256
0.00011244443963925813
0.00013539879544839103
0.0011014745583219252
0.00020155260393260634
-0.0001189732955192544
-0.0001236930924377009
0.00010237743405445428
-0.0001284591453318498
0.001082636647746592
-0.00012704557128635956
0.00012773143415152285
-0.00013084414917618827
0.00011259983144465763
-0.0005959013670425572
-0.0008098305396581363
-0.00020732337875756219
0.00021147461953975195
-0.00019784213286895815
-0.0005191158951966647
-0.0007181566530365796
-0.0005075391922518566
0.00012947275709800497
-0.00030547825245883637
0.0009367496254067303
-0.00023358565554348518
0.0001321504677717266
0.0009684912433555131
0.0008364354802408106
0.00035538858694105397
0.00022248402833186274
-0.00013083369625202084
0.00010388441503606235
-0.0008979519707137302
-0.00013558070021880666
-0.00010027087842568171
0.00013762246577474923
-0.00010414005863020414
0.00010175238129377586
-0.00014011010066401362
0.00010347852710393166
0.00010400101343214625
0.00014234902640717953
0.00011403633138637485
0.00010102491676552188
-0.00012399674726141125
0.00010668859457193199
-0.00010718851669096698
-0.0001476719966594744
0.00010877581976937071
-0.00010952716561426511
-0.00015005882802899049
0.00010064616644821835
0.0001535312723395453
-0.00011467943352566305
0.0001130785640000745
-0.00015613587963239403
0.0001165422406552346
0.00011458727438666888
0.0001590481102477755
0.00011881564528536837
-0.00011775426002392708
0.00016234414742213562
0.00011967997676064696
-0.00012019357793762987
-0.00016547047292106426
-0.00012483194767747482
-0.000122426580511418
0.00017011123219938884
0.00013246694375778406
-0.0001245327758487435
0.0001733791042975205
-0.00013578361790436447
-0.00012730988861136424
-0.00017757645640705024
-0.00014233278581508103
-0.00013024564353777496
0.0001813140542978609
0.00014802949752310918
-0.00013490258148974652
-0.0001744993554695105
0.0001577441329545624
0.00012529204225495013
-0.00014881172934324413
-0.00017099593782835435
-0.00016329947637654327
0.00015478309823826843
-0.00013098217921707477
-0.0002643570979837665
0.00021056144213952237
