0.8401649673661837
0.28247764379239354
-0.282160256754152
-0.13843565137697317
-0.04668153996110556
-0.17278950437597487
-0.05506701402991637
0.06838726890075186
0.030643123952724307
-0.12761352141702573
-0.05006504689610541
-0.03503779205398837
-0.006176250547095724
0.032342937531735796
-0.0976071431132233
0.006649545513690277
-0.03542571948878348
-0.020062380934092315
0.08392010847125758
-0.012851619986626383
0.00697069221272702
0.00031931632537744443
-0.001611911005952154
0.015705816532356375
0.08120782916424857
-0.0029390880484138036
-0.0001897615034381289
-0.0007742949906400306
-0.0016350344045776759
-0.0012055268657785111
-0.004732493859485301
-0.004415176793950731
-0.011812538993761787
0.012671462156891116
0.0740383077356306
-0.0013447028238732569
0.0025950118485063207
-0.005178299460458194
0.003900301868644328
-0.004376749516270387
0.0060377381972224215
0.011427281004951518
-0.06619298887075879
-0.0020425246056245904
0.004926270649025796
0.005171914717225067
-0.000822797467162062
-0.0019786502012345483
0.005021431479993344
0.0007154572741919384
0.007132221925688838
0.00039417580686097324
-0.0015997868835003627
-0.00043336252382304393
0.001737917186460513
-0.01063295830262124
0.002592068350160034
0.05808574491127046
0.0046985332544116475
-0.0056719219477211705
0.0015910192017072153
-0.0007544287714766056
-0.0017042514882006203
0.0002794156148067301
-0.0017511806059715847
-0.006810037459430207
-0.0007067521870014629
-0.0027380517341862743
0.0006288035044777345
0.008324292790734919
0.0008713373800614163
0.019132825288570025
-0.04699657812140827
-0.005322104040632679
0.0068170540904380576
0.00044449659894274366
-0.0029280983372443766
0.0012176744409430774
-0.0008840330285867068
0.004955177857438415
-0.0035448930708800795
-0.0029170008383005673
0.0005250587684814806
-0.0012115421874979546
0.000857419509781199
0.0024124028271992858
-0.006509571183172483
0.000361146923066142
0.005670418230086819
-0.0048474899696291885
-0.04394724612185727
0.008333493621150979
0.00047335941563199255
0.0005850218098955788
-0.0004853109267738396
0.0016205296054432432
-0.002583719528060184
0.0009210147686190327
0.0051891140241293685
-0.0021036063116519886
-0.0009761793991471671
0.00032957666667538454
0.0003517018921274783
0.0028606436668003163
-0.0004981121679944946
0.0013844059838746252
0.0001449336947400603
-0.006490275664987251
0.03851825126593446
0.009975096966333717
0.0007426650122433609
0.0012769151417347776
0.00023583073818712842
0.001589768480253307
-0.002564148803454196
0.0006172562523205308
-0.00016893120075742562
0.004957874659092426
-0.0008660818769865276
0.0007482802783022292
0.001021694898164526
-0.001109280832869788
-0.000916344286924705
-0.0005590847429424544
0.0025656273070754384
0.0007254455821803932
-0.005082093008528711
0.03524777326188857
0.0022654569376527696
-0.001122086421809222
-0.0012362606157073934
0.0003051045942428519
0.0023333684396785975
-0.0004654866266565317
-0.0007391062084769414
0.0002946316497980215
0.004472607974434806
-0.0009408798766053874
0.0005980008910124096
0.0008954642429678571
-0.0016604683043868647
0.000212902604517143
0.0005296180825931696
-0.0024093141064624106
0.0009211805279078519
-0.0010030177683123908
0.004256256446427616
-0.00038478847414809194
0.0009291406068892689
-0.031370399196200154
-0.0018969160446403207
-0.0005220404739603298
0.0025533872672366203
0.0005141530940106078
0.0009445143079929491
0.0007847736510401989
0.0009222250119303191
-0.003948971083644143
0.0003705468283185366
-0.00018227246238876617
0.0014422431770012142
-0.0008062854011447108
0.0003045675449107675
0.00020139214619875975
-0.0022412949329312717
0.0008127256723851224
0.0005339556668489695
0.00032571155385871655
0.0005120745908352901
-0.0005470864873824884
-0.0034736268101631445
0.007931724146848989
-0.026990478788420303
0.002646175384929956
0.0004213582580850787
-0.0009260186560855427
-0.00043868272123861974
0.0007329848835681057
0.0001440202184590091
-0.003358393858581682
-0.001053226779879037
-0.0014167116257763855
0.00040925149269213054
-0.0009125720488656937
-0.00047916657739238743
-0.0003614622598725188
0.0021998760628295453
0.00044949523805183644
-0.00034714702494196377
0.00045749847654455054
-0.0005192509499724291
-0.0007894551680732128
0.0027421191729850346
0.0005258416367304943
0.0018806217054259196
-0.001042850096041551
-0.025239607039511905
0.0019262918080318718
0.000944698559224733
0.00036791471181414116
-0.000656498911824395
0.0005704811251566879
-0.0006935410314569581
0.00022224764177836416
0.0010058678538261891
0.0030487379144683462
-0.0012906303536597155
0.0006770218041774375
-0.00017017040160971123
-0.0006855265316282151
-0.00033014627490833266
-0.0002861219190547682
-0.0018523017277552536
0.000205489478028358
-0.0005737340301502835
-0.00028500063058916074
-0.0007157600482397856
0.00030289018053692324
-0.0006548234417253304
-0.0009438533851420317
-0.0026123870274394395
0.00034114051765748787
0.0009557868274923527
0.022866605146012145
0.0009888519019586935
0.0007167542767440893
-0.0003664763930678744
0.00106812955919216
0.0005769503924797503
0.0004133810613808624
-0.002891703446227459
0.00020251126014463869
-0.0003280433241443836
-0.0002907072297647878
-0.0006463930487314744
-0.0005228025392713298
-0.00018712335471033882
-0.0017350549062101375
-0.0006115957992350717
0.000614256003688875
0.0005410434782298272
-0.0003306621809471357
0.0009444840897347007
0.00041158861331428863
0.00023294866197356152
-0.002168930269227146
0.020757850785613523
-0.0005029080112538165
0.0002188338414556116
0.0008382933508975011
0.00011816327667875156
0.0009407320939538818
0.0005947081160875313
-0.000597352565715058
-0.000438975281890433
-0.0026218426460496926
0.0004667466568469254
-0.00044780495105947954
-0.00032453248554493557
-0.0006156162818805575
0.00041626892387960153
0.0015216613489231002
0.0004407732752816425
-0.0005511070219514771
0.00015972478981265384
0.00012769920908231594
0.0001680026502031423
-0.0010388653846210923
0.00018310932935489452
-0.0004094356876212106
0.0013675876435558355
0.0014272027081040945
-0.0003591142171130658
0.01889378622463909
0.0004969815110611724
0.0009630756342314602
0.0005163775573686717
-0.0003187736608259508
-0.0003952444938826195
0.00031408472891070036
-0.0024109857841160677
-0.00019181407462501535
-0.0007071984262695629
-0.00040891811795675426
0.0003490194811660317
0.00018556030046747954
0.0013512736238448285
0.0003594876463130287
0.0004360995982942117
-0.00036933149684461095
0.00016888612238804358
0.00025189882312054126
0.00028107954293165146
-0.00031707055614445885
-0.0002952244793203239
0.0001684323701837406
0.0009527568669180276
-0.0005042737373063447
0.00033145230329843144
-0.0016142846234529474
0.012833854058523489
0.011508814716210599
0.0009481935513142379
-0.0007869789466803651
-0.0007215653394024822
0.00011082996941422701
0.00014414500721219241
-0.0006393155293285023
0.00014884593473533868
0.00036505686334045874
0.002203857650330683
0.0001911000430319363
0.00027313200556175574
-0.0004705466628611973
0.00036640276294253667
0.0001292506116405809
0.00013481805293440912
-0.00029857225912580115
0.0005571697430712067
0.0012345100488227797
0.000317079372091712
0.0003413495653928055
0.00034746483633634064
-0.0008802091318870358
0.00043203135563964955
-0.00022548369722159432
0.0013468820754050693
0.0005814822882337056
0.0005148806094393348
0.0001986588922611103
0.015843409993497162
-0.000451973882530317
0.0004005635100501262
0.00023250685305813623
0.0005779259273572213
0.00020441900725535008
0.0020361011795092523
-0.0003069151670762993
0.00016860859894124778
-0.0004643171051345912
-0.001148453786531575
0.0004000240882217685
0.00019225860019122688
0.0003078096980465202
0.00011448444044844319
-0.00016849245477385858
0.00019933799580919872
0.0003956897979132958
-0.0008021418448874501
0.00012079023427749209
-0.0002378940313756914
0.00021185402624160877
0.0003956982255391108
-0.000389549234878856
0.00021293827208848325
-0.0012657039817113465
-0.014562014629404655
0.0007069111745904623
-0.0002803310819344283
-0.0003984967368641342
0.0003135675872508308
-0.000341571819165167
0.0017971064450279873
0.00045748104011707625
-0.00028225015470731554
-0.0001384504268891263
0.0004040236890410248
-0.0001153392942355686
0.0003417127473433775
0.0002839414321117906
0.000424907410567017
-0.0009110265652580958
-0.0004605436447866773
-0.0003739663396022715
-0.00026389118741826844
0.0007461734760783582
-0.0001597167251843727
0.00027259348107188037
-0.00014725594193587527
0.000536795999632314
-0.00021836130903543893
-0.00033498694109728767
0.001103928301424782
0.013440470693170354
0.0002097596700642726
-0.00029039669133725904
0.0003126808494383997
0.0001560986750269115
0.000167883170910099
0.0003459980480056284
0.00023215809342195178
-0.00032892259416074566
-0.00170704419293611
0.0002756736032239408
0.00023865063597429726
-0.00028772473517856863
-0.0003110745411824998
0.0002573000160871938
-0.00013603067094690048
-0.0009910476309737605
0.00021174429230762386
0.00019119299876707322
-0.00031397144509474147
0.0006862068241822374
-0.00024874913958654804
-0.00017551218430281887
0.000217943066576293
-0.0001119195001450545
0.0003771700250306658
0.0004779843440704001
-0.000965513347364047
0.00019646430020687445
0.008040127811274948
0.00948685218776173
0.00011914451585539717
-0.000438207714295988
0.00040598047734840376
0.000237265142247097
0.00031247264415831946
0.0002812265170388456
0.0015855842751915131
0.00032196458019841936
0.00019201489475752494
0.00013094763847996849
0.0001107406043524664
-0.0009024917876249294
0.0001112821135518072
-0.00012793333277775703
0.00013384200849477325
-0.00034622984135171587
0.000252470903107371
0.0001835376145619434
-0.00019475212961385713
0.0006247761498855203
-0.00015644011311033014
-0.0002973272154525714
-0.00020378981679619438
0.0004648397456639042
-0.00010175245920019315
-0.0008521314600215098
-0.0004360781420988521
-0.00013728540021568789
-0.01132484699420471
0.0021344771203165567
0.000660623393567539
0.00019697941759061512
-0.00027401468550464474
-0.00027927932881354416
-0.00034344438242195574
0.0014522922876982491
-0.00020105867329879047
-0.00016552106549394888
0.00010755701885400824
-0.00014014716205328287
0.0008532295736704415
-0.0002979498362835041
-0.00017743715099609992
0.00021273901941286114
0.00013276806770511738
0.0005985288869622651
0.0001579083653539708
-0.0002689308945079974
-0.00043615388084435714
-0.00013942308902765307
0.00015828866321459208
0.00016129659318633177
0.0007343672668148358
0.00044897000793594826
0.0004180924901810605
-0.010729100310588302
0.0001382241167090335
0.00017191847517377423
-0.0003071925650272282
0.0002302110462657901
-0.00015139621685943426
0.00020351122076421718
0.0013485743845284943
0.0001836394836544464
-0.0001309865419464846
-0.00016101362649787444
-0.00011295095197445079
0.0002847613223869491
0.0002651023080417385
-0.000766653736053213
-0.00013968079221480015
-0.0005520921494053525
0.00010645411310425301
0.00022242167736640222
0.00013483275143941567
-0.00041467986743404434
-0.00011435198980466102
0.00019193114867187383
-0.00016112510519460587
-0.0003063488021269687
-0.00022340938169731532
0.0006980131170306583
-0.00013554355611107043
0.01000934142648034
0.00014118757966574339
0.0002712332307265962
-0.00022787998106954988
-0.0008077441857091974
-0.001007664682013767
-0.00011639753180509232
0.00013695110105812908
0.00020093743822638708
-0.00026703055146866486
-0.0007188011949576813
-0.0001762776868689075
-0.00010203395524759076
-0.0005167944021690327
0.00024187166962255055
-0.00013877154836017453
0.00016419438489122853
0.0003837594985101512
-0.00011548020324305817
-0.00019554754524980206
0.0002885996778281289
-0.0006188972524665814
0.00017665270659148515
-0.009316153283312234
-0.0008129377132016666
-0.00012869701280962182
0.00023929314095341592
0.00021231763722145535
0.0001317021274127454
-0.00012929831310537205
-0.00018506117801732916
0.00011731283160125478
-0.0011953976613879806
-0.0001753216562104356
0.00024646904865076286
0.0006805326172505817
-0.0001262869050582038
-0.0001546480504740912
-0.0001651399943396353
0.00010556660051375382
-0.00048251659145459683
0.0001638577460371506
-0.00012300270613597262
-0.0003668521961202649
-0.0001916598608768699
0.00025492967801897596
0.000554819954856961
0.0001535620493158556
0.0001338947977803975
-0.008749488494921505
-0.00041020784014918324
0.00024059495178859396
-0.00011329398013113558
-0.0001391273283520547
0.00018250893534471423
0.00017750461513830565
0.0011174134977639735
0.00022425095775940298
-0.0006282633144478615
0.00014782024399193018
0.00012119252954728292
0.00021202601096752298
-0.00010967546699867733
-0.00014690852281613615
0.00044856744841945367
-0.00034214920219292905
0.00017220947228225163
-0.0002465247121432624
-0.00012028010052150043
0.00012681940139874402
-0.0005025621514114366
-0.0002879652047964333
0.008198101161318907
0.0004992169194509562
-0.00019767647714202368
0.00014018429957673043
0.00021509008148788548
0.0001772093032791705
-0.0010445417246293302
0.0002144196515842146
-0.00014000756263627334
0.0006072806731905496
-0.00014096795244622796
-0.00019190119866388836
0.00042177464517156036
0.00031929548629191026
-0.00017391957034865928
0.00010052166645317159
-0.0001148443487868074
-0.0002308815498902782
0.00018761178271686681
-0.0004769664366696147
0.0002168063979693574
0.007617371128630415
-0.0012622450044596349
0.00023773119433110563
-0.00016818893327744195
-0.00020137930843917317
0.0009833749276341008
-0.00011701694761501805
0.0005691615096862944
-0.0001477139534652957
-0.00013108236446778384
0.0003946673853948996
0.00031979229151930485
0.0001270660296493467
-0.00011461218134454673
-0.000215774812249107
0.0002042314121688486
0.0001437539100067141
-0.0004236407247637054
-0.0007291224242874673
0.007232392561065707
0.0003376583124761707
-0.00019788136041791167
0.0001418456262988484
-0.00010671308464985541
-0.0009227978201613291
-0.00012305242450027812
0.0005324397406850109
0.00016835613510666887
0.00037159220243060723
0.00015449696314173407
0.00011679378190434595
0.000279251260565716
-0.00019951127080622134
0.00012791815785626767
-0.00019175329943174849
-0.0003875755486564404
0.00013113070614915174
-0.00686447669711224
-0.00017232326641984503
0.00013439933071850038
0.0008742905385285014
0.00011080777062825087
0.00013902999740275445
0.0004993842122342975
-0.00010328066414581285
0.000355856341469934
-0.00010414328197823625
-0.0001425372024745858
0.00026688104163762267
0.0001940890991958178
-0.0001292171145711149
-0.00017996761660617934
-0.0003528821569330433
-0.00648442341264228
0.0001385378591797288
0.0001393453142684035
-0.0001719688499381502
0.00013226709269616326
-0.00010948038053311495
-0.000816555474066324
-0.0001268451533630503
0.0001533064375638299
-0.0004738454941514182
0.00033502088465374626
0.00013547025759495828
-0.00025059283329002753
0.00011685540623523927
0.0001595079550344254
0.00011876629847760684
0.00017122682389454218
0.0003221701797931328
-0.006134250967108397
0.0002540464492463891
0.0001460604219749684
-0.00011006924142078032
-0.00011655604798656105
-0.0007843354557120552
-0.00014571408288922177
-0.0004480711154318257
-0.00031656606767576387
-0.0001268534315654758
0.00023928420317827548
0.00017273504090656053
0.00010661399663687854
0.0001607731089361824
-0.0002952344738130918
-0.000171744500618633
0.005816045771866974
0.000112462291649451
-0.00016194431981238908
0.00011147936040984373
-0.0007426226948115331
-0.00013569715676039936
0.0004268862363239896
0.00030435625862357474
0.000226232274835184
0.00010533875199479337
0.00016642751810670673
0.00015229643821522047
-0.00014184833907496825
-0.00028002990548370803
-0.005522181840705663
0.00010101341261934755
-0.0007014651897755485
-0.00011453702172224858
0.0004010932136234697
0.00011223074631670021
-0.00028424424934664545
-0.00012134143952576502
-0.00018205312552519706
0.00010382949858350885
-0.00015628103645590527
-0.00010546574837208295
0.00013967045868631421
0.0002565004224538941
-0.0052478334951044335
0.00010236463709812211
-0.00012628635013676995
0.0006689235501964229
0.0003877821145013021
0.00010977755016960316
0.00026910909522108103
0.00020661634711501567
0.0001377076577913194
-0.00012797910094677737
0.00013288262704520587
0.00023722878762516553
0.004936073450697092
0.0007625342165014119
-0.00012311739727695329
0.0006366582910767617
0.00036569163437027156
0.00010363831795019884
-0.0002577727034074536
0.00019384753443770668
-0.00014186652303035957
0.00013205687372162088
0.00012594803422233582
-0.00022007212255714686
0.00474693508833389
-0.0003352658302124066
-0.00011182043795677443
-0.000606885536984422
-0.0003491191588594111
-0.00024252664017868054
-0.0001875281672605549
0.0001327363461850423
0.00012554897819322766
0.00011786192498724528
0.00020468267669596522
0.004431127510919249
0.0009881922300161
0.00010382729709076431
-0.0005784871192503705
0.00033534785297632266
-0.00023216990706062036
0.00017466056192326593
0.00012945581733832953
-0.00011955707906399897
-0.00011628873369358746
0.0001902652200278755
0.004334302752928845
0.0005511402057094658
0.0003179458469015261
0.0001060697438859209
-0.000197971637486954
-0.00016918410857306152
0.00012710234919216965
0.0001156780592707689
0.0001092494128398118
0.00017813688985025817
-0.00011924353385222298
-0.004144046971727047
-0.0005291551184397453
0.0003047895363352599
-0.00021278570100248008
0.00016058186569277327
-0.0001193324366063288
-0.00010921098443378904
-0.00010489599909509403
0.0001705089366933408
-0.00011399860582779782
-0.0006493958440105101
-0.0039115835539381225
0.0005061528512684767
-0.0002905045307862391
0.0002003864188367333
-0.00015521701649415435
-0.00011439160836773871
-0.00010488081141081683
-0.00015777546486173813
-0.0037994152820578007
0.00048480894794221933
-0.0002780123669088484
0.0001961260677699306
0.00014545150614087002
0.00010878129321181559
-0.00010029672870856807
-0.00014836411160771727
0.0036421983614207238
0.00046883765334143195
-0.00026483789440433117
-0.00018675908535882002
-0.00014070981651609664
-0.00010568918938062201
0.00014003070995798557
-0.00011785381123678194
0.003494048423875288
0.00011059668245248277
0.0004448821833347374
0.00024237354653748518
0.00017963167525500117
0.0001357137910264913
0.00013277363911381562
0.002783821473618414
0.001819048207132561
0.0004516851351816199
0.00017365075281366795
0.00042748649748229606
-0.00024597920885202894
-0.00016534322873251454
-0.0001315426459908828
0.00012614775222888228
0.0010001438084609848
0.003072064665646719
0.0004106364885094107
-0.00023656440091651898
-0.00016460843819178327
-0.00012501782887071918
0.00012088911511830173
0.003103997685407243
-0.00018731875076604822
-0.00039373503505793066
0.00022570114550841432
-0.00016020175221938046
-0.00012870928885600657
0.00011578675297986308
0.00036503117702979315
0.0015813887008155468
-0.002514523806432697
-0.0003677928484388232
-0.00010030258838743552
-0.00018496798134410534
-0.00012049403450353898
-0.00015092190919386236
0.00012045278881242458
0.00038281557876982335
-0.00015141181929550964
-0.002593447170905883
0.0011431503192890439
0.00021216092318315132
0.00023337462699730407
-0.00012263937565215464
0.00039829095080447664
-0.00020576570703759016
-0.00011045781014721051
-0.00010023234983780248
-0.00010200010171463865
-0.00024896040375848406
-0.0001085312017455323
-0.00018156955347687246
0.00030271048226253024
-0.00039945059167427645
0.0006175517933539517
0.0014225397690284423
-0.002154465837885052
-0.00039545596344938544
0.0003832069406568597
-0.0003642355048557227
0.00012950157663465983
0.00015475136943645962
-0.00020395352447848909
-0.00015241805022380247
0.00013765256048092352
-0.0001490367974665779
-0.00010202690277115367
0.00046977648170213655
0.00013071447398430318
-0.00011486595886512176
-0.0006744736901554547
-0.0003099477310925787
0.0007042743440645682
0.0015618567266387762
0.001410130833364505
-0.0007104370790104399
-0.00010219929057606747
0.0008684604172087648
0.00018576331039154317
0.00030088625551120973
0.00017916434564117935
0.00012197142851055513
-0.00019361815413224167
-0.00014754725441003578
0.00013070673329917273
0.00010124494078529377
-0.00010294810497547363
0.00012596118587300135
-0.00010266449599639012
-0.00015929113007380393
0.0004544950373400169
0.0025054778326028663
-0.00022573903100348892
-0.0002717756433807024
0.00012272349974128753
0.00016555861092021058
0.00014146676511715106
0.00010686951245579424
-0.00015322940968951518
0.00018487250823988322
-0.00010117220759332594
0.00015403261990404267
0.00016259561821285376
-0.00022045210704929222
0.00017980367125567762
-0.00011067783821282445
0.0021860183677641543
-0.001099214318508667
-0.00011231051932828793
-0.00020873986121273567
-0.00016096285294609318
0.0001754046027112401
0.00031180729925355666
0.00024539634948588353
-0.00010320594175747846
0.00011561343617060122
-0.00010626493667236765
0.00011231265102737127
-0.0004960241768348305
0.00035693346598204573
-0.0021835157565324404
0.0004043418972260352
-0.00014781694230683775
-0.0006665763546678312
0.0003048765949323146
0.00022223009113260338
-0.0001527994706824249
-0.000207911534658167
-0.00014723420785427922
-0.00020209707539344004
-0.0023045781980527043
0.0002202905403949865
-0.000260516095925144
-0.00024346125953879466
0.0002530478368146824
0.0001494334090758049
-0.00019834120320127326
-0.00011015207595620713
0.00047115902845406145
-0.00018415415873366482
0.0008651149925051194
0.0020255124025363213
-0.0002668100191589075
0.00013935488273952946
0.0002626282048823401
0.0002012317428059135
-0.00012827411670286005
-0.00011715761323349318
0.00010344308963452947
0.00010260079951782473
0.00022723672563267102
0.0015140367632955364
-0.00012606862094593138
0.00021472036001588267
-0.0016030950282591772
-0.0001346169036428741
-0.00018985912498532638
-0.00012353698287727096
-0.00012663997915299578
0.00033163332695570043
0.0006336647541449736
0.0013230722054745536
0.001588392454733934
0.00013373443318021817
-0.002079979776951953
0.00017333359583545749
-0.000189840082317308
-0.00011229931027097747
-0.00018203321733172768
0.00020351736226963287
0.00018806239755981996
-0.00010838737936289971
0.0015124614019990132
-0.0012109307417107128
-0.0006040428587074428
-0.00025034921071532976
-0.00018971523895418282
0.00016898403152927348
0.0019650712818851807
-0.0004229225860474883
0.00012871983623466456
0.0001810076154593324
-0.00014582344535215124
0.00011047958858974634
-0.00010011492687881708
0.00010180973260367452
-0.00010214697200516865
0.0001052379256198406
0.00010507296002786565
-0.00010046091343646119
-0.00010391923241039404
-0.00010593076722753396
-0.00010653172008975571
0.0001003099686952246
0.00010757038114220482
0.00010801213729582444
-0.00010866751280459154
0.00010279276258201974
0.00010167459378597666
-0.0001096808203425489
0.00010992011084874715
-0.00011096985102858997
-0.00010370892401342628
-0.0001039986578169932
0.00011231997795393752
-0.00011141226262710361
0.00011302295633924666
0.00010565652021309698
0.000100880825820928
0.00012105626367259626
0.00011535451761526953
-0.00011461729884560902
0.00011744478509789652
-0.00011014357456128775
-0.00011865653386489193
-0.00011681548669947334
0.00010962848101271482
-0.00011643154487363716
-0.00011448501588584284
0.00012108682865173458
-0.00011764645375052669
-0.0001121596855789182
0.00012063540160603596
0.00011522995738895292
0.00012433468746958395
-0.00011653973192596972
0.0001144361258816787
-0.00012632992951618782
0.00011324651836506458
-0.00012712320314231876
0.00011037213497525417
0.00010017715472580499
0.00011547844955146792
-0.0001461523304015656
-0.00013535622179247997
0.00014517244478966357
0.00010264387336039374
0.00020148889919969348
-0.00016516700546050192
0.00020033247665888817
-0.000269000778461844
0.0002199599834478378
