0.9022629687854352
0.23181458966438317
0.24225687045510616
-0.10302019361547894
-0.04885948865389086
0.13578919780909454
0.039569656478699436
0.047483778985960616
0.03231757337875909
-0.09568691621057998
-0.03455816924563804
-0.02319744021916634
0.00545482267744362
0.024102351330086244
-0.0723165267509187
0.0037652823530930227
-0.023250432419175595
0.014820186322865962
0.05793439575920754
-0.018998103808385437
0.0003338106981187745
-0.0004699599337191128
0.007854041663853024
0.056873751752509825
-0.004944145143684676
0.00233390707753556
-0.004207503191575703
-0.001116460901841322
0.0005018607819873114
-0.0014390322191168876
-0.001837942255376125
-0.014508175466425315
0.019413076774652583
0.046896038293005704
-0.001172348398611599
0.0013743638887639734
-0.003008033883811217
0.00031312620043664373
0.0008118588714744617
-0.0015114661967140183
0.001627384472636105
0.024523194665994456
0.03933989872165233
-0.000988301081186306
0.001544764326797321
-0.0028523034748656755
0.000942608019748342
-0.002539942682254123
0.0005705971125859429
0.0027590569144748814
0.000692021714440481
-0.0003243664127965499
-0.0006898042971357213
-0.022038364162243602
-0.003946316797222975
-0.03347659248199155
0.0008820669546854223
-0.0032138094321500247
-0.0007537618772674482
0.0002934037503388811
0.0009049343404688206
0.0003132461854940978
-0.0006968737418190562
-0.002837460636206833
-0.0005963630290147512
0.0007280459403600572
0.00021976027608062087
-0.0067016998884698534
0.0179992392189532
-0.02178581740603807
-0.0190991467291306
-0.00324369114202422
0.002885480286188151
-0.001415081375331541
-0.0005715457079452109
0.000281592527187079
-0.0023055980078611287
-0.0012173526820531977
-0.0011630590249630051
-0.00027875842519406116
0.0003009049112423669
-0.00024887835133081943
-0.0010889008433519426
-0.0001504192953299539
-0.012737377604496364
-0.01201488938195425
-0.003649338112075869
-0.024572351460575303
-0.002270967546100654
-0.0007007110828603559
0.0002630354351719428
0.0006713083077220021
-0.0004990482404754788
-0.0009823058656924328
-0.00013474707466481456
-0.0023364944407071324
0.000849389036478664
-0.00010034362182664523
0.0005746790782230776
-0.0010283054189615649
-0.0006904204912843501
-0.001396946866960302
-0.014739921763948137
-0.022111078757398886
-0.001338642484508457
-0.0002772226510074851
0.00044866684515682963
0.00015102618093782875
-0.0009553968147870634
-0.0007185685135866672
-0.0005703560834797025
0.0005506590141034662
0.0020467522476798066
-0.00037691356777955036
0.0005002617177049206
0.00024211485127147766
0.0007376169968783819
0.0005271548493219225
-0.00023320948593943944
0.00011434660499672042
0.012822101175963049
-0.019626400180032044
0.0004673679571991636
0.0002053850469915343
0.0007000062617697523
-0.001030627177516256
-0.0001974679582658596
-0.0003320629148602536
0.0009118016183957906
-0.0016493596496410766
0.00023453315354914967
-0.00018718689495899455
-0.00010075111843861564
-0.0005850678434451283
-0.0003519656081878834
0.0003107575206197723
0.0006184707416035791
0.0005865675036854073
-0.00027965413563095536
0.0003376626666148384
-0.011229243825146088
0.01638911028986566
0.0059209429563628685
-0.0012715514984119652
-0.00022967865219330477
-0.00022682788192176953
0.00027326061886593267
0.0003895783591012986
-0.0003839265523124287
0.0015791305473082757
-0.00013661412481154263
-0.0003789912297957433
-0.0005120359221208061
-0.00025184207831131864
0.00010711082289526747
-0.0005029032280749279
-0.0005892342798751493
0.00023935181247333438
-0.0002675239361094534
0.00013667442920608553
-0.0002143614819841605
-0.0005845196535461555
-0.00969174154603309
-0.015161975050874438
-0.003908944686472886
0.0014447601550575753
-0.0001775439862359189
0.00020140886502458832
0.0002367068953927981
-0.00035189521424790513
-0.0013632027509076334
-0.0004987923363043346
0.0005202631756916076
-0.00010933380620884654
-0.00037172953561465734
0.00012107718659119447
0.0004950872053553256
0.00043233940950299625
-0.0004426169969921592
0.00012631914165477784
0.0002275192632567784
-0.00018744008612319514
-0.000447442077853257
-0.008693810234603973
0.00016505898820148407
-0.00011148959253116736
0.014035934596821927
0.0004736389796841654
0.0002462586263947802
-0.0003939452212377592
0.00026791781984914035
-0.00028673459409619224
-0.0002244595213443871
-0.0005327076629408325
0.0008753292829579295
-0.0009066827500524832
0.00021018712477056535
-0.00021363653900657251
-0.00028315972048179906
-0.00033510352511315945
0.0005058251718105819
0.0002948532865984996
-0.00018157906334558604
-0.000255597779577823
0.0003890881078148095
-0.00019157201631244455
0.00020217867769598815
0.007629913321972457
0.012682265691165968
-0.001190638312017788
-0.00039489576594721866
0.0002266094587343699
-0.00024143855851929506
-0.00023807605713243893
0.00031858399741124154
0.00037032804984988475
-0.0010906699846343194
-0.00013626333622253792
0.00016824675491619893
0.0002515972994977157
0.0004190834624470388
-0.0002256313777313477
0.00018120256082564853
0.00045509712572455204
0.00012376938399327956
0.00018387857427048596
0.00016537533436767653
0.0003230054684797738
0.006743098631413068
0.011596683153880363
-0.00011998865458078921
0.00021206813988422466
0.00018071254153477658
0.00037751596372076474
0.00022689723573843506
-0.0003372025634655249
0.0009683963471227737
0.0002766499957301076
-0.00017821735919592652
0.00023074970748925645
-0.00018388707814558778
0.0003399910375540251
0.00018375221770651403
-0.0004187925663534465
0.00015839215237365664
0.00024148827905492393
-0.0001824508644425343
0.00017861845908490506
0.00012408693405480467
0.00015498714945968317
0.006032774655894048
-0.00011643461513488567
-0.010567425522974589
0.00011476506850135043
0.00021423359972031798
-0.00037253600148410274
-0.00020149208820723218
0.0003151840266647548
-0.00011953096246054976
0.0008837420311412544
0.00014444647937311865
-0.00015710471632880075
-0.00013437745112273103
0.00019058601402055172
0.00030632418768223056
0.0003977123158341764
0.0001372494705484705
-0.00013493761458765517
0.00014294467248507367
-0.0002577250358463405
-0.000198467575780703
0.00014744035617063225
-0.0053759533233939255
0.009660260520013234
0.000639197922346488
0.0005025350679521275
-0.0002569684627755763
-0.0002669350495792361
0.00016690974788770017
-0.0003155675513576775
0.0005558381104659473
0.0002743734864509838
0.00048418273211238595
-0.00011594403720140554
-0.00019015033045068804
0.00012620207472052188
-0.00028338247548228385
-0.00015345879909044353
0.00034392107183438535
0.0001354983006428147
-0.00010773911455975779
0.00023240687633252027
0.00020729984446161552
-0.0001890238279266469
0.0012680643215789932
-0.004677987746435599
0.004205519602892944
-0.0078498823653761
0.00011704000447974201
0.00011384388158992565
0.00012269916030443155
0.00014987868268494974
0.00030471013147624995
0.000686245092575525
-0.0001949654781264061
-0.00010617827192719293
-0.00013412503543017097
-0.0002693047531967032
0.00026829980236084557
0.0002039233398528397
0.00011329249535246971
-0.00012021039892412872
0.00021560319552547
-0.00016827339405713656
0.0001783126307739965
-0.0001264597469881743
0.00013901403877398028
-0.004309089687552491
0.0006890278508353939
-0.008215202382968865
0.0001234687041801472
-0.0003210863656230533
-0.0006240322404089615
-0.00012170034557271563
0.000117952990378333
0.00012005630202259457
-0.0002547924646725049
-0.0002801012461148618
-0.0001196065665174411
0.00010928649815601458
-0.0001904798330635972
0.00015604191310705128
-0.0001606604278971443
-0.00010739206223927045
0.0001590357828857372
-0.003928728464258027
0.007607536838307214
-0.00010194420932449612
0.00011171389253678854
-0.00015678559180757535
-0.0001200198858643509
-0.0001759060642736298
0.00024152168914522441
-0.0005666789886501308
0.00010138931361831995
0.0002044729900294375
-0.00011946567180290349
-0.00011207290677292909
0.000258912154800278
0.00015499954226519318
-0.00015663968343251127
0.00014701616942797813
0.0008712977244709606
-0.003457207125813121
0.007040854072275068
0.0005044768883682394
-0.0001614937691563125
-0.00015336704674924422
-0.0002789233800167529
-0.0005111850751295324
-0.00021947320597957178
-0.0002346132553926669
-0.00010176590685990574
0.00016559583766385345
-0.00013690803728084514
0.00013386309297059977
-0.0005943586977698262
-0.0031784321070461095
0.001400988784004158
0.0027754580501920703
0.005790369594631937
0.00019542630297565385
0.0002725922686212319
-0.00045813262529770666
-0.000209892634088227
0.0002256253617291193
-0.0001492324465286549
-0.00011184887838952879
-0.002954205560283154
0.006119397387040792
0.0003316547233284743
-0.00025471880475254934
0.00041763017494077356
-0.00019865946940958372
-0.00018893337520830666
-0.0001464960875675934
-0.00011892992931113919
-0.00011472214417522156
0.00028204593928779097
0.0026795191974321284
-0.0057317541470463945
0.00023924724448040477
0.0003754363001308273
-0.000183805515501948
0.00017360988745728008
-0.0001390778137721502
0.0001220126806422295
-0.00010852899012922195
0.00010220084445509436
0.000406245997027792
-0.0024308867246069913
-0.005369542326416867
0.00022152199829085503
-0.00010016384336417023
0.00035567784803585686
-0.0001670399862209583
-0.00015863637180119693
0.00012849367553466966
0.0022654404682542124
-0.00504176850130843
-0.00010033478423184439
-0.00022128270237064933
-0.0003217906888031338
-0.00016239279818185346
0.00014598122910001784
0.000120238317593519
0.00028016327791833423
0.0020678776381749184
0.004741241040706117
-0.00021659498683220782
0.0002978491439435086
0.00013624218564139734
0.00014481994971574447
0.00011335096614147144
0.0019243683842632934
0.004467723693331326
0.00020984493218193458
-0.0002718394476091788
-0.0001494018295932431
0.00012170025317762186
-0.00010634185002946595
0.0017750863119550574
0.004196194971725047
0.00041728704486702927
0.00012765999964570724
-0.00020032566095604728
0.00025062969749275565
0.00013991665900872988
0.0001156070409756596
0.0016529745179246905
0.0039843892386636996
0.0001927904032705794
0.0002323826956436561
0.00013440619363462014
-0.00010323980942186344
0.0015233051861005466
-0.0037776849313951176
-0.00018490768425672723
-0.00021477612082899508
0.00012594186614610893
-0.00039715406756379585
-0.0013599007087659704
0.003581876031400794
-0.00017762527616154645
-0.0001976987702337833
0.00012022417592626366
-0.0013186953402068336
0.00028508624529088167
0.0033877810695026674
0.0001718174175016314
-0.00018605359464089999
0.000115184257773716
-0.001229296433074383
0.0032338185296072832
-0.00016417879180600774
0.00017381313181105514
0.00010940899159245034
-0.001147911049268203
-0.003078366420373776
0.0001578682804817634
-0.0001601093006805839
0.00010390209000946425
0.0010750905854218001
-0.0029329714563111025
0.0001498338873738113
-0.00015054378439857124
-0.00010108100914322646
0.001008827001132054
0.00012000459237869262
0.00040411064082531686
0.0027398643036745008
0.0003815079069344338
0.00014677490136080575
-0.0001405524476816591
0.0009424735548967124
-0.002674533390781435
-0.00014149165815957368
-0.00013161139544134185
-0.0008868598726714617
-0.00255689877403553
0.00013603229062648565
0.00012331120338161968
-0.0008364645289151273
-0.0024467723683954633
0.00013088187600050958
0.00010808035914402737
0.0007882582784136079
-0.002344034662592972
-0.00012715725281836846
-0.00010891485498790031
0.0007452887698560592
0.0022472061921203403
0.0001230295988759228
-0.00010264037386401073
-0.0007062459283057332
-0.0021560639291264417
-0.0001202558607842618
-0.0006701235757554007
0.002069418181285647
0.00011383208130395875
-0.0006320094687517807
0.0019872441997335535
-0.00011051586506591917
0.00010547263757301432
0.0006107288112706742
-0.0019097829131747835
0.00010614347570501235
-0.0005909787762299241
0.0017993725251701778
-0.0003750860320516709
-0.0001030438088804855
-0.00012169339219243202
0.00028483593566113705
-0.00047903366304967974
0.0017678580280002568
-0.00012721712723305948
0.000972011708722729
0.0006180379099615443
0.000975486375468421
0.0009387795897066818
-0.000133388347794653
-0.00010047553881967828
0.0002011568527763401
-0.0003350652985948887
-0.0002844483589412429
-0.0015829129435954786
-0.00038129454872915344
0.00018237517174044953
-0.0001288130744605117
0.0001137745733938989
-0.00011551497505679674
-0.00013180099903784952
-0.00011639631863244817
-0.00019536509161029714
-0.00034099685230599915
0.0007109099479253642
0.0002107722483217063
0.0005209031891944901
0.00036934225137165156
-0.0010282315815026764
0.0006109851299915544
-0.0003308828047734862
0.00010414830250287719
-0.00011661161872493611
-0.00014346788029200765
-0.0007737036690789991
0.0013666371881778828
-0.00012699576592181629
0.00010710015221217413
0.00010045346919325022
0.00011028625717373003
-0.0001375938358249493
0.0015189065194455035
0.00010387626286737983
0.0001345598765450418
-0.00011561792898905884
0.0010519016827286042
0.0009699120318477852
0.00016320559487451307
-0.0002926429973671406
0.00010117519970177517
0.0001715838762404536
0.00011509889606218143
-0.00011260146235429624
-0.00013124797764779033
-0.00121751114260713
0.0007419986340861016
-0.0001609900444242544
0.00010530908008698704
0.00011232723117405659
0.00032117822378063045
0.00015482988379256497
0.0005670041404160374
0.0007161566593278588
0.0009636046089432014
-0.0002647685538016921
-0.00020420435471448585
0.0006560710995479641
-0.0007784127416585704
0.0008826738360375489
0.0001144010979238742
0.0011717837146657248
-0.00029405441616111303
-0.000557038457666138
0.00011928749420138759
-0.001269322091169222
-0.00010987624338985803
0.0010594688390104408
0.000530347210753503
-0.00032469426857063214
0.00011100608838020848
-0.0001457332194051993
-0.00011812424732998264
0.0011786193681439993
-0.00017490949268715957
-0.00012004634506741961
0.00011878910739468182
-0.00010077728015470515
-0.00010019235810945392
0.00012503927413301007
-0.00010072900108781006
-0.00012991805538698327
0.00010231106370213424
0.00010351881356409036
-0.00013109503389808607
-0.00010472085424656434
-0.00010570452144748348
0.0001320919601565469
-0.00010147930039229778
-0.00013880614308449027
0.00010973406128903987
0.00010924333576137213
-0.0001397134304406773
-0.00011159193356522973
-0.00011123985770995185
-0.0001427131483084369
-0.00011366380578955818
-0.00011396056677053059
-0.00014569585944940595
0.00011479487151439835
0.00011636995769885019
0.0001419558817275156
-0.00011904655147410951
-0.00011866692072883865
0.00016050282201414548
-0.00012450968718179896
0.00012113025438604421
-0.00010178397700856788
0.00016174274218869344
0.00012712140082635142
0.0001240073916931106
0.00010367505506692896
0.00016798940958503362
-0.0001315023404419503
-0.00012717775945802437
0.0001049750355187941
0.00017494187795483117
-0.0001346419995254285
0.00013123514463348872
-0.00010103336823140008
-0.00018010388315844327
0.00016590446013812774
0.00012302845622965986
-0.00011152278096810902
-0.000195138732133306
-0.00016392111232208079
-0.00018648568858518053
0.0002657511886735405
0.00021310173577167332
