0.9742888512180053
0.13049980799630906
0.13203448359632713
-0.04757974673375958
-0.04551451993980221
0.05899703263757308
0.01919494053733655
0.01908770634372461
-0.03270594264538073
0.03627954879949414
0.015383232561691697
0.008905036994487456
-0.0067659089389517256
0.02947039186197063
0.018546318607819127
-0.0010725746155962536
-0.0013961191585421162
-0.011635031658920308
-0.02642610644945442
0.005274539720091196
0.004943405440995609
0.0012796059565054964
-0.0055468519099359
0.015384608022739372
0.015548532795774275
-0.005582096671037332
-0.00841608215294464
-0.004965782014154569
0.002070805412830307
0.0008687947250294143
0.0008247646760477199
0.002828074402597525
0.019635673063285418
-0.0047389808902096354
0.0101447858553266
-0.00036917972647950163
-0.0007699134819427154
-0.0003889339635543953
0.001912417736343255
0.0009145675623751232
-0.00038434594667843244
-0.0005266447906529418
0.01823731444662624
0.007918706316375757
0.00013411310313370714
-0.0006233005412038554
0.00019194366766348743
0.000569836259910031
0.0005309451448999829
-0.0011113873136007662
0.00183759745151138
-0.00098997060903598
0.0003385780669625288
0.0015770319854349973
0.01578690124458554
0.0009772677934951188
-0.006157129420544412
0.0014939170140338277
-0.0010032095724427119
0.00010702043487662248
0.0016306417567246427
-0.0002925293135283876
0.000899198146304837
-0.00048100891148805956
-0.013725302119338569
0.0015431924437495112
-0.0001096851713691548
-0.005067148585764988
-0.000825888577511889
0.0002810780865396954
0.0005483676073934059
0.0005042193427941686
-0.00024127986263061714
-0.0013378782261265606
0.00013992939630576187
0.000916264990010469
-0.00016631586875539965
0.0002935089336154039
0.0003929799442795502
-0.00019262781969217474
-0.012000143423759869
-0.0006098614589955572
0.0007830331654312867
-0.004156484824921001
-0.00020634396047938044
-0.0004713068249854587
0.00016981493850121339
-0.0011874847303735185
0.00013829357525983545
-0.0002385582946488469
0.0008333153774965693
-0.00020601279765952095
-0.0003368590065292463
0.00951089790388068
0.0009367895561560105
-0.00450260122287416
0.00019223565973528647
0.003359155851799191
-0.0002885387555655089
0.00019640594533903494
-0.0010277709336017579
0.00021985003839292434
-0.00022787467145584398
0.0006857888660525635
0.00010944933019082945
0.0003078293480476122
0.0001072425501270544
-0.009308783839499415
0.00016975036871111232
0.00011060947876907241
0.002760917271981732
-0.0002093114070605384
-0.00023487090272972025
-0.0003873982540728741
-0.0008289179169576819
0.0002080959306711073
-0.0005564960158035669
0.00011265913500928616
-0.00017458812981475805
0.0002448074062402496
0.00016167640433114685
-0.00016553545405238517
0.008237215173018723
0.002275916193446479
0.0004663322343510702
0.00014371639578707223
0.00030980524157446564
0.00017935804036327288
-0.0007266667719708503
0.00047923953368837746
0.0001749600198594359
0.00012714607924565926
-0.00017789632348298915
-0.0002351718420350979
-0.00020600371385775794
0.00014617223000652088
-0.007331132063766585
-0.00013946143421062
-0.0003334765878143329
0.001932078454200943
0.0003047602806997425
-0.00064098038329764
0.00011130950555770627
-0.0004319286623144663
0.00016288043439261613
-0.0002049165621042402
-0.00018954295110850858
-0.006565518066710998
0.0016641794466156787
-0.0001412143371398118
-0.0005590594466657396
-0.00036652582545527285
-0.00015270437828742957
0.00019055210945769852
-0.00017308902825776106
0.00012196655838350007
-0.0058333302740036005
-0.0009585803348541146
-0.001392363097134885
-0.0001602134739919453
0.00011973624865339527
-0.0004973121409559536
0.0001133522411022441
0.0003210618345174671
0.0001674388737088535
0.0001568607952339618
0.00018753658815774083
0.0006414043671248467
0.005303105901017712
-0.0011950961052112445
-0.00014851607342042456
0.00043221168468102715
-0.00027824213867204937
-0.0001642035884528382
-0.00013897786602628696
-0.004849838063540394
-0.0010313899809376963
0.00012144240282510027
0.0003946603955405903
0.00019191802863890466
0.0001546265801965361
0.00013427240423086355
-0.00012635685402531742
0.004418974692890979
0.0008981041427227862
-0.00011499124856442314
-0.00034925615882526684
0.00021615043292358478
0.00012308243085666786
0.00011138555144496661
0.004031753923928469
-0.00023592519955112853
0.0001175151096004516
0.00010998027773792
0.0007816179653447161
0.00013178562869751775
-0.00031507131699016686
-0.00018791964534045814
-0.00011079086471222201
-0.0037016886901030358
0.0002327835524075429
0.00010152482384455075
-0.0006899917993943339
0.0002881489360436513
-0.00016606960754150858
0.00010361681904796932
-0.003417784191656142
-0.0006090196746157026
0.00020595761565013704
-0.00016882347278494782
0.00014791470522084775
-0.0031556596285488097
0.000538783607337366
-0.00023914757561960818
-0.00013197562504392989
-0.0029234531354154856
0.0004815135799064452
0.00021916071091044825
0.00011788260608397526
-0.002715125088042136
0.00043098799392669526
-0.00020235112979822973
-0.00010568948650941192
-0.002527935275257048
0.0003870898848488735
0.0001864575751324365
-0.00025240842866734877
0.0023452481415585525
-0.0003488705030197319
-0.00017077488123771388
0.0022072683225871376
0.0003155280475573466
0.00016146568947076026
-0.00013977899447608304
-0.0020629363443268028
0.00028665591709763164
0.0001498503434612082
-0.001942678210156523
-0.0002602721696368174
0.00014027330522136517
-0.0018275632542950517
-0.0002374865166550603
0.00013163775898476654
0.0017221262121704987
0.00021438960768204444
-0.00012345377166037358
-0.0016232165183172906
-0.00019919643092789011
0.00011559153026082997
-0.00010100815090274139
-0.0015374651923978535
0.00018327601908903475
-0.0001091180714313304
-0.0014557449298374721
-0.0001687510853549364
0.000103020606098846
-0.00013798038935591917
-0.0013747850530999453
0.000155720638514131
0.00010563522767649388
0.0013110879452941625
0.00014416735717197164
-0.001246747147953364
0.00013356957482477696
0.00010807282011271392
0.0011865338992920564
-0.00012404844059154442
-0.0001096676933886712
-0.001130551503579751
0.00011527684393899619
-0.00011273345226671708
-0.0010790129917095492
0.00010764259285795518
0.0010308582333143905
0.00010043719014592059
0.00011421859047241786
0.0009857472394977343
-0.00011596421122110899
-0.0009431555839177176
-0.00010216396284489892
-0.0009037115253276391
-0.00011886245428153042
0.0008663855226821475
0.00012002864528596283
0.0008312069161213377
0.00011996132600366578
-0.00013766048902151854
0.0007859611326109267
0.0001042279050071489
0.0007666069362468486
0.0001230227124171444
0.000732903978269653
-0.00010195112349503141
-0.00012552216226519098
0.0007100416193119221
-0.00013714887809420084
-0.0001242136666904973
-0.00010522164295953293
0.0006422395827388766
-0.00012475054417754566
-0.00010954961880911264
0.00013611503898377836
-0.0002635365531360733
0.00029877228581353976
-0.00023683201527352276
-0.0002827888753647868
0.0001473734083081674
0.0002464909900821692
0.0001280894817496546
-0.0006254035694279958
0.0001128384717422886
-0.0006054092920564343
-0.00012886716866381264
0.0005771552527423745
-0.0001315433756857967
0.0005598028678409895
0.0001158585668708448
-0.00013904374846871248
-0.0004343636414197023
-0.000325783331081468
-0.0001855315949019157
-0.000255275360948309
-0.0004151606260176245
0.00012259744488614358
-0.00013700890363251993
-0.00011710289209504212
-0.00010232803822759774
-0.0005184739817730097
-0.0001389034161062478
0.0005004050290098638
0.00011980555803870007
-0.00010279675100138136
-0.00045297177271625013
-0.00014981878612032936
0.00014062110031748225
0.0001243970719016708
0.00010348172117035292
0.0004509841775160759
0.00010886112816138138
-0.00014329788369413078
-0.00012299040388411223
0.00010606168566102869
0.00014600286459986317
-0.0001270502836418501
0.00010720206989949869
-0.00014791480528168974
-0.00012759187524822075
0.00010970675709184781
-0.00012151410836988861
-0.00011561092782338336
0.0001526789512476232
0.0001315850549344954
0.00011279043774142902
0.00015563540944499445
0.00013447323869228759
-0.00011533243711698733
0.00015837407183888515
0.00010381029767426966
-0.00011753002095467503
-0.0001611398434818918
-0.00014028782890194096
0.00011890908839012696
0.00016427533375896745
0.00014285009248740508
0.00012141562394236791
0.00016723263440108417
0.00014563531558731883
0.00012384014717052916
-0.00017074654668689952
-0.00014743608025797388
0.00012658847011216343
-0.0001750637306455323
0.00015157615416744506
0.00012895469075728855
-0.0001769632526079482
-0.0001554630275712458
0.00013092559695641014
0.0001819503667341998
0.00015765315444680802
-0.00013446439063932356
-0.00018701749956117662
-0.00015919673207633316
0.00013873908998793868
0.00019293758611464102
0.00015943954890187305
0.00014785331916646418
0.00019547187900330353
-0.00016063993921969466
0.000162518826282385
-0.0002253198256574614
-0.00016222186135321086
0.00018648529343567993
-0.0002620085802296649
0.00020661672681072794
