0.8640695516663928
0.29468197988264416
0.1957022656801245
-0.17438899000248634
-0.03648267272131579
0.11363599273508755
0.08533033851086318
-0.09102692831621989
0.026315662397418522
0.08219979756474291
0.07930020795443017
-0.05213354403622157
0.0012806357621499796
-0.022993913850824145
0.06691483411767231
0.006655857908944832
-0.020095408011191494
-0.05832526828899266
0.07333840332546276
-0.00521458826290373
-0.019881827794246614
-0.003086224904607107
-0.0007590841525468322
0.01208788911651488
-0.01688147881317121
-0.006687510478429888
0.019594805533131164
-0.08070584664743519
0.0001242547193164093
0.0011153073941996504
0.003608045241263564
0.0003728312665504706
0.005837482838520177
-0.003882800871488211
-0.07624052394454821
0.0017470872470757707
-0.000966866689812418
0.0025791864254100863
-0.0005672039570106929
-0.0008124374580279609
-0.0010150855112495169
0.007634746145176434
-0.004161308205425988
0.0027078955043475963
-0.06686825445743995
-0.0033382190714733285
0.007328998925443964
-0.0005385015306289962
-0.0027993300943698397
0.002616367468251708
-0.00010797530661627426
-0.0008841591674938125
-0.0008399559829552918
-0.00035030934668485697
-0.0008571899792625319
-0.0075044284878532635
-0.00044907927662261854
-0.011986671573148531
-0.05830762924827387
0.0015159986875123987
0.0018213059088294794
-0.0013023776981323084
0.004025408058910294
-0.0008274898413243521
-0.00024661976389447324
0.0008439409556985577
0.0006850680967412638
0.00029409529089483363
0.001253006328912105
0.006641964258233678
-0.003622929989313599
0.0012008498828360403
-0.02917406338024836
-0.0433343860921765
-0.004568946557627514
0.001823110923522533
0.004495900981640341
-0.0002566250165240517
-0.0007702349183533427
0.00019674194753478913
0.0009340253931148359
0.0002801475992853261
-0.0005629478291611912
0.0005937691135291953
0.0010707421551616875
-0.002217539491652515
0.005774823443580741
-0.0013916221178344994
0.0005229512274210364
-0.00293366783873341
-0.04573044895777133
-0.007604556107371391
-0.0012126520024347842
0.001183361964659111
0.004649709329274276
0.0015218075999289774
0.0003801043542164424
0.0006900044370403922
-0.0008476333099490263
0.0005645853263744757
-0.00024994146177392736
0.00017337486720974012
-0.0005850024920726354
-0.0032989259778310313
0.004187944445527722
-0.0013782932196615564
-0.001472158153884578
-0.041163487613514474
0.0007695784818612891
-0.002805237519772371
-0.0006102757897617622
-0.002823089058079117
0.0036850272050896467
-0.0016869568641363743
0.0004039761203355696
-0.0006023640983327693
-0.00037426540042849893
0.0004035398311897433
-0.0001948604159965226
-0.0002157926226666563
0.000436902588281418
-0.0005686633959850566
-0.00013614415747615502
0.00504743714072018
0.0013588178861036
-0.00015570806788938124
0.0360689063552477
0.006325924947184147
-0.003304079257337742
0.00047020418456532515
-0.002542620168361284
-0.004077065351431103
0.0004143690442805674
-0.0007693563804183809
-0.00016004444292187526
-0.00036099994598056827
-0.0005464413173543899
-0.0003479922288067543
-0.00011517821833887493
-0.00018685730112052645
-0.00021980474418632626
-0.004541255384778341
-0.00034758086613927
-0.003737513218499134
-0.00448527607522699
-0.03240145381773477
-0.0016341836420660737
0.0007819110736584379
0.00039305105907761503
-0.004310079675898142
0.0003337296552718509
0.00029384249838575427
-0.00022651645930297988
-0.0005921009986731719
-0.000124706686715685
0.00042601572075822385
0.00025217699382988867
-0.00048687095383524406
-0.00012632224793297325
0.00013323097785294385
-0.00020872254009884146
-0.00021435394057739665
-0.0001246879272421072
0.0023228996770628995
0.0032707934413690404
0.0016748832340951476
-0.029487338345222734
-0.0023594912549793337
0.0003241773549827899
-0.0006380157572258477
0.0011666929911415163
-0.004029638616688624
0.0007550277866556358
-0.00031135736653927675
0.00041157109021278343
-0.0003986567804901605
-0.00011103768154954887
-0.0004655975668746272
-0.0005370587230673089
0.00024845738380332104
-0.0001973883451842198
0.00016052110273326173
-0.00023055963075171223
-0.0001926043780536715
-0.0006568584910857993
-0.0002577754867521563
0.0034959304865191084
0.0011320786635485773
-0.02656715921039933
-0.0028318777794137688
-0.0012167365192187693
0.0009980601423763356
-0.0038046590427448343
-0.00046057753213576654
-0.00016214033022319524
-0.0002991148219117289
0.00030374339950720513
-0.0002472744433669059
0.000129110244955854
-0.0006309374195647309
-0.00012028721790679121
0.00017983588342679506
0.00026959933366935075
-0.0001573836766687994
0.00015209156318610632
-0.00021825730901737044
-0.00018669618014131452
0.003157311954325581
-0.0007513214210286233
-0.0001149973953566996
-0.00015567089694870306
0.0014247800702597393
0.02419083498943095
0.0013140927993938163
0.00023109190504953483
-0.00013339872145874004
0.003454470638097343
0.0009397046529325487
-0.000475675061513708
-0.000244853981112281
-0.00017661600407538892
0.0003852844224110389
0.000250104722220207
-0.0003372360413220563
-0.0007125433967795731
-0.00023232215357727137
0.0002163265369846582
0.0001669632819824698
-0.00044718540808862995
-0.0005140679818116107
-0.0028260604887704707
0.021900252042743745
0.0006791449103076074
-0.00038699354024487957
0.0024646194990772664
-0.0010924493875811043
0.001100847085555819
0.003249629870507803
0.00016498121554485854
-0.00033602512063256285
0.00014126147588906215
0.00024438275687577464
-0.00039014984806761316
-0.0005860774833185655
-0.0001777286229646056
-0.00014598716304145407
0.0001377422842977763
-0.0001514005917909838
0.0025711674603382264
0.0004467689086082701
-0.00033434849741471325
0.01101672381475042
-0.016871645310554354
0.0002603391058094192
0.0010031267828316068
0.0007135696489618242
0.0004789639732549096
-0.002986507820219094
-0.00033615962908407763
0.0001714053138818497
-0.00030541190822152545
-0.0003490273264463432
-0.000567226631880938
0.00012810949531200056
-0.0002123000735170043
-0.00021673025051146066
0.00016725496764076285
0.00015815456850707
-0.00015186886461196662
-0.00022697048736913133
-0.002367691264860198
0.0012760541594476812
-0.000526740456721172
0.0037919268098335923
-0.01795070743453664
-0.0013743098110316682
-0.0013166970936947663
0.0027896009522834797
-0.0003808998721132041
0.0004851584892100384
0.0002695950678771107
0.00018598867174751362
0.0002951845925767564
0.0005891799321127776
-0.00010918188311557947
-0.00011225482080622228
-0.00022076718806123604
0.0001808444764703877
-0.0006171105156969332
0.0019850097305467098
0.0006271000458020964
-0.00013132504984549002
0.00027885787611324324
0.01478984854610023
0.008377307895135872
-0.0005048748112092245
0.0002846627181297652
0.0024149362416887106
0.0010054858120813973
-0.00017307910537002046
0.00012996506544242606
-0.00022843645589186098
-0.0001963249834048937
-0.0003923609749438784
-0.00046108641017645696
-0.0001192695737232701
-0.00019045244460034897
-0.00016673104193315645
0.00021343817068665457
0.00012196689493581163
0.00017953356157027233
0.0010360350458121885
0.0016038079054384825
-0.00034068317063085205
-0.0005074511094675142
0.015664741558069607
-0.00036604738731581526
-0.00032294765446700714
-0.00045439225267667946
0.0024215869160979482
0.00025583133392580225
-0.00032857682332627556
-0.00017517865428277852
-0.00015524102006896258
-0.000248494895370627
0.0005428287521209751
0.0001521986901135836
-0.00010555505216359156
-0.00023286077721426516
-0.00010148820486015712
-0.00019243293521028435
0.0017651897424949495
-0.0004161056693659835
0.014448669650523778
0.0004923770327219569
-0.0009489606189475417
-0.0006712746720483801
0.00012822095927174091
0.00029062240572871027
-0.0008660141386895506
0.0020829610960328565
-0.00012297473252478633
0.0005808707521314382
-0.0001226030524975587
0.00011346400385159169
0.0002365902326213114
-0.00010902501658564504
0.0016194523913202823
0.00036394431250836543
-0.011995748252960351
0.005942343655509244
-0.0012622997379012238
-0.00021443225130205162
-0.0007602220072864649
-0.00018464033408656751
0.0019755193339308754
-0.00014148764880448758
0.00025970983818747164
0.000509713377322186
-0.00010114497666354052
0.00016131865571462895
0.00011412362309456987
-0.00021258863515582696
-0.0014750507562137024
0.00016343024359161484
0.0009576959624605754
0.0003300024386341455
0.01240373742336777
0.0014146952666273134
0.00010730811877697351
-0.000511515279051102
-0.0017773353739795655
-0.0001376805751128978
-0.00017841217035829038
-0.000213752504580001
-0.00014994033275147204
-0.0001997837365552982
0.0004659427573880599
-0.0002552118055000291
-0.0013343046848143616
-0.00033806558481663687
0.0004949700954147842
-0.0006536230082009731
-0.011595556973819051
0.001057468920411248
-0.001605603570779809
-0.0006276899877771482
-0.00011181766705358804
0.0001834275109795983
0.00020254623340419743
-0.00011699470238775957
-0.0004359980687839405
0.0001492478969171699
0.0001205683069735313
0.00018581908358790175
-0.0001056960841113002
0.0010973921577403561
0.0005824902482847633
0.010878715767983221
0.0004753224172585822
-0.0005932554882907002
0.00019994488799202572
0.0016006190817500323
0.00022152685316307073
0.00015487720594260923
0.0003936627348770072
0.0001365153346660721
-0.00020921243760019703
0.00013129923169018882
-0.00017829018291911652
0.0011077815138822225
0.00017467591566054644
0.010200983318978306
0.0004636992300326125
-0.0002607817354331416
-0.00016405655173992818
0.0014412449860621546
-0.00022815749411588242
0.00014889822838367776
-0.0004011113624713431
-0.00013467266505919087
-0.00010413885113761395
-0.0001998314340205269
-0.00011388707319126674
0.0010350532976399532
0.0014926732116945609
0.009420141351227386
-0.0008957133078950673
-0.00024313542033038935
0.0004406241003882588
0.0013018601389153004
0.00014897104638292663
-0.00010124943652256197
0.00037949863403559495
-0.00013094157453932568
-0.00010131640752071531
0.0001570131746799386
-0.00010226352456188994
0.00013533579279738714
0.0009486840804178979
0.0003940625953401801
0.00010195591823676616
-0.00022527135005434926
0.00898408977130488
0.00021362935150228584
-0.0004953116196084027
-0.00016104794182100797
0.001230066797288176
-0.00010911586009431372
0.00015299639245913032
0.00034430079524401205
0.00018193265462952004
-0.00010434143211033374
0.0008693193391779582
-0.00020532228911040166
-0.008354858141900061
0.0014520507209448493
-0.00021064250120367278
-0.00031907391393372613
0.00015841353036681252
0.0011182105129412003
-0.00010470932645772399
0.00010649056108338659
0.0001495197461285453
-0.00031440158972793994
0.0001631785626937396
0.00010128032061443914
0.0008232299905622358
0.0005242909116519232
-0.00026651060552658083
0.007983009275452636
0.00011536107122638217
-0.00011154317276460294
-0.00015174874116306687
0.0008603429986077367
-0.00038624302890180964
-0.0004615006834262847
-0.00012030820274804875
0.00013413928439341577
0.0002979403932276613
0.00016553118688531537
0.0002482825350631009
0.0007176719155129507
0.0075624285256614
-0.0002263788013823898
-0.00010554354602889414
0.0009680082061109966
-0.00010477272180105155
-0.00012442424187632245
-0.000284061709700897
-0.0001515243982395934
-0.0006975153621867471
0.00014032410009059146
-0.0036638489106861744
-0.005173506719837694
-0.00332697868460973
-0.0009082931969347872
0.0001572595018771272
-0.00023652873957071016
-0.000119531241905687
0.00014093313202037671
-0.0006428450539171111
-0.006774794772129763
-0.0003073148794417643
0.00020426065820452414
-0.0001502734969880597
0.00016104511833183157
-0.0008330006480152638
0.00010657384649459321
0.0002495392046763409
-0.000129122047293079
-0.0006041074603533475
-0.0002256885087000772
0.000512886550851999
-0.006405208492974535
0.0003797146959750427
-0.0002234909873258935
-0.0007686370704109522
0.00023012162676044296
0.00011386717942431831
-0.0005548115875623645
-0.00012502694747517552
0.0061121043714668045
0.00015611394091533416
0.00018487096968181343
0.0001306091207181774
-0.00025073140720278486
0.0007204376383214653
-0.0002183659713905712
-0.00012007568645894689
-0.0005098280098019957
0.00014061556373804162
0.005795132423395986
0.0006044320171230415
-0.0006720103953860168
0.00013425781411479347
-0.00016622450676142213
0.00011403510377292419
-0.0004941790680037158
-0.00045791479846802924
0.0055293782449014625
0.00019200473868141656
0.00011596687043059503
0.0006155378652771791
0.0001869640036465546
0.00011153983251470197
0.0004596824736415219
-0.0003053391773661519
0.005286156505563001
0.00010932896518089023
-0.0005777860084814921
0.00017606597219708346
-0.00010265477129190525
-0.00042027970813806616
-0.00016649252407777837
0.005056605222377808
-0.0005354105237619878
0.00016516195441029986
0.00010960753919896828
0.00040491686312483003
0.00019435348153348984
-0.00012886719687044747
-0.004830854439354611
0.000489242514160475
0.00015305568573643604
-0.0003835459075747325
0.00010552174553736567
-0.004626950556333595
0.00010467978960301656
-0.00045599338004723877
-0.00013517047995933488
-0.0003610461394047847
-0.0044111900837860785
-0.000432749991723098
-0.00015383596740516334
0.00011182007309032827
0.0004197983673391356
0.00013016715722586608
-0.00034298437605014687
0.004251877845757589
0.00012434535361876027
0.00010723097736360133
0.0003814126597800288
0.00012357137599234175
-0.0003255123211839045
-0.00012332559809774297
-0.00025133580542716284
0.00020653920001066075
0.004063815657719662
0.00023191520916164153
0.00034614371615656914
0.00011092593671850134
0.0003052459005580235
0.0002763065450370832
-0.003916008152194456
0.0003052501502831175
-0.00010302738537945754
0.0002933078273866373
-0.0006440824185078565
-0.003718935882465048
-0.00011056472922024077
0.000239443185546392
0.00028746410962998296
-0.00020475035543544924
0.0001832288586285863
-0.003579726862761065
0.0001487749040660506
0.0005463886008146867
0.00020435307843807564
0.00023204701068250524
0.00018950317634385452
-0.003488859278565903
0.000233419644728285
0.00012622728537452666
0.00017422726745519338
-0.0002591207671222161
0.00036473124691484407
0.0029815710526257984
-0.001396138984296865
-0.0004052385307718766
0.000339095946805529
-0.000127169328778068
0.00029504667570232144
-0.001124699583107238
0.0004178446693609334
-0.0007325223026773712
0.0011919068563314625
0.002520582512020146
0.0002692823300203663
-0.00041768615598021525
-0.0004199823988788968
0.00016154991394440408
-0.00014105855526053566
-0.0002887913512597171
-0.00010353808952652444
-0.0001250874864296662
0.000101731296520662
0.000149648043820315
0.00010459245463351668
-0.00010252833426315674
-0.00010347194584890572
0.00011359994477062326
0.0001305346612575182
-0.00013020087776676609
-0.00017944937831583014
0.00010926750808378763
0.00029812864599142527
0.00014062810440606326
0.0004395376124319255
-0.00034955251908630973
-0.0008098197077628365
-0.0005248421579950175
0.0001734470171454234
-0.001148870867717036
-0.0009734708510229927
0.0021549072609294106
-0.0005419260363431718
-0.0007899453152589362
0.0005280916012438899
0.00017244887106408727
-0.00029812872146272495
-0.00012319798845775208
-0.0003760446169561494
0.0001840883539892878
-0.00024242620815900434
-0.00015893271299463352
0.00035109487051364645
0.0001736932107521034
-0.00017339551493738116
-0.00031376117461762057
-0.00012626625896184214
-0.00015474163029158904
0.00010529482027686543
0.00017405364421509094
0.0001673219247859399
-0.00015873855573572243
-0.00020790218981346994
0.0001572927332404878
0.00034678819740028243
0.00012000531506391997
0.00010564515630420941
-0.00010457387996799883
-0.00010961646025199854
-0.00022267785159502194
-0.00035692038062852587
-0.00014671738715171134
0.0002735742452312229
0.00036938882231515586
-0.0002414202219024218
-0.00013126509562414807
-0.00022791184177503227
0.00016455009688258945
-0.0004674268295119635
0.00015557516888026277
-0.00039581985221721157
-0.00020675590277480766
0.0004139374121922831
0.0003110420367096165
0.000694556924008288
-0.0013660026206810552
0.00025735936846168735
-0.0001830274070403231
0.0001321372949080168
0.0005445380406093958
0.0003310156882500664
0.0005184366072477644
-0.0006242449923755674
0.0002704454635006255
0.0005874537939367223
-0.0007797050185237127
-0.00023349163682666522
-0.0011556725235858868
-0.00023381659296795168
0.00024716228967959123
-0.00029201661013352154
-0.0005275150608731639
-0.0007735170851635586
0.00011518352240811271
-0.00011110272455024609
-0.00031382715680101133
-0.00034632617519085975
0.00019681480385393523
-0.0002076641578859001
0.00010284223371611306
-0.00033472090350313726
0.00019297816367157996
-0.00013912657392591157
0.00020551513761215006
0.00016807223753863445
0.000144153379132607
0.00033042132643389555
-0.00039805286671600515
0.00010198915509459654
0.00021375526424877313
-0.0002013963055921787
0.0001251642627882612
-0.00010095569063659686
-0.0001538738494272659
0.0005623421425311855
-0.0003397347041772362
0.00019398832672072028
0.0004294877592332303
0.00019901808565430878
0.0001360695430021969
0.000451365442593479
-0.0004269860091437502
-0.00023909818045275542
-0.000111432211236778
-0.0004784604271182134
-0.00017285307566186476
-0.000165237900738222
-0.00017322222452027767
0.00044929653853113577
-0.0013326221307963452
0.0017187453031914663
0.00025377124248552197
0.0003342069673726079
-0.00020345118395793626
-0.00029379904649874954
-0.00036937805284153384
-0.00035171179983003835
-0.00013526443111345368
0.00032268498421903895
-0.0002511942507998206
0.000501103871801576
0.0003115097272176223
0.00031293722182480674
0.0005512486990486356
-0.00035213955227301726
0.00010242915807998189
-0.0003296480252389121
-0.00023069821499985618
0.00021859813643163522
0.00021801331629886522
-0.00029163107761891784
0.00016044174810735012
-0.00016060708984046065
-0.0002000541897607663
0.00020144345611196638
0.0002357873623012377
0.0002549612937775841
0.0002630933271216797
0.0001284048560969166
0.00039129609801837197
0.0001291263217999063
-0.0002636490840409957
0.00012633502784076947
0.0001424324538652436
-0.0005057779079038737
0.00015705438960505853
0.0007652447324371293
-0.00013739821354135712
-0.0006833207264036545
0.00012270335694870095
0.0006097800587597493
-0.00019840257125056142
0.0001104249274071236
0.0012063956000190979
-0.0010195823375849975
0.0006501974375234803
-0.00035642008108250614
0.000262236281179912
-0.00011716842313395527
-0.0011885041739833214
0.00017094018468656973
-0.00025540230748964166
0.00025076628368763185
-0.00016309431962415673
-0.00036470805848937615
-0.00041164084866936884
0.00028581032668063366
0.0001537082188496744
-0.000540533838592909
0.0002764957919523333
0.00026830308885520033
-0.0002735810914596193
0.00016139621433023028
-0.00031520508161063176
-0.0001532357437101592
-0.00012528054999353796
0.00030960550002850906
-0.000172875056510276
0.00015078067498742315
-0.00017906861506713392
0.00011498933640595888
0.00019855945096922513
-0.00023116540181502524
0.0001302275838687916
-0.0003350980449626673
-0.00016241591405618644
0.00023826858181831545
0.00014202304647256846
0.00010677903339493574
-0.00018701760178199117
-0.00011509517091177159
-0.00042178763947304723
-0.0001637165916418719
-0.0001133921199229071
0.000282924330365011
-0.00018207849805290942
-0.00038602893016602326
0.000357071459587548
-0.00016855816079092533
-0.00030856362863456165
0.00030343067155741627
-0.00019645862455234658
-0.0003144272793623022
0.0002651873503883747
0.0009576991139341369
-0.00028444414319202997
0.0009158743184436146
-0.0002554634826287865
-0.0008929596602858185
0.0006715640711486957
-0.00032790300780926836
-0.0006524554074298579
0.0008209969496107505
0.0004923898227658254
0.0004980427875022184
0.00013858892469548003
0.00014881887840698815
0.0008410779928138141
0.0003312647053441646
0.00036173272515723924
-0.00010680065915369931
0.00013610824371996507
0.000185355964366308
-0.0002233440940064936
-0.00010862875002647377
-0.0003119752257005967
0.00015560034827170343
0.0002646496555496417
-0.00010603176627829914
0.00026181803029637753
-0.00011216822563542626
-0.00018437967177707074
0.00011668858321082134
-0.0002660730846557499
-0.00021735769586461208
0.00013842246036846768
-0.00017997038325046424
-0.0002156491190902282
0.00018978964510172946
-0.0003295955495879887
0.0002639628981019935
-0.00012839672856572738
0.00034199494646649744
0.000191157401494361
0.00014579148373294716
0.0005039677164565744
-0.00023574907790648603
-0.00023876781835041011
0.0007735793964156457
0.0003363764981815476
-0.00014887337862936584
0.00030783701365547707
0.0009818989105888985
0.000194191097759925
-0.0008108329292261853
0.0008452097616048873
0.00015610638364000308
0.0006080265775838781
0.0007429470486660643
-0.0002362621993908096
-0.0005321721969140209
0.00010022123213769436
-0.00028149215531405377
-0.0007563877421213728
-0.0004930566916569738
-0.00011517072885587506
-0.00011124404565463713
0.00027254273622846797
0.0005832453713813637
-0.0003863788972679279
-0.0001571220259599156
-0.000328591219286466
-0.0001236391485001076
0.00018609291585952847
-0.00012880786578411523
0.00011924546876595456
0.0003842141643545266
-0.00011737666690276234
-0.00012304527908665834
-0.00019237779251026643
0.00026492903360729784
0.0001251044689391014
-0.00014387450002591832
-0.00018994776365611202
-0.00018580791637009563
0.00012676507592552632
-0.00015539203845341403
-0.00011562077039184616
-0.00024727609531008084
0.00012694933641624816
0.00015362193210650073
0.0001770067483628731
0.0001508534190779262
0.00029513580147924395
-0.00023606833938683727
-0.00015995922397818928
0.00026766532202375184
0.0010421881328175214
-0.0001489069134167303
-0.00011573796635641017
0.00010354908759303141
0.0017970729834815005
0.0003464288242921071
-0.00022970599209648382
0.00031009996199083355
-0.0008529987650145627
0.00016953247266110951
-0.00013430163021005333
0.0001833376189045636
-0.00031920493381178264
-0.0003721551780297177
-0.00014669579913385457
0.0002079539615767732
0.00024069249931822815
0.00016701936026029707
0.00022060016196437417
-0.0002735058517651809
-0.000137159008746871
-0.00021808693806066337
0.0003173440020659388
0.000146658248028303
-0.00011432561457342969
-0.00022607729064894467
0.00046542776461665447
-0.00040557435711855263
-0.0006171943231092811
0.00021083344121424697
0.00040488824328899274
0.0004638138521329972
-0.00034498659975416976
-0.0008866900978933706
0.0002762082751780316
0.00033284388694754035
0.0006936843708021689
-0.00028440901156895717
-0.001389731029106901
0.00010042263432779414
-0.00011347017855404573
0.00033128743029186923
0.00022082782656261202
0.0003720774648137138
0.0005040582445919625
0.0006248704845835571
-0.0002819333732923654
-0.00011825456773682658
-0.00017258923737008315
0.0002790100388513711
0.0003163283131231169
-0.00013108228945523374
-0.00011384851247938404
0.00047150247853145177
-0.00019430554147065011
0.0001088640098587328
0.0005076780036303637
-0.0002621790551297381
0.00018206266212218383
-0.00011941338943523713
-0.00027003831119604306
-0.0002906397720244425
-0.0002895781904190654
-0.0002107550823342513
0.00010471005601580973
0.00011315874529544057
0.00113844838427591
-0.0002513331463090744
-0.0002593776896430951
0.00016343628337264817
0.0001912840869917518
-0.0007556898447705685
0.0012005477585056113
-0.0012104451749260004
-0.000295565442453239
-0.0001718200362754161
-0.00020136335305894696
-0.0005070699550531463
0.0003613474856418116
0.000618668846374097
0.00027238043425394657
0.00014637251302794966
-0.0002026146621152439
-0.00021928627371547424
0.0001655129538610756
-0.00018780800030463934
-0.00015188672795313866
0.00011950483316472334
0.00010946173931749252
0.00010360721987331213
0.00014003695026723278
0.00016555280600991613
-0.0001548355505489213
0.00011699719200012449
-0.00020890589974535302
-0.000584973678151469
-0.0016652825693703307
-0.0007222414641615685
0.0001810363835010902
-0.0009012247184526097
-0.0006555960049137898
0.00013135783627943665
0.00012962244974192412
-0.0003164986762885914
0.0007625291070390336
0.00041615589375976837
0.00018869092809970338
-0.00010441996083817704
0.00034419364448493484
0.00027464736214262864
-0.00015703275919819862
0.00010992765948540591
-0.00017676853642705086
0.0003254293382323481
-0.0001696977720177969
-0.00010308728594479628
0.0010717521135927043
0.0014929629916609491
-0.0001272838222679103
-0.00011338427737533273
-0.0002891010628519006
0.0003234939006247982
0.00016684186474331917
-0.00021170262365675604
-0.00012949657108402905
0.00013855434154245972
-0.00019431921473853143
-0.0002977609190832737
-0.00022229778963879374
-0.0005356019332307347
0.0001302357510739512
-0.00016394687527700237
0.00010457987650975825
0.00013001022411093924
0.0008852700769357774
0.00012438305188653084
0.00010294000744279334
0.00016254423012255947
-0.00025478995735789804
0.0018727788068395156
-0.00035084750461327255
0.0005191413990818315
0.00019593425894888866
-0.00032095181323301515
0.00010017444408583625
0.0001333059255803298
0.0002696710095316049
0.00012750473053199977
0.00010789029678627679
0.00010849732442224573
0.0001262127584876954
-0.00010205658916756035
-0.00011617700954233607
0.00012917968696289075
0.00017132186286408226
-0.00012036020885577436
0.00013715080397732994
-0.00016973671657447435
0.00011019905893848866
-0.0001151685917429023
-0.00012244556147118476
0.00018106704685404525
-0.00012500126499309232
0.0001452394607996067
0.00010527299141315619
-0.00015433778157039374
0.00010081272201239323
0.0001325417165716738
-0.00014329393528063656
-0.00018046896376924714
0.00010075714950193297
0.0001233118080125696
0.00015024125182894869
-0.00019187123999030652
0.00011130634427203504
0.00013945469069600756
-0.0001525101891351737
-0.00018492200866435232
-0.00010284991241642166
0.00010851836881495273
0.0001341365853860152
0.00016363613337024894
-0.00014097326731121916
-0.0001585144142145732
-0.00010566343229390946
0.00011512729294808143
0.00013762246565426456
0.0001660457377212874
-0.00021425386424957257
0.00010603933569227662
0.00014911457941908297
-0.00017266247855030243
-0.00020638319332174886
0.00010891646973818266
-0.00010611853930898555
0.00015023399968031351
0.00013407508887926698
0.00017358450330690842
0.00023749890845444063
-0.00010850300266072701
0.00014163860132588188
0.00015456342938657895
-0.00017109214074163657
-0.0001103090287025247
-0.00010355434589459338
0.0002121165365863338
0.00012147110147390713
-0.0001294578612083887
0.0001520493951761629
0.00019216418903199257
0.00025455868611494334
-0.00011655519987076268
-0.00014593887593017353
0.0001551284357179717
-0.0001952933541888214
-0.0001019322148819141
-0.00025812350152103333
0.0001261917744223262
0.00010332134887247787
0.00020044470658160668
-0.00019991945889161032
0.00028800003173793477
0.00026431427105883415
-0.00011436277270162114
0.00011695770869897106
-0.00021368287583573055
0.00023852791721768352
-0.00010598769307017814
-0.00011883381391204986
-0.00035627604652128074
-0.00010118761994421577
0.00042526574262473485
-0.0003663119814732549
