-0.7149837277759472
0.3376193734918158
0.2958654895684068
-0.19135111926983417
-0.021256255053384316
-0.2011406865677458
-0.08669666267111167
-0.10511967071417773
0.008771897613008969
0.15811672805023383
-0.08585184726759265
-0.05841419716979397
-0.037824795525779734
0.1213582769350667
0.04245879954278956
0.02013359464863613
-0.06319002849212349
-0.03144056984674348
-0.12035140867779118
-0.01920085740139681
-0.0167397313371336
0.0009040733948903198
0.016688027330339916
-0.026214666549481437
0.12137343471021132
-0.02291501571356819
-0.004792836781234052
0.006691359851251754
-0.00032249842295304065
-0.0020274036074238878
-0.0037981197441378997
-0.008225817326338357
0.017386175589294953
-0.016918431142969016
-0.01353088873323406
-0.11682306998969526
-0.0011384292382552934
-0.004122375858619787
0.0025662698078553446
0.010322425248614217
0.011575079303976782
0.007177394138798297
0.00508236683388197
0.018979169352825138
-0.00036616255288338866
-0.0038145696862722524
-0.10670177150538618
-0.021125008153540483
0.005796215096318003
-0.008252944771188504
0.006457461108839744
0.010882004463781405
-0.0012262112773767282
0.019029208217695184
0.0028712394532434565
-0.002626913837384349
-0.0011304524652983048
-0.007609559733052106
0.000915230095600707
0.01329659032072727
0.09895133871861198
0.000809514281564091
0.01222657547225995
-0.003138038790157683
0.001937123495451979
0.004062678273171854
-0.0036955160708553
-0.0068199558860983465
0.017873072255663546
-0.0028470677792411577
-0.008513133233910312
0.0017377654659537778
-0.003266576429542283
0.002773672734152647
-0.005166454203952111
-0.01839557139541397
0.08854801568337901
0.012710798858004302
0.007643403452535114
-0.0011470751940614201
-0.004056618319898439
-0.0015788089367667559
0.017293540364184207
-0.001711080164381064
-0.007392010366697815
-0.005133046944334246
0.0017230534654392206
-0.001629217709806838
0.0016620630772839879
-0.003038134338217566
-0.010076837569383048
-0.01763480889237763
0.08107586872378103
0.0016691171019815544
-0.004188067339130106
-0.000971185696144986
-0.004222854151918152
-0.001132609534991571
-0.006193869974423295
-0.00636960575026503
0.015947783902006393
-0.003862880607892981
0.0007696070954156505
0.0007110914819671278
0.0009097525120081357
-0.0006508612592741119
0.005531517006411956
-0.0019149321907386745
-0.004470108372894169
0.010135094561325398
0.0751836515120605
0.005901095894668723
0.0028313917288355643
-0.005367558721286799
-0.0018279633816922101
0.004425384990768404
0.00800246487706586
-0.0023903812748357323
0.003469309054798337
0.014091960157095566
0.0016929167240438494
0.002446642566749246
-0.001578337466086666
-0.0029392137630701535
0.005750926149623287
-0.0008893384825692792
0.009184324470900817
0.0033287479583690464
0.001789087967387729
0.004146459598100223
-0.06899832966157532
0.0007909145188639506
0.003057343517486248
0.0037458892343029803
-0.0052986941063751115
0.0012883361234052528
-0.0064050174097488
-0.0005657251744559718
0.00420751304926665
-0.012865355317943819
0.003992615499124302
0.0023304176993989953
0.0007393831620345271
0.005375348794282588
-0.0035148507114770204
0.0019036899938491595
-0.0018757751480800164
0.006293100743611257
0.004987001377578218
-0.004051076455441611
-0.00024254434361621892
-0.002663676173958682
0.003295658307326045
-0.06328008852827734
0.007640728449872792
-0.003032862372151598
0.0009418694259152557
-0.00316286528035292
0.0027155015488640887
-0.0024410135089534143
-0.0058851428890249495
-0.011462344198634714
-0.0009443820389114063
0.004323478146665365
-0.002264223633592085
-0.0013261891728642262
0.0016918170232300602
0.0033581007602354073
-0.006829848269450831
-0.0031316011216519116
0.0011933981741500308
0.004235417595938261
-0.0009482854047595564
-0.0014878954328714496
0.0033676885909713996
-0.05814220101521111
-0.0032149163435002313
-0.005383783775491531
0.005905456465964595
-0.00040223577497640843
0.002457323415831631
-0.002741051632274837
0.0006968741138923052
0.011440375692374048
-0.00484585376198536
-0.0011684745566961168
0.0027905630342059556
0.0011486358614901514
0.00242676150213093
-0.0016681287702011661
0.006945328336439082
-0.0047390396245302596
-0.001784333624697184
0.0008588662238490426
0.0003645987857167638
0.0002380519050931883
0.0006964587474736195
-0.000957967485399524
0.004538957330543225
-0.0010014290430791406
-0.0048206979130237726
-0.05352678811566305
0.003594581181895442
-0.005049592096202594
0.0013881275000057753
0.0011606729596511014
-0.0024466483218800396
0.004232305853130056
-0.010828300966003266
0.0014720215937316994
0.002646350696674234
-0.0010103023139032582
-0.0004550588961516138
-0.002126629512524837
-0.0015008609433069175
0.0032904293684629933
0.0027327430258254925
-0.006053791264301812
0.0007500186836569432
0.0003288453077236006
0.0024697743783239326
-0.0020122769660228935
0.0017661969777091851
-0.002469023822599119
0.0024387976758671296
-0.004774924277070624
0.04796741261881968
-0.012394541791327018
-0.001558573037786185
-0.005226804737601313
-0.0024780741819883656
-0.003252822854217158
0.0008392656591427583
-0.0026462537015812834
-0.002338325261530082
0.00984249699820801
-0.00080512470156008
-0.0014415811309867756
0.0007596983728784115
0.0031894823328693926
-0.0009902248519907289
-0.006109349918560405
-0.0025439976932042606
-0.0024865790005410317
-0.0004678462635892374
0.0008050380294500395
-0.0006694236974163736
-0.002967314385615538
0.0006900176872542323
0.0022828355433597088
0.003573349816867643
-0.002896150753180937
-0.00085086931568334
0.002787633336309483
-0.04566779285023994
0.0057654163505909736
-0.00015865977387182438
0.003231969420852032
0.00041494375217843935
0.0035359520668197995
-0.0012784082158885405
-0.0003102650333127395
0.009243286478869217
0.000874162509433578
0.0017092814993030679
0.0021835518035777145
0.0028069782375285146
0.002429759008033964
0.0002536738406187983
-0.0016011219480640904
-0.00556680649603675
0.0002852253009081426
0.0009756126641640262
-0.001328342649177116
0.001711530710738009
0.0025793060165748088
0.0001402486830103798
-0.0002514672388098739
0.004267837758379664
0.0004599991311619997
-0.0019431375792578994
0.0005789806021916408
-0.0032714000658997594
0.00292297175392843
0.04234002300730311
-0.00028691637584011116
-0.0018332636268793962
-0.005425439842055055
-0.0031654990918259665
-0.0018891742647760145
-0.00010516941724124254
-0.0006591292850856274
-0.008449232320304525
0.0022847592334426107
-0.0024441875147199685
0.0016745729230916774
-0.00046690558122185
-0.00203063284660678
0.001448668151181428
-0.0011111327021728202
-0.0050841957446024575
-0.0022129383618562305
-0.0018049960915041895
0.0007753766421655551
0.0012123179868328048
-0.0017868886522183919
-0.00351224344081564
0.0006881157835420636
-0.0027811550579466145
-0.0008974444879391712
0.0017151877740469092
-0.00011507979375650012
0.0018038136109240403
-0.0003003065195665613
0.0020835821978056747
-0.016820073161672798
-0.03557802438233698
0.004729524005017137
0.004458026556178452
0.0007740534024625865
0.00023440010177507885
0.0019538219096293307
-0.007637185269166645
-0.0027804254600517385
-0.00292610815664415
0.0013639569808402423
0.0005995612456905355
0.000645244104745581
-0.0015917390745227096
0.00011969274065181118
0.0003692702426431142
-0.001604196005146316
0.005282328724365641
0.0015775794503020619
0.0006025244383814912
0.0013318738880906125
-0.001458203472513784
0.0036736581339751
0.0006034466515676475
-0.0013560880633387967
-0.002098526130107384
0.001010797994120645
0.0006905792093352657
-0.0010246296183612606
0.00019521805832597202
0.00273574148646428
0.036678115722458375
-0.00550954095025612
0.0011190343074427892
-0.0012637706979104404
0.0015399333422970625
0.0016666215185867845
0.002039299364853534
-0.000170394185773194
-0.0022958381876764444
-0.005106834354438686
-0.005432091862025881
-0.001454308608986896
0.0010238515133598432
-0.0008946260477854193
0.00014759240751979787
0.00033763488172792105
-0.0022063131321085456
-0.004584957201344136
-0.001302374906537552
-0.0008341459642715838
-0.0012130343190140823
0.0017800228694238493
0.000573875183699754
-0.0015480507305430785
-0.0023184275704176385
-0.0016760464552418894
-0.0025154852236157982
-0.0012697949000827682
0.0004940847364241802
0.00038163560895393563
0.0015354068361933988
-0.002747314719027136
0.0017249268766509052
-0.03387113860544589
0.004664732237528133
-0.0054431314747789995
-0.0014809168395387617
-0.0004519231074025303
0.0010930340987838287
0.0011373342603769971
-0.0007675482626854417
-0.002039930706412461
-0.001299943721027392
0.006872047193796093
-0.0015224720555350798
-0.00019770772870166442
-0.0002175135080416478
0.0021435784183409727
0.001512325002338179
-0.0010305157598152674
0.001664875720866245
-0.004318513493606167
-0.0008951453732467703
0.0006618514659970082
0.0010871986896238725
0.0011817428883456682
-0.0016632121775875743
0.0032819204369143426
-0.0011196019851915154
0.00045748909622423447
0.0002070086187502514
-0.00023988263250073602
0.0016253869699093847
-0.0025723615429066745
-0.0003609167565811319
0.0007591055458407492
-0.0018207691397408472
0.0008733366436321095
0.0014455506811413756
-0.00203892980675821
-0.031806037297736206
-0.005710929424216806
-0.0005041550927456024
-0.002041609971485799
0.0008951687168411397
-0.0006889417607790246
0.006369522627047002
0.0007276840827244623
-0.0016642973675255594
-0.0012575915540947848
0.0012284978009096078
0.002152012710667816
-0.0014598660608037843
0.0003095951337975598
-0.003870262183078517
-0.0010261396337575602
0.00048764231740851537
-0.0009545370835080293
0.0010100988257788733
0.0007415069684769263
-0.0006856435089034898
-0.0016702990631351248
-0.002979836384765453
-0.0006531644323122471
-0.0002921983959300291
-0.0014154261431852493
0.001472171438548191
-0.0001906130424455887
-0.0006037250658379805
-0.0005646258114796133
0.00246152671476251
-0.0015128207825927302
-0.0012754406907174464
-0.0002142297364051179
-0.0002902667329558246
0.0003120080921128566
-0.029781803059713896
0.0059632928533208986
-0.0018854705630951814
-0.0008826747829053563
-0.0013112441740520263
0.00016997584797693766
0.00017737988321735813
-0.006001901417134071
0.0016244873514700473
-0.001545570804966654
-0.0015971681397795167
-0.001134178129181017
-0.00025688339647660633
-0.00035918928086346177
0.000907632592169074
-0.003711938537613833
-0.0009983190576427765
-0.000543721549493758
0.0005130767469034733
-0.0016232755259715838
0.0006794376745651766
0.000714215590263171
0.0013296925954054536
0.0027517425244227237
-0.0015505015534226561
-0.0007603245459594887
-0.0007505906171466185
-0.0014802492365493646
-0.000515299143887946
-0.0009885374046122975
-0.002176724661805024
-0.00022718982424070738
-0.0009260908034654846
0.027802814354894772
0.003759649546192374
-0.0054052918348753585
-0.001056736612556736
-0.00011707535932599839
0.0010179310794011297
0.0001700409871665028
-0.001688249780611884
0.00014838338627396296
-0.0009560590165790728
-0.004884397897005383
-0.0026592536666195754
0.0019307638544514623
0.001313107530391571
0.0008959954600480223
-0.0034726850973554784
0.0003135121834985339
-0.0011728446444359039
-0.0016972616468157624
-0.000719101497089135
-0.0010200043039076134
-0.0013917312129685733
0.00015788489872099057
-0.0025155117928539845
0.00069021441439489
-0.0006123903780227793
-0.0006480940771049102
0.0006909596780575148
0.0002548979521835818
0.0014713238647500243
-0.0006268228619837956
-0.0021185545924534005
-0.0002873535336210109
-0.00018330602381599027
-0.00034829876470255316
0.0013255702547615843
-0.0006412624534859894
-0.0016270175948100984
0.0008911653221021619
0.026106168836202908
-0.0061714838159343715
-0.00027375590417134385
0.0012953354468263484
0.0007979168601925609
0.0003940201433842014
0.0015803716453505015
0.0003157026879818515
0.005307733228584369
0.0014703736318867305
0.0006866982147967609
0.00038693587647943074
-0.00018263463949193552
0.0012692405286948184
0.0028075001788996174
-0.002304144293878031
-0.0009143724792537225
-0.0010020902999762539
-0.00037973229952339234
0.0009197042118853816
-0.00039611471188744405
0.000371421215425908
-0.0024481943005304776
-0.0005457663615607148
0.0006030264272387305
-0.0012124229675328474
-0.0009085823122785071
-0.0006597487149350615
-0.0019854319180905
0.0009061471376541405
-0.0007234221323555799
0.0009465687225043255
0.0010058913108906432
0.0004956330772150826
0.0015511146826805895
-0.00011696849635671682
0.0013519026501297394
-0.0005905552308845797
0.024343954309719106
0.006066641145518792
-0.002700244723717312
-0.0009064566508506152
0.0003370487429661588
0.00043796001380961696
0.00021812031334057723
0.0015549479337425497
-0.004947621823164462
0.0015136067208069356
0.0009936966786492885
0.0003841415321711309
0.0001534409010939448
0.0007192627616738989
0.0014647326740564652
-0.00119726889963273
0.000897269200524381
0.0030904808723353394
0.0002315887521861948
0.0008246281929789415
-0.0003780976298370407
-0.000690037721363055
0.002296870261096811
-0.0007735125997880721
0.0010427614907209484
0.000958657799874108
-0.0005846309329301145
-0.0008572506840439316
0.0011297290105225896
-0.0017897974476599292
0.0005733694385416302
0.00020150633022816207
-0.0001327812410324607
0.00015860839598821652
0.0006670102408443897
0.00024082584734268756
-0.000496346280727325
-0.0019750515269437185
0.00010127593781328782
0.00041479745350589056
0.022697719083831606
-0.002380899149637866
-0.00684461404092986
-0.0006347643509205677
-0.0014474548410902172
-0.00011970121585125081
0.0009555726418043821
0.004607505157468875
-0.0012247479179037762
-0.0014490782127908003
-0.0005929326299481524
0.001047922603044261
-0.0005561992237662675
0.0002891114852515633
0.0012777154076285748
0.0002616230096172021
0.002889622593977887
-0.0008821746407802742
0.00040253604791369124
0.0006474101231409436
-0.0001035151214310824
0.002187455444934985
0.0009219478409515052
-0.0008310749819181993
0.0008718042493110593
0.0007028192036752003
0.0009920238645664272
0.00018586306244327522
0.0002571776774790963
0.0008620989868787033
0.0018157256690390805
-0.00029172012950646743
-0.00022452187261789647
0.0006526548178696659
-0.0011811574848683965
-0.0013922558381822619
0.00043722561342804096
0.0004602257443811847
0.0013891584007137176
-0.02127998075771453
0.007264619263219235
-0.0006312156279305998
-0.0013011629555308552
0.0007686251681836291
-0.00024745085606970457
0.0002400014776207965
-0.00038609811437365706
-0.004470331528136277
-0.0014793974052798309
0.00013954260921298704
0.0006998945653160299
0.0003800607422687693
0.001165701916475965
-0.0005131482739324973
0.00038794682894398026
0.0027165080690653917
0.0008894797358522285
-0.0003633407986393305
0.0007050533697570511
-0.0007143134680402837
-0.0010216587689358156
-0.0001241786681536665
-0.000542741718629065
-0.002142221390770224
-0.0007944451371568928
0.0007358827117946593
-0.0007215941222791973
-0.0006022583657688408
-0.0016580868482483433
-0.0002750675731540924
-0.0001816989999602277
0.0011093597699597664
-0.0003882667996973227
0.00046995427462990293
0.00019526662311242736
0.001382821709248492
0.00035335768678470305
-0.0005623868878818631
-0.0009587984819468596
-0.0003336767432081012
-0.019458464808740646
-0.004864717371876381
0.007258131339315006
-0.0004660416239672117
0.0002370119585110616
0.0005805328729207467
-0.0003163378505066333
0.0008869052626649601
-0.0005754722131004492
0.00032408587139729086
0.0037647731588258053
0.001601538520972542
0.0003145607921915715
-0.0015396146718256371
0.0012514186611289533
-0.0004971123957920797
0.002522557768724627
0.0009412412045050739
0.0008512188374408204
-0.0006822427363513864
0.000618603984675706
0.0007665575714328364
0.0011957114379247719
0.00034129775411929664
-0.0019395474666703127
-0.0005225648086400972
-0.00021054966090707688
0.0004508711721368723
0.0004348578907424759
0.0015569882627205027
-0.00023945781838097702
0.0003411598246172068
-0.0009878576694620598
-0.00041646312906953934
0.0007063989155921861
0.00031621337853989076
-0.0013047003672025017
0.0007959768944034634
0.0001747317084809213
0.0004923012088955546
-0.000308012751205391
-0.0005030808755674063
0.0004101161379898709
0.00016115205508945363
-0.00027465489231152105
-0.001133207384754692
-0.0006756974515256099
0.018441694919105182
-0.00819227023123065
-0.0008591793676535634
-0.00026305424885722934
0.00011546935124355146
0.0003348671391357073
-0.003628243675634113
0.0015903694689417458
-0.0010354623732053445
0.0013772950554228683
-0.00033491675820051435
-0.0001291772363660419
-0.000716277092043595
0.0006949813703530393
-0.00010363675687392193
0.0024019150189667554
-0.000906680994267868
0.0007533172029782724
-0.0003045540670049903
0.0009328772912597795
-0.0006442048170237055
-0.0005369493488357603
0.00016243301811932475
0.00018610566834697338
0.00034275336737383687
0.0018369695937356357
-0.0005433233698075309
0.0002995522006894652
0.0004851689743814734
0.0014814042297523352
0.0006159789756255749
-0.0010365806820989694
0.00013217550168768906
0.0003859283949339403
0.0007091182651429102
-0.0007685750258803999
-0.00044176842762724984
0.0012198210281667398
0.00012683603903833926
-0.0011480122836587307
0.00016832068870064983
-0.0005484044931714642
-0.0007350452885301104
-0.0008111788741436512
-0.016954659602849115
-0.008854983026367913
0.00048021305702221036
0.00014393717101013383
-0.00014067025321201325
-0.0006351371078194804
-0.0011573944202749639
0.0006309040851825482
0.0036252361812655043
-0.0015419890584028601
0.0002627338435288521
0.00027496497528572235
0.0006019778698848356
0.00011009686570402887
0.00027516128947539624
-0.0008173660188716723
0.0022700975544779193
0.00015167200683481846
-0.0008960170035062848
-0.0007749927998823177
0.0006829392338264523
0.00045263888690336666
0.00015264516585987282
-0.0017206521700017605
-0.000549207003761946
0.0007288848155618046
0.00039125202682997593
0.000533895525128738
-0.0008802383821890356
0.00029233664484536274
-0.0014002676563327316
-0.0007267109378750053
0.00030341745564791995
-0.00033394368477875975
0.00011400456257204559
0.000506315712088156
-0.0010512565149320677
-0.0004835864528354955
0.0001488082845117945
-0.0002479453260773687
-0.0009595544821728943
-0.0010267584890359162
-0.00022969885193967486
-0.0004768613441434014
0.015401528177967982
0.0031686990836077827
-0.009161698362528945
0.0006487181318888465
-0.00012586386535695313
0.0010489537262849775
0.0006020469126452681
0.0033689620055783413
-0.0006031194317432417
0.001566733134365368
-0.0007793314311694661
0.002130038456588769
0.0005917080134910204
-0.0005992524035927005
0.0007592919716890803
-0.0007181784574576467
0.00029408229277770614
0.0003788168122285231
-0.0005934356014985127
-0.0016262731546084822
0.0005798080229854884
0.00048354521100995543
0.00030664595113013876
-0.0008168933209484114
-0.000764383683744174
0.0002676795484952149
0.00019750702316476932
0.0012351092960670542
0.000575508163365523
-0.00038671416521039747
-0.00019815742625295518
0.00047972490661798474
0.001107086533385475
-0.0004132943914127211
0.00011191440389100902
0.0008142358395226239
0.0005988114925691427
-0.001003164360971314
-0.00020398146313793612
0.0001966074179400319
0.00065545459399849
-0.0005189334453984788
0.00044183212156071854
0.013748810997896455
-0.01049560344533566
-0.00018696411106283994
0.0009204375189794936
-0.00042127258335409765
0.00015598150530609186
0.0031285920396608067
-0.0017182780720168614
0.0006552854622409537
-0.0004908406329510945
-0.00012447909744523676
0.00012179577268517407
-0.00015140132418453483
0.0007274880286822764
-0.000496299095099705
0.0020655526750475604
0.0008731712920542053
-0.0002278622714889705
0.000489708031664424
0.0006168800957812257
0.00036976406280237324
0.001538842117029449
-0.0005684933254539883
0.0002296215209594839
0.00038735734399677303
0.000544841380014708
-0.0004128062080214415
0.0008470491667193807
-0.0002809427691066791
-0.000307031048356775
-0.00014914702369351658
0.001274506752087324
-0.00015497326441080164
-0.00020814831902464173
0.0004289277470792018
-0.0009734365813832402
0.000399654340876407
-0.0003180306795322045
0.0004161535492379736
-0.0003389803781893822
0.0006874000155505195
-0.0005084742673285861
-0.00010196245221076913
0.0010548425375930788
-0.0004955871757752393
-0.000176194432411095
0.0005228342567040761
-0.011933473809592898
-0.002350977354105914
0.010329461972854866
-0.004087700042894514
-0.000966389796541801
-0.0003973922777291964
0.0001323942450635129
-0.0007043425098116105
0.0029134907709032374
-0.001734425906981571
0.0003614968632342406
0.00019595457344082158
-0.00048804568112352867
-0.0006312214373075567
-0.0007390759473757793
0.00041542081123852916
0.0019033648157686647
-0.0008907029031382925
0.000529636912194833
-0.0002852321682822628
-0.00010202616283225534
0.0013763874890003478
-0.0007838943887669045
0.0002457842389368616
-0.0005102102191779683
-0.0007727236841943137
0.00024940477372382763
-0.00014385972966141563
-0.00032777705529814683
-0.0012330031372161548
-0.00012271112594482083
0.00021453331867934513
-0.0005083761245544753
-0.0001509978623339524
-0.00048418202578605227
-0.0010051073079279434
-0.00020361248682894336
0.0007323330265745512
-0.0006046609973715668
0.0003315506440390004
-0.00026976561507562063
-0.000983210145602575
0.00010543644904074035
-0.00019666352184184702
-0.00036341061598064387
-0.00040844246221452443
0.009964266218668479
-0.012045684097752243
0.0017553247054042209
0.000644879101313227
-0.0004272213289758737
0.000310811166704827
0.0004283247403099589
0.0026772207867481676
0.001801335085203523
0.0004829771366893461
0.0003478196002533439
-0.0003023108493529648
0.0005944568495216019
-0.0006147972429676309
-0.0017735248849450353
0.0009238813024182651
0.0001080185521378063
-0.0006113740048399431
-0.0003893420231736934
0.0001583100423938788
0.0009684470444286192
0.000983482442993159
-0.0005995346102187349
0.0006325000538402937
0.0003949447694781835
0.0001815640667669012
-0.00026150824391667774
0.0003667778300421801
-0.0011807179736228045
-0.0003138800136720474
-0.0005250487592178764
-0.0001844931330862092
-0.00015195255579149273
-0.00023217852951367058
0.0010009931252657736
0.0006979327026061401
-0.0005925364778123955
0.0003229752723830362
-0.0008956294732925603
0.00017721848210122554
-0.00013547339909817868
0.00020685510247392142
0.00033573005777695614
-0.0008091539361590258
-0.0002216845603550164
-0.0006644069863389985
0.008648206718938914
-0.01225465979626571
0.0004103670312060713
-0.00025951093585656457
0.000163762320803743
-0.0005036282787384328
-0.0001809198892939401
0.0024527945660192366
-0.001880652432192066
-0.0004804461856937628
-0.00010109419106336278
-0.0006590638646545127
-0.0002548324628636114
0.000377473489574993
0.0015695766928976998
-0.0005592647503036269
0.0009434463357010692
0.0005870989577484372
-0.0003063749500985055
-0.0006897737967136415
0.0013305121810686439
0.0004987810097054843
-0.00035299202126390134
0.0003664167145275732
-0.0004597912929870813
-0.00015837637796473498
0.0003616979360696874
-0.00014393719115803093
-0.00028041231071713915
0.001108959831028649
-0.0002033514081888578
-0.00020475721080050869
0.00046850006086783383
-0.00010756105603423323
-0.0006879100522282568
-0.0009057058726664749
-0.00013213065922260754
-0.00018607089959890097
0.0002860460450488316
0.0002665951400103712
-0.000825987411673531
0.00012333916147354813
0.00019306621645242774
0.00015101360735164036
0.0004233881807580976
-0.0004023021146108472
0.00013676699025493225
0.0006618221957708619
0.0007928619052206395
0.00027754346625080565
-0.0007634041797028641
0.007135582894265706
0.012386967656403862
-0.0007982749830654426
0.00029922742412149124
0.0002627289390510522
-0.0002727413040385614
-0.0022133300006133686
-0.00012909430839454445
-0.0019850279421982377
-0.00021574497633592335
0.0006645221201022889
0.0005599977194206842
-0.0015568393422929665
-0.0009514534472364821
-0.00011957994960114936
-0.0004672010680204716
-0.00018839095058255958
0.0006754766431822357
-0.00045240827571076803
-0.00039424048823105836
-0.0012723244527614445
0.0004988044316744158
0.0001354128927016519
-0.00013769907291927855
-0.00012647566332039007
-0.001049348710223036
-0.00022173933368366223
-0.0005142666420362592
-0.00031387507647509977
-0.00025928065057333487
-0.000646719824401987
-0.0008358249869241175
0.00020990604691588407
0.0001812868976172508
0.0002816779899163411
0.0008284946833405358
-0.00035322010478932794
-0.0004277894279004049
0.0005589815518121505
-0.00039981420112778285
-0.00024934583884140394
0.00023887217595490548
-0.000495616476964445
0.0007649849158576013
-0.00037716792195664945
-0.0058701512930006625
-0.0008281510971408419
-0.012353516020254359
-0.00010445610569204004
0.0004688273970896727
-0.0004967956821855403
0.0020098996897444407
-0.002010957332622093
-0.00030716906571227556
-0.0005247231997831847
-0.0001237438489141494
0.0003826269251743784
0.00037486734061641146
0.0014581728801042577
0.0003172030918164534
0.0009200228899280689
0.00015834738100788443
0.00042411984915218686
0.0006469238880187647
-0.0002499890825513688
0.00021893457228664445
0.0011882269331110842
0.000521977781879254
0.00015677118456901938
0.0002712208850641527
0.00012761778726215928
-0.0005118230314443222
-0.00024090717112846627
-0.0010084871752578189
0.00019589309595406367
0.0006063739148970527
0.00010082626944084801
-0.00021214076160624388
-0.0008159807787694103
-0.0003503055009201255
-0.00037384584276181165
0.0002461377313157651
-0.00020269567476123224
-0.000271967498303416
0.0008002779991614968
-0.000564364159322293
-0.0004248693082432992
0.00012462728857092989
0.00010136624142921685
0.00016378240460553247
0.0006043507115986937
0.00045528630960263184
-0.00013610161588892346
-0.0002791607065797765
0.004019667736033215
-0.0027346487240808336
0.01219581936234866
0.00013372581036514848
-0.00038515132963065396
0.000606907939144148
-0.00035463750292343476
-0.0003231571300422719
-0.001722419873785436
0.00038526639097962627
0.0021130223745310915
0.00030572872828822043
0.0003804287838670037
0.00018181981431776911
0.001328686384041865
0.0003584270369630298
0.0009760748781883999
0.0002822322878782545
0.000517747681521287
-0.0003692011567529087
0.00014761540070406599
-0.0002172349696297313
0.0011241870171199574
0.0005325269928068149
0.0004708021570523977
-0.0002221892850070692
0.000937194218599149
-0.00024240957142145054
-0.00022056346723759145
-0.0005468621013108078
0.0004126916484360832
0.00013070616910864703
-0.0003585416722826025
-0.00032885931281325195
0.0008004004076781578
-0.0001851913427761078
-0.0007558415495222496
0.0001297860817168302
-0.00019067892490640305
-0.0004286134884097509
0.00027054185436136823
0.0005460938332058024
-0.0001199696017215554
0.0007307092268869786
0.0001339217135679086
-0.00020777130311211919
0.00011272190927391742
0.004064549762685088
-0.011919208791895845
0.0001021862792024907
0.0003198088958121574
-0.0006179015402466326
-0.00012358481884895749
0.00043511052302868156
-0.0001787553610663965
0.0003248981335460691
0.0001168444825282878
0.0015105828893542197
-0.0021138726811561637
-0.00038300692827414285
0.0001220564790175711
-0.0012117880279586203
-0.001059788926609104
-0.000551759628500668
0.00014221543131581353
0.0002392500215804942
-0.0001377802222910034
0.0002507948404668631
-0.0010602788980928494
0.0005587505648963156
0.0003882892909419045
-0.00020373349402707253
0.000208315956803443
-0.0003243954402786247
0.0003016153680740683
-0.0009194473923957132
-0.0005907253827683537
-0.00016626594096710704
0.00035753313476951347
0.0002211874061150442
-0.0001020380851637914
0.0007670451117369572
0.0002608414392819019
-0.0001322444433945889
-0.00022344560189321966
0.00042515440332553683
0.0007183821907428414
-0.0005179287983792032
-0.00010507628921225428
-0.0007029521224989604
-0.0003002519109330348
0.00019309638570747277
0.00023403880676835871
0.00027753624480684764
-0.0001061368934459724
-0.00025920760896291803
0.003397865431983269
0.011589245138737814
0.00012099887779797405
0.0005564314823862721
-0.000554341505181258
0.00017869420202049912
0.0003866294937865146
-0.0012887537715595603
0.002135262100730573
-0.0002137067775074516
-0.0002514885934982888
0.00025292173747239123
0.00045480295743021673
0.0011554057406439702
-0.0009942317020179975
-0.000292381476387262
-0.0002640121388505938
-0.00022971100945073355
-0.0002912610702491504
-0.0004426552526522321
0.0002908092149750676
-0.001007324200907202
0.0005431290161113907
0.00020984293493937946
-0.0002887429927408649
-0.000539375238550856
-0.00028761278985285665
0.0008965442283858748
-0.00017275205465237833
0.0001208893203731176
-0.0002614572559508686
-0.0005375817255587834
0.00043162391316181934
-0.0003963869510026679
-0.0006992752859961303
-0.00048197715406272793
-0.0002641528688464663
0.0002758089215282928
-0.00010179533695116837
0.00010907290258100455
-0.0001799684004882784
0.0003281592048641663
0.0002729029359899556
-0.0006658473531568884
0.00012225636312292507
0.0002083913370166753
0.0004904426386765844
0.00031622089247495926
0.0028653989792372624
-0.00020014771356184453
0.0008834489581743602
0.011169641491562235
0.0009015093998663312
0.0006361314358695528
-0.0001555085939995573
0.00018277585503193575
0.0010899727143006475
-0.002128692015717893
-0.00013892223163740054
0.0005411922973438575
0.00028714106442172325
-0.00024098217968002836
0.00020246907775030531
0.0010085485743849812
0.0010963230095400274
0.0004070847308449421
-0.00021062192767378206
-0.00010707567038678214
0.00022921012580881067
0.00015404978528611556
-0.0010025320983814978
0.000548778689108603
-0.0005153708094675473
-0.00011405603877485771
-0.00020697434101134922
-0.0008434999041996558
0.00016731411236027164
0.0002388889718226507
0.00018159412261071779
-0.0007097627785049828
0.00038586117488860087
0.00028437990995176945
0.00048535414034190483
-0.0006593739375859751
-0.00031317795865932097
-0.0001410419295388314
0.0001324672076687539
-0.0002906862501598466
0.0006505498009613437
0.00022482634419566017
-0.00018591578142790848
0.00014443711418348935
0.00034539895144859733
0.00044524083938717843
0.0004448730199021536
-0.00025946206991370017
-0.002486670564878418
-0.010872033599842953
0.0003258021902096319
0.0002160059726251517
-0.00026031320988743705
-0.0009163420135933515
-0.0021165499818291563
0.0002921126615747313
-0.0004853363727603169
-0.00030555360380043795
0.0002029533083662003
-0.0001660859161218655
0.0003871161707826442
-0.0008956376314396475
-0.0011112433163963792
-0.0003285103661587721
0.00019776244922660872
-0.0008852258059478153
0.0005817008364261246
0.00022306289572376805
0.0004957681871299662
-0.0008199752826735865
-0.0001046739751483892
0.00016897929931077962
0.0001950703666875457
0.0003700348681712744
-0.0002765054869597323
-0.0006759910351869905
0.00026546275802764207
-0.0001566138006310479
0.00040017488740622993
-0.00021958161637918096
0.0002704275136352011
-0.0006356022414667386
-0.00018815507916787757
-0.00024172565886364857
0.0006264962917738944
0.0003556389566420318
0.00010242461293817254
-0.0004266710456957912
0.00021828860723109396
0.00016381559023245825
-0.00034098443728483395
-0.00046673497533023336
-0.00019333846289636415
0.00017305365027063744
0.002097740166139116
-0.010527683562007086
-0.00024833687095815406
-0.0002834927721765982
-0.00018159548503096702
0.0007631509547717175
-0.002082988662522392
0.0004885000337242931
0.0003008242038151842
0.00031995370048616196
-0.0003056402488837194
-0.00022352904313249915
0.0007613175351481092
0.0011267959746612973
0.000181469836085122
0.00017671404855028252
0.00011611454360176785
-0.0008207456627265611
0.0006039084764151658
0.00047506943562358755
0.00010728490495435228
-0.0002559277379849998
-0.0007905515703766468
0.00026510515838174404
0.00016635935906038013
0.00035146987393115133
0.00013882453354351922
0.00018143117439017186
-0.0001996295467235021
-0.0006591553286885217
-0.00029736610644286215
0.0002413911148558586
-0.00037058999135456853
0.0001425355171462019
-0.0006122460290982913
0.00010466954143825351
-0.0001912168625012781
0.00017147003765244465
0.0006076589365258182
0.0003288935210671951
-0.0004164834634456822
0.0002970980069484367
0.00021518931781856277
-0.0002836799458957115
-0.0005037210540652726
0.0002521842513863549
0.0018012561923055322
-0.010182770096418577
0.00022041699097206184
0.00014638689453335579
0.0006271209888687103
0.002045854541695096
-0.0002446612741878021
-0.00017876654327740382
0.00048761648214354803
-0.00020385945191376192
0.0002842765064324286
-0.0001735025022524195
-0.0006462430072762948
0.0011531190475786847
-0.0002222649053591152
-0.00022701905007450757
-0.0007513210427317852
-0.0006621898612825788
-0.0004204993618275538
-0.00027442394384622626
-0.00010684496951710829
-0.0001844139498757355
-0.00034082730189268157
0.0007668368542321021
-0.00015629137871790014
0.0002739057906177555
-0.00017028485222558604
-0.0006327499492672163
0.0002838708406777601
-0.0003314248802980685
0.0001769784515477926
0.0005879165349647231
-0.00014253510492815148
-0.00016547631868014484
-0.0003111347132271023
-0.0005597018796373085
0.00031786470465477144
-0.00014697160050043204
0.00039443201030904795
-0.0003008585214697102
0.00017939979521280463
0.0002426612892471663
-0.0004906034086084057
0.00010059918015162397
0.0015272366185989411
0.009854562829098683
0.00013826562803809808
-0.0003018399573474068
0.0003757177254065494
-0.00046273703151315755
-0.0006507573437240393
0.0019532193867012105
0.00021673029424031846
-0.00017974007707438202
0.00021014884343870333
-0.0005451629093801884
0.001155407104445985
-0.00029753830181459905
0.00015977157412855637
-0.00044890014157748846
0.0006982201591327001
-0.0006350959547641831
-0.0001226913800859913
0.0003345921934740059
-0.0003224367502123871
0.000736989941410561
-0.00015087527611794082
0.00014886135145231573
0.0006181977324340045
-0.0003537993098733124
0.00020052070823771108
0.0005798803543970996
-0.0001177443434686187
0.00027989096046721464
-0.00031777465786290933
-0.00014706127398792936
-0.0005711775084169566
0.00020744757878255138
-0.00018722647128885825
-0.00036325349566245044
-0.00021230221203905522
0.00014391232674629864
0.0002153141781649244
0.00048073116968035893
-0.0001434963877500564
0.00019189796522872183
0.001289072059506624
0.009343137808748904
0.0019390709946130863
-0.0003324006023258326
0.00018119764904106148
0.0004555936126456586
-0.0001260707436053481
0.00044726808631660915
-0.0001929635968930024
-0.0017305428829003239
-0.0008720922769585935
-0.0002529236898328954
-0.0002019780681558193
0.0004468747960729241
0.00114836901823946
-0.00014111462897591193
-0.00026644847776687713
-0.00039075863747422087
0.00012345472625007473
-0.0006241250680845746
0.0007012553432459582
0.00020702188748622171
0.0002502136997564476
0.0007176368489007578
0.00015016298298897732
0.000361703593124135
0.00024826179673247204
0.0001360180854024832
-0.0005913562943944116
0.00012871615787519503
0.0002752435301286192
-0.0001257831305509144
0.0005572021737397127
0.0003059649007454749
-0.0001677735542438969
0.0002640842166824676
-0.00010667583017521734
-0.0005412601422250406
-0.0003506976501057432
-0.00013061614029527855
0.00013545016464627487
0.00010325660225262534
-0.00010262694680668393
-0.0001484379210028978
0.00011480751176295561
-0.0004604319463012511
-0.00026589096393730873
-0.0001157402756354219
0.0010461465236452558
-0.0004214857181727706
-0.00014282092106147475
0.009238520430257465
-0.0001821833662330508
-0.00044953058307991835
0.00019492065041483398
-0.00020910741353643208
0.0001470920088159731
-0.00032530538849454574
-0.0018915978480479104
0.0001923361947743757
0.0001440523065162141
-0.00035215990644503297
0.0011372489186197532
0.0004287576886637079
0.00032991506435266265
0.00020297003410202743
0.0005313435453943499
0.0007139821051562826
-0.0001737094393806457
-0.0006924116716804584
0.00012761988054660336
0.00017839694709183203
-0.00021588119023328067
0.00037643455043573435
-0.00019091094281113483
0.00011616166668820437
-0.0005654243603230294
0.00030126873366538565
-0.0005352840294327144
-0.00011079667710615199
0.00022886384164074995
-0.00016690117304917225
0.00029691522944969674
0.0002542238428779113
0.0004994571891411328
0.0002734208356523718
-0.0004521595434027033
-0.00018498075444014144
0.00012295055710455612
-0.00027872671176540787
0.0002855528699120492
-0.0002930836705634911
-0.0008065834208039887
0.008760738644984436
-0.0018689444513250082
-0.00038431479466552964
0.00019094509570247333
-0.00021403378843588519
0.00018405684978196676
-0.00023740112096140649
-0.0018419622121378639
-0.00010006956697563736
-0.00022330607050240615
-0.001131777831807724
-0.000365396741140609
-0.0003986721370890454
0.00011469933681530246
-0.00017022481886760433
0.00014964753193519342
0.00013043180203068682
0.00038440858419977166
0.000753304184860284
-0.00021393102495451726
-0.00013069526894876935
-0.00027166172288698446
-0.0006644749434320234
0.0001017748575725598
-0.000346161891014875
0.0001104247638930611
-0.00010234470514097749
0.00020316919919829494
0.0004464895455082362
0.00015899424031219183
-0.00024010244710577806
0.0003072777341562291
-0.00024548931556853305
0.00014869382833250486
-0.00048297315231943987
-0.00015181877824911618
0.00030031239901959255
0.000526565452315349
0.0002339694410620426
-0.00016634297345738275
-0.00027709021298009533
-0.00016345158703446976
-0.00036844479451821505
0.00012619398553786435
-0.0003301259769071935
0.00022051748312668513
-0.0002935671915908379
-0.00010089708657459337
0.0002785464667316986
0.00039884470864760244
0.0004025558266782186
-0.008620983180994682
0.0007328135627011789
-0.0007441854948052327
-0.00038083432473825043
0.00019448275435594793
0.0001452126513633914
-0.0017630730581222175
-0.00014276428539056465
0.00032295788753948707
0.00023144315346442174
0.00033395404314011824
-0.00014412762317187136
0.0011097043384463371
0.00026990432466164925
0.00016127330825078086
-0.00012272910037228787
-0.0001752123271372502
0.00022827677270889228
0.00024504227529949165
-0.0003721681620476304
0.0003365224026304037
-0.0006644181167477723
0.00017150914735203373
-0.00011907769513979874
-0.00022743456715742282
-0.0006415235820653013
-0.0001126373736246667
-0.0003655079980826421
-0.00011679978785044602
-0.0002894891129207814
-0.0005352938042596833
0.00010295630190818654
-0.00010512973840960964
0.0005090713109955834
-0.00013938320116524882
-0.00031097460601004585
0.00012674856031520508
-0.00018742728140959806
-0.00018700244250319896
-0.0002787083785880455
0.0003494352773933688
0.00020239968886079618
-0.00024383370806797933
0.0004735922095182267
-0.00036345868814293173
-0.00010696627204283131
0.00023836405120080352
0.0002535263332595507
0.00011755123658517269
0.0002497394098486042
0.0003857123913992353
0.0001841971758762655
-0.00013984384213065068
-0.0014514359404189452
-0.0009883999689283868
-0.001828332568332063
0.007225374339443462
-0.0033324398405329167
0.00012382216397515192
0.0009004525688439751
-0.00020760301886763364
-0.00030316946944630664
0.0012578383357938372
0.0008413532510977854
-0.0010221981833647483
-0.00020820827970858606
0.00031425554021968256
-0.00047849162868668984
0.0002283413487904505
-0.0006589436814566835
-0.0008262233919507339
0.0001641584112008439
0.00017093784909989583
0.00013575841875301461
0.0001409392284466685
-0.00012993134163601243
-0.0001611739927257275
0.00017199241076579553
0.00028580040344759305
-0.0006698850391828192
-0.00012830517917989268
0.00024724351625193304
0.0005164280019285321
-0.00013370383112475237
0.00029041801917870466
-0.0002236404798482864
0.000316472056060109
-0.0002196165685386991
-0.00013597578832387193
-0.00029165170141202495
0.0002662317681536689
0.0004499795066552907
-0.00010797194994393341
0.00044593952407662884
0.00022213262822886828
0.00024408559413482655
0.00019319251732591343
-0.0002851876597893201
0.00018193566167290002
-0.0003854499101575265
-0.00035311420852613345
0.0002521461825480067
0.00027104222900324956
-0.00018601975236038094
0.000147145614854468
-0.00018218548060845575
0.0003755220885356077
0.0003984223347771805
0.0001360952441705796
0.00010428929011170522
-0.00025355210874879425
0.0007729500675131577
0.0003030766520661254
-0.00046492883863748214
-0.0008311718079431298
-0.0011267856821263707
0.007521895632251904
0.002025341203066565
0.0001426559230248693
0.00012612968607368687
0.001547562364266454
-0.000393605523661785
-0.00041893311364591003
0.0007452650973550747
-0.00031628760614178916
-0.0003811258389693643
-0.0015414586312038799
-0.0005144074004612375
0.000520762562032643
-0.00010336406215513269
-0.0004136753819804195
-0.00012230544912366224
0.00039607262256372114
-0.0002935374031363397
-0.0008772157558037594
0.00018833038575966098
-0.0002020574027562256
-0.00035439933986888676
-0.0003124720738647786
-0.0005229128024605449
-0.00039766253656701517
0.00025897781553299045
-0.00026846621907571826
0.0004967127487803779
0.0001639295438246653
0.0004882681973171035
0.00023154518950958152
0.00014778083157752093
-0.00010903058701833558
0.00027315644727250775
-0.00036482234484815697
0.0002351103084807391
-0.00013594560555707855
0.00019357866791547675
-0.0005227364666645426
-0.0001312907737300221
0.00028555306570001137
-0.0002892541986323735
0.00045330274003659005
0.00019131704371477468
0.00028708983175696514
0.0002558495841658818
-0.000213942347951758
0.0001638667274521536
-0.00047965441619595095
-0.00020010306458738425
0.00013113410419964404
-0.0006535514613136748
0.0006073730834774389
-0.00015051583113381565
-0.0006825630476500631
0.00013304494882845425
-0.0007183970119588802
0.0006094824169313042
0.0006687299837742946
-0.0006317673278998851
-0.00041898512261245835
-0.0024440286554520243
-0.0003632204277495729
-0.0006782884342809614
-0.007053562027350932
0.00041691134630318644
-0.0012778652315114628
0.00024203794280253785
0.0003269703775166156
0.00039900995969715706
0.00018203156628253975
0.001039901788768418
0.0011788081780452246
-0.000124545563050578
0.000595185599097791
-0.00023023597553243773
0.0007332480345356031
0.0001859813923670818
-0.00025553817857242695
-0.00011202395784139455
-0.00025979761692444467
-0.0009990995761816085
0.00015771877595976554
-0.00017818795973884613
0.00016928940457541593
0.0008176490466432451
0.000106138781428588
0.0004565361012501144
0.00016135251661227121
0.0001831734111331206
0.00040293269192585385
-0.00019866517873135564
0.00024307677368623124
0.0001669541519112971
0.0001662653251586026
0.00015311795860060867
0.0005078984511712282
0.0005371930215242307
0.0001165740940688836
0.0001517667889729361
-0.00021965062739695166
-0.00015865194554512586
-0.0002764030001931322
-0.0004906135203700059
-0.0002652802490500609
0.00014247717163518738
0.00034713773373265115
0.00038610555463417494
0.00033090004789695503
-0.00012074162092810964
-0.00010465061655776689
-0.00013668837649134186
-0.0006649919677486659
-0.0006485585948988866
-0.0002651188846368864
-0.00016578342555910986
0.0013418702745530138
0.005774411338009725
-0.004039885384045036
0.00027042464504403523
0.002091876903235668
-0.0003084067880629202
0.0005523551390048269
0.0015219735204904667
0.0003402368095886136
0.0005954959309890068
-0.0010020700391389123
-0.0006264884013400014
-0.0004067892036331559
-0.0002808147903046117
0.0005710073001939431
0.000610424310901673
0.000552766553994758
-0.0003241972778689549
0.0002033350732314228
0.00038155203635502756
0.0001312389814595796
-0.0002204918033562919
-0.000362023597270296
0.0005325130444752466
-0.00010057664405815282
-0.000400480668330539
0.00036184282291562
-0.0004384410160563154
0.00035205499496478426
0.00022093518866651574
0.0003728668821579587
0.00029036538183651385
0.0002068039291902547
-0.00018441089606517934
0.0002388501075366573
-0.0002271518510625407
-0.0003210149733257976
0.0002808443158264516
0.00010793941910711563
0.00021726204616898885
-0.00015321406425000038
0.000439926284839619
0.00013281622672794359
0.00023620234799055898
0.00010478673570935608
0.0003956467573401737
0.0003455031684580915
0.0002554955536017554
-0.00017622445238766287
0.00023683722154210806
0.00014509315378792733
-0.00014154518110813928
0.0004677353148805133
-0.00011293239478713686
-0.00020483396210855542
-0.0002190999531305983
0.0003115783924153174
0.0001902085036201251
-0.000323451297332637
-0.0007932630688215728
0.000938606652152817
-0.0005356985493991288
-0.0019913582878111668
0.00041589444499115605
-0.005009994239646662
-0.004856913932124001
0.00032282053013792214
-0.0007791694025182668
0.0004547247939391748
0.0002339705776990912
-0.0012939410131620722
-0.00039593755722273406
0.0004853022963911268
0.0003642704661535472
-0.0004175588437864775
0.0005734592974672913
0.0006744588235084353
-0.0005969187012889989
-0.00047769693560467447
-0.00045212618194998444
-0.0007122723794024809
0.0001282959303888387
0.00018345373642246425
0.0003276454010774334
-0.00016901988316904906
0.00011350919753801581
0.00012494158918050193
0.00030543201359676826
-0.0003957315304532113
-0.00012645775287888357
-0.0002590003461912295
-0.0001302556418544022
-0.00019415403743171245
-0.00034022333449785743
-0.00019260441894904096
0.0003930605523281185
0.0001792997424305277
-0.0003566973648630881
0.00014861116398705673
0.0001782207811132948
0.00014458383755193454
-0.00014121791783942744
-0.00018379848580126298
-0.00017795871717141495
-0.00023396618091754668
-0.0002147212398475407
-0.0002980620765441758
-0.00011254180251714053
0.00038577278463307796
0.00015251596765431376
0.00013465641490215517
0.00037485054082280237
0.00012426069032004115
0.00011615500088243687
-0.00011514562489297876
0.0002445510735648621
0.00015537676286454214
0.000402273263933609
0.00029134735488075636
0.0009512638865268992
0.0005762168416403834
0.001310732678492496
0.0001703543635786578
0.007016999856811849
-0.00036990721561162534
0.0008722329684746546
0.00032029843500802223
0.00020379922093172079
0.00011617018368261222
0.0003953707390782829
-0.0002908252151864056
0.00042761553480222855
-0.0012004875187893126
-0.0009191201601104372
0.0002034834156604515
0.00011539545220077272
-0.00018746928365431066
-0.0009386052536345408
-0.0002679647413928909
-0.00031481395912814913
0.000233136809756177
0.0001879094433054766
0.00022720331207686707
0.00019688524170551782
0.000525797622011711
-0.0003072853192415026
0.00011935646557617474
0.0005445284320585661
-0.0002731977787959478
0.00039088831120915837
-0.0002744143289646726
0.00020034803656443403
-0.00022508634216420985
0.00011076010199712958
-0.00024201218795860644
-0.00041241380203191233
-0.00016931444474822203
0.00015165067175677407
-0.000334644343101009
-0.0001832908381519859
-0.00023044356311827279
-0.0001442759236940837
-0.0004490820779633232
0.0003108942962006596
-0.0001288744112463325
0.0001964955621895648
-0.0003911926586289626
0.000445380720930013
0.00016499979050287308
0.0001470238886078751
-0.0001134710528590409
-0.00028194897916302157
0.00033718080589241066
0.0012826880570111295
0.0019268575297630892
0.0012876325803635436
0.003977065390783388
0.00019028539252135757
0.001365689728769136
0.005007355655488621
0.0006482495496555948
0.0005424204846327568
-0.00010451344504606625
0.0005496592434499305
-0.00018030267285352523
-0.0006617440034654572
0.00024210352872749562
-0.0003060009374581051
-0.0013717194244220346
-0.00018463501810226068
0.0002088461251295767
-0.0009565496606110635
0.00013846110080663533
0.00021484358960288105
0.00014351432009368642
-0.00015906642008655514
-0.0004188742297119533
0.0002976324373924246
-0.00044353181731340423
-0.00034382124377652844
-0.0001560900219712698
0.0002570809759100092
-0.00020430933456508897
-0.0003393685212361761
-0.00016271834201672222
-0.00012194624912767578
0.0001479113330955754
-0.00012189051196827469
0.00021425904335174562
0.00023166984009525675
-0.0003905084055835584
0.00010593061403450206
0.00011774752541876288
-0.00047341572230868317
0.0001267239394370141
0.00010308464524912773
-0.0001806385753056799
0.00010092504587455536
0.00035091846253441694
0.00024775696118701476
-0.00011641628844880086
0.00022843692499614448
0.00016471665697818474
-0.0004928200319113206
0.0002024879669378637
-0.0001142110239698899
-0.00012532039906464762
0.0007069323845358114
-0.0004102397497131524
-0.0002030006214380852
0.00013136024662470575
0.0002740598056802303
-0.0011166472636065946
-0.00415062918658773
0.005303752372041054
0.00017193393929660386
-0.0007176268188456455
0.0001941105810316697
-0.0003000931250558477
-0.00040654422213077623
-0.0012854700303812222
0.0002039983125682524
0.0001904516008531627
-0.0012995503036104484
-0.000613376243406238
0.00016929921683211978
0.000704394401321244
0.0006860406483749663
-0.00011799132110595052
0.0002601017723405572
-0.00017134127403962155
-0.00013459161883587107
-0.0002435561954675931
-0.0003900950943199796
-0.00038772651257199344
0.00013942161586351636
-0.0001600375078709775
-0.00013823412233803694
0.0005800202066252682
0.0001148749019273476
0.00011765522525983002
-0.0003309432858515141
-0.0003978942916832831
-0.00013670932798671737
-0.0001398356778592054
0.00017221975121105285
-0.00017985823024327144
-0.00010363226243960865
-0.00033720331800467576
-0.00019418740182745018
0.00015548784742932124
-0.000335772914370227
0.00014013627248894765
-0.0001124115035775988
0.00015984680025317801
0.00014569164143938467
0.00017399186600327725
-0.0001258276356951397
0.00017641263684986695
0.00030723548646677224
-0.0001308213560167198
-0.00014202017811775725
0.0001865614423270005
0.0002734430087205834
-0.00010986369052757402
-0.00022207216272635076
-0.0001458446194918614
-0.00034373307742459775
-0.00010596992083429091
0.0017028438840978625
0.0063386859940051665
0.000996206348751407
-0.0004205064348611405
-0.0004621519984354598
0.0019833223153932354
-0.00019703256889368163
-0.0001395486301653144
0.0005089854446419908
0.0013584945996049558
-0.0005278139020571982
0.00014898385633660568
-0.0002319135647042905
0.0003799170148847949
0.000680195293673568
-0.0001558203489836765
0.0003131488940283979
-0.00016937579310961505
-0.00011897474622974297
-0.00011459846760341933
-0.0001905963404526365
-0.00012100684464469022
0.00011299302540002406
0.0005435483524145752
0.0002126423330093115
0.00018454169837680648
0.0002391011497804003
0.00017747534117664343
0.00027207727912368924
0.00013215018961835995
-0.0003495719774119441
0.00024246430254164163
0.00010769309619338483
-0.00021043821821903723
0.0001111020358712119
-0.00015282748871381697
-0.0001457428840042356
0.0002907063945213141
0.00011464173964833798
-0.00017582505729374638
-0.00010216045022483313
0.00010288992245569437
0.00015608889483673948
-0.0001213832093868596
0.00011049634408386602
-0.00018055816634602735
0.00011642582768752932
0.00024397674195058858
0.00014469404040883633
-0.0016821343641437243
-0.006168912654093321
-0.0029401821382433312
-0.0001882999997224321
-0.00019137868452456016
-0.0001903377736803587
0.00040054663630267987
0.00015568916777026145
-0.00016509974492733213
0.00023956900845891951
-0.000905190854781963
-0.00010928834107516491
-0.00011735406652571286
0.0001595523043556817
-0.00025859877085542026
-0.0005803617556700149
-0.00019122330018148215
0.00015652625223463496
0.0003651586574169924
0.00010967322833357704
-0.0001490386277713186
0.00021336520487872846
0.00036285119552604276
-0.00015194732777255222
-0.00032950721827878295
-0.00015808693101330835
0.0002387733341042707
-0.00016898354528564852
-0.00029977743745331856
-0.00012985484697131418
0.00014990910125044465
-0.0001548534051909831
0.0003486758241221296
-0.0003042744907332074
-0.00014487972608571693
-0.0001276622259821506
0.00010404973497671928
-0.00031080445339275924
0.0001032965833061949
0.0002018832739888994
-0.0001841530523814465
0.00011490842538430342
0.00024844850645862755
-0.00012394617639705592
0.0029847762344651714
-0.0009419017688980395
-0.006130966564676711
0.00018283712512801592
0.0004392470048608802
-0.00028468234330822535
-0.0001466268719526152
0.00011248322473150404
0.00010681620751783239
-0.0011152809925250077
0.0003541787325902163
-0.00014537891821035938
-0.0008416524222297146
-0.00017831755722312367
-0.0007315804604698041
0.00013408153623744597
-0.00015148251398285163
0.0002703492801113263
0.0005052441254154484
-0.00026054123418866947
0.00012746522059658237
-0.00010647875068663372
0.0004888386992621196
0.00011716348738692895
-0.00010011384550858237
0.0004412841046829537
-0.0001726558156598228
0.0001541235841141382
-0.00039662895229235223
-0.00033830219671857184
0.00010553665811122924
0.0003269939729036011
-0.0002461001740233853
-0.00012242533101972122
0.00015070360782948208
0.0002169817241870666
0.0002498655578046334
0.0001034431968080338
0.0012985393569866228
-0.00010281518935818477
-0.00013193164421241503
-0.005207361576836386
0.0003098877056020284
0.0005046841958468754
0.0002165475570828665
0.0038272266630335772
-0.0010536373606959953
0.0015927333703844178
-0.00012174069686871497
0.00016650449510505718
-0.0001608926236223119
-0.00011898955396197789
0.0012226733182858916
0.00012486708495953235
-0.00032898744522473304
-0.0004467710885181022
-0.0005954312516109819
0.00011790314850205401
0.00019989164602862646
0.00011059615174359189
0.00015815225570673728
0.0004390961985384954
-0.0004758585407761403
0.00013844293942878556
0.0004906043318093463
-0.0004719731078857698
-0.00015404454494875145
-0.00011919856265845858
-0.00012580602712096211
0.0002518768529249715
0.0004560213128801649
-0.00039010756895056754
0.00011248424474223043
0.00023146833244408257
-0.00015485576206428515
0.00033212440885392337
0.007055940911099977
0.00031206710446596113
0.00020615842033868428
-0.00019012794728234973
0.0024938455393757487
0.0003123184932811605
0.00023183403872448704
-0.00013934661025384257
0.0012996932471353586
0.00014948209654458292
0.00018387338472822308
0.0001646071581530258
-0.0003117061439642409
0.0009587345643350987
0.0001311887506137499
-0.00015506121716696254
-0.00014670465327328537
-0.0007353208950434803
0.000183267352539267
0.0005693335048619083
-0.0001039567897240712
-0.0003338822210613886
-0.0002111652650437199
0.000542592990565583
0.0001688210681989045
0.0001236103014894659
-0.00017158653867741994
-0.00013283017874421327
0.000516291917158888
0.00013390110843319815
0.0002961181890418928
0.0001621919763695577
0.0001426914548777292
0.0004887000093275971
-0.00013078223298873404
0.00011745266440721365
-0.00012029360599940479
-0.00010037292235716986
-0.00010175123322662268
0.0003412612326330137
-0.00034418864642573574
0.0002916712807086317
0.0001107446545339002
0.00012686805357177248
0.0003824368698640999
-0.00018064004552872256
-0.00021569538878697263
0.00033712849319344
0.00013804787780238978
-0.00023072171922834705
-0.0001879669673525542
0.00010657339342834703
0.00018426000939156004
-0.00025408363863364895
-0.00027717600014398483
0.0001419341620160287
0.00030156847103037133
0.00011854416683273339
0.0002095404813477386
-0.00010323119747380491
-0.00010703305384203352
-0.00028463841831809233
-0.00018461148173921858
0.0002022342505273488
-0.00011334581117057402
0.00022139601719697136
-0.00015549645097126367
-0.00016008365239471891
-0.0002016355120544302
-0.00025951960930041746
0.00015673668307959908
0.00016485090673445078
-0.00021285549608682065
0.0001775633549848659
0.0001945650960596901
-0.00012418580431022074
-0.00020257818647076927
0.00019840969953265525
-0.00011454249263062
-0.00010135045176865574
0.0001912462521443205
0.00010988191729468403
0.00013867275399690333
-0.0001073830281343235
-0.00018625359129695554
0.00012707911354829812
0.0001536947560737521
0.00010347723680739462
0.00013519754167461097
0.00010780394385136253
0.00010411053422659976
0.00017018024796969716
0.00010005504201956089
-0.00015128576162089352
-0.0001542128755363694
0.00014396243648410028
-0.00014055411039708788
0.00010228707760254038
0.00011184600636040705
-0.00010799610918692388
-0.00010104907027818049
-0.00010482943990714715
-0.00010577435125714206
-0.00010427814957628333
0.00010864414682800464
-0.00010309631670919857
0.0001119220240857216
0.00011256090306260304
-0.00011491942603109205
0.00011568909424655397
0.00011804964913793252
0.00011818607575055607
-0.00012082301757387959
-0.00011838189135935037
0.00010976706443773169
-0.00011616129451406171
-0.00010061081605134958
0.00010792441405953859
0.0001497344337826276
-0.0001420493340661885
0.00016525410663090765
0.0002619623349950989
0.000252960101285126
