-0.985612213196233
-0.12676407929191444
0.0617443261195345
-0.047082220708889226
-0.03828636780845604
-0.024034215576794526
0.013195082721181186
-0.026456028902308915
-0.024138935245097543
-0.014296490791781514
0.0036570998977973955
0.01972231457414477
0.0085733198275636
0.018413171021413197
0.004181700003049105
-0.00035011492334267055
-0.0007089548705762066
-0.01259153442376531
-0.014961585705440244
-0.006710620533394461
0.007563325440398567
-0.007146018257193511
-0.004384252394533308
-0.00039142214088434027
0.007098271076633293
0.0008786691060881222
-0.0059038938105416315
-0.013481718086731518
-0.0025689992896339013
-0.0005340444628160707
0.00042113642903521595
0.0016703548203155728
0.009443267424670738
-0.003400566909043085
-0.01212125715242235
0.0004598968852859163
-0.0006168037752048245
0.000605746887571166
0.0029978957961087024
-0.00022684188478122496
0.00025774938899607547
-0.009270043117101355
0.009738997246463727
-0.0015102364153987192
-0.00037228087000636584
-0.00017255341876185485
-0.0009359420162257386
-0.0004817303793468962
-0.001007103693527995
-0.0028814350946922084
-0.0005081228529688474
-0.00012094935253030673
0.0001959745700134649
0.00024398965420305114
0.0003929274613351935
-0.008267607841112657
-0.0007015646425321075
-0.001688204294685381
0.007915161325567757
-0.0006757614771769785
0.0003500688658317668
0.00011062775782578445
0.0006631532414740489
0.0026663769488722015
0.0002994822764126926
0.000632878090832886
0.00012583130662627824
0.0005381343783586491
0.00736960635451638
-0.006648653423258726
-0.00028192598961808245
-0.000658888385763919
-0.0005235119773905501
-0.0007672860675839222
-0.00234143902523306
-0.0003017069662627104
0.000603461645601438
-0.000208209179786533
0.00016519589870101425
-0.000578051267266698
-0.0005404045835610494
0.006225589159729772
-0.001982328771271378
0.0007567825349466037
-0.005490632118023516
0.00033469918162849327
-0.00027735343195081153
-0.00030132264908315476
0.0021973551805611335
0.0002524008047452306
-0.0001583111532349171
0.000573850989619566
-0.00024220908359422666
0.00013300523470957112
-0.0001535118420880064
-0.00013525094768829143
0.000528406054431552
0.005702653336081595
-0.0008786324586692319
-0.0011759039209512576
0.004572252125185352
-0.00030008906522290034
0.00018449267336270307
-0.00033933765035767884
-0.00027008582269255935
-0.0019791097032763145
0.00013375302512492592
-0.0005081261373475258
0.0001907732063757334
-0.000522503528359079
0.00014876966172027098
-0.00022139074312617065
-0.005279951450055963
-0.00031358391720249764
-0.0038224991013320877
-0.0003885151683539329
-0.00019247234777399985
-0.0004973167039508934
-0.0016932859371001016
-0.00010609306077624038
0.00046926999093780796
0.00019999769670555763
0.00013997269404386218
0.0002678911744957029
0.00041787421198506003
0.00012089827845677398
-0.004749209222491831
0.00022421315733561398
-0.00031118615259811955
-0.003202016781596326
-0.000494606548820525
-0.000241575250238386
-0.00023517888244357007
-0.0001515783749753286
0.0006401231770278658
-0.0014118779965966847
-0.0004344165928400361
0.0001294612879724821
0.0004413285142881477
-0.00014038896255177
-0.00019474084013115735
0.004257183258809765
0.0006118880673807854
0.0010088165791178978
-0.0025656018057072572
-0.00025455287397505786
-0.0013882132365593811
0.00016316765089225522
0.0003710572859717828
0.000122570856034948
0.00013794576151868366
-0.0004120244257492476
0.00013489711115227996
0.00019530728873665362
0.0001592918905578571
0.0001092980913127312
0.003891383919335172
-0.00012739069641139915
0.0023642939920376967
-0.00012714280496176438
-0.00010012075194702453
0.00018846550606510626
0.00012393613676967493
-0.0012350788474095402
-0.0003411881577270252
0.0003781427798973205
-0.00013038241675088726
-0.00018852552299756942
-0.00032087384153171514
-0.003516521197533963
-0.0004019635838673987
0.0020246382996275
0.00016064871947278067
0.00011716782916374306
-0.00013865852894247302
-0.0011161368054289226
-0.00029214901820624447
-0.0003455212563531367
0.00012410021403880405
0.00017860237890734716
-0.0001442010426217391
0.0007332037120447786
-0.0031586666986683546
-0.00174882917178482
0.00014583212720727193
0.0001467750915443137
-0.0001138526925837586
-0.00031903424077362944
-0.0009554250153787751
-0.0002564310902173913
-0.0003216642642879186
0.00010693366906211172
-0.00017089770053931047
-0.0029730554639923585
0.0013478202904694506
0.0007310399302457505
0.00012675837327053146
0.0009076595183501613
0.0002393644593527534
0.00028766264683745485
0.00010526810185126505
-0.0001583615581248638
-0.002731636839236699
-0.0013396391854691688
0.00011036946537592214
-0.00011437702389053154
0.0008216270192108271
-0.00020856208465951117
0.00026538709525714626
-0.0001403808814581292
-0.0024979223662895448
-0.00029841159692713224
0.0011735373386972477
-0.00013344914829960825
-0.0007498074129911354
0.00018645136283185903
0.00024507951925295394
0.0001322654480665857
0.0023150191586997705
-0.00017607088350810954
-0.00015733230739711866
-0.00013880945663795254
-0.0010324733202833147
0.0006869517226499814
-0.0001672429631626347
0.00012598551182570617
0.00018936444946468246
-0.00012441470845006835
-0.0001427478736358044
-0.0021527549555300837
0.0009235376730979143
0.0005970057699213486
0.00020003504512790658
0.00015013793665223941
-0.00019309387268398657
-0.00011282149602502971
-0.00016920166156046844
-0.0019959974282247935
-0.000820122553511305
-0.0005713347236186191
0.000137325066865047
-0.0001959122712803629
-0.00010782640388659475
0.0018643197341237858
0.0007226392621805668
-0.00015735440922391426
0.0005322966342495798
0.0001235182451898013
0.00018031442322426176
0.00010032402563838058
-0.001739367636086736
-0.0006619387614315879
0.000493715511554998
0.00011159013565562978
0.00016830969671785987
0.0016266168028083658
-0.0005966598070912463
0.0004566818598510626
-0.00010004216031291679
-0.0001574392042005711
-0.0015095471145852878
0.00019604133569659868
-0.000538908773500416
-0.00042178320624212213
0.00014644474196232938
0.0014311354437097224
0.0004892428115639683
0.00039586022869526075
-0.00013807263647387698
-0.00134625401563678
0.00044470210740596953
0.000369364396793166
-0.00012877546265718988
-0.001267160328460281
0.00040536415643466125
0.00034594574643503694
0.00012051849112686784
-0.001195355943860921
-0.0003704968948930725
-0.00032597317321641513
-0.00011101753420612313
0.001128703977397575
-0.00033823504570674914
0.00030648454089044646
0.00010691978846177735
-0.0010675239192047773
0.00031048406902096237
-0.0002879953735771895
0.0010121808596928656
0.0002875661804075129
0.0002718740213916406
0.0009606618085357321
-0.0002652690081352636
0.0002569802631653173
0.0009114087317401232
-0.0002448070498260739
0.00023915706334228258
-0.0008681854135806612
0.000227107663965087
0.00023027782462646014
0.0008271654452622706
-0.00021059364296546485
-0.00021111788742216118
-0.0007879955478416283
-0.0001959591388566068
0.00020769667487215105
-0.000681152963362557
0.00031882760826906916
-0.0001817207721104826
0.0001973360244721417
0.00010255021446083608
-0.0007175780988957657
0.0001703550018346553
0.00018819691784622498
-0.00010203249200155332
-0.00010070443224916481
-0.0006876278394657643
-0.00015910020151954575
0.00017933472147236534
-0.00010986323667197188
0.0006582296555884405
-0.00014906816742126354
0.00010517011808809496
0.0001033600456428851
0.00017121240200086523
-0.00012054014469406406
-0.0006305662652710802
-0.0001397864242359168
0.00016369872095671728
-0.00010894506688481773
-0.00010726931417972608
-0.000604591585157169
0.00013157961103581642
-0.00015599382145706342
0.0001423274901122839
-0.0001115164374389992
0.00010273450044001615
-0.0005801546699077462
0.0001240909578839584
-0.0001492149262652534
-0.00013071524013313923
0.0005555315730927146
-0.00011774484872338225
-0.00014271777959896464
0.00011473519987533845
0.00011242916874316636
0.0001290637512014816
-0.0005358494881758176
0.00011181287236297182
0.00013566026894296207
-0.00011804178477022274
0.00011605735309842014
0.0005140394462434052
0.00010944333088372198
-0.00012833217778384712
0.0001234665339083477
-0.0004794689089413677
0.00011148404856304962
0.00012558201031822295
0.00011776134722899503
0.00011698349408984192
-0.00010131669121954306
-0.0004594430097204323
-0.00013748501025726538
-0.00012299031261680626
-0.00011982617309368618
0.00021766344423044273
-0.00010462654691731968
-0.00011910531035757217
-0.0003750624036958112
0.00010874470044836308
-0.0001257037128036686
-0.0001303724018852802
-0.00012151951473185019
-0.00021319793482110785
0.00019542507898043641
-0.00013630246131481505
0.00015179358271545236
0.00012577425494075933
-0.00013938853716994332
-0.00013759380538481877
0.00038246644902238214
0.00010244651556481537
0.00012900638008213886
0.00012563584815042164
0.00010234283565002229
0.0002574984977298382
0.00024272818605120677
0.00011997564072084128
0.00011606008621387763
0.00011921269965898919
0.00013169703854927812
0.00012916652127849317
-0.0003331801279578633
-0.0001471570159870031
-0.00011309683240461068
-0.00011933389510582668
0.00010627369587433834
0.0001694806671545813
0.00027297548448785273
-0.00013477948143731904
0.00013130846590596513
-0.00013163978744364527
0.00011486943300737468
-0.00025436016761635767
-0.00022835118551432958
-0.00010426485710522369
0.00012317243761959812
-0.0001328913069433114
-0.00012564722753595758
-0.00023382201904847266
0.00011944614341756674
0.00015981644331837533
-0.00014507996652809074
-0.00010765813574526051
0.0001411966244768051
-0.0001380433540662172
0.00032571593723973967
0.00013524267152156239
-0.00016666234062649764
0.000337125764097771
0.00014331809814951686
0.000139870951780412
-0.0002806961957816092
-0.00012955824318401163
-0.00013502573799102475
0.00013810886219706712
0.00014635052668783802
0.00014297800165886533
-0.0003159209020370447
-0.0001558625367457315
0.00011229057782640188
0.000149242087671954
-0.0001452368998335454
-0.00010912949692583568
-0.00016283499268356064
0.00015233938997540335
-0.00014826213433109074
0.000147244453922359
-0.00011574854041869397
0.00015578546709288382
-0.00015142393317582075
-0.00014252974810078067
-0.00014600206354332585
-0.00015773190256554475
0.00015436314475331984
-0.00016960145303109275
0.00010666043530322566
-0.00016174437654256388
0.00015669116989505338
0.00016891836212266814
0.0001292068634854774
0.00016558061437371737
-0.0001607219352396069
-0.00015026478564883136
-0.00015625469775169986
0.0001003662094839062
0.00016136299847558015
0.00016422529743073577
0.00019858628250936939
-0.00010259138296108142
0.00017209297665601587
-0.0001671990588245005
0.00018660199452800847
-0.0001284549786988743
-0.00010475865217295735
0.0001764362130984517
-0.00017101991393835665
0.00015120582418254989
-0.00016902765441827525
-0.00010687720338369384
-0.00018028069974537382
0.00017486285637818234
0.00019015358784877577
-0.00014065551683329938
0.00010931754811426412
-0.00016133995768707977
-0.0001781774512885943
0.00013936490193240924
-0.00019817843939788534
-0.00011181466507348572
0.00018834250128303305
0.00018273865722096772
-0.00010662242985150282
-0.00022333749861872115
0.00011447487501816099
0.00019374859036399192
-0.0001876890141307772
0.00024229152819917328
0.00011715298466383221
-0.00019866626209376188
0.00019218833777027937
0.0002518492970354952
0.00012032518391894721
0.00020419957610271129
0.00019725801577012922
-0.0002582230743648213
0.00012338858331584167
-0.0002107599589575268
-0.00020325829394334202
0.0002749365810121349
-0.00012675849727406688
0.00021897218457620323
-0.0002127508579548651
-0.0003136409289619554
-0.0001588304776902017
0.0002988357373182619
0.00010752483118122446
-0.0003611405909075281
-0.00028737110839019317
