0.3580564419669802
0.4710225430246007
0.12139992998537848
-0.06997056506708023
0.049124255235206256
-0.037041952375028345
0.03130952392839173
0.03050159531882634
0.028992018104331628
-0.028567244831184068
-0.04668269035230211
-0.6155604794215743
0.201861126175743
0.24294723236568702
0.01286564718401419
0.12960213885696548
0.08147837242131271
-0.1356098539919425
-0.08762900727111289
0.03709451545660399
0.0819937964826974
0.0883888965292766
-0.0671083969209863
0.010068789389223348
-0.03664603034447145
0.010934512642664799
-0.0570512690984714
-0.07911490926019682
-0.0442252518065809
-0.005335592366923917
-0.006055211019537313
-0.0006667574646417562
-0.010152429353515504
-0.09782389555143631
0.024533379486496296
0.0013182596624776713
-0.0013293789446203207
-0.00024064643957115642
0.002045637244075342
-0.004343693638210378
-0.05581221425277306
-0.07508517446288913
-0.005514878323903945
-0.0019780102476843362
-0.0021387644926719467
0.014671273032695607
-0.0008990360970404645
-0.002814604390102345
0.0045347938055188865
-0.011148062673967934
-0.05716819430302603
-0.05284113868400392
0.031246700801402127
-0.0011114029749453714
0.0023072406958032712
-0.009489144646369406
0.0052469905314743905
0.0002968654742264029
0.001449172237153777
0.00559074030114694
0.004014107925062156
0.008962504994902299
0.002810472786945779
-0.01680523049441092
0.0005928234027889189
0.07343967686109663
0.001234373639890449
-0.0016891790707105035
-0.008551641374004168
0.0006930362475753813
0.0008439399136470817
0.0014411420434876467
0.0050697437077380295
-0.0006925743021430067
-0.0010575954869800207
-0.0031571564987488876
0.005411925380287002
0.04256240340812461
-0.05204258046532424
-0.0041157383556143365
-0.00460417066860072
-0.00037136855888450385
-0.005430207168235302
-0.00648290318836124
0.0016465447891048238
-0.0002193595253036943
-0.0031885788060345126
-0.0036252456137780987
0.0006468546773641454
-0.0014398093988035755
0.0003036543009440128
0.0040015392821850125
-0.003256696815987923
0.0018105528509915066
0.004581832538920441
-0.05738097595981847
-0.01600167252530311
-0.005305513939186201
-0.0013233845728468573
0.0019889150768583786
0.0050741354983500015
0.0005458262703236745
0.0017341712672701765
-0.005572272079999212
-0.0010501418789817592
-0.0016532749788431347
-0.003569471233618502
0.0012256360818109467
-0.006388802138028032
0.0020202871174880383
0.0030529269633782427
0.0004950831222684443
-0.001338708266655602
-0.00022672922386844576
0.05329694187995354
0.0027503836681418876
0.004193647875977541
-0.00047238248720986656
-0.004235883333576823
0.0004288611584081458
0.0008034113574787223
-0.0020619852646024182
-0.004757538931020066
0.0015076937951796043
-0.0004035128043751701
0.0012126747135669772
0.0011807661755111553
0.0014709340138148726
-0.002744344871299227
-0.001092978138945622
-0.0014452100045982247
0.012517976907735616
-0.04592358910139658
-0.0004909555135951658
-0.0041101089565310734
0.008351415604852122
0.000720972330019871
-0.00024753488449255764
0.0036604943431769233
-0.002280884625127744
-0.0004837262512792896
-0.0042782404386054575
-0.001646478728676284
-0.0007001463034040225
0.000281193631143765
0.0008607642772846372
0.001417630396741227
-0.0005169457012485214
-0.002681878603805553
0.00015462991162901063
-0.006699631610632904
0.0032804598011742982
0.011586855886717873
0.04116112656978864
0.0010886704937715563
-0.0005453437312146417
0.0034987528005167566
-0.0036558702073366815
0.002065456069708878
-0.004024655817251466
-0.00012455852515300123
-0.0030659337708122134
0.00013627171370831801
-0.00031988143837969544
0.0009973843628552769
0.001307399959172686
0.0004470114270859774
-0.0011784812471760204
-0.0021828610917321695
0.0009427378146943283
0.00023998628639306026
-0.000857583565238155
-0.002397746275476238
0.0040297809056398124
0.03823052171142293
0.006146023005021715
0.0004958305581893336
-0.0025167815401023986
0.0007509214387508156
0.001932307565189581
-0.0018440655800558332
0.0003563303399991724
0.0007331598312714967
0.004388318746611557
0.0004816108117289803
0.0021503799203286948
-0.0017806435135654995
0.0009416369998605248
-0.0035456942325448374
0.0016265124278238292
0.002513546381681963
0.001135078418437739
-0.001636721450752494
0.0006966217300550827
-0.00016295520649430543
-0.0026802476119049765
0.0009530654889482472
0.00037071451132823574
-0.0030013683487096427
-0.03506106708589585
0.0018860030123242191
0.00028334367557240187
-0.00035665153123348834
0.0010300171003243446
0.0020968340059920637
0.00026995899866652485
0.0003187975013866851
0.0038177931722436723
0.0016990831162447132
0.0005973885743092968
0.000869124879440401
0.0001752881955468876
-0.0011505687474124564
0.0009478494024645594
-0.0022190957832749084
-0.003137912701060927
0.002782968195941456
-0.0007878950953291085
-0.0032472469032013016
-0.0025399525551369263
-0.0019805416499164646
-0.001893327514439539
-0.0009299030892386293
-0.0076102436688232
-0.030834519040763807
-0.0017628067683563623
0.00014385264520457765
0.0005207061847173041
-0.0018858523622117991
0.00025219545897173056
-0.0007175337639712363
0.0010405777456590048
0.003745038136261872
0.0005312476397073597
0.0004001536127449223
0.0004701531690048001
0.00011480825345799618
0.00011477408029668424
0.0008725169281813489
0.0001467867914241481
0.0020419715563511263
-0.00042053091781099627
-0.00012451438767200734
-0.0005343513210291722
-0.0006398311074179777
0.0012492380636731255
0.00020591699816576356
0.003248113204817094
0.005328682197524627
0.008239239458754958
-0.02737254782054341
0.002039376125239767
-0.0030132713261585174
-0.002922857556567703
0.0015628583778066597
0.0013587083212363354
0.0002910547170492659
-0.00016070845945714355
0.00045793747236897147
-0.0032473270423322657
-0.0010154581112844204
-0.00041281899430244226
-0.00025299191481743875
0.0007983851473434206
0.00011152480155272031
-0.00022377218555657316
-0.0017221093642647636
0.0009595507393092158
0.0001398864429492849
-0.000334621983160019
-0.00046574763484493153
-0.0010532100023022855
0.0005679660257610418
-0.0015420443240191477
0.00010238859626163387
-0.0005039667986692217
-0.0006257505155310088
0.005656475961383186
-0.026388168957494282
-0.0009848307779506866
0.0005478440120743563
0.0012924516538720186
0.0002481992789807936
-0.00022869644867783232
-0.0021346380472538396
-0.00010885805554729041
-0.0009622594172568486
0.003027729722586277
-0.0004499647879499281
0.0008194172132769006
-0.000251392363554846
-0.0005413848908741341
0.0006543588621268472
-0.0017067955942687131
-0.0002743491455871217
0.0006300492915096884
-0.0007496378318618014
-0.00012200816505144934
-0.00130079537579214
-0.0003678779724776155
-0.000495566450123379
0.0002868841670586703
-0.0017939275423956018
0.0006566866328589966
0.004084867670058636
0.0008588591557594752
0.02417963911316319
-0.000669873648153128
-0.0004581533329603688
-0.0010242881327227845
-0.0017721013393691882
-0.0006660923483821773
0.0009929104785545363
-0.002653367226451356
-0.002666394068732659
-0.0017774729794481205
-0.0008495311758202898
-0.00040472191123337893
-0.00035292429749410304
-0.00041392376613111256
-0.00033519867396494075
-0.0016600798126948
0.0005356240510642824
-0.00014049574967273315
0.00013016824809007494
0.0005860188577217492
-0.00022343723353217406
0.00019858847295986266
-0.0008214454938119964
0.0010504182968547214
-0.00042112204735791084
-0.00013941239745133188
0.0016429732519579094
0.000986650878841891
-0.00041495854434478425
-0.02243478909118953
-0.0007948241892448901
-0.0014488364078352016
0.00047195660539364374
0.0010321215940536197
0.0011285333707412712
0.00028286566052731935
0.003110245549689446
0.0008043327665110863
0.00037033483016193057
0.0004316728705821401
0.0009263763124011404
-0.002560102663998551
0.0007548329814853079
0.0016334360082235553
-0.0011356337298359628
-0.0013190233584191374
0.0003015655414994982
0.0002168314658531171
0.0004089453532713504
0.0005322139279373051
-0.0002193498009036838
-0.0001784209332515213
-0.0006565234238144584
-0.0001886117434678167
-0.001133991600995587
0.00041719169606457476
-0.0005710032824396489
-0.00034518439174649734
-0.0009106813634843961
0.0006662360763321847
-0.0020515678409091867
-0.017108776184591994
0.011552529348286038
0.0004232322398760521
0.0009325406029861292
-0.0010519284977738334
-0.0007502217412540357
0.00033551233647377614
0.0005719953177734642
-0.0007006187054635569
0.002730193619434474
0.000672568678414624
-0.0003199617144530328
-0.0007078913484568504
-0.00021788755390153762
-0.0003261581819835741
0.0004082316223877367
0.0011938238125317876
0.0024778534947673893
0.0022083098759336692
0.0002960118189564644
0.0006589426371047964
-0.0007952339489038645
-0.00010296912200839585
-0.0011841915283945434
0.0004030684968089818
0.00014303666848198453
0.000235555557316834
0.0007195343847593509
0.0003805029051489471
0.0006469964180685622
-0.0012511468148035526
-0.019029989193369512
-0.0009229138354107814
0.0007522023732701739
-0.002096909794965923
0.00043702989672295345
-0.00026550749253235713
0.0006661336071269115
0.0006100476862960068
-0.00020463238474305176
-0.0024572050290176885
0.0005230489256022363
0.0006140684171699725
0.0006523597376392241
-0.0003459023800318634
-0.0005336281817164689
0.00019830670475899745
-0.00010025904469805582
-0.001476609354470156
0.000490046958353256
-0.0006821289468197364
0.0008661104940675044
0.000125926345512197
0.0007446659445109621
-0.002730245508005937
0.001238048377989961
0.0005819806587984933
-0.0006922841130224574
-0.00016277874831796657
0.0005678452197361392
0.00030647041686241106
-0.0006865778456289317
0.0003900938747693503
0.0004815764391446654
-0.0007279667146776375
-0.0005730539028038261
0.0011158582767503101
-0.0014101308894021295
0.009590956240773005
0.014865822199312763
-0.0007336525693971707
0.00021472465583765901
-0.0002956838072170587
-0.000741537272365186
0.00017939606730843274
-0.0006768495747492085
-0.0021847858905387004
0.0009683251307765822
0.0005850229865973638
-0.00011306238135987446
0.00012591519702213726
-0.000455165129539095
0.0012589458340351704
0.00027523171936118615
0.000564292797722041
-0.0002792127512321682
0.00012104768763381151
-0.00020937501482587285
-0.00018809029665190012
-0.0007439083391584055
0.000272610053546185
0.0013022492548561077
-0.0027131136445990444
0.0008196501594304664
0.00010244367018856135
-0.0011302775603308
0.0002225562993083807
0.0007553563808755858
0.0006223811912244681
-0.00015784153592444982
0.001670442704008418
0.0026358339544707106
0.016225356818566544
-0.0003718577505983004
-0.0003345024016546244
0.0002376208673274678
0.0006020150090861381
0.00019214491756968575
-0.0004290656362182473
0.0022783264141072847
-0.00023268093074819222
-0.00045718286186156566
-0.00033283323235869467
0.00014782273148197613
-0.00020389629493609924
-0.0002638509670023366
-0.0012461633198463146
0.00027109454482305455
0.00021540070050052177
-0.00018205258265196496
-0.00047085603297648474
-0.00013585001226278995
0.0009573485450700871
0.0005446273235134854
-0.0005566384435615144
0.00030118364877519097
0.002658205848494585
-0.0008149364291771263
0.0011819566124795166
-0.0004431795542318794
0.00044883916000091093
-0.0004931035610831956
-0.0002600536100671881
-0.0008799734626028635
-0.0011625157418315916
0.0009171123014199508
-0.014871070201697215
-0.003282001007062928
-0.0014240866459530258
0.0005880759539354466
-0.000302404272264537
-0.0004339799966408638
0.0021482154917500623
0.0004147452881790108
0.00016237865618649384
-0.00011709582224112321
0.00011062326491394789
0.0012081378502794868
-0.00022265678922660484
-0.00045159108099480905
0.00013320356615173102
0.00036259855678855916
0.0008803616356705627
0.00030855346022827816
-0.00016431933847972725
0.00028088218978212804
0.0005901874088638363
-0.0001963961692452482
0.0008994637440674398
-0.0023943918382122267
0.001719005880413677
0.0008314180113734243
0.0014818259147504496
0.0008798608687233323
-0.0010293560155824717
-0.0007221636904161409
0.014156730098633717
0.0002498740451352159
-0.0004430812922192601
0.0003586149224295001
0.0004478420891813126
0.0005357003849367251
0.00020906081908793746
-0.0004385763014917923
0.0019153261054293727
0.0001381803877826732
0.00014990048680371681
0.0002059820840817721
0.0011573515428852756
-0.00036148975327112375
0.00022410109336640216
0.00022882050362461274
-0.00022706606050379208
-0.00019842806450522351
-0.0007819445185623962
-0.00032973246651371883
-0.00043901019898953073
0.0006566349475641481
-0.00019392867166617125
-0.0002310785935050281
0.0004522922949165119
0.00026093842715596923
0.00010540554100716403
-0.00030096144123972237
0.000603282763155504
0.0021555949616958478
0.0023357146870850278
-0.0025426003877134684
-0.013065380568349147
-0.0002254385167515628
0.0005731068743283906
-0.00014863634859224711
-0.00048436558200306814
0.0002868947968202835
0.00034061997868571977
-0.0018447782152451436
0.00035279557999195365
0.0002332847225288684
0.00012405732766609053
0.0001862017960369635
-0.00012099148792093993
0.0005016589290091049
0.0010288443892857387
0.00022853383216690348
0.00022962066108311136
-0.0007363849262465861
-0.0002861537204877178
0.00013085077337555572
0.0003585796266529248
-0.00012329582018906653
0.000579443218264409
-0.00018493983853293483
-0.00023117508562409508
0.0003333164411119721
-0.000571918908208084
-0.00022913749058825218
-0.0006774608704942603
-0.0006675675593392821
0.0007705220311119328
0.012751478834968888
0.0009497461224654245
0.0003030819974350556
-0.0002217750819040869
-0.0006214157935172821
0.000301544946513094
-0.0017459930680760747
-0.0002543015179317347
0.00020306172276015485
-0.00022078837642040448
0.0002482084068380234
-0.00013562481380065543
-0.00039901403681135713
0.0009707812384120698
-0.00012109174828486845
0.0001034553421246955
-0.00011633236025653302
0.0007434039761455835
-0.00034750863398884705
-0.00020279248037884703
-0.0002638025882053378
0.0005701902866016316
-0.00011659694037176819
-0.00010541044999990173
0.00015280184171347284
-0.0002063247775913809
0.0004682385654958312
-0.00039393485613733114
-0.0006213199567346654
0.00022937097326812346
-0.00022224743029593952
0.011907242328607244
0.000573377655099662
0.0004214818691159989
-0.0009603755735862771
-0.0007748328717134434
0.0002499942608830722
-0.0012141806331653798
-0.000393158264859776
0.00029416740886925184
0.00013024318089960643
0.0014889555042987266
0.0007262404570294034
0.00026333456137029454
-0.0001158716797699463
0.0003220046633280019
-0.00014305305811475785
-0.0009388859976338387
-0.00028198467565754374
0.000672616571064225
-0.00027740186625685676
-0.00011833969382007474
-0.00012694742592181046
0.00024580855888211444
0.00017915365519022478
-0.0003841998921740042
0.00037887574416410906
0.00010667219730395183
0.0002864134820695807
-0.0004953723818171233
0.000211717757858048
0.0011499793094174328
-0.011085827519201202
-0.000779110536728646
0.00055003852931717
0.00016620173482414532
0.00034756787462842704
0.00019659756348868593
-0.0015847922058066484
-0.0005504242367388544
0.0014645865097831013
0.000628751202156117
0.001015405951971401
-0.00028325976736723373
0.00031580345094146746
-0.00018157268274874381
0.000872069934329442
-0.00012404746356859252
-0.00012777899916931382
-0.00012572425606297962
-0.00014326059539259203
-0.00033628919760847226
-0.00011512696377456915
0.0006419740336926563
-0.00016701504594630553
-0.000140936627931403
0.0005059693668933065
0.0003020103094467816
0.00043961282555466036
0.00018779456256045433
0.00018383320017221035
-0.00023894122394356408
-0.00012549510552089038
-0.0009659050515991677
-0.010455997614832452
0.0003686368090344688
0.00024195197698654338
-0.0001673001000019264
-0.000554324474978619
0.0002328429055889637
0.0017933237016905003
-0.0007070462526458414
0.0004867607814098078
0.0014251125380843666
-0.00020546217999021238
0.00018778640398410914
-0.0003519317196343236
0.00011288529193054637
-0.00026173094603026243
-0.0007343376680991684
-0.00030290560931232213
0.00011826175483133834
0.00037792018472421895
0.00012713997588543576
0.0005716060435987676
0.0001941525079180584
0.00048550048709357564
0.00018293295333206378
0.00021496977299470215
0.00014405248025838656
-0.00040520079915037585
0.00014918102961226551
0.00014545577044924193
0.0001351449900775626
0.00010182445614293379
-0.00018799424641937015
-0.0005027126121928984
-0.0008415050824047517
-0.009849767486392913
0.0001469600377045044
-0.00036475220870592844
0.00020379202500857497
0.0003462822713415097
-0.000188099735784627
-0.00011532143814797709
0.0006107853706061806
-0.0014019924197313358
0.0005750534827338036
-0.0003075356505805971
-0.0007793384367535664
0.0014674133650169432
0.00021644446094562254
0.0003863035877042968
-0.0005396213966921613
-0.000725766744795678
0.00024289315520592357
0.00015120047220403454
0.00028781934011489727
0.00034191136997986513
0.00047090218662432736
-0.00046149913748233127
-0.00016640944911084656
0.00024301724867847608
-0.00020805073195592278
-0.0003888339357176935
0.00011373657207140754
-0.00040466411134560705
0.000123605304601277
-0.00028130417187221315
0.009333202948815594
-0.0004766839690588878
-0.00013627888536675442
-0.00014029823050546
0.00038146463147519096
0.0014241266033783225
-0.00010842566475636838
0.00047554854995670524
0.000159054407933188
0.000427153793151131
0.00028481808423596206
-0.0003545909730010439
-0.0003436732185982427
-0.0013851381249414924
0.0006528822049475234
0.000557612651294659
0.000707102630067768
-0.00023510322517447132
0.00021262196878631074
0.00016645075072445277
0.00013686733425732813
-0.0003629485455702874
-0.0004139534753470296
-0.00013273974832390487
0.00011165253002532232
0.00044769989571894576
-0.00023358885893524228
-0.0001620278421831909
-0.00036013853931053457
0.00037387801241539696
-0.0002671752015127967
0.00015446925243496392
0.00041380544172671586
-0.008765328377658938
-0.0010312760671365006
-0.0001636845306656681
-0.00015559033160572375
0.00011373885537692724
0.0002743021157347831
0.00018584303088690156
-0.0012825094271483527
0.00040823591561518194
-0.00013823538398127056
-0.00036453392249081784
-0.0001355309207341817
-0.0002603906148449725
0.0008445163202098944
0.00022380982987208422
0.00017072679666215498
0.001463071803349811
-0.0006269422629917736
-0.00047318888982613214
-0.00042975776095918045
-0.0003150258113457176
0.00015815306557614192
0.000291226817916285
-0.00010816709547482349
-0.0003750765013835238
0.00014345544272481025
0.00014406337995122106
-0.00030560482381998647
0.00012345534150382526
-0.00018621002424225764
-0.0003500975777760086
-0.00012590708848685784
0.00016368193669795143
0.0010767677956980844
0.008244365939441212
-0.0009316043955615406
-0.00017011436109394288
0.00010125042083999379
-0.0002359040230583187
-0.00015254458760010362
0.00010802249607908213
-0.0012731655950049513
0.0002892548702230924
0.00016262860041135882
0.00017590273732613282
0.00025291621029799446
-0.0007022398671903842
0.0002133241935745772
0.00011887889877714888
-0.0003975660915649062
0.00015142855056320893
0.0003098819101067781
0.00029778161847178117
0.001351681635929573
-0.0008177391225760317
0.00036666057826133876
-0.00013564206403551403
-0.00021101397313622657
-0.00010048258405278243
0.00022437156155029304
-0.00020829638404808287
-0.00038403455810946566
0.00030661796972938986
0.0001138123807756477
-0.00021858646453041123
-0.00032997351385977803
0.00015315162913345394
0.00019168895294149294
0.0002754198423419895
0.0004937450926964716
-0.007879575731307733
0.0006540048563161309
-0.00015306359552739652
0.0003158863545532225
0.00013239879390371755
-0.00014893952303314932
0.00012141604774391413
-0.0011830865569468169
-0.00032710024088432056
-0.00016905916768897685
0.00010322177445460409
0.00017640631963281416
0.00022636303545558022
0.0006981294193427006
-0.0001446938636929091
-0.00016853995251007585
0.00016650951039123165
0.00024046719580395791
-0.00023702594498964494
0.0003387248532048828
0.0006810790465194847
-0.00043375792623973373
-0.001126881924876473
0.00012163255558960212
-0.0007480821532430984
0.00029109854885966485
0.00025227829576382113
-0.00036232921611562154
-0.00013108568183819284
-0.00029196177968404907
0.00018525771127939544
0.0001311970213584701
0.0003093506420378194
-0.00011708563301041924
0.00016274964859670739
0.0002652788590959394
0.007523615840486126
-0.00018905136743717986
-0.0001228944809558869
-0.0001643842812247317
0.0001350892025142583
0.00011571660284620064
-0.001163448768435778
-0.00014513891324358073
0.00015259113812327084
0.0002137910065491173
-0.0006678567544198954
0.00012938300895492055
-0.00015624945619239182
0.00014651122442103036
0.00016951441615673717
0.0005197106651843908
0.0002016150686298216
-0.0002485652566732186
0.0006389501123411684
0.0012268443310253251
-0.0004267564219398921
-0.00011062725245659619
-0.00043785018215494325
0.00029084209379904154
0.00012724881931033518
-0.00027381062579608534
0.0001873420043271361
0.00011839913341430383
-0.0002911193118682919
0.0003871228712121541
-0.00714947220632833
0.00011541347322806513
-0.00014602855290085347
0.0010885605917522368
-0.00018921286137462686
0.0002653771719294443
0.0006312243363709408
-0.0001835080769582734
-0.0001350500016292791
-0.00047736564618867716
-0.00016416877990809686
0.0002014128308667454
0.0002676367621976523
-0.00013775549689035683
0.00012370289040537132
-0.0001288734483280996
0.001183858278117794
-0.0007131185734575484
0.0004704950776445948
-0.00021383612746787674
0.00012327173273530317
0.00017638847291772593
0.0002528553882883906
-0.00016260636939947442
0.00027393796265520834
-0.00010025827178409106
0.00027993875812983265
-0.00019560269587239211
-0.006801355175708316
-0.00016521750291629582
-0.00015389143732634356
-0.0010562709772259154
-0.00017932739663364074
-0.00012198395517752606
-0.0005535589489875158
0.00027692059734346126
0.00013849689256370553
0.00017728460179503562
0.00024455461790936665
0.0003461008857172244
0.0002324941089541986
0.0001071855174642783
0.0001529945793479966
0.00020037226126990088
0.0004136479680053978
-0.0002520022328494026
0.000379708677960091
0.00027624087542130025
-0.0009578422569587369
0.00037387007532249997
0.0004000482907193282
-0.000671499086730009
-0.00010141657202878794
-0.00013211732233932335
0.0002520627475547213
0.00021451372117245302
-0.00013382321381510243
-0.00015644863419694477
-0.00027813379346959495
-0.006474471124552924
-0.00011225379447062523
-0.00010345055312443136
0.0002116241605307798
0.00010934424856814628
0.00023399445432858897
-0.0009977669112503646
-0.00013081836221050334
0.00057321597027078
-0.00012893059241987298
0.00010313761585006468
-0.0001603532863941744
0.0004292145701774795
0.00011681233920751767
-0.00012617737478311356
0.0003532350360756196
0.00016523641811375174
0.0002461929560588411
-0.00020603119418585115
0.00028178240181948936
0.0010629244146018147
-0.0007817426488833494
0.0001493158840617781
0.00015395182500990508
-0.0001281727345393935
0.0002249945775083894
0.00011775445314661612
0.0002047289105990027
-0.00010549686973895815
0.00014745454448254395
-0.0028889710103379377
0.0054403338937832136
0.000256887829866111
0.00037971589998174183
0.00017276841638622816
-0.0009542785833799464
0.00011170796699685627
-0.00014492867347713783
0.0005439187028313113
-0.0001384236654695222
-0.00017903965444312044
0.00038843169599269355
0.00011803101465988222
-0.00012480597112385773
0.00032155597815342724
-0.00016606338963235948
-0.00011994483814130304
-0.00013144742336357047
-0.00023187255404728374
0.0004370201784924364
-0.00010895786001368756
-0.0003718414075940026
0.00014544006068562546
0.0010643823086491939
-0.00018386617114191385
-0.00041010187182963215
-0.00025659370203823256
0.00017302316637355403
0.00022181951106889266
0.0001104061011705544
-0.00022032675045494414
-0.0001210548791027595
0.002734473896671614
0.005205365876659784
-0.00035704029900430773
0.00010998754571586058
-0.00018299410502898745
0.00011645932867939593
0.0009141689864257549
-0.0005286524385078597
0.0001688423271860988
-0.0003836046430539408
0.00010700620318583492
0.0001073023976540207
0.0002958594139678129
0.00011447625461140782
0.0001592725102649862
-0.00013709175862750624
0.0002278057186126472
0.00020117932910526797
0.0002724870298528956
0.0003229445466173934
-0.000600133713587922
-0.0002498353791348597
-0.0006704874837912654
0.0007842824100815934
-0.0001634945604118839
-0.0001240023160272293
-0.00021044959665485237
0.0002480330973555426
0.005620409995034079
0.00015615140979228853
-0.00011210527993279453
-0.00013712948770474814
0.0004723592042239206
0.0007393181149019537
-0.0005078852223379547
0.00016554220825140486
0.00033434651069671404
-0.00017229174403261068
-0.0001255815317863607
0.00026546665260942734
-0.00017340401927292508
-0.00010569943584343203
-0.00023000341932982388
0.00010165855430947361
0.000106593236238324
0.0001780592554339611
-0.00026835652011528746
0.00038220420523305774
0.001148768105515958
-0.00022742515591152898
0.00019459902321230664
0.0001193962288036486
-0.0002577527312167141
0.000314345825433508
-0.005356407238052418
-0.00012119105922137048
-0.00012676541609694884
0.00019189811195963587
0.0008339102937355104
-0.00014626988597796098
0.00048701553500874394
-0.00035421301759641627
0.00013883751832906635
0.0002749516004605104
-0.000209753852941463
0.00011377384401659051
-0.00011536482455968197
0.00019733739181009949
0.00020453005994926896
0.00021776536098240263
0.000335156854837025
0.0010659294026420512
0.00035090254711395846
-0.00016697957276928896
-0.00018918179634651926
0.00035980131183672504
-0.005111893024813458
0.00011871663905995175
-0.0004120851930608107
-0.0003321850160721792
0.0007263125293472819
-0.00014060726008932966
0.00046742588468644475
-0.0003237025618889326
0.00012504743441423436
-0.0002671320160546393
0.00021224364075765587
0.00011288561179072306
0.00020514263963174236
-0.00011834997025314051
-0.0001383713220768317
0.00021514572046527598
0.0005307594606969046
-0.00040127225985523964
-0.0008635809443858477
0.0002906554574394675
0.00022832747884429685
-0.00020006978466027687
-0.00013215467988572836
-0.0001513846768750204
0.00015174055256420794
-0.004912089486262375
0.000135138805186168
-0.00014830740471048455
0.0007513294066350164
-0.00016988194629204197
-0.00013453126198045726
-0.00010086906782625161
0.00042779712255071393
0.0001037848002104452
-0.00032081752549275157
-0.0001143599780589407
0.00023499100106118414
-0.00021201741824902005
-0.00027735790238303233
-0.00018089807013307855
-0.00012744335213407145
-0.0004947391347459942
0.0005287006916103022
-0.0008667484524094883
-0.00012225875213925686
0.0001583796029009066
-0.0001672038163040706
-0.0001626520718354283
0.00025864449233804255
-0.004237184527479581
-0.0016249540140037386
0.0012138132093183587
-0.00010236716440705433
-0.0007187935060096674
0.00010436821584844348
-0.00011857755129605365
0.0004127673025415457
0.00012348043098216747
-0.0002945537368659741
-0.00010158292691486992
-0.00022386829417746267
0.00011338796829693815
0.0002028851956372088
-0.0001171530393982444
-0.00019452206138024
-0.0001655460026897535
-0.00013876543729004812
0.00023592510786088296
0.0003019227950168407
-0.0008587572220481352
-0.0002282804354776714
0.0003799950981108572
0.000334916030817003
0.00014250297879552908
0.0002781426498017104
0.0001697196976859761
-0.0003106905017568748
-0.0002292052798374152
-0.0006618125176948487
-0.004436690713817724
-0.00014781016841207962
0.00011496479261163113
0.00019081936044018598
0.0006397374880872283
0.00010476729199904236
-0.00016566326714000025
0.00012654232237147315
0.0004089090444268972
0.0002358555615237127
-0.00015971484909881208
-0.0001746780923570665
0.0002074206230035594
-0.00010408276637373055
0.00018146984797947534
0.00011881897932437355
-0.00015373856611527155
0.00022216151249030187
0.00015791687188962492
0.00019325483207162893
-0.00022361812733098153
-0.000289962861451061
-0.0004424810296560156
0.0001979834515643751
-0.0004563690920784382
0.00031373294879473895
0.0004432503844970523
-0.0003754627711120137
0.00019026529445079183
-0.00028059852796025696
-0.00018955794928457
0.0001355717342041991
-0.00036455293462584306
-0.0004962333578001367
-0.004246491365993194
0.0004523602166541053
0.00011924892611935465
0.0001368877110373154
-0.0001170606221105508
-0.0006510682953831795
0.00011101357533829582
-0.0001179487061201804
-0.0001198457232309129
-0.0002937977543910577
-0.00024790526779189584
0.0001254026452571848
0.0002218294215374609
0.0002009841365747653
0.00015547271871637334
-0.00017095749917652687
0.00010178192508726368
0.0001633611391570542
-0.00014707676946716368
-0.00016411143103216457
0.00021499864280158704
0.000163083729854445
-0.00011065493083560461
-0.00016128594961106716
0.00023896503698430616
0.00013711994979022542
-0.00026201045873038974
-0.00026943997434692926
-0.0003034677911034399
0.00030195441114378704
-0.00015641548062395378
-0.00016343551766062554
0.0006886247493743272
-0.0005717277532729234
-0.00012378502596235326
-0.0001108136854780621
0.0006046925515577859
-0.000490649962938395
-0.002783812789729926
-0.0024005368381807544
0.0006327594672095578
-0.001500781239030129
-0.00031619968665631213
-0.00017349468753180092
-0.00025874917854680545
-0.00039999919437279445
-0.00016467104147246947
-0.0002850671108081583
0.00015076782904743102
0.000243306659899759
0.00011206342652226369
0.0002062126949646034
-0.0002892479496491896
-0.00019590057002479797
-0.00018237730215308598
-0.00024328424200568846
-0.00012307740111186895
0.0002072642754278065
-0.00021915098607727844
0.0002930867419928778
-0.00012169233028761751
0.00012525377609184354
0.00025495065560841965
-0.00013113975698569825
0.00019587622239640922
-0.00016674786993652402
0.00011799362981422328
0.00010041586394823976
0.00023789228944860584
-0.0001281538864555548
-0.00015896184600829033
0.00010890780747714623
-0.0001601994182387019
0.000578562318083297
-0.00022370175343943864
0.00044480543396632966
-0.0003499530868884222
-0.0015202844419380406
0.0005143258723430055
0.003224707973004967
0.0011334155035934287
0.00099631539047562
0.00010918992959008832
-0.00032079508759062824
0.00023410725711679227
0.00014409299798573243
0.0001816951779421767
-0.00032583787010953525
0.0006043460434723102
0.00013729332741064477
0.0006040845158466894
-0.00031435086071071415
0.00019351790875873312
0.00044794861783304307
0.0003537197705928906
-0.00011478101478125289
0.0002324896418417184
-0.00018988556454096277
0.00014369265551548465
-0.00015526252592226747
-0.0001720885953865654
0.00012117370624068514
0.00015927043032761207
0.0002645674258606964
0.00010408144739559626
-0.00019698788526169208
0.0001413996172791227
-0.00010610911508449755
-0.00019709320905310102
-0.00012759074396947965
-0.00026236111656953144
-0.0001707319992112894
-0.00020210878206804278
0.0002140788461343067
0.00013789664627422994
0.00017043927223384187
-0.00010701801598597186
0.00017810056668737703
-0.00012485920726636757
0.0004404381557555631
-0.00016615946066292676
0.0002425731930054599
0.00037057030700474224
0.0001960285374280011
-0.00020074762618970163
-0.0005790731318262725
-0.0006790705864974597
-0.0007798027462786972
-0.0002959261691409996
0.00051439522456014
-0.00010186758715589973
-0.0017749328275791806
-0.0020232274365623196
0.0010557819787655207
-0.0013345306232703186
-0.0007344828401319306
0.0010110369551212775
0.0001841859066876856
0.0004136038665445745
-0.0006091465810177358
-0.00048356374436726667
-0.0005846327235489264
0.00013740759342083966
0.00046898326823685457
-0.00035037357688331793
-0.00028328129080885885
0.00011919075277145833
-0.00031689511476721167
-0.00020006617573469054
-0.00017848632092488776
-0.0002475578943619502
0.0004089977271760355
-0.000187232268835135
0.0001019032085738379
-0.00019253639485187322
-0.0002689203941855327
0.00023264018071208142
-0.00016180780006088593
0.0001463728309682427
0.0003168888467733539
0.00013682478446812112
0.00017083534860927655
-0.0002377975120277248
-0.00030441918589333366
-0.00014114559240112448
0.00012564319480328824
-0.00023457792733104412
-0.00016451648669167125
0.00018469742413113144
0.0003307439521807308
-0.0006445147674918664
0.00012993789533756044
-0.0002036315908632468
-0.0002094001638530681
-0.0006667244698631411
-0.0002319735283814383
-0.00013963357633104144
0.0002868167878201395
0.0007039456074730359
-0.0012493523498839341
-0.0004167226445186846
-0.00032952381537981734
-0.0003043868692713782
-0.0009560596203982016
0.0002175011903082465
-0.00019244977369576297
0.0008279281289107778
-0.0009245236211929811
0.00130548819598617
0.000932314396354473
-0.0008100240322987534
-0.0010619079608772369
0.00019318004862862816
-0.0009360504277413763
-0.0008505819422936742
-0.00011905108405623528
0.0004274296895856497
0.0004074333148787512
0.00014207977724192567
-0.0004431948173855167
0.00010923041492295074
-0.0006656793412320565
-0.00023545939209320524
0.00021769884713146654
0.00013852516547032128
-0.00016785728547242108
-0.00011199336527311304
0.000558093525942612
0.00022124223373041671
0.0001036005098332835
-0.0002903345235082461
0.00012878209120966162
0.0004750086783695953
-0.0002636359222432263
0.0002081646300991347
-0.0001431488802548742
0.00019704692496822954
-0.00015431238673760929
0.0005162208365860461
-0.00024296927135956906
0.00013432491900496982
0.00015600187211349116
0.00013953620090291412
0.00014757771944405598
0.0001879557893533764
0.00015781156642720088
0.00019769558403277406
-0.00013700236925468277
-0.0003508072784200945
0.0001419458167632739
-0.00028196662241283165
0.0003046046445077019
-0.0005357503866822779
-0.00010097528758544197
-0.0002983547423683919
-0.0001526818117039644
-0.0006209137623080451
0.00024524123941908264
0.000291088174795067
-0.0006563736899924083
0.00023233552048428847
-0.00041008129842382154
-0.00041765901413381025
0.00026192416984339984
-0.00010042696634142426
-0.00012833125568790894
-0.0005884332553148448
0.001402815066950656
0.0005161590370247953
-0.0016739441935841228
-0.0009017379726559011
-0.0010373805462361818
0.0005067289478485697
0.0006376825895324867
0.00024248810664052124
0.0002807711133166049
-0.0006918321750145187
-0.00039514547152143736
0.00040253838557601944
0.0003610434745465093
-0.00012667199987776204
0.0003515151229312822
-0.0005476288130184771
0.0006743855805322483
-0.00018733104330433554
-0.00020725654488013194
0.00012646938074563954
-0.00017789515693159065
0.0002756323120858603
-0.0006778914004754537
0.0003688646822068146
0.00042727308412303703
-0.0004551513318435219
0.0002966297426223161
0.0003052712537812325
0.00028295759226339015
-0.00010136091963789611
0.0001089434810731664
-0.00015466584845255483
-0.00025736549874055614
0.00027946011156388984
-0.00012466412363177045
0.00011959653509874938
-0.0005563200326565185
0.00027986382685979893
-0.00012148754036014758
-0.00026500948890666843
-0.00032891624337261
-0.00033066991746854977
-0.0002756743280265193
-0.00022642973614453346
-0.00023388241514834822
-0.00045177759083900565
0.0002441692623916277
0.00020578459480893313
-0.0003319698444711565
-0.00028761127585974293
-0.0003850221968261913
0.00016672438852057453
0.00031546793969716426
-0.00010276749375933663
-0.00012088305500528879
0.0011611939901566984
0.00042172617957927873
0.0009900616186738537
-0.00012454063188430944
0.0010574517853227544
0.0010368493064072568
0.0009089790679487965
-0.0010285619386342611
-0.00018647072368787056
0.000533010267216985
-0.0010495572318991392
0.0001081176584867735
0.00025507480291599133
0.0006708734014605758
-0.00041357914375840526
0.0001655161138346288
-0.0007097864128426389
-0.0003980192083943635
-0.00011011986031654192
0.0001455807319374134
0.000535677410661413
0.000152707704143546
0.0003771389055221907
-0.0007092154964962621
-0.00017827630795947796
-0.00028401558297826753
0.00042669121923491065
-0.00010486446023533039
0.00022700670262676317
0.0001939580420670092
-0.0003253557407537752
0.00019254614394454886
-0.0005023667446932019
-0.0001758953673768141
0.00036679142509809246
-0.0002078533815112912
0.00015220283085501794
0.00013951754203200419
-0.00013881080304535562
0.00015493472379658603
-0.000320804714763827
0.00012096317617133733
-0.00019185652199540677
-0.00045756734460261866
0.00017776872606991916
-0.00011230924615006402
-0.00010327514266761823
0.00015459891884186234
-0.0002640146926614798
0.00027342997222412244
-0.0001490502797852199
-0.00023850102551784563
-0.00011642116649199759
0.0004134776680757278
-0.0001699201679089944
0.00010029314043485199
0.0007103681695806466
-0.00027012505823190017
-0.00042843281454604733
-0.00024021566538575233
-0.0003186647482748999
0.0001535608137834924
-0.00015364365903674758
-0.0008094232338558847
-0.00023936651935259324
0.00010668886543583257
-0.0004002122515058132
0.0009701446444120212
-0.00043242986886878455
0.001795838166902378
0.0003797551191838962
0.00043539063122496825
-0.0008954883948584565
-0.0003895749080885423
-0.00048030458234574685
-0.0003308064056443265
0.00021937635673696944
-0.0006054310517904759
-0.0007827158973442098
-0.0010973629100327262
-0.00022613601638341708
0.00014749947215077062
-0.00033519346948242555
0.0002371276125777256
0.00014520718283320846
0.00031130330170671644
0.0001953781865306946
0.0003939791516361342
-0.0002320017456762112
-0.00014923809072455436
0.0002298333352357035
-0.00016365188600301437
0.00033343078841279323
-0.00015563013355975375
0.0001717415545529999
-0.0001204670328058538
0.00038144482117517293
-0.0003119827042504075
-0.00013962046727763216
-0.00012241573538926713
-0.00025347716532470895
-0.00023314894216027457
0.00025793247486500864
0.00014669097965490366
-0.00011181432865415891
0.0002941535843863999
-0.0001780237187672945
0.00032644601688516334
0.0004845307139736256
-0.00023068881461004757
0.00016257986076871752
0.00016220152105659913
-0.00020900339346016823
0.00041895418174035456
-0.00013707458767319735
-0.00014297648059752882
0.00011152382676414145
0.0006848038966248711
-0.0007655671968267168
0.00022319666041169058
0.00017433794020527824
-0.0005145885885401238
-0.0006580940958063168
0.0001107161044603221
0.000723093617505311
0.00010557507235799522
0.0009353469636556349
0.0001680284494165032
-0.002006198033981268
-0.000302680955979924
-0.0004462276381570119
0.0004571553273152788
0.00014408781015105748
0.0002924250229016389
0.0001552908658631007
0.0010134005712343138
-0.00011354971395046204
-0.0001096835264498994
0.0002241643954548256
0.00010744392640252447
0.0002753173575935436
0.0006207493788273078
-0.00010581762327362765
0.00014243492115130965
-0.00012431658804550744
-0.00017925770716362746
0.00010039713244755613
-0.00015606134312776037
-0.00018723928227246995
0.00018942281481494386
-0.0003577068665972334
0.00021596038486166382
0.00013938200517103365
0.0003102917205081607
-0.00011818769134694135
-0.00034029887510617047
0.00019733112624169104
-0.0001763038546807949
-0.00019746129490611872
0.0003105934840116738
-0.00010484585324483044
-0.00016689730932430057
0.0001303755357542315
0.00013286220672641065
0.00043129217813193184
-0.00025148180430920866
-0.00029490808821128976
-0.00021127442499829232
0.0005143227803013101
0.00036994676145369926
-0.00012231435615780715
-0.00026465168526976847
0.00016897231157533648
0.00010897231138181507
-0.00010635723937670564
0.00016123367403307452
-0.00012909061103816478
0.0013356163342394631
0.0003244482915854976
0.00031107496185972067
0.0010270321575647084
-0.00040690795198093725
0.00020355797917980317
-0.000690532471428124
-0.001076970795504561
-0.00014303003010469924
0.00032758966627035896
0.00017896942856374316
0.0009877632187533197
0.00016252740801129804
-0.00022781123192114387
0.0001539631314364827
0.0008208185375858553
-0.0002684901525836139
0.00013795471392728852
0.0005137033257653699
-0.00035284837891206585
0.0003287458147856987
-0.00022129910396299305
-0.0005219531600857012
-0.00033327166993859906
0.0004972911784178684
0.00036190267511758157
-0.00024786747894026974
0.00026471446311416994
0.00011788644077385089
0.0002096779625250778
0.0002718545807557293
0.00017312238635105719
-0.00019334360515828206
-0.00027372856545917264
0.0003226092178939656
0.0002618752090392418
-0.00015254514513969038
-0.0001691512943543263
0.00040669235645619264
0.00015507708180706597
-0.00011271130496915651
-0.00014199359867924068
0.0003306681291298486
-0.00019903320303775465
-0.0001190108882228151
-0.00010005386014545146
-0.0001248918422235359
0.0001429429843792558
0.00010641580000383044
0.0002968941861565528
-0.00019559261119584125
0.0002232457976012101
-0.0001142534863775072
0.0004465348493782117
-0.00017795183481497616
0.00023961596698707772
0.00011813854291481635
-0.00013523309016392183
0.0003524074686185827
-0.00038303158059187773
-0.0004550696617892454
-0.0004475722570532179
0.00011855052641724044
0.00024376686552009475
0.0002022459613492446
0.0005115092873950655
-0.0003960736229657542
-0.0016122252249888417
0.00017161495193161462
0.00016370402385844086
0.00014603960064251014
-0.00033207912247783456
-0.00013125238050665998
0.0013673033238352304
0.0012102086449249626
0.00023679343271905477
0.0004629640396033473
0.0002913551783207096
-0.0002174405992670687
0.0004494909855202909
-0.0003997912456082796
0.00011947047591374151
-0.0003972844753534749
0.00021409634367919287
-0.0003387834402642237
-0.00021542677974706423
-0.00028567460033861083
0.00024099079416201077
0.00016180538023598574
-0.00012107274906911373
0.0001423468092142481
-0.0001385780282006264
-0.0001160616109159683
-0.00026230777190954494
0.0001911163588571584
-0.00010128630149945319
0.00020940011010569365
-0.000264512258497826
0.00038504922588899213
0.00012128965239817284
0.00010246313346560624
-0.00025772246282091196
-0.00034937690570253243
-0.0003519850969576988
-0.00016674620809245668
0.0006165733735653511
0.00011710960773965
-0.00014946976856877124
0.0005680961946926485
0.0007634269831360335
-0.001774110780829867
0.0002078586126439335
0.0003434872357570368
0.001495178968537619
-0.0004103346252675847
0.0001412517400716784
-0.00011763716632518396
-0.0005059993971530181
-0.0002755755767452442
0.0003067302178042002
-0.0002367282611320203
0.00014997079064030106
-0.0001026976497609849
0.00010099777466715271
-0.00044373139786810294
0.0003582949832860719
-0.00040227877174700636
0.00025126726978678
0.0001150780854395719
-0.00010190630015479435
0.00011359149174807107
0.0003215363878232518
0.00013089688462944592
0.00028666907713267094
-0.00019342341518610318
0.00013233962872730905
0.0002072118389143754
0.00021660270262372608
-0.00024735770208752307
-0.00012510550823252164
-0.0001413551743983734
-0.00016629443005820383
-0.00022736678959102863
-0.0019086976443994227
0.000683632176208675
-0.001246603279642858
-0.00048782593215364637
-0.00029133319394357947
0.00023381473614004098
0.0001164256213576507
0.00015086511305956502
-0.0002197723287159598
0.000542301298635902
-0.00010153603079912424
-0.00015277040783382397
-0.0001730099405033719
0.0001705987625498203
-0.00027256633468295536
-0.0008492168734666745
-0.00033232998570768607
-0.00015434329773413708
0.00010207959806155523
0.00013610089891983882
0.00015435573681328363
0.0002486524521753184
0.000125215371090323
-0.00019554926578835283
-0.00012321525235656355
-0.0019168531305051905
0.00017635935416306743
-0.00011905947230544891
0.00012567991986153448
-0.00014871854314750426
-0.000176550637343544
-0.0001123827129657566
0.00014867968492549534
0.00021075797531007107
0.0004462646797233843
0.00011328251690069119
-0.00016400666681669
0.00014415182352658676
-0.00017497895695299854
-0.0003352781947812971
-0.00020529959537586071
0.0001168525703074273
0.00014299474409607351
-0.00014075940601653895
0.00017622281349972133
0.0002807061440303371
0.0001000030447556468
0.00016108284539205053
0.00023931735152166417
0.000433170236409192
0.00010231754377611943
-0.0003314421477182017
-0.00023389458214578834
0.00014290359506957873
-0.00010911262030419657
-0.00010487108666533839
-0.00013303819487961896
0.00011663878874750498
0.0009181593826530612
0.00027939619374957005
0.00040429933282839993
-0.0001678567842164401
-0.0004051563457587427
0.0016551680491484367
0.0008094455474723758
0.00024443857588211
-0.00024071428881870444
0.00011586812239237318
0.00010977261143129663
-0.00010290320304006717
-0.0002479396059309384
0.0001714325557009212
0.00012318956539330246
-0.00011408956522231657
-0.00010868955304874222
-0.0001316281592385049
-0.00011407564485360454
0.00012521812255951914
-0.00011208716199715233
0.00012540670964622202
0.00011205163926432297
0.00011659463162404735
-0.00012153727149543053
0.00012629838494773596
-0.00011866852222277937
0.00014022702664702024
0.00011266266864873592
0.00013319304447417495
-0.00010379323059099316
0.00012472028918905154
-0.00013968757062287376
-0.00010407250712813857
-0.0001130609228256575
0.00013995979698628
-0.00010168777705167941
-0.0001392539895489694
-0.00010522680178823968
-0.00015823621433925546
0.00011666276278200076
0.00010317556430037929
-0.00013100637145756992
0.00014013402684128043
0.0001401099536456626
0.00010962902603140997
0.00010152365806915568
0.00014482320139700525
0.00014900233147683705
-0.00015560089997758506
-0.00013923596326231884
0.00010584653160515332
0.00010778736084477427
-0.000151732713053321
0.00014516475512462663
0.00016317630378278266
-0.00013468737339082732
-0.00011570520986049799
0.00015019560397103895
-0.00016648022898977562
0.00016987835503856147
0.00014891116730316562
0.0001106158178920332
0.00013904322455890832
-0.00012660398806855033
-0.000156000982960176
0.00010641103855884677
-0.00020007498455785414
-0.00011234825782747517
-0.0001112920211385813
0.0001307665469600304
-0.00017199687794177906
0.00013702992733988044
-0.00011575286751894862
-0.00018498926605530348
-0.00011470733127185615
0.0001264430021523761
0.00011947527999522425
-0.00016753876535594012
-0.00017826063058159295
-0.00010577961534408076
-0.00019995971205715037
-0.00014255044264535683
-0.0001249107411923636
0.00012187169880116655
-0.00018156129190925426
0.00010135573477685985
0.00015784504833296582
-0.00010527930308132235
-0.0002711526401487715
0.00027941623474823837
-0.00012332502991457874
0.00032078948137540995
0.00033946651132497294
-0.0003599332695811202
-0.00036969942722138536
0.0003756305312017756
-0.00028231258774812735
