-0.4790234647456329
-0.4191664970917455
-0.12248873906844011
0.07168840027402662
-0.051006937276178055
-0.039154606714010325
0.034382061590000665
0.03546480736262379
0.04324544482846369
0.5925833479886335
0.13499742317673447
0.14517793403298268
-0.22885089439575243
0.11951404322461351
0.0770115596977113
0.13365114294225433
-0.010603869901838299
0.08355380324045206
0.03571077248552513
0.07306403726474751
-0.08598087846266601
-0.06421897650278635
0.016330435858086037
-0.008250629911088705
-0.031786959780061616
0.09073937455107783
-0.0146578906603023
-0.04056729718632364
0.007961172666709454
-0.009488675314219683
-0.0009659388857024057
0.0159353411392451
-0.08914688641331747
0.02426787407722585
-0.0020623085973321665
-0.0018726226216171967
-0.00013509149514266696
0.0013528636072871385
-0.08622519166228601
-0.00538821583552067
0.0007985123655128948
0.012597521001752817
-0.004998257728093922
-0.011892031315332478
0.0013215294763914514
0.00023724871456584098
0.0032536080453525362
0.010119517836767754
-0.0383878138313909
0.05450942863407368
-0.03778271366308978
-0.0009880894155414898
0.0016654911018234274
0.010600539838605426
-0.0046228671681023785
-0.0008288045938608007
0.0015859391270517536
0.004563683103079103
-0.0014148805825288306
-0.00010846158180395181
0.006274183215722298
-0.024315600264332087
0.03297156951318903
0.05561168035081898
-0.001337039330319019
0.0008060935198620119
-0.003337929434485785
-0.0088044583877947
0.00044464439410522513
0.0012226146451220746
-0.0010830698888113183
-0.004503365222677595
0.000711113698243051
0.0007149800001414592
0.00395776872020256
0.0046467652022712524
-0.021017042338604415
-0.056865385952155824
0.004190689652308613
-0.004171283156238686
0.005715705829985184
-0.003469336626458342
-0.0037106408750244377
-0.0012715922601364662
0.006819547039212221
0.0030161512319657677
0.0025732224389323323
-0.0015880918871699582
0.0007726471908847786
-0.0013681136182408353
0.00399376855299048
-0.003178162059915827
-0.0016133160083529503
-0.00821909249904353
0.04182835472303556
-0.03237331079417652
0.005111190866121329
-0.001102127974786429
0.0019035789522244898
-0.005802555491285458
-0.00047367620367727304
-0.0017038920510707232
-0.00523763139858747
-0.0007984382259180053
0.0015716170720249231
0.0024094447019041426
-0.00041075810016658824
0.006970223962928528
-0.003934616708073234
0.0032178618700407654
-0.0008070030529643792
-0.0006392074058514333
0.04736140969407137
0.0031411199628063077
0.004494419799815349
-0.0004617436039322173
-0.004930171559654599
0.0001570183580211683
-0.000834398062558296
-0.0018477878500815306
-0.004380396993909539
-0.001539252467126131
-0.00043280710139569073
-0.0013422240459375527
0.0010919768168723937
0.001423273869207513
0.000676846657782733
-0.003154969005382794
-0.003855750162847858
0.010826795806241588
-0.03449729844385771
-0.015576677194728009
0.0172476009679542
-0.0019531053840744072
-0.0006576637788032818
0.004084382933078161
0.0014840405247100266
0.0019486255696971138
0.00022746842185955956
-0.0034869808756807794
0.0024370015160930176
-0.0006476952315926156
0.0001700386607051258
0.0011286201187393817
-0.0012738614491369631
0.0007794900411043765
0.002146937566413177
-0.0002917127991261691
0.0006935056676138346
-0.005282149523061093
0.0025488462306205778
0.005925804746482527
-0.03768205131602608
0.001734622809904896
0.0003604103516897329
0.004456547451973656
0.0026681390173967767
0.0009702932846503965
-0.0013187662187937436
0.0007822777511500464
0.0035779481224188234
-0.0005324619714453634
-0.0004750432654507357
0.0014990503570007066
-0.00027871151165288115
-0.0009405269912866332
-0.0020164313234247743
0.0007720612847296115
0.0001976578796063954
-0.000696472565963364
0.0019926506281682356
-0.0029392988760390177
0.03186060772764657
0.012517408797226286
0.001496475577178538
-0.0021223791972230966
-0.00031400053999193993
-0.0027953004666132282
-0.0012975841704894208
-0.0006739800203335725
0.0007733963397835859
-0.006013667726038569
-0.0014028292542245236
0.0010494510647116647
-0.0006887516350595184
-0.0014139819749305622
0.0006652477787270062
0.0012375901471876082
0.00011157833443488545
-0.001708943804848687
-0.0006414177947145975
0.00013661481960425964
0.0023573869264985003
-0.0005537141715789186
0.0019160935903024053
0.030830913475348436
0.0021275659485662977
0.00014103417872924492
0.0004093957872768441
0.0006120570005025505
-0.002645742274323924
-0.0005638928114564847
-0.0002163879367785953
-0.003846103531747717
0.0014021457461490688
0.001293030670027633
-0.0016181341218150574
0.00019398884834159226
0.00010134437665795923
-0.0001292492487633234
0.004615476208281076
0.00099868418219248
-0.0003422813933799523
0.0015443269175654973
-0.0006287467774518636
0.0018952200291080627
-0.0005257706178997545
0.001224243588592221
-0.0018018909579265781
0.001270898799006335
0.0007798844481886204
0.002257321035184375
0.02773206005410545
-0.002051007489018539
0.00018768290537411633
0.002334088670023661
0.0003906833921941854
-0.0005285205163902122
0.0010923444119402043
-0.0034998079279922626
-0.0006020175427671764
-0.0005540228367733026
0.00028105853404762035
-0.00025011653576873525
0.00021277903182976977
0.0002772436705520638
0.0011896757740236111
0.000990558979451208
-0.0027916119086035156
0.0033477789477301696
0.00152684485411853
-0.001011356516882146
-0.002697995375911851
0.0009491105862775284
-0.000296988798785732
-0.0010760334807291545
0.009393717900717417
-0.02190960874462356
-0.006315623255772368
0.005019083496553609
-0.0034013955980168337
0.0019205172938627578
0.0008576685614014567
0.0007761544265441461
-0.00038200908912101314
0.0003924221279088004
-0.002429381689823961
-0.0020292163453418197
-0.000609418443339086
-0.0008373941132098965
0.00020375906965125278
0.0010671973162819995
-0.0016983453797097118
0.0003607669225400499
-0.00017400792207788188
0.00036265543169955125
0.004728617870568092
-0.0003171705485079282
-0.0018396079407093106
-0.00012951862806456657
-0.0008395001837453223
0.0007184217883303408
0.002597684356461102
-0.004810772783028825
0.022451019826662307
-0.0007714082517937305
0.00021748293372184956
-0.0012848999287162451
-0.0016078435516677038
0.0002764136741609619
0.00022552977749795363
0.002685379121112219
0.0012821550275499505
-0.00024416478383017714
-0.0006739539139981095
-0.0004166745078705402
0.00044347150010366434
-0.0004198577093910402
0.0015611314762634658
-0.000524967054300955
0.00027875265596315283
-0.0003608988682236253
-0.0004351561140011301
0.0005421392227981461
0.00037458237656851057
0.000160230239881772
0.0019874593882473726
0.0017794684919636421
0.00328972317245791
0.00016302168163854976
-0.004753332926718144
0.0030808944842508792
0.0033542356774718587
-0.020249163497881972
0.0005195267888213429
0.0016987361389755218
0.00038461483730424436
0.00010906912064681705
-0.00026872985147104915
-0.00016126158611782642
-0.002772272554731694
0.00014653510684977487
0.0006163398443614864
0.0004782656331250684
-0.00016126990039985953
-0.0002457631906445787
0.0015599415908569023
0.0003113946262352855
0.0003854050302387638
0.00044689712297505936
0.00017522932510917436
-0.000528759189437802
0.0011570737383647571
0.00037238984228737753
0.00024470289355070285
-0.0007320896078987687
-0.0008719868704188805
-0.005957303357182783
0.005019379909630584
-0.0182366259405373
0.0009430842884368328
-0.0006736117439608669
-0.00044217650688584684
0.000499594764369395
0.0015381344417722115
0.0005384545923952972
-0.0006333155534113086
-0.002327474103777563
0.0011102479157506062
-0.00028334042713695133
-0.0002979964793534443
0.0002787434075153199
-0.0001835809767454472
-0.00010504564413638823
0.00016794351184015187
-0.00033991618793992296
-0.001175525340098928
-0.0007471674734841485
0.0005781667313457901
0.0001675491978098987
-0.0003720899378205983
0.00017714707054272295
-0.00022939285463211294
-0.0003666522345007653
0.0010692503028090063
0.00022552157839503216
0.00037956158778332147
-0.0002884790827583458
-0.0006429571685875602
-0.0013710915659512453
-0.0002269532779226895
-0.01814703691679026
-0.0009265316099856648
0.0006607555344447296
-0.001084372087431174
-0.00048126644665954913
0.002056581980421035
0.0003982149143417802
0.00023429233288671858
0.0004992934776339519
-0.0005756088027437326
-0.0023556232194374715
-0.00019873930166426697
0.00017130672911808145
0.00018649458417125149
-0.0003067347984544746
-0.0002622771038602443
-0.00047466286272083237
-0.0012867386154565125
-0.00014617425102504128
0.0004793920280471802
-0.00011010662371654902
0.0002443527920029252
0.0010664221008400106
0.0002817631014261369
0.00012693230747688392
-0.0001105074840862806
0.0004872048694533384
-0.00022093157242933522
0.0009480426884147477
0.0001853840173694035
0.015103382223133979
-0.006056179647359435
-0.0034096709862553557
0.001466118086068448
0.0005674214105760334
-0.00018633279733730235
-0.0004957996776139479
0.0022005134413611138
-0.0018790845429729965
-0.0010342516683521281
-0.0014295713317112589
0.0016050149591200762
-0.00026195823838258636
0.00023074269121203063
0.000558169687281713
0.00013528034224924104
-0.00017055538811312621
0.0011868451773442556
0.0003584482937364319
-0.000295168995207315
0.0002972802756894346
0.0002089865586212716
-0.0004962049100805709
0.00031513454720372017
-0.0008595006623201205
0.0001894329943538212
-0.0001553439465514327
-0.0003945327397110016
0.0008072574915774405
-0.0002485695638550761
0.0005503789982893301
0.0016975414853498078
-0.003588645233561913
0.014868100037248238
-0.0005281784792161876
-0.00028562784302853966
-0.00029791936206338866
-0.0008738609490521036
-0.0008368942402921275
-0.00011513634280808074
0.0008648711959701827
0.0011145191475996471
0.002752929708667775
0.0017164428080749313
-0.00011881605241181533
-0.0006621530259097516
0.0003801657620767934
0.0001153019959404827
0.00041804759650046513
0.0010093080420055577
0.00046745395174305665
-0.00029089809510029314
0.00027541702563244926
-0.00011364662657814236
-0.00021686063918727825
0.00030759098509084863
0.00038946643835057994
-0.0008195889616345376
0.00028999190230371685
0.0001479540317598163
0.00022319785165268816
0.00027208768940422404
0.00012265742531017068
0.0007248069103892626
-0.0004442255424669685
-0.0008842957936085495
0.00037932520030576386
-0.0006453606404412294
0.014210255765969614
-0.0004228724459210259
0.00028304227208209986
0.0005028677601171637
-0.00036159279867331606
0.0007484445184568891
0.000465106880593724
0.0001644895476587174
0.002296005879176388
-0.00025170334008569554
-0.00045576352174524345
-0.0003383398207122576
-0.001582031876864634
-0.001872786605059043
0.0009234179421484502
0.0003161110915010675
0.00047550125198026605
-0.0009432109218474317
-0.0004316288299601399
-0.00014727346679226658
-0.0002843384067527702
-0.0004622470817009942
-0.00020887029894735767
-0.0007635927478269934
-0.0002345091229344287
0.00013296342971743903
0.0002491201802458871
-0.0003594464255088427
-0.0006795929749296389
0.00037801114533782466
-0.0001064588861377934
-0.0001079526124778315
0.0004915771223313353
-0.0004186248626367034
-0.00019835224565755834
-0.006277373783664389
0.011652124446795102
0.0005791830686090425
0.0005839080618558261
-0.0005461547538133905
-0.00011808735284279038
0.00018240969211989313
-0.00040065733251166285
-0.0020305051752381046
-0.00044527874258640536
-0.0005859685601888025
-0.00033500994601194694
0.0011392551271555817
-0.00026439744024584904
0.0007726226122335339
0.0020933058115373
0.0011113760628729407
0.0003407414678355984
-0.0003020438314825505
-0.00042649114424624215
0.0004427666378769713
0.00011454417183057865
-0.000304075362643246
0.00014268392856431355
0.0007317055397796846
-0.0002669201088475574
0.00015349815615812388
0.0003149381528820928
-0.00034585732358406745
0.000557191355574999
-0.00034862290901607057
0.00026327732312664726
0.00046782043174990447
-0.0007179696003567979
-0.0005287475950626611
0.011322745901784562
-0.0048166898102642765
-0.0005963579614765331
0.0006202810481192265
0.00022406332549949773
-0.0002463661474130501
-0.0003622182740525111
-0.0018465801248030835
-0.00023352402032594615
0.0003163178284342001
0.0004178440927485215
0.00014092550600983998
-0.00037454439611266327
0.00014489612512261346
-0.0002501586257311756
0.0013400817043337776
0.0004296897935714818
-0.0021480896298409317
-0.0009044221984648933
0.000407433978956671
0.0003068564754105794
0.0003618719758409512
-0.0006086803242060356
-0.00013960916445931816
-0.0001416036990794599
-0.0003372480251895014
0.00035488661219998786
-0.0005481882841338253
0.00012064382977543471
0.0002530579104125359
0.00034925936197587065
0.00022553993152312475
-0.00021304647607308538
-0.0005602550977830149
0.0004013343493801869
0.011458081123881839
-0.000859249414563706
-0.0007019670527204713
0.0003044304962749055
-0.0005448089111591707
-0.0001731234318001747
-0.0003978642548218853
0.00013809860868621083
-0.001085465797869505
-0.0013940919807990217
-0.0003839596283373066
-0.00013110258282481415
-0.0002022672181135219
0.0004651022636464261
0.0010106038268879645
0.00020211898898404843
0.0005470908472865122
0.0004895769794266604
-0.0019066203414544766
-0.0004496860120711739
-0.0006239435622216262
0.0010071055171484696
0.0006760493750300992
-0.0003251860318959918
-0.00010510998476617197
0.0001649464955483003
0.0002683011216279057
-0.0003260811178028603
-0.0003198068707468159
-0.0002049924091996363
-0.0001964180411163478
0.0004649108429725498
0.0001067613828384489
0.00010808510410259583
-0.000345976120352728
-0.00022120977405298283
0.0004900930971898534
0.0004596165620349723
-0.0007340657142172718
-0.0038272040380055157
-0.010049287670375912
-0.0004500139228277321
0.00033070725945669573
-0.00025931969216317426
-0.0016131275377881565
0.0005036876391567229
-0.00013721922197515297
-0.00012065834973064089
-0.00027818297268436
-0.00028975982405379466
0.0001630740317180386
-0.0009049254223823262
-0.00035900230135011606
0.00022971729663932015
0.00040108483767749064
-0.0002928587291568572
0.0003517354850215985
0.0003406609703794769
0.0009137058965391245
-0.0017117262863734326
0.001227591848499469
-0.00012858479992749276
0.0005330392571501614
0.00019095112742131874
0.00025068713739644945
0.0004930304408625236
-0.0002051537775161849
0.00018465691424701474
0.0002750559559956762
-0.00039581946642546054
0.00028861053772995016
-0.0006215924919424735
0.0005040492728946784
-0.0002873911086023947
0.010032981286358168
0.0008456060228886923
-0.00030967784910721993
-0.00034238923767380784
-0.0004852647596365003
0.00013737071685214903
-0.00017461633119359265
0.00018043309344550093
-0.0015701478802654743
-0.00016296587106350848
0.00011107350056946905
0.00011996440864065055
0.0003048079013096007
0.0001739844189194895
0.0008762001218705433
-0.0002334839258116904
-0.00027720264241407104
-0.00014537244510053187
0.0007782412605169193
-0.0002817932463073578
0.00036550541342723203
0.001357239329426531
-0.0016469385206087034
-0.00026695585379492607
0.00044544823928331195
-0.0003671084838635909
0.00017201111429068915
0.00018942449069073449
-0.00011085668983450806
-0.00023340602332916544
-0.00019067125443992435
0.00022741134611170782
0.00040810778843300985
-0.00015263536447862765
-0.00032001297786458217
0.0008058212253972795
-0.00945672256528026
0.0002689287039394605
-0.00010586960229331825
0.00010756973257452688
-0.000422843400729884
-0.00011270463609178005
0.00015070164564349767
0.00013163191821928752
-0.0014610989204472135
0.00032791693460643655
-0.00029775556404734943
0.00039366750944248494
-0.0007035419058139318
0.0003117340588844462
-0.0001492146121686285
0.00028761571821197326
-0.00012186133335767334
0.0006040218429625178
0.00017804421854249224
0.00030069102644082355
0.0002799515136847512
-0.0005733330910220699
0.0011669757760482409
-0.0014392406298107758
0.0001194307585493758
0.0006994228338230806
0.00034779183144893684
0.0005579435487230545
-0.00028635880019580037
0.0002422532344897282
0.00037324336020572895
-0.00018249032017735075
-0.00020804916341059717
-0.00034064929344300703
-0.00011988091446184304
-0.0008187568649145429
0.008883758628946576
-0.00034439039439479024
0.00011438994704874583
-0.00037998351860255567
-0.00026975420241175357
-0.00016407776276298298
-0.0013799232572035457
-0.00024423795206314264
0.0002485225775566266
-0.00014916758760250863
-0.0008151713119809999
0.00012921573978978983
0.00027462514458792016
-0.00010685861423921567
0.0005900590905986928
0.00021886033959039322
0.00011015588701432206
0.00024973924408011925
-0.00024852677519114375
-0.0006682946464822314
-0.0018158727677288684
-0.0005733938795481678
-0.0005245170306000291
-0.00012488929736253476
0.00012487117599678803
0.0003587083882644428
0.00012242095461021093
-0.00012420659644725427
0.0001226310600854235
-0.00011494185967044867
-0.00022677757754255577
0.00015415391554249086
0.0002032668250935732
-0.00045429501897505684
0.00045142638153056425
-0.008381803725115506
-0.0003277518096976282
-0.00022277926299709675
-0.00013972802106338762
-0.00021697177309469535
0.00038327246952483306
0.0006853703332892397
-0.0011275656905751583
0.00030542382962998145
-0.00013323055403516686
0.0007546083059455026
-0.00014980061721107683
0.00023553970941345162
-0.00013820867484293356
-0.0001625838515071574
-0.0005052859518661224
0.0001561195770551814
0.00017648403158815852
0.00046671055449756165
0.0002154242829947551
0.00039060784111973886
-0.00042457562775973217
-0.0004955005632631117
0.0017254670098772506
0.00047543348939839164
0.00012376282599984605
0.0003667141635710874
-0.00011136963609372324
0.0002589120832012882
-0.00023884071735339873
0.00018941189579412064
-0.0002244085086261185
-0.00033276850435460154
-0.0001949086484901497
-0.007923820458300949
0.00046406452286365074
-0.00033553737628174427
-0.00010472467475231885
-0.0002725905593638843
0.00014272031498511865
-0.0012426390648929645
0.00012239910819532459
-0.00010047270041196586
0.0006952106189571967
-0.00023405952879271383
-0.0002215188510201884
0.0005018776055162372
0.0001928365464600013
-0.00011301310143672398
-0.00011369113826430058
0.000416201830075081
-0.00019561218206596786
-0.00013187753102937794
0.00021429153294289064
-0.00038456738420345106
-0.0006679407168537762
0.0007049897534941594
0.0010852706966695891
-0.0009351120793359511
-0.0005708340466517713
0.0001983684070425179
-0.0003632653957437753
0.00030621982090046305
0.0001149821501704678
0.000337618423731655
0.0002283953265680534
-0.00011199306509457808
-0.00015552480121058376
-0.006469659043351775
-0.002758264018276484
-0.00260665160733059
0.00016368222891206761
0.00030869215410140184
-0.00023304975658101305
-0.00014015962159202148
0.0001251583865989668
0.0011759241597784078
-0.0001475958074674721
0.00014995608986353661
-0.0006798866229642854
0.00019581235512961171
-0.0005041211109583784
-0.00011404117583763037
0.00018145248793105274
-0.00030784703690078335
-0.000207192388269047
-0.00018982772194499475
0.0001931563571614618
0.0002093396232800532
-0.00014405472462769605
0.00043359703156145525
-0.00031060854367860927
-0.0014255734946932298
-0.000991650546571541
-0.0003524414146126263
0.00012757074690068187
0.00030294792871974024
-0.0005630105974635536
0.004725270430993953
-0.005270785938464411
0.0001733437939369217
-0.00034813779904542156
0.0011192403406726423
-0.0002004052327066332
-0.00025173981225555205
-0.00018476244954000553
0.0005779020286684723
-0.00010213997084031643
0.000138476165089697
0.0001270605911666281
0.00046386541702234005
-0.00012893260709489538
-0.0002137382406765444
-0.0003513156138728768
0.00011217412483407865
0.00010213005980644312
0.000308059153928686
-0.00035570741473196164
0.00023786369037643386
-0.00018525827227976557
0.001639794309973863
0.0001783337197024438
-0.00046412569039180787
0.00018914572212001363
-0.00012845411365538826
0.00018125836220845914
0.00020740990426333484
-0.00034761697860251914
0.00025019630017484245
-0.00038166444349983867
0.006693070082932627
0.00029280367738975476
0.00023169089601080418
-0.000191440722958486
0.0002842320754227886
0.00012919086388873556
-0.0007838281458028457
-0.0007381282092652963
0.00010904485488914638
-0.00018152053430844114
-0.0001013395255004026
-0.0006000861460052445
-0.00014579056382603276
-0.0004144954863939444
-0.00014040241233704708
-0.00018792429812920466
0.0003282236225789285
-0.0002619507488594226
0.00016505674913683792
0.0001865068216987136
0.00014658700729034866
-0.0001139905448575368
-0.0004171087223699641
-0.00014547997614222885
-0.0003341807526070626
0.00044189522545838735
-0.0007498276853292753
-0.0012896114282419623
-0.00010410574529732951
-0.00043211141764426184
0.00029999954395150256
-0.00030931755178514127
-0.00029497610103348303
-0.006366105818709891
-0.0001498945263073806
0.00025688147990413047
-0.0001518728675510695
0.001022593494620802
0.00018940252150133718
-0.0005764760083335251
-0.0001129096234158502
-0.00041355135353007697
-0.00016567702529921144
-0.00031721284685990337
-0.00010218229448753338
-0.0002475335608304709
0.00011209477537189152
-0.00016705230878321257
0.00013335463896516658
-0.00012049630986952981
-0.00019706591527407478
-0.00014121674583223484
-0.0001910251202846182
-0.0003349152099468286
-0.00043832815436461027
-0.0013176577905457437
-0.0008957703661520185
0.00030660480407244804
-0.006043899281878213
0.0001021381076101684
0.00025701800461471375
0.0007976563177796525
0.0005402152840698845
0.0001357833147651528
0.00017889714241630395
0.0005469987252624792
0.0001062284254663656
0.0004004238622115888
-0.00014726680622753066
-0.00017337948691225952
0.00025676728822550366
0.00024492938278521863
-0.00010567261235160034
-0.0001809904703877468
0.00016775624401753217
-0.00015743697928773267
0.00015903416493581398
0.0001208232223706492
0.0002126018131687524
0.0002612068833595665
-0.00010958427433642165
-0.00016079382926683202
-0.001213696447645295
-0.0006619245120655955
-0.0008172711026471912
0.00021540592646437603
-0.0001081309693747316
0.005742832007995436
0.0001004236150478801
-0.0002451110731495957
-0.0009272442637912717
0.00016859806252771998
0.00034542331832744093
0.0004125044033239238
0.0001501930191701224
0.0003832601530427582
0.0002754961351347538
0.00010710186397573849
0.00010721924721813399
0.0002277520962517485
-0.0001636718801730163
0.00023799477619937143
-0.00012879011663272859
-0.0001056100918931761
-0.00019968273301074337
0.0001730839714292111
-0.00046285161712956746
-0.00035318859207455686
0.0007472400169607955
-0.0012622499532645862
-0.0004685720636365026
-0.005444906485144526
0.00016265593315083036
-0.00013142323624314886
0.00024091023048402227
-0.0002639428107621473
0.000852312231477293
-0.000107184028263091
-0.0004964607858341822
-0.0001460280748486345
-0.0003575008761120438
-0.0002791193941107374
-0.00012886674507323276
0.0002228767339018551
0.00021578640170361656
-0.00012911855605532403
0.00015515560890031968
0.00025471412753864925
0.00013728297283664554
0.0007485203162505091
-0.0012169650084973426
-0.0004998496140787781
-0.0010981139177197266
0.005047703174656856
0.00037052114134134847
-0.0005625333840142901
-0.00023996691070660655
0.00015202559874535865
-0.0008365564184479217
-0.0001041283387441336
0.00046949704424681745
0.00014687026641107995
0.0003408754264673783
0.0002648875368939675
-0.0001235083886625305
-0.00021421627804645919
0.00010390085888154331
-0.00020738295085575247
-0.00010690212147508421
0.00020322932978539496
0.00015600423306182625
0.00011315851502202762
-0.000706377778440835
-0.0021079735448538933
-0.004313063247495054
0.0018107582068132085
0.00025620128947970747
0.00014435775031877696
-0.0007742057787795382
0.000202962748620716
-0.00045077948580407823
0.00011106722003496029
-0.0003263546613008316
0.0002498843061608674
0.00011540865502266891
0.0002046550688783355
-0.0001952626935044327
0.000122892423064114
0.00016308862696390298
-0.00015842930747293998
-0.004912011844746203
0.0004868238959943109
0.00022193659910452602
0.0002243080846956849
-0.00031534977607448336
-0.0007522365071931201
-0.0004374955172982898
-0.00012831089552529666
0.00027913396583559904
-0.0001518972668797808
0.00022452525158701237
-0.00013686629801517067
-0.00018390503735883886
-0.00018845857210205105
0.0001436024407476651
0.004638334932746509
0.00022975906358022527
0.0002475278952023227
0.0004011096963154207
0.0006112011950940828
0.0005708299091237035
-0.00014142514030824932
0.0007204921038922763
-0.00010828190008447408
-0.000420457711078442
0.00030181230674186605
-0.0002350890423487818
-0.00018612850706107336
0.00017217945531011698
-0.00010610618340660889
-0.00016766723218954627
0.00010008561339195241
-0.0002626995609753981
0.004404281593018385
0.00015546861724745754
-0.00021136421517500592
0.00011414012258714604
-0.000972695328812998
-0.0001982153818014472
-0.0003055140404472884
0.00018220350524254965
-0.0001723789860719428
-0.000639267777867315
-0.0001065533163875125
0.0004023473491184301
0.0002865558922919744
-0.00022166877926670775
-0.00017653625721653727
-0.0001797719699741901
0.00014404432158089957
-0.0001493899895375527
-0.004202472918331035
0.0001343541658777272
-0.00011921014387650356
0.00019672340249099905
0.0001754636630913371
0.00015185125625351127
-0.0006694441253195542
-0.0007549724400636227
-0.00042704437781169183
-0.000574538549704617
-0.0001043499515932782
0.00017683043047557307
-0.000338790319435052
0.00027429129373558015
-0.00020625764148348786
0.0001280586965609532
0.0001039999904659119
-0.0001771644383205534
-0.0001473531947540847
0.0001300446780217091
0.00010917693288256005
-0.003926209052775923
-0.0008542284662576431
0.00022912104410995805
-0.0001292518418797203
0.000130156538164301
0.0003992853773484686
0.00033528239404847344
-0.00015186538282675334
0.0009859116873495825
0.00038830543579618346
-0.000259728951406617
0.00019015311771047202
0.00012167581225536592
0.0001591424601315743
0.00033285066437483785
-0.0002337040930602639
-0.000198854422714661
-0.00016465068556260096
-0.00011353352865170999
0.0001325126437377051
-0.00010416316528312593
-0.003829927666354351
0.0003239528369652543
-0.00011340104737124596
0.00039634122590499304
0.0002862157489946533
0.0007277591065248042
-0.0007235741184624899
-0.00010584824822986073
0.0003650874378506336
-0.00011979908674319804
-0.00030342029814379556
-0.00010031516870795709
0.0003528136853542843
0.0002220423453094433
0.00016550425026225064
-0.00014639648785188188
-0.00013044112849514732
0.00306677461179728
-0.0019931923397739203
-0.00013230184038789844
0.00014262622250820804
0.0005011685224008659
-0.00012187031594600192
-0.00020942830962322065
-0.00048044671796696717
0.00048345029806586736
0.0006018535232491998
0.00028112527834007784
-0.0005502519246798738
0.00014768073844041428
-0.0001707944510389141
0.00043891803230076173
0.00015388797326024463
0.00013090404504509978
0.00010960016745405879
0.00014788872420314777
0.00010855271580050009
-0.00014512179263908074
-0.00041829476675109696
0.00027246564536597296
-0.0005920317744934538
-0.0017486331009651582
0.0009325492885531442
0.002710914788326892
-0.0005400790169982521
0.0001481931945683475
-0.0002069980658196189
0.00014783899658950977
-0.0003243645684132849
-0.0005387911937719134
-0.00034415595627926
0.00028859215566484067
-0.0005996760465193038
-0.00022168868485175267
0.0005546479423200023
0.0002612435190996118
0.00013876851063285343
0.0003854171554828152
-0.0003944021790030409
-0.0001010736677009763
-0.00016115964886932046
0.00011567926040831719
-0.00010753902642080555
0.00011364654016474182
0.00014875944761233656
0.00010115892045256604
0.0001130342015287325
0.00013800484430055558
-0.0001296671754477628
0.0001088373891703856
-0.0001282058558041392
0.00010884653642651744
0.0003170977033136925
-0.0004707401223547663
0.0005745857155223918
0.0005661831312065106
0.0023537824670335204
-0.0016252599196006298
0.0010993122107712115
-0.0004912487473492168
-0.00010827437243695469
-0.000263468620973043
0.0005329183805741669
0.00036452759780056503
-0.00047085432263558994
-0.0007508730460224192
0.00021232940126250226
-0.0006252462211287388
0.00025057123336680363
0.00011662212330460834
-0.00036594011568841494
0.0006469248678490034
-0.00041476322292623743
-0.00017513195044697796
-0.00016622198112311472
0.00011547284956780475
-0.0001127930976894788
-0.00014758500411068254
-0.00011005067067723499
-0.00014573901124299076
0.000151030214029078
0.00016170546649837636
0.0001509633289987683
-0.0001479420145662404
-0.00010118970286846648
0.0003445918276890836
0.00026033415904021685
-0.00015192575666567965
-0.0006329211439347703
0.00020950528856430344
-0.0006736838960187872
-0.0001610194742998976
0.000465400413245212
0.0006710349256935623
0.0009543315956093553
-0.002127740928907052
0.00014870112777108885
0.001622337561213454
0.0001212581565836114
0.00037364101633330084
0.0005251265473326081
0.0005027604775134672
0.0006728430692016073
0.00020350010522827188
-0.00022703445915127113
0.00026210795281662093
0.00043028208491843105
0.0002093283659830416
-0.0003951598046328556
-0.0004903609333128683
-0.00019859879380590634
0.00021522770868332808
-0.00011748996445892764
0.00010339268421977165
-0.0001171919642260748
-0.0001401048694319654
0.00017701570377692726
-0.00011591123763342004
0.00011500552251367392
-0.00010958587140864724
-0.00020990998097702198
-0.00016034252966553488
0.00012353827636199792
0.00016762751709480098
-0.00011772923293428168
-0.0002045153327001016
-0.00023133511755335433
0.00028614971653240077
0.0001057005230159556
-0.00040486424477959867
0.00011540533401107871
0.00018053237589983243
0.00012373317190084572
0.000163838802488231
-0.0005810223303167244
-0.00016300807121133595
-0.00011502052656151091
-0.0001586750804181049
-0.00033848498148253046
0.0011602224932773073
-0.00036507847470061005
0.0002450750226424753
-0.00014341112824644317
-0.0007389957376409869
-0.0006441986686112621
0.00011711591163543802
0.0009650319776304917
-0.0010464587768703485
-0.0009221748431861306
0.0009634356011164753
0.0012105211015566795
-0.00013610441288109507
-0.0002942685220585524
-0.0003111685798995196
0.0003988799918322077
0.0005032723381759695
-0.000267208513814474
0.00047695925531165853
-0.00038346095502655997
0.00034005555465271283
-0.00019078265234164754
0.0004578522847285136
-0.0001492045639252353
0.00029776597248859754
-0.00018590232477476505
-0.00029154432429431197
0.00012437040500318114
0.0001585614877963818
-0.0002724719053440887
0.00011713568381118008
-0.0002308674576161082
-0.00018563888326860348
0.00016225675685386788
0.00029492897489017246
-0.00033439699170863995
0.0002626748959028605
0.00021280069224976353
0.00013244740955673193
0.00013686720676399448
-0.00015285522978327807
-0.0001564805564032327
-0.00014451213116139965
0.00031547550400730324
-0.0002157071280667437
0.00016862720616040718
0.0005127938230909749
-0.00025299200399112964
0.00029477706462126984
0.0004060477547091951
-0.00023641452786867442
-0.000514336541503975
0.0001272085952912343
0.0001320613946884373
0.00031186993133256325
0.0002611649410267763
0.0003687820942735806
-0.0002015406550429954
-0.00024355143028127974
-0.0010699608425043835
0.001318640220812042
0.00012673762551300514
-0.0013691373842120234
-0.0006549986234775956
-0.0005563335160935262
0.000464281461127619
0.0006260355607059505
-0.00023588282018079457
-0.0004558687373943143
0.00014218709630158023
-0.00021599237340092642
-0.00016839318485046084
0.0005673355967956696
-0.0004705745407492269
-0.00027626755131088054
-0.00011447037317782322
0.0005619678939327776
0.0003613457934766559
0.0003509134127000793
-0.00028791767709926777
0.00011029269110421221
0.000494776599281066
-0.00036011165881929207
-0.00012533332387560286
0.00046996121181690583
-0.000306862580654486
-0.0001367987095751695
0.00010724790807494386
0.00012682883310167133
-0.00023213686577597885
0.00020878577063492313
0.00011815151071033828
-0.0004143010882190754
-0.00019951387203996453
-0.00013079978469210412
0.000275882457893629
0.0002037092506102896
0.0001712861733808077
-0.00017974155774426708
-0.0001752678851768466
-0.0003669732423131824
0.00012637294514149168
-0.0001598655603817569
-0.0003339961210602095
0.0002364234202575123
-0.00017510198251398184
-0.0004370626270491533
-0.00027046300546731316
0.0001607261239649002
0.00022349963614988973
-0.0002943503425963135
0.000888657257760359
-0.00025379247144452526
-0.0009737879531655599
-0.000234413100900099
0.0008129818578970967
-0.0009628801148916931
-0.0010352260052603579
-0.000239827971477463
-0.0010152339098783946
-0.0004690007293423037
-0.00040173408731861523
-0.0001520236576900501
-0.0004673314336350946
-0.0005620918933234327
0.00025688277022446797
-0.00015236246876815723
-0.00039656747495727795
0.0003777041190212596
-0.0003267451008810385
-0.0004777816429462827
0.00046130586132776276
-0.00015465529619723876
-0.00018717558819105398
-0.00039404925851447436
-0.00014622280409743243
0.00017991118027536394
-0.00035713002487537405
0.0003840103178857476
0.00035272687126998507
0.00022368172162450726
0.0003633941838805855
-0.00019958946379867648
-0.00011148418471123985
-0.00010592327774672447
-0.00028719581575793377
0.00011828313926409615
0.0001370657200871172
-0.00035763970002073645
0.00016376910227540776
0.0001787228767287314
0.00010645453446122164
-0.00012974862062050774
-0.00025029628583969117
0.00025745920294289234
-0.00015748311853501862
-0.00010728371711637574
-0.00017312990266654202
-0.00026706677865021526
-0.0002556720447420404
-0.0005520703997955925
-0.0003414476878658849
0.0002866429262787964
0.0001240660777008127
0.00027900373172935934
0.00015909961761505125
-0.0003194462192408137
0.0006768259251466926
-0.0001903679110575378
0.0005562401228862093
-0.0007732786214784294
0.0002028809715626841
0.001460226228152829
-0.00024673471869604004
0.0007306356119654989
0.0003290997632610238
-0.0006234776059749429
-0.00030126739730662415
0.00016915408501331705
0.000610853537114316
-0.0011205457041549695
-0.00021132447519728653
0.00012389353220776687
-0.00017379957385089606
-0.00021587185651964985
0.0005303810070870149
-0.0001346149728474947
-0.00022454252021739877
-0.0002391596162866372
-0.0003880876505170916
0.00013897766938857802
-0.0001896506670736945
0.0003990941914681752
-0.00010654638965405077
-0.00042230049325265906
0.00013896643878351752
0.0002668398209633546
-0.00017266355040472758
0.00019938713931089123
0.00010089725145487132
0.0001235020316041309
0.00017915101218787347
0.0002492977770390106
-0.00011343980918031989
0.00036347063284696327
-0.0002860238995416958
-0.00013902926981471632
0.0002076723992927709
0.00023445895269546687
-0.00037629138442209003
-0.00011504444267440365
-0.0001524203207253821
0.0005966786370324101
0.000567288271222004
-0.0001707069526189712
-0.00039135555087404465
0.0005966527971972954
-0.00015008626368467732
0.0001748474972890919
-0.00013092584448295446
0.0006655984177687715
0.0001867063935373063
-0.0007650793989681878
0.00011899215006200098
-0.0016014562343097188
-0.00010298271767570028
0.0006121467794530814
-0.00012270485173185376
-0.00034135093201438497
-0.00021547633193915995
-0.00016219562697798053
0.00013869796556489206
0.00014713888364759853
0.0008537710552040372
0.00013429424445937123
-0.00032287312339127907
-0.0002051437917306325
0.0002025667764624129
0.000565118687578773
-0.00010114235841033013
-0.00015279286048053175
0.0001823950706591418
-0.00014973325539367172
0.00017811411403474773
0.0001669242306532836
0.00011526728787805892
0.0003655311763789953
0.0001939785996970379
0.0003124655780498873
0.00010194761251124807
0.00010925769471333885
0.00011796702032381661
0.00034124217865267497
-0.00010965419119021487
0.00014879584183464926
-0.00024178451405822935
-0.00016934645852296825
0.0001436427090762657
0.00011763851382199756
-0.00025320655854644744
-0.0001519805858746397
-0.00015877592753311102
-0.0001331706069266276
0.0003442803553809018
-0.00020711664525800144
0.00022409908538736158
0.0001362727583799882
0.0004336329759724581
0.0002489966630722565
-0.00023645926474150574
0.00028809246833138425
0.0001353126991819321
0.00019259588652579496
-0.0011595373613258585
-0.0002501986814720475
-0.0002600955705797115
-0.0007949771162910385
-0.00044704172611768423
-0.0006194367522364992
0.0009198520097093448
-0.00031399545305353107
-0.00024671153787280005
0.00016903100916344516
-0.0007471327437349449
0.00010806530291164416
0.00014251746061010254
0.0001866455813884809
0.0007170206973160083
-0.0003574183260213856
0.00036027502755077217
-0.00012198661412588694
-0.0002340394053316293
-0.00019194279831162583
0.0003443736956347956
0.0003694199043951824
0.0003082213123187047
0.00018798769724963656
-0.00027453094867520923
-0.0005317094598214469
0.00027379742958229687
0.000199822625126791
-0.00024175491423269097
-0.00024372059284933045
0.00013855639984236925
0.00041683712089254823
0.00017568024371838648
0.00027838161741729694
-0.0004483242720518948
-0.0001623385730322007
0.00013866299558625526
-0.00014318449890622157
0.00021502407634624863
-0.00016803385290557117
0.00013101362407563207
-0.00011265633161292505
-0.00013086887523951462
-0.00021685373429061722
0.00010371454637695738
-0.00014352827154416335
-0.00023497997998905097
0.00033385586286075125
0.00015953284067246956
-0.0002447402722650667
-0.00010168964314559586
0.00010056953697033338
0.00035432951673041113
-0.00030266858680117695
0.00017903584963982946
-0.00030218709370813905
0.00030893876222287236
0.0001412961301331378
-0.0001878376154416768
0.00036714515151410674
-0.00017289024843346467
0.00034704349840728127
-0.0013140027196008935
-0.00024122863907954505
0.0005296755747620498
0.000653551319947149
0.0011138627777098978
0.0007621728762998378
0.0002545485407671791
-0.00016740501587103482
-0.00017552809281887213
0.000304624462108648
-0.0006561692088813026
0.00016845262591518508
-0.00011389217355569369
0.0004266766778902007
0.00020500418042106687
0.00013369155785173095
-0.0004925723741993908
0.00014335564344772776
-0.00018263740364767505
-0.00015575870889285849
-0.00030355200535835
-0.00023171039357801937
0.0001348474128186951
0.00013967939589908695
-0.00012351334746363011
-0.00013769819670374664
-0.00010782154704422754
0.0001157867674064031
-0.00032223919031266064
-0.00021340652598626962
-0.00023618576878844168
-0.00039622074670783524
-0.00019138926599212053
-0.00014646851985371617
-0.00014041303188262402
-0.0005140367598347499
-0.00012709713749222508
0.00019044802120295139
0.00016411008592840412
0.000555728033048203
0.0001597005868339481
-0.0004738989391718189
-0.00015035555384320163
0.00014229134579626555
0.0014378325964279667
0.00014070124852033058
0.0004868781020600325
0.0012728626802627886
-0.00043387802474345735
0.00032541412118444193
-0.0003677011014690524
0.00024765567459108346
0.0002515813044868787
0.00017131184548933927
-0.0004320695208852761
-0.00026264045027701437
0.000296230869981319
-0.00010090802023413185
0.00031154358488506476
-0.00024331539944144097
0.00018076121490267786
-0.0003663069930454679
0.0001516034139056653
0.00023788541220118195
-0.00020281466907551152
0.00022120989225508336
0.00027634496468832963
-0.00010580452832363821
-0.00011161242110621956
0.00014286582893277262
0.0001529896471235772
0.0001037605794293536
0.00011869989604595215
0.00019645649330700732
0.0014559626898964727
-0.0014005589744008713
0.0001230250995292528
0.0004833482090498094
-0.00017641893262675156
-0.0001531470081834046
-0.0002031549284923688
0.00011997159235925139
0.0001425834250919497
-0.00012379199718595736
-0.0003156787085570067
0.000771183089485051
-0.00024157036926110114
-0.0001230773930275231
0.00015135785019106094
-0.0005552936164419814
0.0001352529344636822
0.00023031026941669453
0.00019694244632589435
-0.0001286278423872229
0.0016494434970827031
-0.00010293135404378655
0.00013213209960410356
0.0001104054546291761
-0.0001058038218384363
0.00013731389186711867
-0.0001503322864089061
-0.0003580526512395074
-0.00018096740809339602
-0.00014664443821661192
-0.0003508088509084882
0.0005404944673503653
0.0002630994881104801
0.0004554449439997899
0.00012309647778190608
0.00012599230978273826
0.00022146225267327807
0.00012516342440367818
0.00014091971246201206
-0.00011485628318800978
0.00010137078516151805
-0.00011382029490068234
-0.0008216328233977096
0.00032321119154345553
0.0001631657303334231
0.0003462946785803973
0.0013548852747479205
-0.00019176565445096748
-0.0007885432129508803
-0.0001042524802161728
-0.00022045573226153587
0.00011006423750701324
-0.00011243512756653267
0.00021584460425123634
0.00014333443845923315
-0.00010374271213721156
-0.000112411996041063
0.0001241056935954657
-0.00012449335044126237
-0.00011839184829296875
-0.00015525119764229911
0.00012229954451025828
-0.00013109755837707623
-0.00014612985245863986
0.00010205037206814028
0.00010224133172932656
-0.00011752071500324988
0.0001028351887332194
0.00016734537155020247
0.00012824823354326946
0.00012360059385680677
0.00016542552939308977
0.00013469031713126352
-0.0001275710460550541
-0.00015977275872149327
0.00010659492640940152
0.000101116223581626
0.00012902646766106002
-0.00014155511114084546
0.00018872737631104436
-0.00010744920669659171
0.00011752256333925737
0.00015226342528536658
0.00017022594047320022
-0.0001042494837900949
0.00010197314039939837
0.00010605706277547842
0.0001346982029645847
0.00016036349827013282
-0.00018596847966243692
-0.00010531333385147495
0.00010754637812595439
-0.00011157282548043499
0.00014646041567704544
0.0001600698576377681
0.00019578015842460208
-0.00010985577730492973
-0.0001503048223456934
-0.00017387400669402836
0.00020440334073628397
0.00010548536980071206
-0.00011254353058981661
-0.00016325031964031298
0.00010020024518484524
0.00016622084197967296
-0.0001024592405655952
0.00022567383339839393
0.00011260012846984027
0.00013586985689478006
-0.00016017834535861692
-0.00016303247794299033
-0.00011151700592732201
-0.00022018094683003318
-0.00012448613739477117
-0.0001255132243056422
-0.00016239751676101391
-0.00018760330755880118
-0.00010188184002997712
-0.00023334664386871748
0.00012564285465715944
0.00012613934437453615
-0.00017555440890172717
0.0001760239637621816
0.00010110232953559538
-0.00027125279750201217
-0.00010554491527626974
0.0002686766390436985
-0.00015108921698510355
0.0003217902441727847
0.00034085862468304686
0.00036115316528309625
0.00037088104438569026
0.0003799328439051581
-0.0002878873022380859
