0.8999573212369658
0.28016283571208095
0.1627887807776222
-0.15483584410442067
-0.040879085915844875
-0.08853364579219103
-0.07671449776561956
-0.0737041138133264
0.028869621388784083
0.062202572211363265
0.0657081338049374
-0.043632141191615494
-0.0019827068126861483
-0.02331629092628428
-0.04930481273075682
-0.0037353369427484276
0.001270634947834175
-0.05242501511992985
-0.05383987631633429
-0.00267157039195732
-0.01884457409436999
-0.0003360176610701368
-0.0028558263545758454
0.0061950752501808625
-0.015522491271257707
0.004972328250325599
-0.018674773011399574
-0.06154671250779416
-0.0007987762996571025
-0.0006344601412152996
-0.0004212257469404023
0.0016262781379162293
-0.00027235349918190705
0.0051434474539996285
0.008496563526012114
-0.057749646703120605
0.0017238543473687233
-0.0005724098439906238
-0.001908661840664608
0.0003825429269166208
0.0023636184551123754
0.0003264370688746848
-0.00042242707099620643
-0.010288457445222884
-0.005954160996481987
0.010066409207430859
0.04854845893845778
-0.0007742542855823284
0.004839121713958397
0.00038178685129477584
0.002292543063763608
-0.0034325296988328697
-0.000315477108772261
0.0006112905794505731
-0.0003783814014596656
-0.009687285882438884
-0.001160381438965989
-0.014775824757620699
-0.04092853331276499
0.0019982277574534363
-0.0004670154336109303
0.0008512994427408538
0.00013156220978770993
0.004181053802956203
-0.0005451185550820076
0.0004907253881524892
-0.00043873220507844083
-0.00012704218122293407
-0.00023306104639594173
0.008673510332057016
-0.0033178121404393293
0.000988309178382166
-0.03732026390033772
-0.004734546252079711
0.0034957996042688424
0.0014494258641199092
-0.002774492130604474
0.0032118913558030378
-0.000988741335951327
0.00015408122483710364
0.0005077070869957838
0.00022815854450803093
-0.0003271938426882033
0.00043522585704880586
-0.0003379646380854316
0.000717329921178349
0.007379148739749995
0.003220543483689506
-0.00044149939440822964
0.003325153698638448
-0.032668987781829965
-0.0040810379888943735
0.0007757824377445413
0.0008386495135487987
-0.0031260017434556284
0.0030582164474546613
-0.0001760526036651792
-0.0002756506027369054
0.0006429567673595862
0.0004045888505855328
-0.00014100056856281278
0.00019231077646044754
-0.00015064847276352627
0.000895419235751776
-0.005444005897096091
0.004756937515091169
0.000745192622507684
0.029014902338220412
-0.000500939231860122
0.0009053973254503061
0.0014883103547063152
0.0014304436512582474
-0.0001845012866132968
-0.003766815618250308
-0.0012991444347545185
0.00036394408792510193
0.0002430955253421666
0.00023579003437658436
-0.00024811010549524503
-0.0004507499632607088
0.00021328975902235248
0.00014410563608624892
0.00039884334551832165
-0.0003930822969275597
-0.006571497003145283
-0.0008827650951051418
-0.0012914597984181862
0.025440090757477295
-0.003057024696360657
-0.00016553259699096987
0.0013477801821611339
0.000889392187048521
0.003658949631687845
-0.00013532236592546498
0.00026275558335926415
-0.0004731205427669583
0.00037800207930235044
-0.00036972931251091684
0.00023642652888340883
0.00031554301746259826
0.00045348757215684293
0.0059711436848960955
-0.00014096459774192466
0.00919746572196627
0.014448944897143176
0.01500683226765871
-0.0012608306166999109
0.00047642684585781425
-0.0035491665244321152
0.0003196349141035584
0.0003007384595070716
-0.0002145890883537608
-0.0004421343969629655
-0.0002967857732482891
-0.0001594451710402769
0.0003637850293197462
0.0005071300391986116
0.000127524694841796
0.00018955888242344447
0.005377126953299482
0.0014045445594038758
-0.020226355916305668
0.0018057735875619961
0.00033158423145332396
0.0008450089867641297
-0.003242237340910356
0.000582694079778588
-0.00017912482240932422
-0.0002971063588987633
0.0002744955379959479
0.00033712952016467785
0.0006581425849894006
0.00022625101172367548
0.00010788211649403976
-0.00022013396431112798
0.0001714019156625297
-0.001236291028541117
-0.0045816051479702375
-0.0013392727573771765
0.00023875186799909284
0.018200925890545228
-0.0011510578315781217
-0.000559384603210735
-0.0005603555500737123
0.0007369596469063144
0.00034675853070900784
-0.0029726165747364594
0.00030401090831348016
0.00018067382694923452
-0.00015081588165060582
0.0002590133330014573
0.0006797662390984682
0.00010140455173796626
0.00012368688933836456
-0.00010714913047723942
-0.00011089660714060227
0.00012873400774709878
-0.002766095570795145
0.0033283631231956663
0.0010809643242504692
0.00012874301325227117
0.0017206855060739974
0.016359824306257053
0.0006226934496334677
0.0003295108144334258
0.00031268057640319836
0.0005656917315315537
-0.002352780039097394
-0.0014480289778190827
0.00011996372700611109
0.00014315621658487384
0.00028141823466541153
-0.00019097414668079618
0.00034466964837026517
0.00045716944267469107
0.0004768032275620851
-0.0001211518416059335
0.00011427510186290774
0.00036393715279444273
0.00016646708074839436
-0.004034517868882932
0.01484134384242138
-0.0007884202232023229
0.00017569604774394024
0.0009564803786592461
-0.0006211388013896881
0.0007104662188884938
0.0009599742090672174
0.0023669985858909954
0.00016015116839197165
0.0001922928884247289
0.0002017793674267148
-0.0001067773709776445
0.0002721605302026514
-0.0006061653139576685
-0.00019977522887156628
0.00010028379851440818
0.0003941424175321135
-0.0007332585607237646
-0.0036218252196033303
0.013223899649284363
0.0029271814539084777
0.00039312522549861606
0.0005787161526194217
0.0004740305954044502
-0.00038876428593517657
-0.002299057324856298
-0.00016749200463832026
0.00019527499163302136
-0.00022992483410745588
-0.00023789294187099615
-0.0005791313169988885
-0.0001583306750710313
-0.00013079331342408503
-0.00012107538057048776
-0.00014651488633938737
0.00012183509880246557
-0.00012119928399299827
-0.0001532377392956037
-0.0033984987737205527
-0.0011739879527374291
-0.012160625196802891
0.0012558585785620358
0.0006900647011396518
-0.0014309009971208546
0.00029865517107964995
0.00044855317867872923
-0.0003673969345694422
-0.002061011701214268
-0.00036484185342973603
-0.00022308037392660475
-0.00029904392894323167
0.0004902911058741571
-0.00016768800484162052
-0.00013802980511327424
0.0001258322035215849
-0.00016814254657975634
-0.00015678983581715266
0.00038728842534463035
-0.0011157396334788275
-0.002796736131893179
0.0007257222057363241
0.0005217933186554612
0.011309164259983696
-0.0007396890289598183
0.00040948822240051376
0.0001423579112989755
-0.001985113127122101
0.00011080746123826253
-0.0001732446909376592
-0.00015248210816207945
0.0005583668235924266
0.0001260839742320775
0.00013760649882402272
-0.00010061131954126792
-0.0002275282013610189
0.0014710217763445714
-0.0024341921594886566
-0.00030715360680194057
0.010433548246272331
-0.000250164087495738
-0.00012953294937543666
0.0002478213385953264
0.00179115746999264
-0.00040808735935644056
-0.00013285013084586797
0.00017202414051773713
0.00013108978192977866
0.0005323950946029948
-0.0001181210609051949
-0.0002489976528220115
0.00013895370946758338
-0.00013250354438030008
-0.0026232051239099942
-0.0010010002461405044
0.009565852729985188
-0.0004071080746148924
-0.0003251928922877935
0.0001575875494222468
0.0005972461321339157
0.0015913347858593847
0.0005153929994622123
0.000242225855046153
-0.0023619417596677872
-0.0005259771701194704
-0.008848449480778694
-0.0009963194830464647
0.0004064579543786672
0.0004955830219060034
-0.001065298947818068
0.001043034317074619
-0.00019641117893933347
0.00046029192430583016
0.00013237706898336122
-0.00022188597425773106
0.00010299712831213661
0.002011441698237913
0.00095748789840868
-0.0002239873859479895
-0.0006387906220812925
0.006356856494471869
0.005230677934377859
-0.0006540067213207714
-0.00016770325929331694
-0.0013664451360405159
-0.00021624739392544237
-0.0001546573554259245
0.00010593143971722173
0.00015183681014332433
0.00041070768088202834
-0.00024125776982234865
-0.0001137925322607108
0.00017288718722162434
0.0004718008364058858
0.0020115925592996712
-0.0003933363413805672
-0.0044081586980718275
0.005763802727791867
0.002565930258395285
-0.0003826408255054924
-0.001229053181574102
0.00014030680114318723
-0.00011949755343593616
0.0003020387550101983
-0.00025122699391982037
0.00010057434065422376
0.00020472592941447624
-0.0007137545178633808
0.001744848435083358
-0.0003323655439916715
-0.007185284963230827
0.0001145564267496094
0.000246940199576949
0.00013272329108252178
0.0011893821451830692
-0.000127888746831993
0.0003584394078155032
-0.00013645684317944306
-0.0001912013444620454
-0.00010316055753691566
-0.0001461374722794387
-0.00024048840417326858
0.0003307187588001314
-0.0017146587627583885
0.0003769728667524611
-0.006711636770444791
-0.0001800393048025013
-0.00021103176264368814
-0.00010742222425580704
-0.0010860758018021565
-0.00010561101764374965
-0.00035765753766082726
0.0001441514022896246
0.0001087944766529733
0.00012320309845675212
-0.00019825588432926416
-0.0015222401368362676
-0.0005833572994114543
0.006224202652607175
0.0009069110186794399
-0.0003841450565127265
0.00019522810089429632
0.000249227871273489
-0.0009815491330009887
0.00011550274177967593
0.0003357511011093533
0.000185408135609643
-0.00010557722646390446
0.00017078780014029987
0.0015150367465423227
0.00013310821837888716
0.00015352980123125405
0.005914091573396638
0.0001201239563857297
-0.000258850772615636
0.00011870485868379556
0.0009108017450376552
-0.00010672333924219358
0.00012018499200267174
0.00010058557315790955
-0.00030385760074290365
-0.00017557472162617414
-0.00010595836821285698
-0.0014219519789829523
0.005559142871754477
0.00035453135735633566
0.00011691639679564478
-0.00015609558765779794
0.0007990742715992832
0.00029216805886359557
-0.00012033891459768751
0.00011088300321500488
-0.0002804721551606892
-0.00016816784786515912
-0.0013310958358062751
-0.004896169519723073
-0.0018821087917452396
0.00026119336316714236
-0.00010085193182476248
-0.0007925213510840695
0.00012643235320538744
0.00018403089466703621
0.0001974159908455799
-0.00015674163818218392
-0.0001024225149651324
-0.0012382428846047118
0.00010472085964118948
0.004958475979121297
0.0001269472280858506
-0.0007304244832548602
-0.00012763492291859753
0.00024229347354263483
-0.00015828119044304648
0.0011526384450524622
-0.0003289147015465604
0.004674468122732879
-0.0002642910661684345
-0.000675586610643342
0.00013445842175134436
-0.00024115354166303634
-0.00013200659709421416
-0.000724082099050746
-0.0007915553874120773
0.00014079934017413093
0.004424792630526363
-0.0004145401644080537
-0.00011282402304909038
0.0006331068858390099
-0.00010297221493209887
-0.00022503120534099046
0.0001291036638630265
0.0010046805862291492
0.00015326184070226458
0.00019983905026700805
-0.0041704642142355525
0.0005356246467629123
-0.00025849317481107956
0.00013516800754264784
-0.0005795940479466907
0.00012471622689662131
-0.00020934046626632153
0.00012375328318612762
-0.0009539692121235398
0.0040025122032446205
-0.00012021029496499021
-0.00013685762065678665
-0.00012897249157184953
-0.0005303247268155587
-0.0001288199883089796
0.00017173784938600038
0.00011679143402927275
0.00025460568824014123
0.0008583073985221184
-0.003808014278640658
-0.00016827448151752493
0.0005054349519273253
-0.00010204418624947354
-0.00012187322013977204
-0.00016390207904799333
-0.00011001261516147217
-0.0008406651144476856
-0.0036043609344958757
-0.00042826139014115325
0.0004713446012202331
-0.00012658770488359805
0.00016021518619944997
0.00010671402699333055
-0.0007909674119549966
0.00014883330602197324
0.003441586349724882
-0.0003401477279799126
0.00044079537395500114
0.0001229962805944697
0.0001626624186494929
-0.0007423832983960919
-0.003240251871767802
-0.0006587905662602941
0.00041345933842335534
-0.00012389995064477735
0.00013388653833103478
0.0007034259045051862
-0.0031547385424433028
0.00012051128459464757
-0.00010504461918348582
-0.000385164623945971
-0.00012324836759243252
0.0001422031160516059
0.0006662426566222943
-0.0030217704084822654
-0.0003557344606216028
-0.00010814438181875672
-0.00013706474583306404
-0.00010364775348844006
-0.000632138449288169
0.00035025838017684914
-0.002874630666012086
-0.0003299015829134326
-0.00010954980640367249
-0.00012822113207574504
0.00011085882476876335
0.000599454030768933
0.0027756526311951335
-0.0003053712877328244
-0.00011424860030065182
-0.00011961585600739843
-0.0005707828753354375
0.002591616176287322
0.0005644443493702528
0.00021384946237350573
-0.00012671456650160964
0.00028226666386905184
-0.00011263981685199685
-0.00011025381823421597
0.0001131753459571891
-0.0005421093522343947
-0.002555110753783075
-0.000146979246035203
-0.0002583595014342292
-0.00011275564922641082
0.00010355561821838118
0.00011485001543344661
-0.0005193433775042968
-0.002454084055303239
0.00015630775805952548
0.0002316853114687228
0.00011164272664448278
0.0004896856934623468
0.000164073563341198
0.0002730529675399264
-0.0023435443809445974
0.00019939227341156545
-0.00011212325414323506
-0.00010330602090614382
0.00046052389843257547
0.0022706163440960395
-0.00016534080146008302
0.0001573185388600802
-0.00011730402645487441
0.00010888781778639029
0.00013711592240530908
-0.00033065905621196143
-0.0003241179648199081
-0.00032025799097518413
-0.0016958961295778317
0.001321294215138929
-0.00017492866092522043
0.0001498863851938712
-0.00011785619883086547
-0.00027740197639978273
0.0008628617728912636
0.0006121381552321069
0.00047782680154916714
0.0014074610765693058
0.0010360930902749033
0.000122554554147227
-0.0001913038771659364
0.00016885634633211657
-0.00013743488636025413
-0.00011680283143280325
-0.00010720497488143224
-0.00015032527518642067
0.00023038223622150108
0.0001408871121351023
0.0006965440581782343
0.0002678428006966433
0.0001300478930273639
-0.0006056469363004816
0.0009560011879733107
0.0014647836048441048
-0.0003374565064306822
0.00014829377788377153
-0.00022669964045882437
-0.00011918384238692672
0.0002802717636134913
0.00011385330142847284
-0.0001543760041765117
-0.00020627780916770337
0.00012723214163218617
-0.00011227721146967743
0.0001021205145310286
-0.00011466794269415043
-0.0002430715335850154
-0.0001341364438739598
0.00015150829681430118
-0.00013995029134099447
0.00019984242276007306
0.0002571361277614256
0.00028980504148140774
-0.00011323946944047445
-0.0001589619663147705
-0.0002833808668013717
0.0001906238718698632
-0.00015060822555754646
0.0002406140262257696
-0.00017711695522410953
0.0005895214924965649
-0.00016470964713212891
-0.0004957432842553534
-0.0008240730175962774
-0.00024214606420477203
-0.00015726226869704337
-0.00016031323928905142
-0.00037625801122393706
0.0005555567798150918
-0.00014035696095477307
0.0002708633566106209
-0.00020068559266459712
0.00011137580148794033
-0.00023206615650603213
0.0006254884782179356
0.00017569598178249774
0.0005091018192521314
0.00022130926675811933
0.00012790099580508728
-0.00010565127228849181
0.00030492321107781573
0.00048393782849904485
-0.00012801283921571444
-0.00019527389653379955
0.00019952983173599105
0.0002005594243531733
0.00022732436248640346
0.0002032740398679115
-0.00015727130178235684
-0.0002391827080212891
0.00016332388015776508
0.0001341387147297565
-0.00010227143220331088
0.00014189371571534686
-0.00015116451332057655
0.00032449210078824066
0.00030627545341004655
0.00018769689236329277
-0.00040272665117441794
-0.00010294705586482862
0.00011170666490331793
-0.00024417271911228645
0.00021399818333497865
0.00018796691836813606
0.0001282546757637663
0.0001284685354617443
0.00021034959553976106
0.00018516842144310143
-0.0008871749372367082
0.0010193574737012657
0.0005825990611420494
0.0003390043278757917
0.00013343513654713644
0.00017835629907079974
-0.000223395386237322
-0.00015324096988996835
-0.00016907566489036572
-0.00014542469627361606
-0.0002225164606309207
-0.00017596991892999592
0.00014206911219754914
0.00039710195566679073
-0.00013365934155308587
-0.00020703272861150287
-0.0002920390422101951
0.0001473730547565275
0.00017059981775516795
0.00011749265926171788
-0.00020402381079162205
0.00012191500379944123
0.00011416767544658922
0.00012187579608899714
-0.00010873218521036983
0.00012327706431228033
0.00024596832989860166
-0.0002057843754267729
0.0001627688808554618
0.00011088934710470112
0.00017041065396920937
0.000322254294780514
-0.0001040659260500626
0.0004939965676748816
0.0002374000191786137
0.00010972275317484308
0.00047638671984825715
-0.00034357635794894105
-0.00018197534244734
-0.0009570292917186637
0.0006032621841552914
-0.0003334687964431037
0.0002731218472939732
0.0006569097085947999
-0.00026518467748567966
-0.00011054659251051069
0.00017231734075960438
0.00017839500028532778
-0.00013344154182608667
-0.00011885831256290403
-0.00028747296476655575
-0.00019547673701439977
-0.00012621540088191493
-0.0003232358423527914
0.00011043613998997053
0.00016923271514778903
-0.00018500042952188854
0.0002173274858272851
-0.00017932140535440816
-0.0001743148768384743
0.00020427856944785154
-0.00010956752805241644
-0.0001299665191187696
-0.00017414948789222205
0.00012409689052280326
-0.00010082971474423708
-0.0001925869690921302
-0.00010085683897890368
-0.00015472428615086073
-0.00014053274161064414
-0.00010543812150252648
0.00024996375950329594
-0.00013863713728365801
0.0001225376962426096
-0.00038042865891055734
-0.0001283024259625307
-0.0001649855070790926
0.00019169382445652757
-0.00016511720986263302
-0.00014636192260165972
0.00019098455251194806
0.00013030224820286565
-0.0001957139228752532
-0.0009706387694876494
-0.0003665801810569616
-0.0005136979988813433
-0.0003355146423001106
0.0004648580193008365
-0.00017386162941964223
0.0003208998354946058
0.0004002605654632862
-0.00043089678191254676
-0.00041888174040738847
-0.00037352541799343927
0.00021017545072886097
-0.00014094098645655334
-0.00012045176472754256
0.00012573258597309593
-0.00023734769612120376
-0.00016203676213065216
-0.00014509277996890087
-0.00022967771873157013
-0.00017027961142168128
-0.00014959798956173026
-0.00015312907848337684
0.00013075630975707908
-0.00023234458052886066
-0.00013501933509548551
-0.00018732081180747022
-0.00011994921325660523
0.00012975117510066677
-0.00018288807864526595
-0.0003505105210849622
-0.0001309729125343825
-0.0001385611304700516
-0.0003351186333303283
-0.0004970190827311952
0.00023997750539861922
0.00040374179444416366
-0.0007963103982757497
-0.00025194817397302446
-0.0005422831847995577
-0.00026921067108134813
-0.0004784528859252383
0.00013983695799992256
0.00024374024433411711
-0.0002481976137319161
0.0004812451508099431
-0.00020874271323869848
0.00022522664508193075
-0.00010136119522137344
0.00011443495478130901
-0.00021774128342810472
-0.00042455109513358846
0.00023761998624710075
-0.00010810286921718956
-0.00016299541259296214
0.00010978235634594274
-0.000264000231138512
0.00017839484883760078
0.00011596416406244018
-0.0001297309544611853
0.00010039428477215689
-0.00012423168712827855
-0.00020384320482120366
-0.0001634721995199506
0.00016484994076366752
-0.00011349998264217381
0.00022444477943140548
-0.0007991141879749345
-0.0011715399727107016
-0.00018724444733761745
-0.00027768413570204763
-0.00011044760761008861
0.000388799173069434
-0.0001911371967045273
-0.00011959976088892927
0.0002839314681617747
0.00018051594595758208
-0.00011830161200941091
-0.00019324983996512634
0.0001421653774681253
-0.00018099954699952458
0.00010168273664111641
0.00016935353859923584
0.00015864339270763367
0.00010733592536872299
0.00014229653147293007
-0.0003004018806798837
-0.0003391826281131243
-0.0004308209900369816
-0.0001247890002962688
-0.00030845606860310706
-0.0002454496665972249
-0.0002305571378177212
0.00048316650595043654
0.0002718153642487168
-0.00024855644636542675
0.00019824645685141581
0.00035733722691487003
-0.0009640038994704183
-0.00013402299042346134
-0.0002697850694127882
-0.00015869219420894755
-0.00012912472985960607
-0.00012551780634411188
-0.0005004958270868213
-0.0001542556356271072
0.00022178328703214607
0.0001521403834081293
-0.00012993404119291709
-0.00029694190965856646
0.00013895458844876457
-0.00012641981195660033
-0.00010192310181788334
0.0003631253877981199
0.00012573597640166276
-0.00012469534339976858
-0.0002488656893109748
-0.00014972786760376357
-0.00013928064064369126
-0.00010143707100441122
0.00010659379855173212
-0.00011321574779826865
-0.0002792290209572536
-0.0008292936277967398
-0.0002555584625335992
-0.0005996120125509646
0.0009746856281529057
-0.00013458234138776244
0.0003196200380586653
-0.00012114493415206707
-0.0004992004100662292
0.0001375770698305963
-0.00017061584834881632
0.00011141070540422951
-0.00010795395701268671
-0.00011487567917132684
-0.00017486979148943288
0.00010414427390363508
0.0011189817310235015
-0.0006351018875950571
0.00023291109802062182
-0.00017895155552857968
0.0005866207555557934
0.00011614973728468616
-0.00026530753680405547
0.0004674496841162696
0.00019044103185519788
0.00023347142143719684
0.00023748700502861661
0.00014624714170714714
-0.00019149776319008223
0.0001862394584119089
-0.0011636436378960825
0.00015437383150208864
-0.00018984441243606186
0.00014707702375642485
-0.00017033293622003494
-0.0001888735214640679
0.0001096023067535614
-0.00012200744881774817
-0.00019524872263443168
-0.00026317207854426294
0.00019899952866700264
0.00024077812089449995
0.0001079334269965694
0.00011246223148581192
-0.000577289094489324
0.00012055591186404137
0.00017624743580983173
0.001198730911723882
0.0004144280251939488
-0.0002392555710003263
0.00010764519982195766
-0.00019355792577438013
-0.00010237573964185184
-0.00013668798380884594
0.00018002589630138004
-0.00011447275042806962
0.00010278055777720275
-0.0001227555180521335
0.0001888992180036074
-0.00010608644196603397
-0.00011524135325046804
-0.00014653077312689851
-0.00019400674558106793
0.0001495184193151445
0.0001442445168896363
0.00018973553697328307
0.00011558073129121747
0.00011260683597992257
0.00015337726260420968
-0.00018207994366819746
-0.0001144084296194034
-0.00012567884201606646
0.0001332133444604342
-0.00021073104669276863
-0.00017133264033205778
0.0001563417824512261
0.00021361307091574935
-0.00012930763530379167
-0.00012548987663556395
0.00015648745486775064
-0.00022177601191297698
0.00012709516975975956
-0.0001310062704083849
0.00016859576002691926
-0.00022423730595865255
0.00013074557310650375
-0.00013649320952083393
0.00017470410481827014
-0.00023724385488409458
-0.00011433288636360799
0.00015037162877288188
0.00018268948249250882
-0.0002444344406202823
-0.0001105056233804745
-0.0001985273685362492
-0.0001770784513299757
-0.0002514423954239391
0.00016899213863508583
-0.00012535326488792345
-0.0001852502180537531
-0.00023096848608901115
-0.0001658501119323647
-0.0001278302862300586
0.00019684383160408322
-0.00026661611758670953
-0.00018396340846492306
0.0001200598524092969
0.00020109490621365175
-0.0002739123556416291
0.00012861583256674894
-0.00021720565042263412
0.00021146870163260523
-0.0002939273815464006
0.00011716518668188071
0.00024414020418945677
-0.00018950828527726407
0.00010014960268895227
0.0002608604274674345
-0.0002136478435885351
-0.0001180495479375973
-0.00010683978577544596
-0.0003542639765306656
0.00041911787145089885
-0.00035152581990197145
