0.8284963171160737
0.28994050037821406
-0.28661568056201814
-0.1444066482030409
-0.04591888130227108
0.17787799587471465
-0.05800243113347764
0.07217059206863771
0.030170300739733643
0.13242016634398174
-0.053132246172606354
-0.037282698134874344
-0.0065285696260713715
0.03649594147536588
-0.10076861280231306
0.0073362920640439285
0.03780058059274626
0.02113231430623188
0.08821197633631427
0.012627227468504058
0.008176343618725062
0.0002957203543583886
-0.0018000942795808994
0.01705321721566136
0.08559518253508835
-0.004416364065033351
0.00015099665281845606
0.0017363630680523223
0.0013711268832521128
-0.004810309451336204
-0.0067782346277640276
-0.011314431838214829
0.012790317913768863
0.07847264804400911
0.0013664677211011505
0.0027679173458144695
0.005368838783245346
-0.0012359357609231657
-0.0047595958160657125
0.004726685945714767
0.00714011860275387
-0.010127333371460354
-0.07035856033818866
-0.002802748319806611
-0.0059418057284949775
0.005756765512107585
-0.000585326600456134
-0.002336908271074968
-0.005641974821120422
0.0006635195105877883
-0.008142204373005163
0.0005082523409213538
-0.0017416505657531513
-0.00038418424157446484
0.0014674929436629615
0.009608401530800286
-0.0028477389485383605
0.06192748540420422
0.0062990837985431175
-0.006118497206515506
0.0001417496984813763
-0.001975713595246668
-0.0017052444853415728
0.0004340007597462703
0.002171680347853396
0.007730703064233635
-0.00042754782436173997
0.0032479218407151385
0.0007225689315892635
-0.007317956579771507
-0.015165498489710287
-0.011907850050763258
0.05116635899705621
-0.006740943503710934
0.0009355279925273667
0.0032534356357082446
-0.0012493172375292172
-0.0012102265853368448
-0.004412103579899463
0.005357582765431596
-0.0032633006034155404
0.0007176860576782816
-0.0013465538828588842
-0.0010977104970557095
0.002400449770386405
-0.005708750869528375
-0.00043955726900391477
0.006019550929336601
-0.0029575736133517104
0.0472498303582206
-0.009304530516203207
0.0007187374478014267
-0.0006578150805948641
-0.0002915487011928545
-0.0017791254654949146
-0.002981109138369287
0.0008238182432007922
-0.005856816985965584
0.002614089659119418
-0.0011769259597665944
0.00038620681785117106
0.0031049262972574266
-0.0007539514263817306
-0.0016036585805406648
0.0060497392847992755
0.021227072432880075
0.03708140156236664
0.0008634913649256581
0.0014586703344066513
0.0002635785684684373
0.0015053958257139146
-0.0031835045594192663
-0.00044251804350748785
0.0001016501667611372
-0.00563462897301137
-0.0006420992527333021
-0.0011590817801916127
0.0009893580395800108
0.001417847500896291
-0.0008970260066316982
0.0007346147694501247
0.0030198047981785017
0.0008603636997219563
-0.004528130891680144
0.03786973142074929
0.0027967680067125813
0.0014398602042404159
-0.0014452705895032147
-0.0005742383486207556
0.0025904606968414957
0.0006199214972075534
0.000912802584760938
0.0003865310516984113
0.005078974514646003
0.0011209819136177245
0.0007140200558264307
0.0005659474160292244
-0.002119501157115259
0.0004675313999439307
-0.0028216465220584305
-0.0010823911259867833
0.0010697456685341584
-0.0037866691352863922
0.0005931627784502586
0.0005607115397384475
-0.03373582722279626
-0.0027416162658636988
0.0009616365590189229
-0.002705454490836155
-0.0006716939844481705
0.0011269859983390504
0.0009138094608250924
0.001065893289195764
0.004511618330227219
0.000444315072582843
0.0016735914472336974
0.00011576667478115259
-0.0008942684230349686
-0.00031177465871231415
-0.00041163658550977684
-0.0026008059642484193
-0.0009018282454859817
0.0007731890297037346
0.00021140018201232127
-0.0005351561084344772
-0.0005213100644316789
-0.003095780274696985
0.004812929597102298
0.02995899372073714
-0.002620941398601231
0.0005440571731504369
-0.0011095061075119242
-0.00048297368357259706
-0.0008964202941088902
0.00020954878954093498
-0.0028537821644387066
0.0028548508059049655
0.0015672729856812285
0.0005456577671632864
0.0010331328042357724
0.0006010574163307146
0.00021657857567300553
0.002570474558682985
0.0005191804999055927
-0.0004762428918736427
0.0005382662061186262
-0.0004239546394826915
-0.0005104176753275965
-0.0025946503181163705
0.0019000106401296218
-0.0013469473903768613
-0.027082075419065304
0.0034518275784928697
0.0011093838610632576
-0.00046842831334609544
-0.0006823845648730568
-0.0010498798060172212
-0.0003153624753704911
-0.0012158763791127864
0.0037498550496419193
-0.0005647007281745941
-0.0008058351103214009
-0.0005714932813037887
0.000649231575243545
0.00021126874195197062
-0.0021736885018454745
0.00026678682035374276
0.0006570244593378779
0.00038670739846161903
-0.0008223264455376884
-0.0007660229947352676
-0.0010890921273539842
-0.002396551005730302
0.0003519667123332437
-0.0005451982738984532
-0.02469276925567819
0.0012473724081452464
0.000734713365022898
-0.0005947220243183212
-0.0012601379524575427
-0.0008398881136451305
-0.0033097964784128664
-0.0002884206578591539
-0.0003964559019698801
0.0003065174146507269
0.000702394163194674
-0.0006504208649366836
-0.0002872451066570271
-0.0019955548405742743
-0.0007622890728241191
0.00010452226122475401
0.0007277475110833921
0.0006460272699188007
0.00029247255977697315
0.0005327445117068607
-0.0009778815800367143
0.0006096955807143165
-0.0019131032279501724
0.022407408733441016
-0.001006880697097594
-0.00023851008956979062
-0.0009680772798298816
0.0002861611320356197
-0.0009687573630152836
-0.0008125290626566029
0.0006490325517144058
-0.00036124423398448623
-0.003047506137258364
-0.0005593143969235539
-0.00023503562127663225
0.0005490748877786713
0.0007146389618910161
-0.0005649682393200992
0.0017619970111280897
0.0005357883278484294
0.0006552055424655492
0.00018239843925548074
0.00016138971173672032
-0.00011945775716555408
0.001225523388034709
0.00023647490365294091
-0.00047191488136887847
0.001559378434890985
0.0009179332393757663
0.000408149980361116
0.020417086437068774
0.0008218799692259971
0.0010361440397760801
0.0006502320965279201
-0.00031550389822754325
-0.0006022406222197621
-0.0027694332182129034
0.0008726028067454237
-0.0004536753124421936
-0.0004160019769192109
0.00025299744638864906
0.00013775130279119707
-0.001427764565360441
0.0007689033518224273
0.000437441414087786
-0.0004988211942390209
-0.00024746066811259305
-0.0002743471646154553
0.0003272384053668509
0.00042567673169339126
0.0003606528589016076
-0.0011212472821030377
0.0006019054943424936
0.00038767225185906473
0.0014204724582990292
0.0038872888845998856
-0.01823604110128966
-0.0004925284867126032
0.0011236885865826174
-0.0009666297726154107
-0.00013634595893850774
-0.0001763291056409954
-0.0006246706536918484
0.0004654548141699834
-0.00044137936227905245
-0.002529487333706443
0.0004024178176658287
-0.0005775472047929288
0.00041887275839064795
-0.00017148019884233111
-0.0001425757185109912
-0.00017987324490677492
0.0003133876089394928
-0.0006742435980260263
0.0014364280916323074
-0.0003328229392820866
0.00043694026010560207
-0.0004119749656977299
-0.0010312361573101626
0.0005193542143498004
0.00011076600467536254
0.0001832467280273816
-0.0011831874753338138
-0.00046660779716162335
-0.0006903405651288681
0.00023457401460146338
-0.01714610911289686
-0.0005584995727911409
-0.0004652969641914032
0.00028963473264668636
-0.0005555165031667777
0.0004437019693145314
-0.00023124265297771613
0.0023407047820850017
-0.00037785574761851155
-0.00018104352334624802
0.000553099477155853
-0.0013222006853006731
0.0001352650052250915
0.0005064151259821604
-0.00015881433796526356
-0.0003684473109721346
0.00015607255705210477
0.00010418405066401921
-0.0005436450375409115
0.0009409599819452603
-0.00015387916545325537
-0.0001350111910471574
0.00022705224190558442
0.00017600615095399194
0.00017378452751722905
0.00034603474931955676
0.0005073813023417248
0.0003057842226591121
-0.001157482949256786
0.015784844043508904
0.00033706515102844653
-0.0004361859213731512
0.00041554194237609877
-0.0004087980818687332
-0.000773542132995533
-0.0019750658842415
0.00041510095620758843
0.00016401976401890741
0.0004800978382166146
0.0001527445606229859
0.00041725470882077355
0.00034084714848491
0.00015199973086669515
0.00020477252208557446
0.0012637145049152624
0.00044382484546458685
0.00031077398846296656
0.00010559166839680371
-0.0008738808491208181
0.0001678385245794768
0.00033661498436694587
0.0006502286241448142
0.00026401427044424016
0.00037644483425292556
0.00012792047983520427
-0.0009776736503403648
0.014555757188422532
0.0002954918748095479
0.00031170897910818196
-0.0002255584229214171
0.00036520043013729247
0.00043531320376348113
0.0002709337559939917
0.0003993434702089544
-0.001974117682933794
-0.00030687981765309115
0.0002931144527980599
-0.0003118242580760324
-0.0005033984692936422
0.00015473037342555738
0.00011989734158707744
-0.0011510402017726766
0.0002617176181783071
-0.0004349171666755174
0.0008019676773213892
0.00010521448546263365
0.00035723529569995206
-0.0002601137491208112
0.00012923943091049965
-0.00010667487266187546
-0.00044664721909549776
0.0005854476342322343
0.0008444573365649474
-0.00014643386836690316
0.013454387296047617
-0.0006969409234949917
0.0004017856993153719
0.0003375104529288777
-0.0005227021321872037
0.00029669236055595666
-0.0003732632232382568
0.0003427764291278598
-0.0018330374382888861
-0.0003857095657069989
0.00021952620873476382
0.00017611914822971417
-0.00012514784526307366
0.0010421372845222274
-0.00023563318605659248
0.0001271999256238144
0.0004113930011800725
-0.00030836577000087844
-0.00020298596560024802
-0.00023974226264509275
-0.0006983266211091935
0.0002906591644983626
-0.000356865835902288
0.00021806770769050197
-0.0005600518860183737
-0.0007427489047520193
0.0002802811859009909
-0.00019857799357249275
0.011873449518260906
0.003844897854825023
0.0009721481627239178
-0.00011274148158084422
-0.0002302372503550624
0.00032662258640966284
0.00010156679130877169
-0.00033444884225276243
-0.00041137535648492997
0.0016783258266426875
-0.000256095163757729
-0.00018781436187368593
0.00010643285824673009
0.0001185627970836654
0.0001276049985440716
-0.00016931957107586444
-0.0009940775220511665
-0.00035886406899729933
0.00021392374860784185
0.00021824579667486485
-0.00020914720005365886
0.0007003590284084178
-0.00019175823511226377
0.00032120971401424723
0.0005030962665762382
-0.00015974309243756884
0.00018939194774991147
0.00010784125921884096
-0.00014583727794992277
0.0001912620811257793
0.0006526642680705714
-0.0004910701529038704
0.00015325586776284325
0.00013836028414191694
-0.011639555646594003
-0.00019611758240366416
-0.0002073193815471993
0.00040523761699700755
-0.00021977052544297683
0.0001460831344077211
-0.00014894168650380238
0.0015743664929864717
-0.0002200118149221926
0.00014846137007501036
-0.00021390585243982857
0.0001311165445910974
-0.00034463037415278505
0.0009036151247584434
0.0002677504011224154
0.00011820652755377614
0.00015929984746831447
0.00011259822417134526
0.0006471384915742227
0.00013172098272230985
-0.00015808707649370274
0.00012528891122915586
-0.0002333086739626353
0.00010226409199802946
-0.0004893810958920658
-0.0001399699442985536
0.00023805670649555506
-0.00019609839913990428
-0.00034957843507697674
-0.00019545809801926208
-0.00018307893632689163
-0.0006283570432164136
-0.0001541781765153695
0.010855397276725662
-0.00016726616490421166
-0.0003230577544795453
-0.00027566731559003805
-0.00010464510053754309
0.001492375229215687
-0.00015800017405350196
0.0001664428883294692
-0.0002430775045398241
-0.00032237138955660443
-0.0008437730980177726
0.00019315243043410428
-0.00010813789377290405
-0.0006134127692494777
-0.00012609146533034036
0.00028963908631746436
0.00016762348222297663
-0.0001685787010590605
-0.00014754813342784522
-0.00045267165687781405
-0.00010004419825509561
0.00014356767345757442
0.0002513137993013064
-0.0003329712062436012
0.000110401808415955
-0.0005414783661627831
0.0002681592932382151
0.0016613876044531887
-0.010006380845619159
0.00013026383379103072
0.0002802430423694705
-0.00025804440863966803
-0.00019620105896483018
0.00010315785115901174
-0.00023238529115345938
-0.0001305326417976333
0.0013855122054632243
0.00021160451941397735
-0.0002958906508301543
-0.0007938913589436651
-0.00015626683703172896
0.00010810737521321109
-0.00011257235202248087
0.00023043141531081391
-0.00013175187745063295
-0.0005740282297947109
0.00019791136227309837
0.0001492844849076236
0.0004329817942943491
-0.00010305881452570063
-0.0001699540805745266
-0.00016121620375039977
-0.0003028280507553681
-0.00013628537450269113
-0.00010764689807884493
-0.0004849634229149389
-0.00017301267278935193
-0.0001442562394854771
-0.009454753074974422
-0.0009766510212561698
0.00027049599015840583
-0.00013844356516739767
-0.0001589356929862714
0.000256702016516859
0.00017345157145176357
0.0012960938402471994
-0.00011274021725391972
-0.0002695305754160472
-0.0006851030273917143
-0.0003105706972510945
-0.00011009141366717008
0.0001516990276391122
-0.0002562604259145666
-0.000124505334631503
0.000181655012381764
0.0005272719139111482
0.00011399560079015575
-0.00040437933418838244
-0.00016471792875903926
-0.0001578306106733138
-0.00027773030866606294
0.00014883135842540542
0.00012738522733107816
-0.00010458576181385545
0.00010204757302799934
-0.0004378864939946918
0.0003425585859161396
-0.008906860682472833
0.00033876520498351187
-0.00022191389235366702
-0.00017446130326011688
-0.00020696754345661452
-0.00015690671693239724
-0.00021470195238746553
0.0011881246575157073
-0.0002688776334171292
-0.00025208406055188823
-0.00012536971070476992
-0.00012495797865211112
-0.0007088724052750226
-0.00011678283102490986
0.0001705261689490097
0.00022754626233526527
-0.0004957755011518808
0.00011142127248445406
-0.0003671512106036858
0.00010484217528387925
-0.0002089152102411182
-0.00012783592197751565
-0.00016102383535689663
-0.00026015810595806
0.000134772645043741
0.00010905505996997136
0.00034137961714279016
0.00034262756819528577
-0.0004459810172422042
-0.00038448218142636423
0.008362700063972158
0.00032354613052424866
-0.00010122085530237788
-0.00010095521263274107
0.00019829971081490342
0.0002441484867305987
0.001141846746195516
-0.00014510546747591985
-0.0001151247842319508
0.0006651162662883544
0.00015534182247421154
-0.00021510355631890288
0.00010251853098163497
-0.00046351038899969035
0.00011923517007164178
0.0003652349619065051
-0.00018195824498520532
0.00010094097163577282
-0.00013851895211506386
-0.0002426746451321139
0.00013052331986720134
0.00024875521241764947
0.0001739855619676204
-0.0003717237070680496
-0.00032472653817273116
0.0004949332641011748
-0.007879277032392294
0.00011561504299057271
0.0002409808708461038
0.00016481057258943563
-0.0010789432864338896
0.00015059399741299012
0.0006234860418282697
0.00020363733948310122
-0.0004344235547188738
0.00018710613475745276
-0.00014400262235525786
-0.00032810624424210776
0.00021175530381051035
0.00012932292718062212
-0.00012779979965469692
-0.00022971616883745547
0.0003387403919591582
-0.0074557156209556245
-0.0001874544517473003
-0.00013094262004694933
-0.00016290309833069403
0.0010159537928622747
-0.00010775636104828907
0.00011819254979858042
0.00019690177663121735
0.0002071197713962795
0.0005571324447781757
-0.00011744948774074934
0.00041693735518244946
-0.00012700443711712923
0.00017215893114121703
0.00031613444069626624
0.00021690384219958344
-0.00012298478024328516
0.00015524835913578432
-0.00021585012838796455
-0.00010930496752714893
0.00030773641439308037
-0.007039780030648998
0.00024154905736743334
-0.00020373595044868734
-0.00020537470564256934
0.0001560427364095565
-0.00013478943712921964
0.0008438830423120423
0.000463079712463366
0.00018873659768595672
-0.0005537290960745347
-0.00010457169471996291
-0.0003942458827175102
0.00011727025661431264
-0.00016400672410500747
0.00029607583223556163
-0.0002093729377691137
-0.00010804012206169544
-0.0001435776214544735
-0.00010213763344321272
-0.0002049696317307987
-0.00028081125700934935
-0.006632982079283722
0.0007038549377121463
0.0001764362522354912
-0.00012833056647854952
0.00014103596987638132
-0.0009116900184379514
0.0001759574572580048
-0.0005198609635205954
0.0003727169772942448
0.0001534364628444304
0.00028313921261972826
-0.0001926758993920697
-0.00011683225936594526
0.00013332326163361573
0.00010004895042681935
-0.00019292578847849358
-0.00025697125992744815
-0.00020471322380741032
0.006314941634842634
-0.0001880251439122427
-0.00025461523064040817
-0.00013304749408122669
0.0008641863920268223
0.00016366123849330708
0.0005002741960948235
-0.00010310881205282996
0.00021353311948390637
-0.0002773971964544851
0.00015764581300921777
0.0002670340281208582
-0.00012474328823167233
0.0001916009614365368
0.00018262282204073725
0.0001035809619435406
0.00016304332289926465
0.0002551030396757988
0.006001208574884981
0.00012300075241477386
-0.0008080912412995333
-0.00014134938865367896
0.00014614022573335443
0.00010529597648120815
-0.0004687278383715394
0.00014330933422478502
0.00033502921156075983
0.0002582393547806994
0.00010124844057918383
0.00017592907330551353
-0.00016675732785504483
0.00010963137750898068
0.00016792637150470356
-0.00022476559704094038
0.005703798750193167
0.00013135998264595479
-0.00011574125002894543
-0.0001529433622299471
-0.0007786894109482383
0.00045391628865353305
-0.00013305216006523037
-0.00031744248859056615
-0.00024403756795958706
0.00011635333913138514
-0.0001682368482725942
-0.0001668333241452644
-0.00010394071987537102
0.00015985465079102525
0.0002067853295499856
0.0006110008270967881
0.005395451528073891
0.00014807286356307585
0.0007416557910439902
-0.0004282276098953254
0.00012554214181396213
-0.00030356221508802785
0.0002314966201334182
-0.00011124271516841649
0.00015933409845659947
0.00015855261892651134
-0.00010093771176896495
-0.00015157733266947448
-0.00019158684788517675
-0.0009969077118960128
0.005077405810748772
-0.00013401811023472368
-0.00010578540458630077
-0.0007070579303953441
0.0004098567872245442
-0.00011809132424068602
-0.0002885524337282158
0.00022224713013073997
0.0001033797137439712
0.0001520011963782597
0.00015067796771807955
-0.0001452164407481794
0.00017851790121762792
-0.00025160601360159297
0.004930640804721287
-0.00012959257840069853
-0.00010768885175492881
0.0006742973305495873
0.00039110045472307004
0.00027352358082532676
0.00021046170600122287
0.00014540699607525063
-0.00014349771696754076
-0.00014006113410840304
-0.00016548164068875632
0.00010673573939537327
-0.004713716958061545
-0.00010357362235814541
0.0006415477501990553
0.00010481241125762164
-0.0003733662005996424
0.00026481812979796854
0.00020053727090422156
0.00013503664584680632
-0.00013792279100414905
0.0001314673682026492
0.0001553799955591224
0.00014309516675247436
-0.004507670637605477
0.0006168480955643275
0.00010630487374600318
-0.0003579216346453482
0.00025148987461755484
-0.0001299932250818425
-0.00014233731554758755
0.00013388651682796568
0.0001311323343196493
0.00012577446199051317
0.00011962388130466414
0.00014661244803937097
-0.00011614563036777346
-0.004312806255915166
-0.0005903521375856402
-0.0003411883959837967
0.00024129364594753947
-0.00018401697834058775
-0.00012842934040409372
0.000126057902638603
0.00012176382173809895
0.0001100947288153671
-0.0001377589612287696
-0.004134000438713881
0.0005657104902212916
0.00032682877434234505
0.00023161226171759905
0.0001776540191454688
0.00012242469523874013
0.000120473011072259
-0.00011550984740640784
0.00010690832818720387
0.0001293091717453162
0.00028025139818628117
-0.00395145058009844
0.00014048077168045056
-0.00011516856276063763
0.0005447236873484272
0.0003109787537130649
0.00022064042459446397
-0.00017036111266499791
0.00011827475585478395
0.00011552565030006849
0.00011247103961032965
0.00010313047527690912
0.00012200194872926351
0.0037983556369031077
-0.00024614013506240413
0.0005193708931208336
-0.00030161690618465926
0.00021215110484567158
-0.0001587698701985345
0.00011283632961815344
-0.00011048836587718585
-0.00010689920013299939
0.00011571515402341854
0.00017869299701594757
0.0036482731295506892
0.00016811208014735847
-0.0001225514189110141
-0.0004991701671367356
0.00029091357201553776
0.00019862856929018396
-0.00011651330478263312
-0.00010519564169130892
0.00010849355529196709
0.00010804997970149691
-0.00010924424944895944
0.00020530640942195127
-0.003511751291289252
-0.00047985931235520427
0.0002774148201441187
0.00019364034940610973
0.00014412560291532367
-0.00010406356534333608
-0.00010722738680028095
-0.0001048533787900715
-0.0033820216087198838
0.000173328003696197
-0.0004592886979164235
0.00024924354432943874
0.0001891814750837625
0.00011605454511116103
0.00012633881219786163
-0.00010527383992669237
0.0004922932579788724
0.0026165234684561787
0.0018803683165844525
0.0004044469056475924
-0.00011519789489229777
0.0001267027628393016
-0.00017023488674807374
-0.00016619982969023553
-0.0001808981771425338
0.00014461432291441338
0.0001098119143239777
-0.00029835630792176
0.0002517244438614061
-0.001082259307618442
-0.002883254673849975
-0.0003808385579502731
-0.00024380301932229266
0.00012075809106410698
0.0004641965327117847
-0.00010555864702468319
-0.00024957117791445614
-0.00013554637571779602
-0.00012883618750173653
0.00011894018229685805
-0.00011268878750414764
-0.00011109594309783352
-0.0002591970528699277
-0.0002247591061830457
-0.00024669843886269575
0.0005231634277428988
-0.0007252018358899507
0.0005285698804254627
0.0027240106987238603
-0.0005377206649643689
0.0004028676122405295
0.00011574541576951141
-0.0004208432152896642
-0.0001626086305814677
-0.00015475335964475285
-0.00023846316184368484
0.00017860400628702224
0.00012393917626192283
0.00010204129886055041
0.00010006792657231466
-0.00010215927078737285
-0.00014640753727794166
0.00015776330696500097
-0.0001159914599247513
-0.0004542526067553675
-0.00020098166814366217
-0.00015492322631919928
-0.0006778275644411985
0.00022998050912224205
0.0008965427725644375
-0.001783815537962481
0.0012853555502872003
0.001059191442997657
0.00011858141531057031
0.0008626412874174575
-0.00020349806240837207
-0.00034827939153427706
0.00020553375323467468
-0.0001307219394678079
-0.0002373251228700289
-0.00016415911432570132
0.00011573425276804
0.00011824253593192991
0.00010795890305146405
0.00010804561608263188
0.0001258296417770462
-0.00010148320685459029
0.00014683239646876212
0.00016780618744679848
-0.0006281080143759886
-0.0027015664349297887
-0.00028597476403311123
-0.00024343127540778296
0.00022766511679060878
-0.0001775461395952904
-0.0001583064311030777
-0.0001479772796190537
0.00015590254273580996
0.0002415331147368863
0.00011050464962576118
-0.00017563185435016552
-0.00011681859665082744
-0.00010162843913995266
0.00017367859954610818
-0.0002366604606850935
0.00022350170904281803
-0.00046226109489760735
-0.002571077296884011
-0.0004658874188198645
-0.0003456613619830621
0.00019563759605806616
0.0002057128426281993
-0.0003597465326744265
0.0002674926580633327
-0.00011492009500449927
-0.00010060864151902046
0.00013253984601166902
-0.0001232304939284852
-0.00010740229419832804
0.00012726517156272707
-0.00011652699909572031
-0.00010740021118476593
0.00012069853414660407
0.00038123350696615555
0.000688390408985125
0.0023027642499621505
-0.000936245340470565
-0.0002448878472770688
0.00011536166338027604
-0.0003467451860181695
-0.0002449071181175981
0.00017776333447623504
-0.0002341040458592947
-0.00012130979734219428
0.00012021129899819341
-0.00015741083530164157
0.00021756228596691606
-0.002511392998050349
-0.00022586020676337965
0.00013191246210715872
-0.00030553539890194295
0.0002467696377078753
-0.00033164902502785495
0.00015677984344542509
0.00023247480869410854
0.00013122985783051402
0.000405684440432113
0.00026057846617834595
0.00010147636799219211
0.0009729020907203088
0.00015043244481078376
-0.0022133265213114127
0.00022663241658460405
0.00019309899565246203
0.00031387517849521543
-0.00022783873196000604
0.0001444059676913139
-0.00013806394380935568
0.000115742833845077
0.00011301317105891735
-0.00010784356102065085
-0.00022072675918360574
-0.0001296441367146994
-0.0016577840928192716
-0.00010375358428319069
-0.0017594120827383196
-0.0001809561917544903
-0.00011474855806125611
0.00023381784994354197
-0.00013290534957608965
-0.00013616206658975357
-0.00010448529090074017
0.00010069564117012658
-0.0001001276787146186
0.00012365555595077461
-0.0003463151682642097
0.0006043630179992715
0.00012402120833315854
0.00010688360019828903
0.002282659620956709
0.0001492448736410817
0.0001184649562709522
0.00010345516709838777
-0.0003305916563827216
0.0022599052819150976
-0.0002220499239248246
-0.00023680873140947858
0.00023929404783225967
-0.00018767243034840307
-0.00013255294975119964
-0.00012621807838357338
-0.00010350552087850932
-0.0003995110693180326
-0.0015254357132541254
0.0014171669205935605
-0.0006661590478619763
0.0001092711004175316
0.000245033040403301
0.00025876662015979814
0.0001970552359928517
0.0001160200187332663
-0.00010124185059654405
0.002155861241843203
0.00048713901151441706
0.00026136246392548056
0.00017215090886018872
0.0001308052767696987
-0.00010059901818041193
-0.00010122589768886803
0.00010214206196029991
-0.00010360365220667863
-0.00010392486558544271
-0.00010697450747753137
0.00011206613878024421
0.0001063360296765208
-0.00010545633662241174
-0.0001085889936418242
-0.00010979564468024181
-0.00010764715679608616
0.0001120540075943789
-0.00010371683640182505
-0.00011203947168783268
0.00010952200343118233
0.00011439206521067505
-0.00010445775933175213
-0.00010022815992231484
0.0001147608355391152
0.00011106605174673247
-0.00011606353554435634
-0.00010651785854820296
-0.0001226727024852784
0.00011509997598240658
-0.00011784086433154062
0.00011254161480864814
-0.00011439266334517459
0.00011806624059305865
-0.00012336728519168007
-0.00011049328147879638
-0.00011181814781027589
-0.00011823357292659209
0.00012050931644309821
0.00012537518922875826
-0.0001130848354494146
-0.00011558762559199866
0.00011947590208670765
0.00012368428543683616
0.00012584201036088555
0.00011542306555643608
-0.00012047206561236214
0.00011839373767427444
-0.00012650257026450274
0.00011772533038396136
0.0001166513497518394
0.00013811771483081208
-0.00012076086545517652
0.0001467990073586191
0.00010764116465948807
0.0002012783616112244
-0.00016519351691779186
-0.00019982568928755335
-0.0002696518614785569
0.00022159029218881895
