0.9858012226630982
0.12732354844733712
-0.058374057779924
-0.04775988703270749
-0.0375210246269171
-0.02279676961208053
-0.013758686911868247
0.026793342486282807
0.023291045135221594
-0.013812624604349816
0.0038672460430968646
0.02012181548766088
0.008419846274019895
-0.01747959589971888
0.00510450475087604
-0.0004243989769940829
-0.0008176241408394647
-0.01270056725059112
-0.014390617337838666
0.007176293015954228
0.007765722077433715
-0.007035799542419144
0.0037044289876441154
0.004007692320269966
-0.005282290134149163
0.0007407742110468836
0.004705755975057336
-0.014311000808556627
-0.002496501585209268
0.0005676802212989538
-0.00024106470391306914
0.0009775115122752094
-0.008953703560484342
0.003317499092800061
-0.012430304547353367
-0.0004532898007095303
-0.0005887968177146164
-0.0006675923690017573
-0.0029399756590983606
-0.00020586971277931486
-0.0002581052351145837
0.008755457659198648
-0.009602963521906201
-0.0032929830057889533
-0.00032727351624321213
-0.00020128491515185266
-0.0009403730416360749
-0.0004877472841658776
-0.0009905004205831265
-0.0028517801629632604
0.00037058230444767784
-0.00032411830797269176
0.00022422853343943383
0.00021482183724360853
-0.0002571747880658737
-0.007837478582085784
0.0006955026355364749
-0.0014110021155330924
0.008241985394672514
0.0005535033806458264
0.0005089928045371926
0.0001230504069853922
0.00047692971848544634
-0.002698740522905224
0.0003114131204383045
0.0005864976902892135
0.00014796881439340582
-0.0003670985385776611
-0.007011914699549108
-0.006893047751192673
0.0002734623592030014
-0.0006359852746753611
-0.0005235877732270668
-0.0008112326140482728
0.0023395189445648483
0.00029883105570631803
-0.0005673699254625124
0.00019363100902031685
0.00018052679856035166
-0.0005643450876912146
-0.0006063264610343792
-0.005244194170198493
-0.0033360674264662337
0.0007584524446606647
-0.005709657800376119
-0.0003286264815629148
-0.00028703273939372095
-0.00022385441148247838
0.002219982246864075
0.0002925131037395113
0.0001528724325697045
-0.0005420767171590707
-0.0002789411466436136
-0.00011209218573269104
0.00014962262112066675
-0.00016666751710684628
-0.0005112767834298268
-0.005434382810079596
0.0009306440299985982
-0.0011126810862120884
-0.004748138780002038
-0.0005378108843324377
-0.00020628368600003104
-0.00033804819603478435
0.0003017892382938047
0.0020038078554900267
-0.00011562035294951153
0.0004833790675346346
0.0001218177063491653
0.0001473750436982329
-0.0005167615451081478
0.0001759749396403856
0.00022650747336044294
-0.00505471576658082
0.00032577774248941025
-0.003997351377021522
-0.0003972711496824882
-0.00018769823347214795
0.0005008306364694264
-0.0017237842938040082
-0.00010414333878877367
0.00044643059681382155
0.00010057935836230985
0.00019774629676210664
-0.00016471446724976917
-0.0002503093421670824
-0.00042012811621964786
0.00011898904729536566
0.004518805521776398
0.0006325212700225164
-0.00022722152434288438
-0.0008567609606287303
0.0032932549869863293
0.00027046747523302794
-0.00023238191173037683
0.00014368782094641768
0.0010629049462720335
-0.0011746191121438803
0.00041720192176186114
0.0001249476449138464
0.0004406573648138556
-0.00013215730716566217
0.00016582784720728172
0.0038478631720814034
-0.0015226807166285044
0.0006303022299306016
0.0028273549846766755
0.00024998573933313696
-0.001422101602504893
0.00016593268783831222
0.0003600557562827678
-0.00011684574941004171
-0.00015375098806241584
-0.00041422515665931795
0.00012794586690119563
-0.0001945201878030196
-0.0001643137164041251
0.0037508629524229662
-0.00012809804983853482
-0.0024910988032401486
0.00011598858283828423
-0.00017132729552958844
-0.00013538337111659737
0.0001229517628189952
0.0012680217389658232
0.00010231165003173046
-0.00033221949945662485
0.000380584138038185
0.00012434607483146587
-0.00018818395031800346
-0.0004098071581747053
-0.0033844752763268005
-0.0003933043191069056
0.0021344373566140706
0.00017533033830064403
-0.00011901916716047893
0.00014022514357920685
0.001148387589357268
-0.00028611304845912273
-0.0001004047055999818
-0.0003494465058548637
0.00011892121716294257
-0.00017915207546095126
-0.00012991706381375464
-0.0005060141881400789
0.0030944616305934904
0.0018537584333840286
0.0001506389808735164
-0.00011093344047359712
-0.00033299059079602264
0.0009825385190659456
-0.0002512713209690391
0.00032578653972555386
0.00010271648529608096
-0.00017344068588032055
0.0028794783076457717
-0.0001087381771895768
-0.0011938250384410302
-0.001098199294581915
-0.00012741676135455589
-0.0009361851354740108
-0.00023635555833414462
-0.00029211347165068366
-0.00010157455330260398
-0.00015998056542956287
0.002649781178238262
-0.001419483118074971
-0.00010984799320835335
-0.00011324090895197538
-0.000849725099602335
0.0002063029128114783
-0.00026933937873665755
-0.00014211082127409298
0.00010041170494720292
0.0023448397864822054
-0.0006866814651408789
-0.00010506576446616679
-0.00011619358649305885
-0.001242999072042391
-0.00013871046457220542
-0.0007761637822531061
-0.00018533192635857444
0.00025023403669361023
0.00012951892919463783
-0.002228508906944457
0.0002767904121419881
-0.0002476121288778037
-0.00015731307222585026
0.00020345379686742825
-0.0010877234421919472
-0.0007116875086780912
-0.0001667369214195154
0.00021050162413345988
-0.0001265158738683105
-0.00015083092961784195
0.0020948667047302424
-0.0009820393558061876
0.0006393822540212456
-0.00013466143456824454
-0.0001499314843460375
-0.00020860356188104285
0.00011570278467091803
-0.00021357402611424977
-0.0019403379593072225
0.0008741328640921261
-0.0005951561310471224
0.0001376708206659488
0.00020085160099342505
0.00010999731777459563
-0.00181813342611537
-0.0007856084529745207
0.0005524314877908657
0.00012404625627046272
-0.0001849016891047405
-0.00010257068827646928
-0.0016979366915135866
-0.0007056585912969869
-0.000512647062581491
-0.00011224409910550967
0.00017292726539614977
-0.0015890666785497577
-0.0006365890681486561
0.0004743895282730731
-0.00010102404338576328
-0.00016163157017309846
-0.001474596686123584
0.0001983124422217476
-0.0005752940079166633
0.0004274258781922048
-0.00011931394823946313
0.00015042908875393583
-0.0014000960192218739
0.000522609960517549
-0.00041030392487220285
0.00014206882686148588
0.001317425396868551
-0.00047529961155317127
-0.000383835830829673
0.00013239896116137224
-0.0012410918582805197
0.00043347287197656795
-0.0003552605758065646
-0.00012416501230257798
-0.0011714104995044028
0.00039630186068572717
-0.0003390268494729191
0.00011426689129227087
0.0011062541387648905
-0.00036444964465130795
0.0003187788622888106
0.00011023242627240307
0.0010470160596762201
-0.0003322702113063789
-0.000299567372828586
-0.0009932280163153593
0.0003081683486865559
0.00028286477796514686
0.0009429883681664489
-0.0002842409571648122
-0.0002673459088653483
-0.0008940132466302891
0.0002624730782915466
0.00024846831268580813
-0.00010499993141059759
-0.0008527093223358442
-0.00024350845291788603
0.00023958076440007986
0.0008129084120053802
0.00022580417410443892
-0.00022548952821921768
-0.00011157178486368325
0.000774583786342294
0.00021014126079281638
-0.0002160783857760076
-0.0001151651571272981
-0.0007386808301325323
0.0001949923910285678
-0.00020528617398728243
-0.00012190521216717733
-0.0007056349476174497
-0.00018284505107435053
-0.00019577484298343586
-0.00010097172076747135
0.0006765279078321684
0.00017081186368851322
0.00018653891808008503
0.00012660822852935877
-0.0006477278669116759
-0.00016008240754751955
-0.00010424176453462562
-0.00010189784686092303
0.00017808726987443482
0.00013230980541250353
0.0006206890889736479
0.00015015537025359874
-0.00017022331794707112
-0.00010845833293433995
-0.0001062784518774107
0.0005952441936164668
-0.00014138316592986894
-0.00016187398082446327
0.00014196796364223245
-0.00011110882394233556
-0.00010909903318494923
0.0005712442395849975
0.00013339448831731668
-0.00015508266457071572
0.0001235405558814033
0.0001237531953777094
-0.0005338790629451802
-0.00012664201903862796
0.00014825802504128297
0.0001147456178876877
-0.00011140640535867448
0.00012189234793533983
-0.0005278788360581547
-0.00012005148573735915
0.00014029846687978344
0.0001181347090413099
-0.00011550974363061101
0.0005061662940620399
0.00011801204303436413
-0.00012448376795751734
-0.00012293180339801248
0.00010967635406322551
0.0004671010919535802
0.00012061639803356224
0.00012892474522907112
0.00011855335862640136
0.00011468765560711121
-0.00012684617762676354
0.00044488606089807155
0.00015917495236161556
-0.00010298500544814865
-0.00012445699016288466
-0.00011934748791401194
0.00019905242418424284
0.00010450868877448044
-0.00011773413673966302
0.000380112380564415
-0.00014958785308692992
-0.000130323249892949
-0.00011136129564564583
0.00021902901404528873
-0.00018901994801558952
0.00013049539608774854
-0.00013705319481528057
0.00012852551155640243
-0.00014517659404517073
-0.00014464220264117397
0.0003646738452507085
0.0001117094097727493
0.0001297776714396241
-0.00012604086489666818
-0.00011158192662639304
-0.0002136134738213598
0.00026457854264427735
-0.0001541489934738897
-0.00012818830388600574
-0.00013294611113364533
-0.00012947427422554754
-0.0003247662611337876
-0.00014505889874706098
-0.00011069525926832188
0.00015885554448034762
0.00011194126984835231
-0.0001351350058696413
-0.000282262192518652
0.00010889785827577516
0.00013564061119477805
0.0001311472309695584
0.00016050788716553271
-0.00025139905762281914
0.0002210204226125205
0.00012276064257008275
-0.00013880664569935908
0.00013268584947624283
-0.00011711126475722848
0.00021790624287420818
0.00011045134375933558
0.00017840283513828
0.00016025768785982755
0.0001426297554653432
-0.00013867550486659454
-0.0003143668487408664
-0.00014082389224471772
-0.00011222372071275625
-0.00014891376905483495
-0.000326654700927768
0.00014450561426646092
0.0001405384390732181
0.00027578186183173
0.00017486672723153376
-0.00014804235548108628
-0.0001432528115546192
0.0002969595817119035
0.00010515449040332945
0.00016949327965200107
0.00015095081593612182
-0.00014612027171924066
0.00018762303462815773
-0.00015419920707202724
-0.00014934187619803873
-0.0001775824529817791
-0.00015783498975947886
-0.00015254464919790082
-0.00018949652425076472
-0.00016067561602159876
-0.00015580599375794707
0.00017353266007732424
0.0001642376091209514
-0.00015861232554626825
0.00019151228002624657
0.0001680464685391414
0.0001621586702155402
0.00020295656702819194
0.00010146667914213643
0.00017103433935850752
0.0001660177899584536
-0.00012922255821797918
0.0001835096923638577
-0.00010378078931318877
-0.00017465253310116214
-0.0001688962890058235
-0.00010827746502730535
-0.00020213929009041187
-0.00010598353916161743
0.0001792709787933643
-0.0001728779456732849
0.00010441296410448658
0.00020940723525723757
-0.00010821949829141718
0.00017938771442972142
0.00017683320742573928
-0.00010408036847403441
-0.00021585227520052195
0.00011072842722049382
-0.00018663169068019333
0.000179967863116597
-0.0002335774629502268
0.00011336514198403997
-0.00019177406213572842
0.00018508558298925757
0.00011802841082759703
0.0002214621294607636
-0.00011606986331677762
0.00019708903638611378
-0.00019028431876469957
-0.00017398259412819663
0.00018968615547363402
-0.00011884865860616358
-0.00020211766116879636
-0.00019491887997918027
0.00018365075221893294
0.000190394294031976
0.00012211335010864504
0.00020769925652683186
-0.00020018595437623
-0.0001417382703673403
0.00023169069071208453
0.0001252440146416521
0.00021421207145175196
-0.00020658610136269428
0.0002794263718459892
0.000128580630465352
-0.00022255570738650865
0.00021588756832245054
0.0003173852683061077
-0.0001528443953167178
-0.0003097717289718245
0.00010756948931462724
-0.00036871927696177214
-0.0002939559056233318
