-0.8195678761102613
-0.2948924379599071
0.22666297298524885
-0.18475144832325843
0.02663064875252706
0.14115014343660026
0.08870994053237474
-0.10513737231430842
0.01848952381865716
0.10579231379996537
0.08966963428783979
-0.05885235899499685
-0.0014369870990918725
0.019829000676191928
0.08907831188910229
-0.016708997608539486
-0.06466536948089631
0.009970324155640843
-0.09752711123093072
-0.01218262528174967
-0.01881522472131845
0.007195769123562244
0.015531075196729052
-0.0058714546362474175
-0.015730540679442268
-0.007682413416280743
-0.012754522728545721
0.10447636662728027
0.0008282763065093271
-0.0024863762989300636
-0.00011206247751611835
0.004467025383177827
0.0052765678893933665
-0.003234128856416601
0.0026725671634917863
0.09835224035737891
-0.0010343459421292176
-0.0013477479905132383
-0.0018500552322144482
-0.002586453375836927
-0.0009318845771570617
0.002673011645434209
0.000951704070879763
-0.004372797987688259
-0.0018714292373680442
0.002536783736353856
0.07663553122761983
-0.0439816933015716
0.013476227401391701
0.00019418146234618857
-0.0035016144885731695
-0.00013602804293233093
-0.00036437665449089466
0.001990880141076382
-0.001872606727095824
-0.000754948922096774
-0.0011944932572929992
0.004521068377827367
-0.001345539182457464
-0.007400733115139062
0.08043074968738266
0.000421135946823983
0.002352337450444264
0.0025977221219134713
0.0004139769476085563
0.0035020550654270193
0.001079586411173195
0.001176172370203043
-0.002202874110983275
0.0010025891755363727
-0.0007654224924696817
-0.0039588559418137605
0.0011442368471340234
-0.0035799688899818926
-0.0012916179476634396
0.005724093036263758
-0.07249454276136773
-0.004562423138796726
-0.002625191065033361
-0.0047636053660997275
-0.0008429870296892324
-0.0005458649480942461
-0.0004393330127202817
-0.0010752762928103333
0.00196921545177774
-0.0013598065737045208
0.0009417465263970675
0.0017515942289731846
0.003432080777875369
0.0016179962548720128
-0.001174050315881962
-0.001974856704339599
-0.004165154350711204
0.01848394049314357
-0.06298153173320477
-0.002369704690476599
-0.0019277987410276792
0.006130382897548127
0.0008334257442448485
0.0006575272607803995
0.001433131369836968
-0.002061487724098242
-0.0008867815187664067
-0.00034052099571345014
0.0008392229710579109
0.00025706647654382124
-0.000909879037825174
-0.0032959571255482753
-0.0003013053481180011
0.00129401889787455
-0.0020022056507709896
-0.05889316914086228
0.0022452858020581908
-0.008550981557952968
-0.0009818739113731123
-0.006949643213227437
0.0003298933162459629
0.0007578774770281919
-0.0003403117988367963
-0.0018048589112097534
-0.00047996307976161693
-0.0004451809970642463
-0.00015882949549400477
0.0006359614072281848
0.0009933439848459303
0.002502669108202542
-0.0022082711031703524
0.0011404896091562282
-0.0013150408371519488
-0.003915049258413599
0.006525402316176853
0.02927183149982387
-0.04470443639087359
0.0007681678535657227
0.001513628476234235
0.007263335602223057
-0.0005297783822711404
-0.00018041011506491706
-0.00014952727532532696
0.0017390039673519436
0.0007711957835576568
-0.0003164474329402119
0.000571427807274877
-0.0007701213404976351
0.000811053527250443
-0.0001423877578244428
0.0006730173724288482
0.0001979416953757392
0.002599810603650915
0.0016800203196643791
0.0009905533400057876
-0.0017786839917802958
-0.001828404382575318
0.04898498060584638
-0.003863969876527636
0.006311682618395225
0.001654056685772804
-0.0010103695403476862
-0.0010024637136395202
0.00023671280152357888
0.00025928963847486174
0.0014770864981585195
-0.000436753072713649
-0.0008349931307536572
-0.000526147952408968
0.00041585397220807
0.0008677470485400064
-0.00047739082368663665
-0.0007226858147680265
0.002334388072787218
-0.0003626476084645239
0.0012105264912471575
0.0012720275316139868
-0.035309458343995764
-0.027196160773132316
0.0034252801374434587
0.0007447787743017908
-0.0026200710789948817
0.0045997287248152
-0.005310554632592037
-0.0010965248790179452
-0.00048731322317337725
-0.0012922746041174173
-0.0008408625732955874
-0.00037247443133387213
0.0005564180008328793
0.0006350168496740614
0.00031731744026801845
0.0007352732407876333
0.0008450971739250166
-0.0005813649653463965
0.00010561550825542748
0.0008697028096326278
0.0019954614607183754
0.00029095420882415594
-0.00044159937856111245
-0.001578577842508357
-0.0009274862209409152
0.005552481142817987
0.040311365520634405
-0.0036112361533124646
0.002913950010795703
0.006808077596140588
0.00013067954787458495
-0.00034495403740974627
0.0004682268875876549
-0.0002411861735894413
-0.001138703422388672
-0.0007490813369150077
0.0005978315692088158
-0.0002704650983101081
-0.00016205355873253572
-0.00042926263515475293
-0.00010876775255492235
-0.0009729191007933182
-0.00029467614642375426
-0.00036132618148768765
-0.000502594867447197
-0.0018211079711703145
0.000726847086778439
-0.00020748849741429197
-0.00043715491197352565
0.0007956981248156958
-0.001066707995095027
-0.03716088786337004
-0.004895973714735619
-0.00020147937046891204
0.006985837904322016
-0.0007919627841996248
0.0002101214746203283
0.0001541194480580823
-0.0005800182066713244
0.00028426565642230244
0.001057568456332896
0.0004326325016829906
-0.00047702849970001493
-0.0007382962151586265
-0.0004795414483531882
-0.00020748729124367546
-0.00031161746350499175
-0.0007687832264447881
0.0006147125213696603
-0.0001888650194893236
-0.0003537306161144398
-0.00043278604570383194
-0.00013821822866720112
-0.0016055611421245523
0.00015168263913376302
-0.0009657551998821341
0.0008505755143089826
-0.005812682856448295
-0.03378343241185559
-0.003208152527578339
-0.0007917484720891977
0.006829177255981812
-0.0007905261619344693
0.00038693707902793633
-0.0005760573926451623
-0.00041840256027432716
0.0009590221825722095
-0.00038753130516254263
0.0008917570663002206
-0.00024152908995941615
-0.00015677111607065007
0.00019919886490656663
-0.0007367923370048447
-0.0002704496026382141
0.0003106844345288175
0.00012090678028661613
0.00011165093915583691
0.00029358480197213155
-0.0003828711359560621
-0.0015857788107555809
-0.00031005916549264916
0.0001592210584324955
0.0017517859075926842
-0.0014470004880540268
0.031510768342025625
-0.002746766724828714
0.0014415532110517361
0.004397445085264107
0.00495740931294844
-0.0004569282485551019
0.0005624471084303789
0.0008545255667403944
-0.0002606097511689682
0.0004887084132298941
-0.0003264412924377929
-0.0007685022257278711
0.0003231485174644414
0.0001761687333788776
-0.00026572565438393503
0.0005802362997748238
-0.00033402213470923135
0.0004988424241787586
0.0002994600464463667
0.00030311200123953297
0.0005140504907942519
-0.00024153231881094314
0.0014458166482818919
0.0004093445016691442
0.0007607841543132642
-0.00024104507537097984
-0.001039704606816116
-0.029225956356640905
-0.002403287024229212
0.006148737007662474
0.0003887843892091172
-0.0007838499348404296
-0.00013608304477212747
-0.00026221947494944545
-0.0006848496333444164
-0.0004842457674501552
0.00021118581322571598
-0.0006662504167322592
0.000564287591477272
-0.00040119231249985827
0.00020838785605569802
-0.00027089084362522434
0.0005060583612004852
-0.0004884402770853592
-0.000235875559438778
0.0001925119475559833
-0.0001327810156345282
-0.000382704722528522
0.0003175133146913682
-0.000362455358316538
-0.001220619080245511
-0.00024921080639276634
-0.00031832807735233655
-0.00033855777281724224
0.0008261179651680152
-0.027140160439061336
-0.0018432793258418212
-0.005357267787292523
-0.0010178410488176969
-0.0016531045322501212
0.0011122139682803488
-0.00014987329682446593
0.00038483880939118513
0.0005441343372304832
0.0006004122280327064
-0.000154901491419235
-0.0008133797969304568
0.00017803365899835577
-0.00032333483065686577
0.0005890478622842702
0.00010138987009488781
0.00040786533529901727
0.00016600730996816198
-0.00023257678486434413
0.00037635536866886365
-0.0003586083178282545
0.00012431421948789077
0.00019186304728243384
0.0010536163478123755
-0.00039361102148940404
-0.00030880801917751444
-0.0004969066872921021
-0.0014533323663632194
-0.025023022407545503
0.0017878121586880945
0.0024017943146196936
-0.001498838036011786
0.005388116847377034
-0.00014034662391763253
-0.0006026864733956688
0.00039453156953516306
-0.0006082605424040745
-0.0005206440698208745
-0.0007261822495685175
0.0002853233938108214
-0.00020420414708302592
-0.00019624206945171598
0.00019248643441317214
0.00048025694689552144
0.0002674140142414174
0.00012418194351393187
0.0002924694969760385
0.00022510361243480636
-0.00015001812075426114
0.0002815693202612597
-0.0001445296344147284
-0.00031961661011087615
0.00021053965710628267
-0.0009586546681293849
-0.00017767054565340608
0.0005504926269814508
0.0003345808283336653
-0.00010466710670563335
-0.00369421128315433
-0.017935024651904517
0.014613285868118322
0.0017557324517168927
0.00015334432692289094
0.005336199909348737
-0.0002522771797005174
-0.0005082915889559357
0.0002527328334907994
-0.00027981663076929493
-0.0004898384091823706
-0.0006681773713084439
0.00023681886570156292
0.00013491141575748078
0.0004878284080991407
-0.00012262526668102987
0.0003468804930512559
0.0001076507594886444
-0.00019019370578248724
-0.0004128474757700962
0.00011428803603951899
0.0002315122059845441
0.00020591661172970552
0.0006882974097723301
-0.0007623469297119134
-0.0009225109492176421
0.0011893453339695173
-0.021845558837204588
0.00035140562172264987
-0.002672790597527811
0.0043535304924265305
-0.00014995830885909035
-0.00017548302739095654
0.0005014982304395798
0.00025917178810450054
-0.0005207211384001291
-0.0006522361911882971
-0.0002582077781322491
-0.0001176677171031552
0.00019270662632630832
-0.0004052338113089375
-0.0001073784254356773
-0.0002482534125476982
-0.000292774589236955
-0.00025132760853799536
-0.00021865957404338586
0.00010017303300837093
-0.00036196541797192466
0.00018600709702930535
0.00010850856685480749
0.0002452967045860057
-0.0008580324828160502
0.000439288228369169
-0.00033944411103288124
-0.0013535666391513144
0.020336996669497884
0.0021132853911058633
-0.004666519141656202
0.0005031098386191738
0.00029573168981065736
0.00032671496083766104
0.00015103126099039863
0.0002346083319120628
-0.00032937861248681833
-0.0002471166320352003
0.00046214465803170286
0.0002589279699699424
-0.0002865296484764787
0.0006873417711890983
0.00012529833154388792
-0.00036219120354382084
-0.0002397907755336663
-0.0003695684906007244
-0.00029824915696631174
0.00019210373858627775
-0.0001465135979977307
0.0001630078052684322
0.0002099310517995705
-0.00017062015429186126
-0.0007357202656687593
-0.00038288188500638817
-0.00014740157785836643
-0.0010529052611899703
0.019164143987947278
-0.004429967823421649
-0.000415511349192582
0.0004792503449397461
0.00026241400151669864
0.00011786455055204014
0.00033398127198115376
0.0004744970700799643
0.0001783973998190212
0.0006907238825926879
0.0001338963378220143
-0.00015854871985058588
-0.0003185866539750436
0.0002861549839807039
0.0002870630860417158
0.00018838921865358915
-0.0003073407260339139
0.00010206032097526042
0.00019577666089661293
-0.0002836283830263294
0.000143978340290638
0.00011042362676858332
0.0001872108131931489
0.000673719442857249
0.00040468846843471555
0.00028057771383709003
0.0005962786493737925
0.0002672023766886866
0.017975789834364823
0.004164262914806411
-0.0011221449795993132
-0.0003469273311313449
0.00040811304989836977
0.0006712413411688969
0.0001882774802177817
-0.000173659604698995
0.000348931341157158
-0.000298599538134504
0.00014121923441177573
0.0002769954625441192
-0.00014072292151006885
0.00015491138085832264
-0.00017680140319031203
0.0002444679229026632
0.000136386688017367
0.0005966983919460348
0.00021332642375804359
0.00022820423394598834
-0.00801918575375541
-0.01490314651193285
-0.0005257493059436765
0.004008135924939652
0.00028664703593780824
-0.0001479819037999023
-0.000371184407715265
-0.00015342422631849133
-0.0006063200482864605
0.00010774940254818397
0.00013415749982217557
0.0002131513125402531
-0.0002877003452467852
0.00021510326713981257
0.00022845975848911936
-0.0001970617828387231
0.00010338836188304845
-0.00021410018688494106
-0.00015671369974704403
0.00018797991791269113
0.00012804340130797564
0.00012396831728982336
-0.00023202030164512293
0.00015120961887849006
0.00040207499664862245
-0.0004502556696482759
-0.00015480115627670437
-0.0003814525365400363
-0.00032094037251202695
-0.005317833734624633
-0.015015285321795663
-0.00030458638143307824
0.0002473435613313749
0.0025460151599595512
0.0028358430794020177
0.0002510483653190636
-0.00030298910666706313
-0.00011497413985318723
0.0001308523232239719
0.0005931449202681494
-0.00011839489375343158
-0.00022821439887817137
0.0001730073906969494
-0.00028241872023615
-0.00030053141593162783
-0.0002933394941514979
0.00013899430549938656
-0.00021459637360441363
0.0001373690152053451
0.00013841172683154017
0.0005297006441672362
0.00013352944949480896
0.00010115213691270656
0.0007166462125776547
0.014850745699949514
-0.0009494521935574017
0.002186670480094768
-0.0004575911412988078
0.0031571276637061985
-0.0014505412743588768
-0.000307275981151907
0.00020068186506123139
-0.0001633047259544507
-0.00029384334164316305
0.00010237821008798995
-0.0002672626879799515
-0.0005701517292080413
-0.0001969787004676635
0.0002519228881318106
-0.00028647858818267705
-0.0001346455152976968
-0.00020097396459947377
-0.00011649249673821088
-0.00012629740175591607
-0.0001900928018794548
0.00011973763019165818
0.00013007475560785874
0.0001096977641582812
-0.00048211207275709325
0.00033906520784348975
0.0011106914071326375
-0.002535307903028625
-0.013938117533852386
-0.0008915743608354102
0.003266186797807785
-0.00012865489985417302
-0.00018841216471931279
0.00010412572998700617
0.0002803713165279292
-0.00011073852033756187
0.00034507632334670866
0.0005062825173532123
-0.0002296107812486103
0.0001435961774983638
-0.00024690802419257465
0.00018182768254959558
-0.0001294625494633318
-0.000158659389699889
-0.0001823212444370964
0.00015862158163980334
0.0001531882583941026
-0.00043904558517809304
-0.00018382540101501369
-0.00010295170573211797
0.00013039259758223297
-0.00015614162616379502
-0.013067508857319176
0.0032514080908868487
0.0031152529922199223
0.00031519439242899694
0.00018162308840049258
-0.00038768250463993756
-0.000498754711511158
0.00011025196008653191
-0.00013821458906934948
-0.0001879701160713284
-0.00010123225815160964
-0.0002498952484953266
-0.00013774487414090932
-0.00010566596134065095
0.00019428616515167923
0.0001228093699976105
0.00012285778592578062
-0.00015390169625532124
-0.00010618619643254368
-0.00014392520274610966
-0.0003602846755789755
0.0002475650891485507
-0.007169669398948445
0.010560306805233847
0.000537554387399332
0.002903960046116856
-0.00015497203051298384
0.00024892976895527007
-0.00010908768711355833
0.00023934312906473897
0.0002923853141680825
-0.00031460691618032186
0.00036631290577183307
0.000135842868423933
0.00018592945722984482
-0.0002007793241607313
0.0002041095001673429
-0.00012151642659596527
0.00017640744761633796
-0.00015746673162042937
0.00015668359832282332
-0.00014205434481627484
0.00011684481946880323
-0.0003306015736337006
-0.0002034221882979314
0.00011066953754671452
0.0002444348109027944
-0.01210405131799168
0.0006385885485115434
0.0018289160956382223
0.00206543461537351
0.00022893075643395943
-0.00019767051809559764
-0.00015595294488811653
-0.0002945842950235143
0.00044993832421642984
0.00010596274952952163
0.00020781162178954926
-0.00013692547155547545
0.00011545714456316477
0.00022082026697869627
0.00016132594810722191
0.00010802407151517382
0.00015013858516135648
0.0001233908797048148
0.00011652261843763882
0.00013804672888555913
-0.00036024197765798893
-0.000462679182211295
0.001409151997432906
0.011403058258426997
0.0005596931012463489
0.00039034503732042437
-0.0026304775766192792
0.00020568883901186399
0.00021772032397243327
0.0002562884391289153
-0.00020880454179463145
-0.00038509549026391574
-0.00011082754702613308
-0.00016186353910556636
-0.0001829701081904555
0.00021840714631017486
-0.00014108853842815223
0.00011040128960328501
0.0001248631005172475
-0.00016050774629311802
-0.00012846021197388753
-0.00032903421883718494
-0.00015721344735609787
0.0004936717582480562
0.010930386484103582
0.0009404474776785439
0.0004578121589989087
-0.002373633324263602
0.0002376515508584218
0.0001540607013665872
-0.0004038745537007959
-0.00012904602551848675
-0.0001785743597697051
-0.00021338739769477465
-0.00014608861729479135
0.000134951414273371
0.0001360084205101228
-0.0001323135318577012
-0.00010058454190798662
0.0003053024592206508
-0.0001584956871082611
0.00019318661494843384
0.00014348018248175941
-0.004834584180353639
0.009257169388377107
0.0006068390149954025
0.0003094445506858431
-0.002267293410596732
0.0001493814572591276
-0.00023597477053234443
0.00011465971397053668
-0.00036865620148280134
-0.0001429138236651461
-0.0001807843889053271
0.00020015214225883526
0.00014738356053669763
0.00012896116385206148
0.0001293000874812824
0.00010062740652970759
-0.0002798299947947294
0.00018231609776926005
-0.00018556990288019816
0.00023416430209862607
0.009951322087984382
0.0006981435977370308
0.002165432484779057
0.0002702730659146348
0.0002181589084841964
-0.00036639753349233144
-0.00014483335490396865
-0.00016563458682929315
0.00019084325793557348
0.00013339721827794257
-0.00012156259182452481
0.00011310338982954887
-0.00010095042525971603
0.00010029648876578626
0.0002608852546550951
0.00016829193885929336
-0.00024947574469015864
0.0009641844656425142
-0.0008810462168242747
-0.009443843131733742
-0.0002968325573873378
-0.002025289070907529
0.00011481707537513174
-0.0002131360129721765
-0.00020127943852508098
0.00030784780659528767
0.00014848010779187597
0.0001814226577644234
-0.00010692717064543143
0.00011392693252646064
0.00011981469553262264
0.00011416019277831953
0.00010155720984723023
-0.00024295686187420228
0.009071562490767283
-0.000987258798200884
0.0016120911933153155
-0.0010402533776450581
-0.00013468655460430719
0.0002178518827458567
0.00031527539299619343
0.0001306232776958774
0.00010831749969469937
0.00010878854445604495
0.0001444438288990436
-0.00012877128183169236
-0.0001222380463848734
0.00010567713026637374
0.00011137906836583526
0.00010043632519919591
0.00023472119513820368
-0.008741297374858499
-0.0017880051446812703
0.00012898934416612795
-0.00014641771247112155
0.00020301082380909703
0.00029590022140052366
0.0001508130593552642
-0.0001609809608881196
0.00012093716735814916
0.00010999420643422666
0.00010878097885800415
0.00010019187235441324
-0.00016114752663527084
-0.00016113843642692716
0.008376716928252754
0.0002652117703221759
0.00024049189422142972
-0.001651796192287382
-0.00016745929902566093
-0.00019983702083324457
0.0001051452994600089
0.00027815341503193005
-0.0001573843038399376
-0.00015734400734635648
-0.0001184363900988336
0.00010773447373658738
0.00020739343007124614
0.0014377883759128696
0.00790054628475408
0.0003867695241711689
0.00044555882114888454
0.0015229700228343804
-0.0001968492125848893
-0.00020686024385181784
-0.0002630986606289825
0.00013747144219204032
0.0001381098681044699
-0.00011511262505053651
0.0001947612848457696
0.00011537565194002737
-0.00011348492440119596
-0.00012818353489644604
-0.0077180761820697516
-0.0004945774221969471
-0.0014236952004657577
0.0001583179931543411
-0.00020068768468423022
-0.0002424504626035941
0.00011277319264132744
-0.00011097855307994767
0.0001295654679579713
-0.00010645588667435991
0.0001020910909562761
-0.00018595106530862822
-0.00011512806655203581
0.00015368591891163093
-0.0006097021806841381
0.001655540509434123
-0.007211828685446324
0.0004743473344658951
-0.00019075131450071482
-0.0001161212082741318
0.0013100247454269048
-0.00019586753602012373
0.0002266981012388362
0.00011026109545090183
-0.00010265170463385672
0.0001232534354248517
-0.00010974771356251171
0.0001751332835509764
0.00010380070665409043
0.0001349856788874124
0.000143202282626333
-0.007165235463368409
0.0002426741318033411
-0.001185806352571549
-0.00010943128728651236
-0.000168041890400613
0.00019693412552672756
-0.00013794470181219146
-0.00011424778898514835
0.00010605440606271752
0.00012366339861480844
-0.00013082403017677715
0.004145989598151282
0.005537639101708699
-0.0010422955540812283
-0.0001009625677611572
-0.0001884608144697333
-0.00017905780677246314
-0.00013918014679053332
-0.00010278042152254262
-0.00010876199021158177
-0.0001645948193097935
-0.00660486426002798
-0.0010213488498472848
-0.00019322290176073697
0.0006371954848139139
-0.0005858569836868178
0.0001917643908472626
0.00015638994433454515
0.0001262617644862547
-0.00010709579779484691
0.00016316819972231886
0.00022993407894354696
0.0004427024724259201
-0.006450894010242614
-0.00010453514135179336
0.0005999330738922135
-0.0001159831993269787
-0.0001632594406854514
-0.00011475965743548656
0.0001500821165967417
0.00012070834116230985
-0.00016017587010830385
-0.00021279775580956476
-0.0041958203735861475
-0.004637142973109785
0.00024126780736370584
0.0003033198214670522
-0.00020476321393540694
-0.00014809306562565635
0.00010353192466119544
0.0001310767462159104
-0.00022732442913766713
-0.0001262402679752357
-0.00010711062116786699
-0.0005012582031848612
-0.003595769121858515
-0.004662372049840403
0.0006901619603259324
-0.0007490971227444222
-0.0004912311328630145
-0.00013780009244950862
-0.0003240973116339066
-0.0001294616324499028
0.00023691945510530868
0.0001273635795240466
0.0001859321606262079
-0.00019677166440530515
0.00010439834242402186
-0.00017669479995733057
0.00011364863894164485
0.00010412706297920546
0.0002615607893570473
0.0001434140297135576
0.0002114412297448922
0.000164425503525967
0.00037911698070059954
-0.0006860191639924382
-0.00034701646486653585
-0.0013633773517095786
0.001113023477173179
-0.003000233484027249
-0.0037357232488754574
0.001451906564788976
-0.00186807765676852
-0.00014840528531447647
0.00024128834408017173
-0.00026851164992900854
0.0001709899140787096
0.00015540711785844348
-0.0002599397740926111
0.00016783173646849376
-0.000473940648855055
0.00044177029311648645
-0.00026864441168405123
-0.00012000164711229351
-0.00013030229080282036
-0.00019940405661480494
0.00020188239763434102
0.00032952585999433795
0.00012326803584000834
-0.00018770758425556026
-0.00020950887171307815
-0.00016556146988135415
0.0001804919898049256
-0.00010595861657432442
0.0001058576607330651
0.00017164244709696121
-0.00010304896184148215
-0.00023710635972240876
-0.00013883660241941414
-0.0001176704360838498
0.00022330509128796298
0.00019668990692462958
-0.00019787137128970925
-0.0002970520154035048
-0.00021859401859421136
0.00017188761140765342
0.00034627635241523357
-0.00019940026652574914
0.00013623249922913236
0.00011026953901805045
-0.00036668113476624346
-0.0007984543291551111
-0.00048629176154863635
0.0004635666229698595
-0.0008376943807592273
-0.000678998948416553
0.0009200205044609625
-0.0006964381696524932
-0.0007376726178021957
-0.004594425291854183
-0.001664116312955919
-0.0005625946540614834
0.00038406522672528476
0.000626030173970607
-0.00015226693991454002
0.0004948399951095245
0.0004101812527366506
-0.00040439601396949565
-0.0007794609125886351
0.0009390117243063215
-0.00017554342749837216
0.0006610677936312855
0.0004888335114735384
0.0002247587869361291
-0.00018874626739190137
-0.0004062813111736583
0.00011843319565970354
-0.00010912153145053899
-0.00038702314026224616
-0.0002149690140949871
0.00032848599192710615
0.00024275228154680128
0.00012818748120997094
0.0004780117267381519
0.00035897714534396854
-0.0001932425675146402
-0.00021856758147187488
-0.00013953346057501333
0.00038862631483272515
-0.00039854904784802854
0.00016883486453384732
0.00010484237593011383
0.00042141736638010084
-0.00020612666214059482
0.0001451054328164831
-0.00019269421149490404
-0.00012115355675997693
-0.00016104926252904136
0.0001559490755644622
0.00027744953032035445
0.00037363152762756764
-0.0002526929274929347
-0.0002477698068343875
0.0006644830430151452
0.00027310678472429326
-0.00012585016726975327
0.00027839094899735124
-0.0005312104929976548
-0.00024950283085820106
-0.0004990383539959761
0.0001781626405568216
0.0005854251601333447
0.00024081083725554047
-0.00028506880043667644
-0.00033474346584749825
-0.0004030470853138117
0.0005936758212990416
0.00010800794474844721
-0.0021183665834223404
0.0011762315235610268
-0.0009410742098208276
-0.0010020905391744253
-0.0006961127401414653
0.0006697450107016819
0.00020542603970333094
0.00047851996806337957
0.0014971647182476062
-0.001031288132852995
0.00020610587963785243
-0.00015172529285523498
0.0021683856299419117
-0.0009962420198974576
0.0019903853600558713
0.0004905160044953939
-0.0007182131694102465
-0.0005378850921779781
0.0006915049960225851
-0.00038103944960847123
-0.0008773174855514149
-0.00029693959846384117
0.00010120439138040479
-0.0001899382611149989
-0.0005444163509690289
0.00023408907524325983
0.0008743757358765172
0.0003218103894349903
-0.00013097986139692344
0.00031842806506968135
-0.00077675333189484
-0.00020959882692867999
-0.00021968299601237494
-0.00011116457558543479
0.00029569052952632696
0.00027382199830757294
0.00022597511443497533
-0.00018219502441866334
0.0004931750270244045
0.0006123720188787838
-0.0005129051826032608
0.00016462211336798935
-0.00011933205505319571
-0.00048145522011834005
-0.00032990448541303394
-0.00013783748679284077
-0.0002014823540106173
-0.00021598891907915145
0.0001504612266734149
0.0001646944761087313
-0.000684566279188193
0.0006682212953402929
-0.0004464871545498587
-0.0005115452561965428
0.0002306430933937042
0.0002345342442583608
-0.00034299903064772755
0.00064790452894615
0.0001509289062143768
0.00025311917974180087
-0.0005096621694893925
0.0006179823610921325
-0.0005564638019023926
0.000601013749172682
-0.00016771894515262462
-0.0004068435023682587
-0.0003842261245111021
0.0012234221121329568
0.00028076378331045736
-0.00010214306203486685
0.0006131255911601758
0.0030173608627206997
-0.0008342666906343832
-0.001981876898060896
0.0002510491303488308
0.00028308172211534535
0.0009529324582620195
-0.000677180019955159
-0.0009791504354927864
-0.0006253577573582033
-0.00031435266434459925
-0.00018853088688646047
-0.0012715018679276223
0.0008789120962395521
0.0008864981469086919
-0.0008234963545721822
0.0003019424567070162
0.000228163944167191
0.0007510952401228586
0.00028518222365436676
0.0003390013870784812
-0.0005292032891234415
-0.00014359153041074794
0.00044551839852091424
0.00017731412081719696
-0.00011449834419074954
0.00019482825809982986
0.0002501882318934471
-0.00018058091823187837
-0.00039293880954322186
0.00040999385167277293
0.00039986267008440784
0.00013062113893923407
-0.0005132350955132371
-0.0003893418071697684
-0.00016358598943443242
0.0002499314085851183
0.00029950123114638516
0.0001792894400202779
-0.00036715541744455167
0.00046553273543671576
0.00010874352411011989
-0.0004228928501130716
0.00013956259870469596
0.00024574118842004276
0.0002036188557299172
0.00013760361586824885
-0.00018211580165868065
0.0003301812954436927
-0.0002916426199423762
-0.00019198741028995405
-0.000881131365790014
-0.0003359007801927593
-0.0003415517935020638
-0.0012044290990914554
0.0002851009902190136
0.00025651137843255375
-0.00045104569846356337
0.0002393473363164648
-0.0007314328893560985
-0.0007722516860580568
-0.0009356880955933248
-0.001054499416267171
0.0016868969426869186
0.0003066825081499726
0.0018454178715637789
-0.00041840238271467935
0.00021863737478097623
-0.0025229571759632957
-0.0011042757927748562
0.0006720570945657814
-0.0003941639304142819
-0.00035273029744911655
-0.0001471428408951435
0.00010942603558428329
-0.0009028803256106312
-0.000785984176875682
0.00013298034556764697
-0.0003803018916794965
0.00032293051976301667
0.0009850597909816842
0.0007938823909847058
0.0005573517364886333
-0.00041968154631721763
-0.00013904123433912548
0.00021283497924508543
0.00044577275142034894
-0.00016589372357243162
0.00031940111655226087
0.0005108029740008168
0.00011405654092679158
0.00010129933519056308
0.00026231267520779365
0.0002643211077639163
-0.00036699012608412023
0.00016759984921524217
-0.0002912142014171371
-0.0003100451285091836
0.0002613378031287156
-0.0002695599148379324
0.00016287010020263207
0.00013971062461778198
-0.00019964563758290298
-0.0007412424932031487
0.0003042448184015658
-0.00016331188415002196
-0.0001652239707514766
-0.0001586164026875076
0.00043477494853605945
-0.00013284827384734318
0.0006324798979356586
0.0004936434942114693
-0.00013421957779127894
-0.00029104074067147826
0.00018498426872071754
-0.00017742724612355502
0.00020408476867243302
0.00038267653395211227
0.0005362872203952008
-0.00047941501797457264
-0.0011450615183253385
0.0002113711699738787
0.0001659071876508844
0.0003669114656477109
0.00034954199032190974
-0.00015622708210280572
-0.0005177612284978879
-0.0010714255531728172
-0.00036757957711609123
0.0007553274385260964
-0.0011189197493414057
0.00171758070301557
0.00027001281440229623
0.0004893653173534642
0.0015292160570634851
0.00015205970751762827
-0.0006150206855444144
0.0004248027090147612
-0.0024601178965196575
0.0007979442044712535
0.0006768168227720813
0.00031725130358354204
0.001222270518956693
0.00092490246801219
-0.0005384543464850109
0.00020607542633801094
0.00033864111819854035
-0.0002104009819026411
0.00016042341417698753
-0.0008114580154512474
0.0001486721886074511
0.00013513497062329113
0.0002516784086027916
-0.00011841142039998409
-0.0005403753490603398
-0.00020410592443038424
0.0006656489349744343
0.00014679643111594314
0.0001201150244987685
0.0001787715309949971
-0.00016086407893507471
0.00013444567205629087
-0.00034867614030933947
0.00021547780586680032
-0.0005234637268410681
-0.0002992706482486341
-0.0001694145010983777
-0.0002067705218161505
0.0005777294995222627
0.0001250759328878191
0.00013341051708015927
0.0001777331468825054
-0.00033906362862123267
-0.00016062728025802018
-0.00033909366944832837
0.00016927536269643
0.0002759925038823766
-0.0006175753323320998
-0.00019680672838949943
-0.0003548393443332041
-0.0001352282315430601
0.0007812938310582862
-0.0003466485047934996
-0.00034881302454404633
-0.0004957653377429795
-0.0004138484546508219
-0.00011966564359897986
-0.0008334006972888738
-0.00019429904856885756
0.0007888044324277908
-0.00035122711976053733
-0.00011569493427632618
-0.002197744172273942
-0.0002870152948323335
0.0004148655864363157
-0.00020042160424875503
0.0009667111690669688
0.0014689284092469432
-0.0002693892840387792
0.0005241010954589177
-0.0009970917529709838
0.00023163626770079994
0.00141030521965061
0.00044954346789647645
0.0008241758232419841
-0.0019343461479046577
-0.0006144744549531173
-0.0006840888865709724
0.00018568299778386343
-0.0003140768364533087
-0.00025861450853733084
-0.00012140143692264749
-0.00014623793473323603
-0.0007446895814750699
0.00019233047677239408
-0.00021981122597447658
-0.0009070555706920668
-0.00022332143552362596
-0.0005261597799424427
-0.0003914423168382466
0.0003040836899212123
0.0002838582928987631
-0.0001284602331648402
-0.000263195360936583
-0.0003364121223889614
0.0001674293412200524
-0.0004964397952546498
0.00031572085100103377
-0.0003032059744725063
-0.0004922889195158284
0.00034879037358508683
0.0003032906843928281
0.0001108888522758269
-0.00018019670061145926
0.00022925137826064094
0.00021068528183937164
-0.00029458244449981835
-0.0002857622451007981
0.00013635403366291668
0.0005248937985784145
0.0001569201630812787
-0.00035902093623686786
-0.0001067323345399723
-0.0001035992368061971
-0.0001089216835897505
0.00011862127546678879
-0.00038515389582857604
-0.000469900726658887
0.00017248779100927246
0.00022300131727186678
-0.0001219321644507747
-0.0006956762754827079
0.0005639726219984823
0.0001499582355181765
0.00039275859760484614
-0.0002861090673464638
0.0005510569162877584
0.00020369933026457166
0.00031997132740825817
-0.001334819775311464
-0.000348353231373906
-0.00047750380960941597
-0.0014773150742509458
-0.00014817404411738154
-0.002649401231451803
-0.00010151646848035044
-0.0003405675575413137
-0.0004368680723052185
-0.0003639758057370297
-0.0015035985306117543
0.0012697676665090504
0.0012266011539271023
-0.0001587989358619654
-0.00012705985665425383
-0.0006078889502788751
0.000889931870949744
-0.0001734355792831134
0.00032432960322273277
-0.00041400679138757013
-0.00012163097634097813
-0.00017783328822215932
-0.0003261562436813377
-0.00013560470250935055
-0.0003825796804686259
-0.000188305329674276
0.000308466854809227
-0.00025503335042046505
0.00047729887273422936
0.00013096387355913963
0.00012123417085445753
-0.00021775662173325938
0.00044867267070998874
-0.00013130782264501772
-0.0001514938109240502
0.00011441717774794754
-0.0002950918704937652
0.0001792455656807379
0.00030264402292304435
-0.0006640028581891494
-0.0001450156815000767
-0.0002777228498967341
-0.0002582930267474512
-0.00012590713151618477
0.0002526686718328967
-0.00011726915430870616
0.0005311330734141902
0.0003728218981068342
-0.00018682800859538018
-0.0004993420222906387
-0.0002835811777051104
0.00012523102404567833
-0.000167124970041747
0.00011454294491954891
0.00038557868508402735
-0.0001045083686615683
-0.00011462719785752427
-0.0009955691414035668
0.00045073738172425024
0.00011823770728560802
0.00020203758912839395
-0.0003328747370901205
0.0008993118915633729
-0.0001540498412077502
0.00045482048259257797
0.0014050986528847372
-0.0008070874948679536
0.0006992943639316435
-0.00017209717217747133
0.00010245778179715421
-0.00047656757264657025
0.00011695770546390605
-0.00040034969395753124
-0.0010600539322520917
0.001039720490877079
-0.00230054201595008
0.00029381929373999366
0.001055133044876001
-0.0007218937713450487
0.0004369075645354208
0.0003481359510145241
0.000743978170943081
-0.00011535183716536675
-0.0006312471249680405
-0.001362115883310391
-0.0005490200218545589
0.00033222115462764847
-0.00014924375573820156
-0.00012785876011836393
0.0008261872942519329
-0.00048369866759046963
0.0003651048765494459
-0.00012935170354880788
-0.00033063274856416636
-0.00010900909715049465
0.0003493789681922174
-0.00016261061710647336
0.0007554196710516834
-0.00027547833898514725
0.0001686777517176139
0.0002561779145273261
0.00013868427197216062
0.00014692017961783456
-0.000551943448019853
-0.0003304248334462654
0.0003742933714974279
0.0005455184635108133
-0.00022298638908146314
0.00019471271749552945
-0.00036844014434228784
-0.00016120746106359842
-0.0005052865744143755
0.0003673394025263239
-0.00031396783712141636
0.0002579782990504525
0.00012130494743513488
0.0004705694351533104
-0.00019381735261811645
-0.0004869517485233104
-0.00019129813425040854
0.00012996709929545972
-0.00012993024040344655
0.0004271031804300167
-0.00017691017291649393
-0.00023505325162592204
0.0007545624759660686
0.001088892790879608
0.00022836042537341652
0.00012089316596469001
-0.0002687666798179553
-0.0013950942508599107
0.00011063967002031765
0.0005947082285519136
0.000122253205532394
-0.0002513260465090335
0.0028600977198431662
-0.0003873904362575086
-0.0016804106767698466
0.0010893805054938554
0.0007485477852306634
-0.00015203867536959598
-0.00020273090138462333
0.0006510944188200741
-0.0004802927244099049
0.00022523930763108078
-0.0004497202973604506
0.00026409900223666285
-0.0009344213897880887
0.0001636752234539156
0.0005657870135642012
-0.0006516488435184872
-0.0002522307739800302
0.000816366640622652
0.000324625436215341
0.0001577133020168869
-0.00037102887052312464
-0.0003208706274988945
-0.00012623298029865927
-0.0005402925048981722
0.0003786084077985145
0.0001363453962999183
0.0003597136911050071
-0.00020459481464531927
-0.0001937451100354234
-0.00016960326294894086
-0.00013177845691213978
-0.00040228597524625127
-0.00014513563060106083
0.00012604995957375375
-0.0002090323279670965
0.00013428549101020376
-0.0002696554178889416
0.0001098098681479976
0.00010904541357978927
-0.00020793125360199865
-0.00015141316434008633
0.0028695930087377915
-0.0002685689530473568
-0.0010217927141781449
-0.0013331601140658391
0.002551383541141011
0.00013562621857298528
0.00010373783934492284
-0.00022264025054071358
0.00010512423063875217
0.00010824036858615923
-0.00021294729236194697
-0.00011599352787118384
0.00011745213735517269
0.000484306700848642
0.00010250387937849392
-0.0004581045060916505
-0.00021833221710521213
-0.0008568199534951047
-0.00010929722447964059
-0.0015608233868360712
-0.00014417635420115298
-0.00013321120814070985
-0.0001124720042805165
-0.0009268593698496324
0.00019711260458258546
0.00010807684091714455
-0.00039151221693748284
-0.0004458083064629309
0.0003352236725427428
-0.00014350682717964054
0.000112162912436578
0.0001391566269729978
-0.00021410241186529136
-0.0005097585923323625
-0.00018860034364188839
0.0003276091323803817
-0.00012106581922989335
-0.0002093184356248778
0.0001645892631567124
0.0001284599913076856
-0.00043670955967823965
-0.0034648136510571923
-0.00015282202557565094
-0.0005129312747910389
-0.0008834000740596946
0.00022942007945506724
-0.0001190404237750122
0.0008921138175924411
-0.00011756061072991588
0.0005884990605463778
0.00044914609857070654
0.0001777560004547254
0.00026345807475855844
-0.00037444290210278413
-0.00036472816699780185
0.001141055805083205
-0.000130447842449231
0.00030666257092009194
0.00016837205061303467
0.00013589063498845779
0.0016713782373917127
-0.00030768616967792356
-0.00018715238230848484
-0.00026250759710453984
-0.0003620185078608395
0.00017340678152911635
-0.00014219785025807547
0.0004532642600685447
0.003445566399431058
-0.0013037366480901573
0.0003805882909447871
-0.00042063718725552697
-0.00021477291090378584
0.0010351196980281142
0.00011225194847329196
0.00010801768009154431
0.0003163946999200306
0.0004177222127708028
0.0005014127767857181
-0.00011735299963362564
0.0003670049241077781
-0.00019457550849346709
0.00024191434567973356
-0.00010434548585799537
0.0003537325679922061
0.0003077262251480091
0.00010159269685598298
-0.00016875654210605917
-0.00018086984052120508
0.00021523509708407774
0.00020308385943988358
-0.00010182045798076072
0.0001904161653562075
-0.0001345805989832112
-0.00012016229387995987
-0.00015010591716278535
-0.00010300603419769586
-0.00010172382589360344
0.00012980825253819934
0.00010793247086008306
-0.00012272098209856682
0.00014049714761912862
-0.00014211978839860648
-0.00010171275538531206
-0.00012923549102631925
0.00010485224914453853
0.00014026889883760697
0.0001365419322710966
0.00010935088508756064
0.00015703165730303673
-0.00015068716673264626
-0.00011159530436170682
-0.00014328563816683195
0.0001546534272576759
0.00010750921440423012
0.00010189905562283562
0.00010794360991741112
0.00015860110516045735
-0.00010001105709116575
-0.00015659814794156105
-0.00011426657612598861
-0.00010319873198787646
-0.0001664328741130142
0.00010341636355556791
-0.00010261221550844053
0.0001603897757351148
0.00012083032347238886
0.00010678210076667243
-0.00011729616460872834
0.0001563284361724484
-0.00012441652252690862
-0.00015230485404555555
-0.000138388691226675
0.00010106837978710478
-0.00019838976343250928
0.000100849708550671
0.00011490250970411898
0.00019091097596301323
0.00010074335881134494
-0.00011412412112167293
0.000139809287871952
0.000176236826287366
-0.00011374940101761729
0.000123422338954691
0.00018375882613477147
-0.00011122505801520278
-0.00012875831337764765
0.0001157701453764189
-0.0001668689866332973
0.00011645086891518323
0.00018385940767694722
0.00010791851242050023
-0.0001103941650302239
0.00013727166552476137
0.00018500842281703
0.00010441240090686396
0.00011196993426485893
-0.00011887829973630873
0.0002062218466431344
-0.00011820630527671154
0.00017965335200244978
0.00015564321073024054
0.000123997661812047
0.0001156514198366841
0.00014824746915313773
-0.00016673095480796945
0.00017523096319731188
-0.00014106193170990283
0.0002543277757748509
0.00014111201186967068
0.0002334970560658946
-0.00011860609680293695
0.00013451689113806555
0.00013268800278958603
-0.0002195493480612779
0.0001652055293268649
0.00010810870421074819
-0.0002789284836977598
-0.00022381957093422903
-0.000431884078355995
-0.00040623970439288687
