-0.192749191194797
0.48644666508975326
0.10362493855060788
0.060477625587117646
0.04292552514073314
0.03254867735118384
-0.02691905636300073
0.0259511020086195
0.02406988617889046
-0.021732433684873993
0.019661090178770192
-0.01805788500390196
0.01715607705805345
-0.018218949303200692
-0.649416433352823
-0.012582328821710452
0.22030049024554277
0.24923409569100316
0.14036729392823838
-0.09826748812004163
0.13425479200145096
0.0926446934714526
-0.0494333918803362
0.0943578683972606
0.08529337961180981
0.006143205502542666
-0.077254760756485
0.023422081187191742
0.013947519297205183
-0.05121007854357142
-0.0942209828422201
-0.04857708146290734
-0.004931391607497078
0.006003204814824009
0.0007396738842100257
-0.010262575128170753
-0.10711745134048664
0.025076200724485964
-0.001029036818664455
0.0012139163140090566
-0.0012244563343077632
-0.0031924903931430724
0.10370689930748549
-0.003781410868649098
-0.005131060330538275
0.002118810955580534
-0.0013413592117023224
-0.0137479620626287
0.0012508948945107606
0.003593195289286732
-0.005195300184605882
-0.016706008214638912
0.08759259711069911
0.024484180738795318
0.02163056003010565
0.0012460361444201569
0.003071126476271272
0.00794971948723142
-0.005788051451266047
-0.0010424867738207653
0.004292892966421968
-0.003418330247636965
-0.00044388644533538543
-0.0006987437152484094
-0.0197484031250545
0.009987388185778647
0.08328378802620807
-0.001156909191075772
-0.003512450751406653
0.002872833789544722
0.0015291178120472103
0.00769023480480079
-0.0006549052138429866
-0.0009717325803161703
0.0019008466955983889
-0.005292221630307798
-0.00113015575379594
-0.0011459486925877057
0.0025980944920443324
-0.0069217308672187335
-0.07502817583564762
-0.017077283846545423
-0.004335419650713234
-0.005404936437610852
0.0011273737566941649
0.005424053607084258
0.0012406450151490774
0.00032893702042485046
0.005258826179317688
0.002343719085591242
0.0024167314971788065
0.0007730718311229161
-0.003162060180154785
-0.0024601306678918157
0.00089906608300525
0.026956481401434078
0.04865428799074943
0.04212496540973099
-0.004321624816297425
0.005128686227315966
-0.0013583978561265194
0.0020948559432109985
-0.004177366410479879
-0.00019491091200498164
0.0012595784719902873
-0.005805905628271579
-0.001232354197112205
0.00028836589866787515
-0.000790771151627074
0.002000036155558437
0.00047166261546968197
0.0013282030334829296
-0.0004174325878294438
0.002777661147963712
0.0007116090930980878
0.06294574327469123
-0.0027099430426687434
0.003798158894808366
-0.0005007907299041421
-0.002876227588174928
0.0009150412743184215
0.0006081118954557925
0.002696561238716918
-0.005470473785174827
-0.0015784711902310491
0.0040564083906997
-0.0032305041339259887
-0.0016185205630904454
0.0015551923958006223
0.0014893540304115743
0.003186363442911109
0.0015432798787533993
-0.01764035032989778
-0.053367816197110056
-0.00522926190632236
-0.002175177261774309
0.0075754631563198175
-0.0006551299420003004
0.0006375543823180752
0.00029613618706701066
-0.003320606269167315
-0.001662355060555408
0.004814168922703294
0.001374795748475633
0.00031413407688541794
0.0004815644222933102
-0.0004181165640135325
0.0008377256704520486
0.00129112914558555
0.00018874850432279024
-0.003081170216289163
0.00019491287408581525
0.0002041263559423608
-0.0004526077874126776
0.0019890609688304
-0.03958847534106383
-0.03337886786337372
0.004603977196433905
-0.00101299769581651
-0.0002231993893972129
-0.0009723785189011435
-0.0025814513028448657
0.0007897029082604961
0.001665700904085487
-0.0027792939740118854
-0.0035484448375045718
0.0010527158914442017
-0.0005720539678703867
0.0014699445365887551
-0.00044631753507675217
0.0016100174292186388
0.0023889547463308283
-0.0008699299178668355
-0.0009094627966937767
-0.0008226150414993375
-0.0029033810538670783
-0.006827163446807279
-0.04636652918563985
0.0028064027212011335
-0.0018059948388082128
-0.0020772647908054403
0.0015141500832474243
0.0007773261390743679
-0.00165997293237849
0.0007475010797583069
-0.0005553883601795341
-0.004998656511061071
0.0003747164990651549
0.004224721857368087
-0.00036895395427548875
-0.0007329294091428922
0.0005341265575242975
0.0004883599021893424
-0.0013105351710333087
0.0012713306695660749
-0.002061242341613941
-0.00098517079259221
-0.00016769034800187755
0.00016784403157294253
0.003384072079599485
0.0014089724001599276
0.004301536396397367
0.042575343765006345
0.000840136956879347
0.000623235917556641
0.00015546462496302088
0.0003124631224996676
-0.0009960643960752365
0.0013167298473829852
0.00012285862508987653
0.0015531628260620656
0.003924796359031366
-0.002149889732256728
-0.0003971581899389345
-0.000989613021297439
0.000308646964170062
0.00021830220335612558
-0.00034578667593887453
-0.0012663521546700802
0.0010609993896736265
-0.002319930049727017
-0.0030278892763029954
-0.002636888628287033
0.0008249646345276563
0.002655695137960751
-0.003000624497382047
-0.0013037311047935482
-0.00295534088742778
0.0013978920217039602
-0.038297433081143736
-0.006947169421934049
-0.00026636073844768483
-0.0015268148686515659
-0.0006682022506570252
0.001031110762595494
0.00044611445267253087
-0.0012036867726827336
0.0007801890023679193
-0.004248097339209581
-0.0004918537069386333
0.0007388027124768783
-0.0004053372808491574
0.0009674130727641427
0.0002677872253631212
-0.0016699015757667508
-0.0004580777954869827
0.0014856408585399593
0.0005144680991540162
0.00047326959552250784
-0.000717804740114406
-0.00036204094741012355
0.0015384756219059537
-0.00016666981785148775
-0.002117106916899886
-0.00012160536665751555
0.03593713440308986
-0.004084567107186105
0.00039068216853461676
-0.0010665145620891794
0.0005150088294243784
0.0006398058529989407
-0.001627842027923089
-0.0002382835859731271
0.0004772510000280865
0.0002438222630376157
-0.003836211961605401
0.0006328582163278856
-0.0002767540731206115
0.0007379896005152278
-0.00043379507991922304
0.0005033477444209149
-0.0001217540003058971
0.000515639393160125
0.0020956664591700183
0.000664583548170363
0.0005588166145526912
0.0007027866927867194
0.0010867283054772443
0.0007466928895234693
-0.0019308510219510713
0.0003191683545549314
0.0008057742648402892
-0.0014268569015805606
0.005019746281115856
-0.03147950206733235
-0.008773684605808978
0.0005872924300463065
-0.0006648635756406206
0.0012261770881954685
0.0005972250080515485
-0.00019927902356332568
0.0021067555579012613
-0.003848818814656738
-0.0023382322017049604
-0.0012476899378084624
-0.001026025907460802
0.0005031291304244137
0.0006663245167096659
-0.0017572803663148489
0.0011747795736558489
0.0004006829901375009
0.0008423044055755219
0.0006983782803839967
-0.00023678773348450357
-0.00042340566698614146
-0.001631335694485832
0.00010608085614048285
-0.001242060648031555
-0.00037498770691235
0.003437611059848983
0.00735240502169021
0.00481977354461442
-0.028992747506245805
-0.0006079156081998068
-0.0004803744524061469
-0.0005231294906825211
0.00022468246147985056
-0.000172378731419939
0.00031586910181259805
0.0036437460279648524
0.0003710730281600836
-0.0007389509291114209
-0.00040592126392462283
-0.0006462789944022069
-0.0006598754554850433
0.000508633828275656
0.0008010353066430593
-0.0007641364083700436
0.0024637349104960453
0.002324060584692371
-0.0017741274052485221
-0.0001423798179537522
0.00040564829156983424
0.0006857976520019722
0.00033975353231682694
-0.0007234634842623983
0.0015293007212762368
-0.0005718236358015148
-0.0004386871451297035
-0.0009836047886008672
-0.0022768130604834584
0.0016068951351809772
-0.02049402618938826
-0.01906782517407891
0.0009029863924877694
0.0007487892706352418
0.00045171257400897897
0.000849102707266567
0.0005879581617444789
0.0004750676453891271
0.0021863621844962983
-0.0024976644809088185
-0.0009187557034583732
0.00036157979570424783
0.0002053920206378536
-0.0007399155518058934
0.0001926720230785443
0.0006539848622311036
0.00021834721008120534
-0.0011125033787199327
-0.0014576441178496945
-0.0008553710090835183
-0.0002940403918791898
-0.0002232590435148106
0.00030389454002884627
-0.0006788535268497907
0.000603038750538832
-0.0005887910865241223
0.0020901409010142323
0.00275952674968246
0.0006280546545186255
-0.0012983186122003222
-0.0006748499509792949
-0.0015919868196769286
0.0019630397280336062
-0.0023082715017260502
0.02575422942853481
0.00041174817436743117
-0.0021625732778472856
0.0006091048428028318
-0.0009694496904645556
0.00017029998350213108
-0.000636506883430122
-0.000801325075697288
0.003090487744912457
0.0003994312702167845
0.00046705004529551473
-0.0005108502679167269
-0.00026048308187307103
-0.0006263044386075995
0.00040343134521115853
0.0016641718839752095
0.000579500381776414
-0.00027670614356298094
0.00018130802149188618
0.0002783727082574476
0.0015173105952429565
-0.00034956667157488895
0.0002249058505274192
0.00031094543540710645
0.0002071110027625023
-0.0005102389446312965
-0.0008359391027218043
0.00044893864093178786
0.003036827951093651
0.005225368459193141
0.023595984548306605
0.0017587639955303637
-0.0009738673663434122
0.0006093151106197961
0.00011659440296420087
-0.00048251657252824297
0.00017963014126234144
-0.0005634244600411916
-0.0028059828274270447
-0.0006832296234339867
0.00045336014777555556
-0.00044265873244295857
-0.0007965418313327146
0.0004662008545001659
0.0013959912523292652
-0.0007835337503360747
-0.0005586756024994658
0.0001358975255074492
0.0002479624637488293
0.0007878413972289161
-0.001122231932042474
-0.00051233249194289
0.00012723512856402706
-0.00010428737103970676
-0.0002662488709123227
0.0003094544641270764
-0.0008138659695170513
-0.0009840196804816288
0.0013594094723017125
-0.0012139068480090556
-0.022212985780733486
0.003936730200837689
0.002073776595927098
0.0004118639746257585
0.0008667603791235635
-0.0004854039600555149
0.0010269704048097264
0.0024805573665912946
-0.0007770855801978915
0.00020831303000684844
-0.0005866384761228044
0.0003912784560331157
0.00010108038700637917
0.0006317795262672407
-0.0007674639296227492
-0.001297607322725655
0.00017813984427508798
0.0003158062238322387
0.000196451010690253
0.00027256173135695416
0.0005090502108960158
0.00029987504739143725
-0.0011540383585404914
0.00046783586332941604
0.0002871866245897983
0.0001816999741312901
0.0002932320618656567
-0.0010889674495420188
-0.0007912233554297515
-0.00026311315054483423
-0.004340177324161501
0.02040062486368517
0.002616636726085255
-0.0003599519394882956
0.0007678677426306866
-0.00016647513691583313
-0.0004759157804697557
0.0021294474674752747
-0.001961312237846224
-0.0008305943988080772
-0.00043019047039479077
0.002284817471486339
0.00036373798302606375
-0.00035006189887763924
-0.0013567657053519704
-0.0004568492460593298
-0.0001940435460977481
-0.0005364245887849009
0.00011504311595310603
-0.00014573717068419074
0.0005316814486427589
-0.0009878869217833579
0.00043320145918456144
0.00043013841737351866
0.00017094354385058689
0.001089737315886653
-0.0004850777714538356
-0.0002306162985390081
-0.00016317989205637815
-0.000885249241463403
0.001255055113000151
-0.012317404610890065
0.015085176577479055
-0.0016004754515105916
0.0011635765172044556
0.00021063157085037857
0.00010505159926599896
0.0005683959280138845
-0.00034515861523187345
-0.00250333419504157
-0.0005952398993321254
0.00020093415502793843
0.0004042245565054426
-0.00027588088944739296
-0.0008939160472620855
0.0009042119163155412
0.0007220949756408572
0.001965727620579556
0.0012482533841846049
-0.0008242612185923922
0.0006349200796801456
-0.000640394184474651
0.00017434368391098766
0.00027824475155854167
-0.00046874850056134867
0.0010378881675968494
0.00017871532552036346
-0.00014155222951525335
0.0007196745833999923
-0.0005731235673933664
0.000591804486474358
0.00047667886129528424
-0.00010508428831339972
0.0005362342808323026
-0.0022212417197097
0.002208298364015466
0.0017157878451369065
0.0180064838520526
0.0003324362985037511
-0.00046035133012016597
-0.0003041008265194166
0.0003744975031141455
-0.0005588671295646157
0.002285878461144521
-0.0004191208500422592
-0.00026510099674523886
0.00026683226278009445
-0.00027835637486435077
0.00055729926667801
-0.00037881328373824626
0.00013228026521580806
0.0014086044488903623
0.0003647423881488987
0.00033160541011458753
0.00040651895797735513
0.0007396832302591404
0.0009517946655053164
-0.0019623788772558525
-0.0011733460293858213
0.0003083938685344449
-0.0002023676633390029
0.00011283802954859878
-0.00036518610331067873
0.0004483315329397354
-0.0003179776989677276
-0.00034241748737966676
0.0001718584599975009
-0.0008076709798857738
0.00023809036949821834
-0.00041608182206923896
-0.0004321743620513307
-0.00043039537081006573
0.0005137195336424717
-0.000543197099264344
-0.0007223916716015621
-0.017026043044182326
0.0021999547781209423
0.0007226142890623651
0.0002794147090471631
-0.00011326967242255788
-0.00032046715355852734
0.00018979944895555426
-0.0001509170322076116
-0.0022186880919231986
-0.000376699416583287
0.0005020072305370444
-0.00036204046138268753
0.0003106352465298537
0.0005781003402261785
0.0002445678195565449
-0.0011800626743453542
0.00022059866336443938
0.00037916665895427917
-0.00016026948240114544
0.00020123625236106364
0.00014204818975775924
-0.00010730773628403623
-0.0010284642018975627
0.000504034558585324
-0.00019671951189700995
0.00031467029693050955
0.0001479839459799287
-0.0013064222333607487
0.0005225429844789392
-0.0014356202557413494
-0.0012292212212419433
0.0007450905085751135
0.0004572423555822168
-0.00016875742399220523
-0.0002795604411582446
-0.00030253848179191917
0.0008428587076260994
0.00026244625638547475
0.0009024374309610289
0.0001678970714074205
0.015000454075878595
0.005565491812751107
-0.0015235844785265065
-0.00044916381024607594
-0.00116370063068885
-0.0002601470259112738
0.0001016329004823568
-0.00017062820924653065
-0.0007085758994803751
-0.001994557759237379
0.0002281033626266716
-0.0004856884985633241
-0.00015102546354358353
-0.0005398674734974015
0.00036174798216477127
-0.000117221010942239
0.001151941474662637
-0.0001845101695716476
0.00021836967579974266
0.00014382247196578828
0.00019788779674657754
-0.0009141814025570218
0.00019599884732620604
-0.00044423188636027913
0.00032293664218665516
0.0003301920560566391
-0.00015836547298108216
0.0006193475167817973
-0.00046349883242387133
-0.001482001611459834
0.0003649614172451745
-0.0009655550051886908
-0.0012478324374293466
0.0006032456801591045
-0.0010024129916397196
0.00021705540025622594
0.0004704780450362319
0.00038320699994480825
-0.00023570670867923232
0.012822870479302695
-0.00770653859948895
-0.00228067416971029
-0.001013624054486744
0.00019980423497254138
0.0003746907162397579
-0.00019667811607675196
-0.0001991620560082891
-0.00012870157609161078
0.001964662726711847
-0.0005653911726620314
-0.0001706865790350842
0.0004042307765790292
-0.00027610792663213527
-0.00020928287221548528
0.0011174167699550214
-0.00011072518236179268
0.0002525106462986183
-0.000161973218610876
-0.00029043400944842425
0.0008750656814850961
-0.00010773647298568011
0.00026554766713259313
0.00010935272655131621
0.00031031371927705035
-0.00021959621546795868
-0.00018078312863558188
-0.0006237524007926855
-0.0002940532645658216
-0.00013274240053606063
0.00016180055076648995
-0.0001795519672239315
-0.0002508781820328548
-0.00012383018827617626
0.0003719118978746571
-0.00034611998766576285
-0.0007672044372787597
0.0009447477985676848
-0.002123527782645942
-0.0007111728989827126
0.0012395897032463563
-0.0002938914829386825
-0.004275172405114455
0.01351029064129964
-0.0009191710243439151
0.0005913627970803482
0.00031964665778036363
-0.00011384199055130341
0.0014327820947267896
0.0012691344033567105
0.00010049884083354648
0.00037918690709973376
0.0003128892531720829
-0.0010252760179943641
-0.00026174277175437864
0.00029031642927620696
-0.0001713887044834607
-0.00015123961846481463
-0.00034786696240969865
0.0002594615399986842
0.0007981535148008942
0.00022506042340633732
0.00011432526233937525
-0.0002466347157052166
-0.0005996173383223517
0.00011234677752318823
0.0003283154730399987
-0.000246787553360665
-0.0005369998219710236
0.00024479460360895335
-0.0003047809039138559
-0.00028554670355506796
-0.0002529923403390076
-0.0003999897640486625
-0.001029092555991001
-0.007337909164524206
-0.011089763361471132
-0.002961234675823128
-0.00031865037857616984
-0.0018201843471388425
-0.0002599820602024387
0.000227959547617981
-0.00025189336576646084
0.00021945187716731603
-0.0005007403067152959
-0.0008346320097573554
0.000267974078719946
-0.00021694494998800626
-0.00035364139797113746
-0.000311446745503937
-0.0001988566794163144
-0.0007044301074836853
0.00015326452389841796
0.00011814369503433257
-0.0006052290681193101
0.00037456448985253215
-0.00013687520491049963
0.00013846133956623528
-0.0004911448852463896
0.00024144255095838668
0.00015668628293575448
-0.00010565860886497416
0.00017920208202539198
-0.00011267103264006217
-0.0001724289330356797
-0.00068147628593846
-0.012724390505490726
-0.0013880345367238503
0.000513551341786484
-0.0004888839259138282
0.0009121573536611488
-0.0009823387909000075
-0.0004800827817712845
-0.0004979297762295637
0.00033146397079654905
-0.0009232609923633235
0.0014520950763954868
0.00020414602596680644
0.00018031499481149088
-0.0002295181945312167
-0.00012317021717170163
0.0006230957402835902
0.0007501200700851883
-0.00019546181202709023
0.00016024720960715067
-0.00035984892267203054
0.00013795241848635882
0.0006969607159079013
0.00011663512572836326
-0.0005715576680182499
0.00018662144053551794
-0.00016986764182963683
0.0003005400080585867
-0.00013015439644199764
-0.00013708485565807566
0.0002354267372624535
0.0004745711164925466
-0.00010388849196392452
-0.00032363891263692665
0.000435352042494596
-0.0001799938203187034
0.00037526041802218017
-0.0062259688102276455
0.01035206978863392
0.0005895500354225269
-0.00012376625633384717
-0.0002591162872514402
-0.0005723800991254563
-0.000469356772964277
-0.0018830232164927733
-0.0012390455319501849
0.0001781864199059783
-0.0001975702063722538
0.00014804030424725797
0.00011895519685702057
-0.00038120997329674255
-0.00023452998782678386
-0.000853297902149233
-0.00010646436556183569
0.00030804123846933505
-0.0004952516121493102
-0.00046784415026943186
0.00013127467794965986
-0.0001506759166336732
0.00015124544766753062
-0.0005687006483183468
0.000269817786807885
0.00023610326562680523
-0.00013880571028893675
0.00041730759487963384
-0.00012620638155119653
-0.0001229563525628094
0.0004375644136451385
0.0003808082381336912
-0.00017871866408245235
0.0002759386659759265
0.0007526059644928042
-0.011394971883575054
-0.00042834026551270886
0.0005611644659299046
-0.00019204094213767564
0.0003507013066784224
-0.0002024724234706109
-0.0015833973820827464
-0.00036176832121794146
0.0002790699929171552
-0.0010983398107375678
-0.00047186998936224895
0.0004230740114492586
-0.000640257964531133
-0.0010090444187522522
-0.0007290300541317269
-0.0002694198880276741
0.00010363930350262273
-0.00026349911914370244
-0.0006211051180873406
0.00034619191746543677
-0.00011188485093478084
-0.0001455245472824738
-0.0005053300117470845
-0.00040711217957863587
-0.00016161679688331447
0.00021005647880064244
-0.00019834873595368855
-0.000455757264116072
0.00010022089258320234
-0.00025321673172462757
-0.010740500691631977
0.001446550117528452
0.0004406549467665278
-0.00014758276353080954
0.00026581017560408217
0.00015654519952745056
-0.0014611611179408024
0.0003545221562862949
0.00035219035075386676
0.00032849838897008643
-0.00039001396416384445
0.0002458450531838193
-0.0008629120711115721
0.0005309286782197621
0.0011930840039826621
-0.0004102347106821262
0.0002647939457891376
0.000509446803506354
-0.0005514052305319523
0.00028454267202162345
0.000528345816310562
-0.00026178080237283867
0.00018614458341327837
0.000268009766539554
-0.0001333947462507343
0.00015760745784595674
0.0001823479794034456
0.00047888852847075654
0.00011907561062744263
0.0001024488438611174
0.00037374697595648923
-0.00015162002779892797
0.0001279802495949424
0.0002958868425390521
-0.0004002167274984603
0.0002239492814190847
0.00014619870787665998
-0.00024925712980079524
-0.0011025439148494472
-0.009061868316229202
0.004747464603166767
-0.00019268772728232248
-0.00023436661716650148
-0.0002400260528437048
0.0008979644046195483
0.0010966903164506788
-0.0001379780850759306
0.0003194396875541608
-0.00016011642366111045
-0.00036899009489147985
0.00014474238885407183
0.0002047959890612824
-0.0006875336751841431
-0.0003176143549876894
0.00042808642889271116
-0.00020845711196781086
0.0005678375651805079
-0.0008875621485849372
0.0002745533248929135
0.0010033616266802725
0.0005453212750060806
0.00044593434126998524
-0.0002759024153276629
0.0003303325520378411
0.00011346838282827465
0.00045486103290620075
0.00018050444613419733
-0.0003734651504962835
-0.00026396928773017656
-0.00012079630140425842
0.0001600664044638194
0.0003839090391433322
-0.00013183729993544827
0.00017989303110959941
0.0004828478242689439
0.0038957526750348433
-0.00894497216584373
0.0005202957884851339
-0.0002228917153618931
0.00013981842141614742
-0.00011013378779927251
0.001308626039577399
-0.000461982547070899
-0.0001659398553281545
0.00024355556793715218
0.00024380738616785008
0.00015549338261800177
0.0007564943202972155
0.00023741930176857397
-0.00017273259616496352
-0.00011206523559586596
0.00034165109746344226
0.00018157541901009668
0.0006114720603472034
-0.0001969307441666426
0.00016219333941577734
-0.0002962799819291843
0.0010731893010564745
-0.000864426896805981
-0.00032013782605046703
0.00028337638686394453
0.00047638825768389485
-0.00010125544552708562
-0.00013509097663667313
0.00011524832126417258
-0.0003623554998474078
0.00026864988482132714
0.0001629594747860704
0.00035142923941653797
-0.0005685206976661614
-0.0002644549323456323
0.009282928997776503
-0.0002741284565248091
0.0001320599958230541
0.00014076209495921885
0.0013053765666944694
-0.00012170249061796537
0.0002376725627369677
-0.0001648360830624326
0.00014224001812626876
0.00022358271453376256
-0.000369198036792602
0.0006469528038468123
0.0002649874145687656
-0.0001333838479163245
0.00015626588075173424
0.0005700274531578055
0.00020322489897983733
0.0001628010120873371
-0.00032025218390672474
-0.00031725227830780363
0.0001375857394774095
-0.0001242862430171038
-0.00032302533388164537
-0.0004963941518322402
0.001273031354733302
0.0003525012087803533
-0.00023313537892248438
0.00025276132009851036
-0.00015184090636212425
0.00029786740588954094
0.00015606575621286874
0.0001362435895538928
0.0003318473036096622
-0.00014088074060093276
0.0001301575866570825
0.0001691499654357178
0.0004327011509826355
0.008846688022227062
0.00023302002222726648
-0.00012215858959091586
0.00010440277328675277
-0.0012549866727521036
0.0002334800758626727
-0.00020789015093575347
-0.00013779591088627525
0.0007220294064671953
0.00015506651859505235
0.0001228633815368154
-0.00013988914231942572
-0.00020861747071941914
0.00012825562822792053
-0.000553781472051097
0.00012443974249176962
0.00014416835595701584
-0.00014545861117048453
-0.00038186657380782495
-0.0003395104737307999
-0.00033660993225291357
-0.00015581032890794676
0.00012220600289098772
0.0006067229148593924
-0.0004129114913442029
-0.0002824806044151784
-0.0011266427283347627
-0.00030760284647666375
-0.00011832485408024797
-0.00011349654419184813
0.00017172905948978264
0.00027871605252555317
0.00013260678052116418
0.00019581473640041799
0.0003557968404612927
0.00018989073146114335
0.0001231017748818047
-0.0003301443767169354
-0.008424849907043178
-0.00013865389309828194
-0.00018005198387897788
-0.00010856352450737124
-0.0002499249517292022
-0.001189278269201355
-0.00019081104007386853
0.00018224230348302123
0.000665665148194716
0.00019776927748838886
0.00011343781622849281
-0.0001395503128509092
0.00021406466029469
-0.0004948337345347864
-0.00019649528891124834
0.00011304165859580875
-0.00042316083961695605
-0.00018668717409265606
0.0003183352801259249
-0.00027947794099535665
0.00021545885766008463
-0.0010357519252217676
0.0007128788310330077
0.00022273304954783873
0.0004488982631915157
0.00013238030906463207
0.00011203581752252179
0.0003278462361359823
-0.00016782432868912267
0.00014150750478920734
0.00013364701189559798
-0.00010162468864906011
-0.00031525345496047206
-0.007974611234190547
-0.0009693552635202061
-0.0003299194665146979
0.00010007428703473676
0.00029518344527598055
0.00022628174760497044
0.0011231519253603682
0.00020418040822748221
0.0001928131272629036
0.00016377233272970782
0.00010990825675456381
0.0006140034409666908
-0.0002558755750406681
0.00010527484384160046
-0.00011149005313472564
0.00013555337491072782
-0.00016136331453009214
-0.00048070671799594017
-0.00011002334233032228
-0.00014617685933842668
-0.00010009557580424104
-0.00037951719190161006
0.0001920901113557578
-0.00015429493494319366
-0.00012414730486024544
0.0001647048640859795
-0.0002493336768093232
0.00020981964939348476
-0.00011996474633117489
0.0002971762783279177
-0.00022322406474604316
0.0005741957242750997
-0.00023790435070552803
0.0007116198705685196
-0.00042034402701377285
-0.0006866265738801746
-0.0003453535285201506
0.0003037521319017312
0.00020314750701612555
0.0001534916367876464
0.00011557440797759694
0.00015874448179887274
-0.0002564820900952117
-0.00013605115323312125
-0.00023913426933502087
-0.00034804172038734434
-0.007649083270321401
-0.0002220333813220671
-0.0004200824507686983
0.00023887490404732726
0.00012581754584008157
-0.00020029476125696486
-0.0001451574018394349
0.0010931323391569071
0.0001242264259684131
0.0001420119506780848
-0.0006296782815323475
-0.00011549303884493903
0.00018632956520482877
-0.0004665324168686359
-0.00015538928054843442
-0.0003612430908536061
0.00020164312398939787
-0.0001526211694878528
0.00010041523375133211
0.0002839014873866041
-0.00014943915492835624
-0.00015063544788985626
-0.00021027636958431394
0.00026697988902600806
0.00026652816084335923
0.0005106917128742332
0.0010461448262683204
-0.0004901516500233626
0.00027820867886737166
-0.0001835975944008403
0.0002773221945566654
0.00013320050873570643
0.00011433531410055897
0.00012205112872810993
-0.002663287233590245
-0.006833170768841458
0.0001758027829070054
-0.00010084964957817477
-0.0010431499725394517
-0.00012100831145928068
0.0006095237017643747
0.00012254351372325986
-0.0001649622127324883
0.000201420074010486
-0.00042363186185845927
-0.0002813878116018181
-0.00018634230139870627
-0.00023327460774762184
0.0002743986514533657
0.00018070745331660474
0.00011437314368610546
0.00024677917716049925
-0.00019872626523244802
-0.00015046529662780355
0.00021396981814148384
-0.0005575114927690136
-0.0007794127754224043
-0.00010722602785788976
-0.0006821852792583352
0.00022757291650007537
0.0003710669376976383
-0.0001933614140879741
0.0002137836007035
-0.00026858635995975826
0.00015354153918840693
0.00022825904365016082
-0.00031298869672781037
-0.0007087033231530375
-0.006957635023988042
0.00011150178451667405
0.00017423720207177912
-0.00023062139985145422
-0.000210139583808556
-0.000997963385108982
0.00010155134932661319
-0.00017783138947356802
0.0004705582601535641
0.00034842886916458744
-0.0001341255933110067
0.0004212687829110237
0.00016296248661867838
-0.0003301463967992559
-0.00026218750272357787
-0.00011896554967561341
-0.0001333572381639461
0.00022774612137465257
-0.00016858522616139323
0.0001142884147188993
-0.00012943468480145382
-0.00015911913818379342
0.00019580154423765175
0.00012144813780868771
0.00037699207238940256
0.000668484167557443
0.00032558368874280113
-0.0009720062193681302
-0.00032014489135314176
0.00021808651474822463
0.0001183301032699677
0.00018715104364903261
-0.0007506033370874595
-0.006652727185448288
0.00011192348350444875
-0.00021595783446627802
0.0007975184691784806
0.00044624101105756616
0.00013299552338983842
-0.00010175800679170085
0.00013609805137384257
0.0001560097287167873
0.0005561601916202623
-0.00017457216895367108
0.00039854969874165204
-0.00015923704054507
-0.0003184053114510441
-0.0002479605276409938
0.00012045669582293965
-0.00013213990893601887
0.0002201419571604913
-0.00015277123053419151
0.00012766023321964188
0.0001096885617081097
0.00022219497367870675
-0.00011136921100474125
-0.00029353803888349005
-0.00010293650371896574
-0.0003587056603745779
0.0006051580314967503
0.0006316134965547536
0.0008706118496360032
0.0003292392938404964
-0.00019915168838490597
-0.006375003416458264
0.0004485403840390908
-0.0002993979485764426
-0.00032259637178844294
0.0006284125614096891
0.0005776905740130889
0.00010447757997938046
-0.00014955529410047702
0.00010480096962472005
0.000536875466349463
-0.00039471826112365217
-0.0001270091409502582
0.00024638331625417235
-0.00016928362111509946
-0.00013255406085189455
-0.0002476624253203997
0.0001364387548125276
0.00015184985069401405
0.00010264566693997023
-0.00013855543262824858
0.00018023197229914939
-0.00021403076226644182
-0.0001352021732358955
0.00015652371070893565
-0.00021872100346691955
-0.00028489534247580354
0.00012110085066560426
0.0002496597240582792
0.0010119227470322867
-0.0030039721076890492
0.005389867480107783
-0.00021029512538454814
0.00013664330795469184
-0.0008549383146116116
0.00011130654049184182
0.0001675039107596988
-0.0005174233262553255
-0.00016793313369158782
0.00016704741958915178
0.0002855449460451738
0.00014601214111589552
-0.0001041207154086115
0.0003065080039896472
0.0002528341040377001
0.0001065777358665505
0.000129321744598763
-0.00017307891823471663
-0.0001478082940169717
-0.0001798854216382404
-0.00010165906966702716
0.0002507536010411646
0.00010423885986159908
0.00016559013485894825
0.00019242052265175646
-0.00011492891969055518
-0.0003563547160662888
0.0059442275213897056
-0.0004994253436133669
0.0005222475785248242
-0.0002573934371285795
-0.00010618327508397666
0.0002292118763363037
0.0004459620746189481
0.0006833654304394712
0.0004991988836589089
0.0003085366135313186
0.0002443333309516948
0.00027313128152359217
-0.0001143930920475286
0.00024250974553714593
0.00013967578428756918
-0.00013405457827931784
0.0001208048105818456
-0.00017159876477179948
0.00022896860770301353
-0.00011021986813429238
0.00017868195055171056
-0.00017049143305659372
-0.00016689801204721732
-0.005650606647943461
0.00013335610256625643
-0.0008066306364279457
0.0006107077428484233
-0.00011056356341471497
-0.00017167057037160765
0.0008083502664193182
-0.0004523317410909437
0.00015993400575510842
-0.00011839183656895819
0.00041387187563513635
0.0002493926509909126
0.0001465099728728106
0.0001769800311208316
-0.00022110957386312774
0.00020879782902265292
0.00011161678245479191
0.00017017491110411505
-0.00020042339124292665
0.0001426823604055716
-0.00013754455837510816
-0.00018046731580474202
-0.00018572714913360827
-0.0002151620705671323
-0.0001535630264988334
-0.00016140485405176266
0.00018285713700132337
-0.00015073516112432172
-0.00013241122643505197
0.00021255079774084006
-0.00025097502988812796
-0.001827808696890544
-0.0014745206599799123
-0.004720479202145401
0.0003610143898429536
0.0010658437308308693
0.0004750693413630519
-0.00027502161807051867
0.0004789561497324163
-0.00027724938914416565
0.0002699662065146872
0.0007453320712209817
-0.0004861365220647827
-0.00024321354600923185
0.0005245576973966825
-0.0001362944257943489
0.0003580851445444046
-0.00023464728964966725
0.00020885518177396774
-0.0002662388918529714
-0.00019543587555265906
0.00016247584222298995
-0.00018049218816700572
0.0003674563735059227
-0.0001533067815651905
0.00019525926887663153
0.0001792451775513922
-0.00023427859102359176
-0.0001932031513373767
-0.00012726423843760002
-0.0002108990262097499
-0.00017018724113791538
0.00010918058718861069
-0.0002771613605259138
-0.00011868972948213026
0.00022430272247001825
0.00022147710062296418
-0.00013247793695679165
0.00012999514815910105
0.00013750083802127513
0.00014175942873058528
0.00015339911148982976
0.00017165366553830583
-0.00018803334102343222
-0.00015966502970690666
0.000178802010740655
0.0006964325135114119
-0.0006876864091279882
-0.0002535306521826046
0.0022447036661635386
-0.004315107395400345
-0.0011907027034145582
0.0005363699065996067
0.0006299258286443654
-0.00047935686038296866
0.0002973048985322885
0.0006091153421364646
0.0010093257646453164
0.0004958770322088441
0.0002767296577853996
-0.0001668091593819236
0.0006251631178715927
0.00025936704042264053
-0.00031034527466545576
-0.0002531041471172525
0.00021519082139974838
-0.00010199841845265489
0.0001443588650030532
0.00011549957108699639
-0.00017451228353454953
0.0002184965341870913
0.00022181918302535198
0.0001315753981880648
-0.00022010921806749894
0.00020653809429952707
-0.0002222281121449824
0.00013755033511908673
-0.0003315115106032398
0.00012052477502353344
0.0001476165575627156
0.0002607175130507101
-0.0002255412893237964
-0.00021137000808059842
0.00011937497272378906
-0.0004488361249456993
-0.00015833236336430275
0.00036172186216280574
-0.000438223467386303
0.00012988257200494311
0.0004891573673476712
-0.00027532045775009587
-0.0011842401589519953
-0.00041251393600746195
-0.0001003128281150001
-0.004138798597788362
-0.00126323872183236
0.0010060934398624845
0.00069881721007898
0.00020934396365063538
-0.00014692829399439068
-0.0005401340169906703
0.0009497547050282795
0.0006168306765007097
-0.0001753884873028655
-0.00031088156308017075
-0.000609278225592026
-0.0004353645714924376
-0.0006275639565667423
-0.0004339676495963121
0.00016625567032698443
-0.00033085843392071713
0.00016790478736654666
-0.0006486139065689215
-0.00013801054290711617
0.00017554014213253877
0.0002618894632126905
0.00012777177732672794
0.0001049671161431872
0.0002706520405710449
0.00016483589206423203
0.00040019604367121694
0.00016892718552506192
-0.000159832483167476
0.00015955759893867942
-0.00031337452191031114
-0.00011217959068661613
-0.00010101496662474586
-0.000263144439559061
0.00015650312244300466
-0.0001701510310421895
-0.0003474093896898709
0.00018459600531043848
0.000142863328294683
0.00016669434429747803
0.00015275413713505587
-0.00015780221987972285
0.0001596324552185043
-0.00011822945578050184
0.0009307122779142567
0.00023625027155465373
0.0006652720632350319
0.0004693070154349203
0.000333537717132083
0.0004076330346942104
0.00021966368033068706
0.00042706781164081364
-0.0012783566422046664
-0.00010463651072912919
0.0014510675294606569
-0.00018342908370113119
-0.0006772405703904235
0.0001293325977032212
-0.0002981589734594216
-0.00020679373230608094
0.00010096333213157405
0.00028724427927267885
0.0010342513793093896
0.0030103789027865354
-0.0004665968884560111
0.0004520247390121575
0.0013019542093168736
-0.00015147737696548835
0.000522437973908667
-0.0009932525466391222
-0.0007634726230913032
0.0002592709506342489
0.0002610975129293706
-0.0006074434684024275
0.0002623450495227453
-0.0009348309860146011
0.00021137847857451142
0.00025679644837684254
-0.00017590618518994165
0.00015517492322020783
-0.00011052235459260084
-0.00011684564565862456
0.00015284544993285226
-0.0002097533688142084
0.0004471237781427007
0.00019774373646646345
-0.0006959928851837364
-0.0004875710491870719
-0.00037128940832641724
0.0001874176803286277
-0.0001245289315245867
0.00011525736014202032
-0.00040909692637620574
0.00013068468207919415
0.00035742858554078217
0.0004169742260427841
0.00010530720390897305
-0.0001257880182309395
-0.00024054962781076128
-0.00010653660963347036
0.000706075420511465
0.00018119527571773967
-0.00020016258566204933
-0.00021140607600780254
-0.00031742001038428654
0.0001308166437836653
-0.00010492294793434004
-0.00019385997492057114
-0.00015256843247367935
0.0002346031222589377
-0.0003354221613251383
0.0004715115698705863
-0.0005667750458278598
-0.00036647154464194645
0.0002146923225655604
0.0002114201205785537
0.00032585847928762103
0.0008819095139603792
-0.0001588708875061813
0.00046911635456079777
-0.00017266229228413507
0.0008066390306790015
0.0005121662812309941
0.00026452312865474676
-0.0003280514457797785
0.00048407535572655205
-0.0004626980184852577
-0.0002968623915715953
-0.0004810933031289306
0.0022145029593122157
-0.0004994443922793244
-0.0007352690144519556
0.002383825854903336
-0.0005409339188910419
-0.0001682341095374998
-0.0008215552262543194
0.0011608010686763657
-0.0009421675010378537
0.0002401874715289967
-0.00035105121968960127
-0.00043098618846603825
0.0004983003299466389
-0.0007987573686408911
0.0006527218192944552
-0.0003228126793566151
0.0001228578373627366
-0.0006026357722503466
-0.0004374398584706705
0.00017098596349077405
0.00038923803827555046
0.00022643895491225344
-0.00013981471825469646
0.0009872699087762433
-0.0001454324745977557
0.0003949508435237639
0.00035828466197074287
0.00031649224330967414
0.00012645102904099156
-0.00017376880915276918
0.00013768290001087748
-0.00010593629599780149
0.00024787389609644744
0.00013805176609055662
0.00013474553397232092
0.00017364642465044386
0.00013083447525186716
0.00011291911125194428
0.00017155698852055841
-0.000255665352240052
0.00048599892415540787
0.0005899031473919211
0.00024171183082354934
-0.00019358210266885904
0.0003082861698266189
-0.00045790034336279123
-0.00011521336570544894
0.00017206746685350708
-0.00041045394356984874
0.00022019600204474735
-0.00021691471002566797
0.0003276457256908059
-0.00020129383253999285
-0.00015817330768971133
0.0005318160794132379
0.00044426355978487283
0.0003010317810475379
0.0004363945786862117
0.0002798990723584768
-0.00021694804734489646
-0.00018892283265658342
0.00025249182663495117
0.00024875999075450755
0.00011787198395890383
0.0018011496670521294
0.000310718948145851
-0.0004376371684595705
0.0011210698574996968
-0.0006528161481405814
0.0008668618436958949
0.0002624253936180924
-0.0011932937445401604
-0.0004426362157654495
-0.0015734594355988594
-0.0001755183258126687
0.00014255867668097364
-0.0015880109289195096
-0.0004089515402010184
0.0009791478633417207
-0.00017809553104192075
-0.0007140436736065254
0.0008049988148693359
0.0006663569934239044
0.0005644701967944703
0.0005356471301576005
-0.0001308514088066062
-0.0006661462312299791
0.0002631747034792647
0.0007341973549220764
0.00015408387446536832
0.0003203377014999342
0.0004161921212217657
0.00017676680800947857
0.00011111864585375301
-0.00024828845740763547
0.00045239254429072135
-0.00034857206147582704
-0.00030281275418211304
-0.00029029746792428695
-0.0003896022333231037
-0.00022337905868354089
0.0005371538211086359
0.00012135011349386464
0.0007783977555073283
0.00010669909570179556
0.00021093835722900265
-0.00015222590749510204
-0.0001252659175375054
0.00043441376982076484
-0.0004116449624849971
0.00048043226979285026
-0.00023590042863372982
0.00020486989996724962
0.00013158672851589412
-0.00010101587390615116
0.00010314796514595377
-0.0002602320290880622
0.0001795930802141079
-0.0003532570976781795
0.00013871928145397892
-0.0002730444354640746
-0.00044467174803827076
-0.0005170158519036761
0.00012548398096408458
-0.00019025094242039237
0.0008664032633028501
0.0002207935696138008
0.0007214807134021419
0.00033858288874320433
-0.0001355066735549411
0.0008804042663670225
0.00015091916581463
0.00019205390929471548
0.000985600881515074
-0.0005203797248770922
-0.000865818329250759
0.0007338551027374447
-0.0025184480805572635
-0.0007841693571550725
0.00027601806433731553
0.0001762339811659028
0.00020497378001636468
-0.0008168424148701714
0.0005756288392920019
-0.00036340668865964313
0.0004699126331914705
0.0011147008951415517
-0.0013338725693850075
0.00025082177242149767
-0.00010216685992865396
-0.000291967690699249
0.00015079842535631766
-0.0006120891583825547
-0.0002123283682683054
0.0005349204427258124
0.0003559071588483814
-0.00012123661559448698
-0.0001776097925663371
0.00020510455007756846
0.00025230893216437534
-0.0005879788513772579
-0.00034095761300755294
0.00033838866776196835
0.00010310165810318146
-0.00023108785793649988
-0.0005351512793621903
0.0001730991840210825
-0.00017203774964746318
0.00014337900149254508
-0.0001266551130608996
-0.00038232831903950974
0.00035720768136493925
-0.0001847593194538789
-0.00011921966919861284
-0.0001582476253589852
-0.0005399984756524003
-0.0001630016461801411
0.00020637511123542158
-0.0006725833430827658
0.00014075234556730677
-0.00037048059792421943
0.00018753586781441092
-0.00031574989371759227
-0.00032761645120531847
0.00025969056810734673
0.000223731545815248
-0.000555138536641035
0.0011423909411964772
-0.0007464511208844123
0.0004845927591998677
-0.0006433688020235766
-0.0006252379312860312
-0.00026768561179099567
0.000518164135507506
0.0002811518009722077
0.00014036907532601444
-0.00021508073788131305
0.002164420528136779
0.0017882199301933975
-0.0003403956531307754
0.00011785044315228454
-0.0010896826729004723
0.00015367185643721406
-0.00024864015914416985
-0.0003217208099311907
0.00029737375704129453
0.0010763666077807687
-0.0004898839925126625
-0.0002750619223422653
0.0003077780403166657
-0.0006609556383703658
-0.0002037760352824843
0.0002822053932559184
0.00018441367431204253
0.00032397555954316853
-0.0006356065932595161
0.00013641269949023598
-0.00015768897567503738
0.00031639724294265303
0.00027538014966181027
-0.0001660902026726584
0.0002779307463643211
0.00040017907340772284
-0.0003901251068319297
-0.00022889571702880678
-0.00035807461509787053
-0.0003612156670962707
-0.00010632683670507313
-0.00022750644036229417
-0.00011856221322544954
0.00033785110774853624
0.00012295059599207062
0.0003421586454619786
0.00028657593710163084
-0.0002852030863058364
-0.0002478872335901545
0.0006439266544566101
-0.0005333991497524696
-0.00038450177984952197
-0.00021045435747263415
-0.00033869322664907043
0.0004641161978336885
-0.00022052842149539216
-0.00021493251335560703
0.00042889875765938205
0.0001940024418162183
-0.00017843490554728364
0.00021359864270172413
-0.001444394767850656
-0.0006079358170563415
0.0002365131968976118
-0.0014514184692568596
-0.0005856984423720866
0.00022576148551451146
0.00024960842881013634
0.0006015304685926695
0.0012163638343661545
-0.0007535942581292493
-0.00021868885867520988
0.0012540729838585024
-0.000644978634051375
0.0003786548248216884
0.00020440658044479086
-0.0008796471204582966
0.000783998968128495
-0.0005430046415940681
-0.00011761758120207294
-0.0006888558987790474
0.00010846612725520366
0.0001586920763390143
-0.0001661736960625274
0.0007601569185157128
-0.0001179891695618592
-0.00013468628987175056
-0.000598803078553182
0.0003280695618189204
0.00039931139289239306
0.0001797889387626596
-0.00011435942496706067
0.000117637996324333
-0.00048140857933979116
-0.0004149453852032305
0.0001971497069239017
0.00013159183188895737
0.00022039833486209613
-0.00034067469143678224
-0.00012276033959543621
-0.0004110958229878272
0.00012717717344621046
0.000488707996549224
-0.00035112376361232393
-0.0002208973729708629
-0.00031213867272142755
0.0003337308589514597
0.000465405565239464
0.00011553226208447499
0.00010022920709224143
0.00012465289302707785
0.0002567077413325293
-0.0001925563417629762
-0.0003967716806181713
0.0001771473711902022
0.00025142429294772357
0.00018193387546748129
0.00020437761498743841
0.00043935093573937485
0.00023377149406342978
0.00024405659857456755
0.00010567010837092669
-0.00016642590993721815
0.000160097184619739
-0.0003508859185004512
0.0005607318073423042
0.000499471689751673
-0.0006544520771813712
-0.0005109567797113729
-0.00022958109069611983
0.0002458721548054007
0.0001987094834927563
0.0001648188367440674
-0.0005951397134480818
0.00028325097914982624
-0.0007419124167276313
-0.002253824701765486
-0.00023260806530652772
-0.0001361081454343923
-0.00015353492331323415
0.00010853885735849031
-0.00035529233038403285
0.0018608456101757134
-0.0009159516433694145
-0.00011280994393110866
0.0002986236541171649
0.00022837548936008423
-0.0005733487586242252
-0.00019817395780152942
0.00036418999123431176
0.0003477853843921742
0.0005853238447614868
-0.0003324215924714793
-0.00010235327846768037
0.00023028971736876072
0.00012915518922302862
0.0004799264055696507
-0.000351922933964818
0.0001232570908652193
0.0001344911426354885
-0.00023921587798493544
-0.00018082685992593155
0.00026116321982975544
-0.0001803347738281882
-0.0001968460536271624
-0.00015409395864195597
-0.00036144215878111956
-0.0001304199154999489
-0.00029296796891384286
-0.00018382859712066758
-0.00019370997701001415
0.00014096036890403862
0.00021197065432386616
0.00016044873868400182
-0.0003825010392067258
-0.00017775399170203197
0.00014309374423418457
0.00010173532187700164
-0.00012782437185721965
-0.00013225337934326886
0.0006696583150620177
-0.00013395132427002624
0.0002763101199117309
0.00016449192688727386
-0.0006609511854698889
0.00037622677466483766
-0.0007300764031914622
0.00011278845213855621
-0.00017201150458375986
-0.0005365829830154612
0.0015696383228131015
-0.0005096327019330788
0.0008709103147751152
0.0011301284262337811
0.0014683071875973498
0.0001982646154435024
-0.0001841292413794585
-0.000962401769130576
0.001504005789952694
-0.00014785937345947243
0.0001932528724024297
-0.00045294575710705485
0.0003276429941516442
-0.0004455226326146664
-0.000135122931861538
-0.00015133961164669646
0.0001788678640571704
-0.0004319165253044554
-0.00035431932738657143
-0.00012004159456620002
-0.000607900610061445
-0.00023655428181183565
0.0005010935280922996
0.00023555425925451652
0.00047096842213498733
-0.00020415523771890616
0.00015406660196299777
-0.00022678818227326008
0.0001343045726944934
0.000224831583999729
0.00034559540800885465
-0.00017024024196052014
-0.00030403037492720625
0.00024243278844024517
-0.000270304159725966
0.00010919547518118383
0.00032713976775182934
-0.00012881854196419306
-0.00016895019565341807
-0.00033828382397530133
0.0001983117461964092
0.00010422935426442949
-0.00010688028669155847
-0.00010478739121693951
0.00010502314036598728
-0.00027907902468310593
0.00010078619531670055
0.00010658960263983145
-0.0001435711850809001
-0.00010911390551557132
0.000204271283098779
0.00014813650548902197
0.00036706210906178367
-0.00012598729565286537
0.0027929527822381445
-0.0011535809668372188
-0.0001865263437470581
0.00037945378141034813
-0.0002873957244756473
-0.00029619034067668033
-0.0002715807117045862
-0.00027543739729036343
-0.00019725542956481787
-0.00014733457376048484
0.0005193540587278417
0.0009990219836470734
-0.00033525243545874916
-0.00012652687452175128
-0.00030827074011638585
-0.00014016555502955865
-0.000139263828252311
-0.00014056910568447333
-0.00012514437355495614
0.0001139730236146073
0.00010573401871292708
-0.0002127098006685294
0.0002471652547815416
0.0002195254679416578
-0.0004144169581482542
0.0004495546269926356
0.00035776697557951537
-0.00011347835402350043
0.00023872184458359702
0.00015022083845874754
-0.00014172321927536207
0.0001925504685006846
0.0002908223653568587
-0.00010296174084377514
-0.00013932006871745877
-0.00014992295506964032
-0.00015807579615735782
0.00010283260993110655
-0.00010573825929314348
0.00011332693930590714
-0.00011674577671750032
0.00010359319447722825
0.00016419449141396076
-0.0023267548673201522
-0.0006101650718012859
-0.00010768169050970967
-0.00026761983625237017
0.00010818120568467884
0.00012005044760326326
-0.0001276160547837549
-0.00016274461013360904
0.00014167097361065205
0.00019948833537287793
-0.00030495201920685815
-0.0003298796317252746
0.0005730948915562716
-0.000409750256284796
-0.00010596430671890711
0.0001083135293924684
-0.00017182187496413764
-0.0002589823230378935
0.00021170067671554376
0.0001303128967675438
-0.0001235726043894912
0.00010884234968923792
0.00011420278868545459
0.00012915716077223344
-0.0001721707123149801
0.0010788701928003816
0.0006041534864403762
-0.0005810397326987465
0.00016577180028529533
0.00016326727704079678
0.00012818807150579797
-0.0005265105700516175
0.00018184233621800814
-0.0022300010045000224
-0.00021432706570287895
0.0008753660027011397
-0.00010223571871580604
0.0002499794190093132
-0.00013276674029105628
0.00011617114199232321
-0.00016953022407124651
-0.00024003161577731258
0.0002025760061260567
-0.00015615714892387107
-0.00012144623101363161
-0.00013565017609080152
-0.00011708496703674049
-0.00011874952789958517
0.00011449418910814333
0.00010090186204804257
0.00010138820886903012
-0.0001421660024349217
-0.00011349299366182535
-0.00012913377839518807
0.00013297631109812302
-0.0001454268634715789
0.0001300630792288125
-0.00010220986704872948
-0.00013331062563292788
0.00013167618843762388
0.00014941127930930332
0.0001426156452590472
0.0001593601600441836
-0.00011308723876013893
-0.00010535840706165998
0.00010136648346482265
-0.00015263799171218664
0.00015914633591451673
0.00010721208691606052
-0.0001539018023658009
0.0001666898092781489
-0.00010033677549618902
0.00011679328566354277
-0.00016402588642797138
-0.00010186765822126304
-0.00017031112126686653
0.00010479990814766823
-0.00010235423722413627
-0.0001195574413353263
0.00011945391193886472
0.00011038359041501723
0.00011141805453803641
-0.0001091339682594193
-0.0001135412271213506
-0.00013646657460038116
-0.00012655421202595245
-0.00018044793521612313
-0.00010268861507481178
-0.0001820756193330556
-0.00010953490213865571
0.00015580241804746676
-0.00016142967915330563
0.00010783263645884467
-0.00012334894999330032
0.00018824310715144483
-0.0001098214862061802
-0.00012062946291490674
0.00010884512295349188
0.00017769874332139018
-0.00012280522025840331
-0.00011072299401421615
-0.0001883437251707957
0.00012062080337597128
-0.00011035020042971169
-0.00014880637670672907
-0.00018786775579526948
0.00010812598294699154
-0.00010811171085286359
-0.00011589020786028087
0.00010878604852848112
-0.00014157422781669086
0.00018764278812113545
-0.00011077524582309794
-0.00027151940460009113
0.0001086836192751121
-0.0002915996128705164
0.00031514651340892267
0.00033409101048640093
0.00035668208869600777
-0.00036694182852318433
0.0003665659887260403
-0.0002713823466112324
