-0.9314262966440975
0.2519433163823955
-0.12791526351736887
0.12871567263200878
-0.04240255173778205
-0.06521829565367067
0.06346522819490967
0.0568744561918731
0.028794289625717256
0.044760807957398854
-0.048621108421143526
-0.03809156958701134
0.0031992687077576428
0.022100793179588695
-0.03472385196829206
0.001976235326611059
-0.0008949595339449569
0.04118587291599119
-0.03848410469186494
0.0009301240503524838
-0.017178863022055905
-0.0007631424580233786
-0.0028422125172445
-0.0007126649777096002
0.013464059741912348
-0.003197532161395029
-0.013034254128347644
-0.04617975053568023
-0.0017794026636778358
-0.0001548906549438894
0.0003017637349108332
0.00029680072259448485
-0.0003042865034640288
0.004421603205405583
-0.010767825611199053
-0.041918745247232374
-0.0013710430777149262
0.0004451278444148498
-0.001479090820811371
-0.00014640021815652153
0.0030630460383676505
0.0007623367058716827
-0.0004362752125532421
0.011379791313810356
0.0058226405276904205
0.03515277227733696
0.0023531321113909208
-0.0002780034689860526
-0.0033799394315991837
-0.0001915726079899356
0.0018659087929698247
-0.0037178831525205487
0.0002413876159086134
-0.00045620484782150027
-0.0001568219630214028
-0.0001660183877703141
-0.010496648025842072
-0.001472809221103154
-0.01105559390959257
0.02863065879674383
-0.0014760957885449877
0.000737620864919718
0.0005529617518190776
-0.00028533693843329176
0.0040702090119527625
0.0004466834022958921
0.0001875324264126041
-0.00047157166542265415
0.0003229322202665157
0.00012999354262389884
-0.00010747908273009474
-0.0094004852760021
-0.0027277711430130215
0.0007853201738090669
0.026187879483143103
0.0018593297675806107
0.0022833125761392
0.0011265388583596608
-0.001437863347413296
0.0036902434282427496
-0.0008617914907830083
0.00011851489275957202
0.00047039402119890207
0.0001305127002316941
-0.00026376341324994785
0.0003583235864959776
0.00022918489231422124
0.0006116744799583777
-0.0025632978542557312
-0.008327420898286982
-0.0007687620569189178
0.0031055062032557335
-0.022541296251790185
0.0019087508899015074
-0.0005344976291007147
-0.0006080350099053488
0.0016488697457753046
-0.0035479421927499086
-0.00013081142375187386
0.00044441261175045177
-0.0004395883556990031
-0.00033514986242414325
0.00020727520766157214
-0.00035773334418110516
-0.00030980092382369316
-0.0007994235207067127
-0.004627112271591561
0.006468711230014405
-0.0006131395464565813
0.019804107652621014
0.00034534802489846495
0.0005317819825232472
-0.001023266746645223
0.0009313864610045907
0.0008734885528248774
-0.003295027346300114
0.0011225266620800752
0.00039892694151318287
0.00018372095130496984
-0.00014989920136331805
-0.0002767132128492586
0.000621927459015183
-0.00018446502369096253
0.00010194935914767394
0.0004897396593828851
-0.007272290714377072
-0.0004432656167327802
-0.001237103644152534
0.01721949327473806
-0.0017287271886796685
0.00037587057033340967
0.0010294417689354152
-0.0005999420649370509
0.003214870048968538
0.00015833594857110568
0.0003445901635011582
-0.00032795788403683666
-0.0003772872714646401
0.00036041430597443604
0.00027889768348793754
-0.0005962803683712104
-0.00011211295776728844
0.006667913782057008
-0.009277037843424804
0.012101204420412163
0.0005647453541252319
0.0009951165068706861
0.002946449847279379
0.0008347433519346628
0.0005166214409676584
-0.00023060996382268033
-0.0002707259794211338
-0.0006284602016030325
-0.00012691145753562856
-0.00012160121588237886
0.00017196158605363028
0.00010931584935999128
0.006100958025062585
-0.0008884894742101464
-0.013441775224009024
0.00048024769415095704
0.000987742402280585
-0.0005967096471859402
0.0002067422623029284
-0.0007229613189058697
0.0027429748159551472
0.0004242174150320611
0.0003187443019901576
0.000206202093560397
0.00020939687537721037
0.00028847060882208816
0.0006778195331869892
-0.0001586830191653004
0.00012304295825559254
-0.0004769132494170907
0.005509427352679267
-0.0010430213091000707
-0.012010068481816603
-0.0006459777659190086
0.0003093258123797196
0.0005076888580840452
-0.00036248978972702056
0.00016465446344018036
-0.002535370506677006
0.0003826147162846036
0.0002902320922261023
-0.00019810234252436732
0.00017776210926624385
-0.0006493508755688722
0.00014042106414101233
0.00011233452883941167
0.0001712967704382797
-0.00015928083867171623
-0.0023046613365759446
-0.0021337331031660266
-0.004140168216618265
0.0024168812369644065
-0.010480886854187986
0.0002461051873699802
-0.0003606102813938946
-0.0002729257300211815
0.0001396842032370904
0.0021750615820103673
-0.0009242349678957001
0.00022630944268177235
0.00012918029210762791
0.00021573060246703066
0.00015661685627831506
0.00023049876935820368
0.0006482335140542593
-0.0002262634563899731
0.0003036082377928383
-0.0001402366735031088
0.004779072166390306
-0.0002781998010726617
0.009445707356942275
-0.001985367845056562
-0.0006363898152647577
0.00010140314358678644
0.0005514364221939485
-0.0004435536928723579
-0.002095895980788676
0.00011201004177709237
0.0002127588793920492
-0.00010747095845588792
-0.00014200993980584742
-0.0001353529728344245
0.0002480972849444666
-0.0005675134306902029
0.0001071053054865438
0.00025792646385937356
-0.00020365542436530322
0.00011879684340963391
0.004449663140658896
0.00860041429473088
-0.00148057271273509
0.00024338662368084946
0.00043000279696753577
0.00032407154773496247
0.0003094037757596742
-0.0019305366912443572
-0.00013793207486535662
-0.0002218665274642968
-0.00018306287741655535
0.0003410170554168995
0.0004621785911729634
0.00012540272841776037
0.00015994648708837948
-0.00010872489227254875
0.00023138764719538707
-0.004131320236507683
-0.0005585573088590504
0.007865896076921869
0.0002868359944137794
-0.0007973538393289663
0.00015687988408578124
0.00012968550729546425
-0.00016781147506616959
-0.0017854150757770223
-0.00025383604248183127
-0.00018480067487872026
0.00014728361617131333
-0.00021330719673927692
-0.00042883745471230064
-0.00026799391082445834
0.0001217183973612726
-0.00024163556395380778
-0.0003603463999486013
-0.0024057449814212897
0.0029663591087640594
-0.0006377426924188011
-0.0071915579968557354
0.000286597263864308
0.0002789892768245018
-0.00012872877208853483
0.00010258138048077006
0.0016588390779945523
0.00012786853425918778
0.00012820732242345567
0.00013176271006346078
-0.00012226774108666828
0.0005033992290888534
0.00011879857567625178
0.00010403341061438402
-0.00025572606299671907
0.0014503613285953274
-0.003250605494967614
-0.00040164119844651166
-0.006601553781704048
-0.0001510772619434333
0.0001707713282799392
0.001531352626686428
0.00010197618413381177
-0.0001192553677816879
-0.000158001634686285
0.00012110860445193556
0.0004501235584559441
-0.00017446755635531691
0.0001068748155481148
0.0002450177735410272
-0.00015220967190787333
0.0033434249375255153
-0.000452819008292134
-0.0060266544065247715
-0.00032069317813779736
-0.00020143260887778096
0.00022034808762935975
0.00013730578386984731
0.00045579204797462644
-0.0012980951370989246
0.00032395274270220173
-0.00010637112651390026
-0.0004446644748215842
-0.00010638238219354181
-0.00022918870410164392
-0.00012442263400696022
0.0015831538973128851
0.0027046130858060873
-0.005546965028518087
-0.0005258707881818232
0.0002512491661698887
-0.0001250231876513949
-0.0002869879141740421
-0.0012632228117529375
0.00011503338531398492
-0.0001685581526131118
0.0004054071077707126
-0.00022034782195267172
-0.00012571151277753512
-0.00045767770003207016
-0.0028975647436136637
0.00010959500540687296
0.0002747468598933459
-0.005136645061644684
-0.00019792040369632905
-0.00010981388535107932
0.000306932073646164
0.00010825291453973571
0.0011428257786479292
-0.0002852658458452508
0.00011382394501306349
0.00010418247907935456
-0.00036977090316571616
0.0002165385385714271
0.00011451554577998224
-0.0001329438394013966
-0.002753461495690913
-0.00022639233555880384
0.0047115477026598305
-0.00011928733681656928
0.0007399866928130736
-0.00011551053511197408
-0.0010885636538307754
-0.00010305996126183961
-0.00010478472626974597
0.00035219184575684364
-0.00010513647301578463
-0.0001835094813162934
0.0001118561433091153
0.00012870817591538014
-0.002559288884825112
0.00038926520624099663
0.00443336761630324
0.0001460466457775315
-0.0010055678320147537
0.00012073852935713049
0.00033319036434977884
-0.00018049438195322356
-0.00011810931151284693
0.00015766896416601837
-0.00023007866966385913
-0.0002344499401327966
0.0024149254638406907
-0.0017404280732840455
-0.003742735855587537
-0.0001234721679513011
-0.00014087065457976607
-0.0009350705307076657
-0.00010207651240386533
0.00030847611048167136
0.00017931967722881743
-0.00011617376239142588
-0.0023047686723839497
0.0038076478043713533
0.0005483324292652275
0.00020556504263384497
0.00021648326038897016
0.0002442948294561902
-0.0008115611073613093
0.00030460747007968707
-0.00016892202857238855
-0.00026250812928640797
0.001979859328070866
-0.0007156751213079134
-0.0005046589281434308
-0.0036025764364661234
-0.00016281279079550975
-0.0008000144277036214
-0.00016795552910162115
0.00023853355694526814
0.00016058164346860815
0.0002610353429738775
-0.0020409638542687146
-0.00016982467152121215
-0.003373757397577335
0.00017677535524886193
-0.0007480528746064671
0.00010547991074998472
-0.00024953679600917846
0.00015353018031797195
0.0019518175009777474
0.003161917441667261
-0.00029112799919665556
-0.0007011705030310283
-0.00024753824037721645
-0.00013948377097128947
0.00011441015658800116
0.0018468162984766876
0.0029891703300528693
-0.0006515164772808343
-0.00023762185837033153
0.00013925267163551698
0.00012045546423800059
0.001753542459869801
0.00279911272587429
0.0003121462245679464
0.00010286425174949484
-0.0006132978376949073
0.0002192986978064128
-0.0016593420831708466
-0.0001651524606465312
-0.0004197840712037451
0.002629796723748672
0.00016251132091854933
0.0005552475935977571
0.00021187912441844071
-0.00011912700406658636
-0.0015873909339408463
-0.002513797104534686
-0.00013854785084832947
0.0005241693215320848
0.00019610671282503032
-0.00010873939165575996
-0.0015191727710624852
-0.002380147264593172
0.00012410820209994447
0.0005037365048290445
0.0001896955876728165
0.00010746872333763097
0.0014475631966975567
-0.0022606718736519664
0.00047857757862400515
-0.00017669461357893432
-0.00010290322302884368
0.00011606435280570352
0.0013766603121060821
-0.0021449471658175033
0.00012553094146197888
0.00010851295581658787
0.0004289685244280599
0.00010618564982485975
0.00012411086541192282
-0.00012051233387551891
-0.000247158395860823
-0.0012966630979231854
0.0005700781568908083
0.0019614750491846918
0.00042218559007918375
0.0001590267297871978
-0.00011163036828621926
0.0012548240463448185
-0.0019479485151923848
0.00039907375468748005
0.00014594223097870758
0.00010953116385824452
-0.0012065138788252138
0.001845004086394745
-0.00021452667939162354
0.0003777969570689209
0.00011215428822983063
0.0011595871097440826
-0.0017712534010954103
-0.00035235010536453966
0.00012995045789506617
-0.0001116385727715756
0.0011131811496146744
0.0016930878860111193
-0.00014269125969178174
-0.0003069136868328807
0.00012998004069727514
-0.00011618815703481627
0.0010687866758552103
0.0016221450898152065
-0.00031328857235686936
0.0001232670751844828
-0.001026578000729211
-0.0015526893191439282
-0.0002949093690976558
0.00011576594999848216
-0.00012528742423807663
-0.0009859746972485186
-0.0014904743107971709
0.0002792078188010869
0.0001260124943761547
-0.0009464471105116505
0.0006240576989702386
0.001288444461468938
-0.0002604108858855098
-0.00010156030952872607
-0.00012058246682579379
-0.0009117419836977765
0.0013353479223017271
0.00032933140607057206
-0.00022577821069458677
-0.0008568570812890653
0.0013327788452249414
0.00021069832390684443
0.0001316813756149402
-0.0001137710386710341
0.00012982398152420598
-0.0004987150619863878
-0.0005944698630970868
0.0003399305070130113
-0.0012578949370949226
-0.00010525819017402072
0.00011818320289075682
0.0001455496519533245
-0.00010124254169700438
-0.00012348728186540312
0.000166888750660464
-0.00034368693124839925
-0.000955564927049417
-0.00042252021941963276
0.0008543921321448375
0.00040332401456121404
0.00013729971434722904
-0.00012652817237650155
0.00011022476791911036
0.00011123653355105951
0.000174560860715561
-0.0005588183815023125
0.00019814112322805698
-0.0004070134194247259
0.00020149592937813678
0.0008013218684252276
-0.0006863850769503191
0.0004602417098124071
0.0002096650339656947
-0.00015684272838445196
0.00019744753194855894
-0.00010399087975217652
-0.00017415133991530515
0.00015100820384202567
0.00010192750242560888
0.00010992262658204276
-0.00011089332003170697
0.00018948461984481598
-0.00018615584186133452
-0.0001574507531657229
-0.00019083017160313287
0.00022411989763222948
-0.00013090437927899983
-0.00022599791085356445
0.00039286197867932274
-0.00011168067650720686
-0.00037707032294907056
-0.00013007583993741628
0.0005697160198152577
-0.00012428458360460218
-0.00026126577295389013
0.00035987116067932087
-0.00013304574325556236
0.00022929472151793283
0.00025881489161198336
0.0001564825195064551
-0.0004220497876607021
-0.00019158634658981633
0.0001952630198012913
0.00015079050037542283
-0.0003200448712033084
-0.00011394781672960899
-0.00012448653660645994
0.00010640556316649435
0.00015415734116404052
0.00015102023081530044
-0.0001606266007473323
0.00015868834677228828
0.00011619571064215875
-0.00015449020499568868
-0.00018068831905033832
-0.0002618567116888137
0.0001425787178721117
-0.00021090084916904907
0.00016931884434341987
0.00011024997913212017
0.0001139702594012387
-0.00013782752415692336
0.0001018418036708856
-0.00021539037168154262
-0.0010012190364569046
0.0002167730208022946
0.00010356202454033329
0.00015544598370903473
0.00012415221283856962
-0.00010431914724464135
-0.00011735535865607994
-0.000280979783526184
-0.0001963625755724829
-0.00023532104917769
0.00010534111521517135
0.00015249955023154206
-0.0001045811204390013
-0.00011018839309461362
-0.00018353015214214496
-0.00011366790882288372
-0.00018101428485142875
-0.00017124961954650378
0.00037088475162678434
0.0003178211600857629
0.00016504122777438295
0.00020098472908400386
-0.000748965621696634
0.0002599016874348008
-0.00015811968472169844
0.0001689038874702694
0.0001889675427360926
0.00033952766926242017
-0.00013879088346374968
0.0003188756488306391
-0.0001079955940282561
0.00010386664760973553
0.0001877481299767017
0.0002113504276727138
-0.0001282454809276154
0.0001968412929431648
-0.00017003845603549044
0.00013947298616309156
-0.0001335585509243192
0.00011408798375771045
-0.000103681182331595
-0.00012786456708996485
0.00012955867822467165
0.00013787403830112975
0.00012420424752172945
-0.00027990918936854597
0.0001128292143509754
-0.0001088298676095508
-0.0001880209125475629
0.0007428952616109814
-0.00010199657596778038
0.00023470554839388156
-0.00029665578150800506
0.00027583189824963313
0.00015280037127656117
0.0003159093657055075
0.00035615677537549303
0.00033970513616937725
0.0001202804656729158
-0.0001769139635033129
-0.00010592116346382472
-0.00019019327574537633
-0.00011961725390762347
0.00011617700813888618
-0.00014531469244799343
0.0001684499788288254
-0.00010254171254361206
0.00016330994421630854
0.00019512231028930474
-0.00014666106068188673
-0.0002020057263971599
0.00037327844718320767
-0.00017087540210877487
-0.0006300732851818318
0.0002008199977468889
-0.0003667548770399513
-0.00011003880521687251
-0.00024832079010689436
0.00013626634150102284
0.00026022907881710806
0.00030878536841083467
0.00014445010924644944
0.00016386277256661888
-0.00010095825817350925
-0.00013791325709594602
0.00011930049717956659
-0.00016580503698604147
-0.00030151822325501476
0.0001293455886901587
-0.00011565585534751656
0.00018126839157704962
0.00011670154602872453
-0.0002109914295973972
0.0001675854162549368
-0.0001011197231700937
-0.00023991593424673702
-0.0005756845379308049
-0.0007730361454404915
-0.00020111985873026524
0.00018232173822516396
0.0001436231380229808
-0.00012219907528116962
0.00020460272512647803
0.000134134140531761
-0.0001347888130908869
-0.00011296681033182358
0.00014664791403825786
-0.00018873362765311062
-0.00011082173205441054
-0.00019990682942194477
-0.00025190973553857924
0.00031340526949899365
0.00017526008510043492
-0.00013837064274983346
-0.0001247422580969296
0.00015536965022078337
-0.0002485932385649223
0.0002408648673359827
-0.00018730171872705857
0.00011989523626669894
-0.00024539036547970667
0.0005849562910443241
-0.0003659462681111053
-0.0001867960909857841
-0.0003471995909932518
0.0001733865605740037
-0.00016343142581712902
0.00025423693195678293
-0.0002706728421533607
0.00016094562467142766
-0.00011183199438326793
-0.0001865545693130126
-0.0005445848266587842
-0.000322504300852421
0.0001644419967459353
0.00017302673170526374
-0.0007239851419688053
0.00022619699890417082
-0.00035236618615766476
-0.00017889761184644278
0.0007964120792593832
-0.000441262319778719
-0.0003389769975676974
-0.00022356813903332543
-0.0002750831967507236
-0.0001642874147011122
0.00019560781048650545
0.00011479342268891414
-0.00013215871854266805
0.00016773360192173664
-0.0008001410541861781
-0.00013517859668228926
0.0001203137933497033
-0.00011343912570646212
0.00010466560249668324
0.0001789928783017235
-0.00018843650724167916
0.00016056681304327117
0.00012963012140637225
-0.0001369739371125154
-0.00039337232427926367
-0.00012290404284552987
0.0008610201391650554
-0.00012786995969315924
0.00011127377599831723
-0.0001783083234592316
-0.0001191152771117006
0.0001413632200793839
-0.00017458956215090203
0.00014373869471805107
0.00014306541863877412
-0.00018668836146996405
0.00012787686070280283
-0.00015008451005536763
-0.00019682697501161313
-0.00017146156826047484
-0.00014339876052582955
0.00013177841313713945
0.00016040281220098624
-0.0001441500490613056
0.000156571001466843
0.0001035570261941985
0.0001858543791437561
-0.00013652873302316126
-0.00010626048568655074
0.00012398168714388322
-0.00010332138687092032
0.00021773199375709078
-0.00018416936927373608
-0.00015399200663002518
0.0002215499206360288
0.00015923436554046466
-0.00016730398631959815
0.00022977905996726056
-0.00015658528566945122
0.00010123727357311344
0.00016893428898001841
-0.00023532743736498892
0.00015702238216294237
0.00011106178598726988
-0.0001780662515891906
-0.00024308149640483813
0.00012484315169689173
-0.00014814723302629341
-0.0001859901570895031
-0.0002504783192848297
-0.00010348260982025726
-0.00021320826613785
0.00017242988129111654
0.0002566759007655178
-0.00010327924940707961
0.0002048972683660695
0.00018941380582057364
-0.00024442632536326504
0.00011582697229824522
-0.00021036138374101322
-0.0001984258192665981
0.0002727584652033434
-0.00011581417100341893
0.00022112113857027004
-0.00020364300359657328
-0.0002813298229156695
0.00013158586954006122
-0.0002240931161969997
-0.00021692232332288532
-0.0002960230053894991
0.00012961790625010038
0.00023544699096630575
-0.00021633166127964817
-0.00029260214775763744
0.0001822769959359486
-0.00011627306226369487
0.00028509525500782033
0.00024090466602570568
0.00041497302642694945
-0.00034292780852281335
