-0.31040194463546705
0.5960555046138185
0.1791802034921928
0.10995109789188214
-0.07974926343636678
-0.06126820899338723
0.05075708520891032
-0.049361756810119145
-0.04735397876562449
0.43921613804087983
-0.02598852141955728
-0.3063938451900348
-0.18929967976849277
-0.18983785706264356
0.08839251616102763
0.0835389172705986
-0.0040683719286728655
-0.108041516443193
-0.09482192242232193
-0.062342959321078605
0.05376972820844441
-0.1019446506970504
0.051664097161874506
0.004144303778298131
0.06642082577907618
-0.02591296480230753
-0.007002585477253698
0.08264356376996099
0.022197983486795674
-0.028493365556678685
-0.0013054397166493358
0.0052880219427904095
0.07150674683916167
0.05693296071245129
-0.01846000161660909
0.015144916041458413
0.00015349420331859086
-0.0020143155580854256
0.0067646091888198395
0.08844845621796704
0.009618050711036896
0.001980919186531951
-0.012661615418082403
-0.026255246763490888
-0.012216002476269694
0.0009797725050168988
0.004676416676856311
0.018011952168422506
-0.002849943765481912
-0.018241875489508348
-0.026108159516225863
0.07437388035891541
0.01249379113842514
-0.0012390605309737439
0.005440586030485014
-0.012275259386212219
-0.00026950142181489964
-0.0015018118718322926
0.008508876016924719
-0.01998857882515917
-0.019482850717679995
-0.01294533662424051
-0.004891451243711716
-0.07031063275002666
0.0103663079088644
-0.0009252145863025227
0.006080551879807845
-0.00609547835699919
-0.011379248856615764
0.002960222992899788
0.0008158119920556918
0.01709467293655906
0.005817448135152153
-0.0015317705604346716
-0.002838001127019969
0.004126995740230314
-0.0070911536530274665
0.009430944211823299
0.0628693676047629
0.011112024419787713
-0.0067064906412123496
-0.002295738105379725
0.019007095890038034
-0.0025778831563511486
-0.002522246443398614
-0.004977353804629375
-0.0037082639733872907
0.01555114574499522
0.0015191105446692487
0.005397321820404704
-0.005822966032259292
-0.001039444982384105
0.004667202809741676
-0.011670296849416947
-0.05412863599890864
0.012264519272915494
0.006310040728308666
-0.001702462591504434
-0.0038559658272764702
0.002164721744178535
0.002822170704629457
0.014475232978428284
-0.006702539032547842
-0.015807073030146283
-0.008761984740260203
0.00012190442419861111
-0.0007339810160811084
0.005549786591756126
-0.0008447654982831302
0.0017654094785791155
0.006051096098036324
-0.006691310014787976
0.00845890005174378
-0.04894392242881678
-0.00037228642241177114
0.005705246180056335
0.0006957344424184857
-0.002728714420600811
0.00011962774716027152
-0.0031903900011756654
-0.006136394146006327
0.012707513888337778
0.003911460520973707
0.0030410572640573274
-0.0014935327714654082
0.000670357672352936
-0.003048906457007362
0.0034875561257071527
-0.015782129544385227
-0.005793618254645365
0.008005011809145434
0.0015999202180248468
0.017565405238827478
-0.015233704663847675
0.037603901436548334
-0.0011700412962464774
0.00012243035940509494
0.003964652441057896
0.006331177175346592
0.0004170274356635802
0.003390747727996366
-0.01142482090007621
-0.000557842147665089
0.001733260840057484
0.0007812485712941253
-0.0022928459062313794
0.004248999039719214
-0.001611826527959356
0.007139232420924684
-0.0016382878940942784
-0.0021261906749590865
-0.014381996542355748
0.03756447975302343
0.00048754960851121287
0.013388255878590721
-0.001973181085297914
-0.002266394825076272
0.0022104792082478083
-0.004390256622183417
-0.0010065370949427189
-0.0009024946925927451
0.0034914431202050485
0.010423045807494292
-0.0010227660140031936
0.00019144920538869726
-0.003563116965275802
-0.002740050508361994
-0.0007910361277674745
0.000843598528994363
-0.006470113506994619
-0.0004066061669280802
0.002336717376518579
0.00015812534423388487
0.002768963072448512
-0.0022493648106885087
0.034609581980896885
0.0076919642822675105
0.0007208464101835665
-0.005274385068941878
0.0006268693766112569
-0.0034190783220713204
-0.0012055002747645086
-0.013289237877337547
0.004423588297464988
0.008792295514584516
-0.002222130430612884
-0.0024409634369546994
0.0011282675953589295
-0.0002024006407194342
-0.00020964098662931056
-0.0016862287655887336
0.0018542302563026242
0.005789510660772837
-0.002755571105329785
-0.0011746332264081201
0.0009105731077213342
0.00020739218813340996
0.00027551853680779964
-0.002575167776003834
-0.03187596044753385
-0.00442366094438902
0.0023248924824605757
-0.0008636336658998054
-0.0007465049724408442
0.0005512347156603582
-0.0016614433724991646
-0.001230531616435064
0.00018212882584647122
0.008824962561893204
0.0036269546716563216
-0.006574656478106604
-0.009307660869876474
0.0010760266381077005
0.004118159568750294
-0.0024351621701916492
0.0014085364934858368
0.0028205154848669122
-0.005076231155848123
-0.0018889314345681126
0.0006324621529353893
0.0009290408015966381
0.00012656381068698773
-0.00046812227200290806
0.0034808551479477254
0.0008435753446569824
0.003210355786746156
-0.0011982369295635822
0.028813339638732866
0.0013782111018005455
-0.000498844102356151
0.0006296664363119475
-0.00040810506633132414
-0.0006332591035610939
-0.003028863945348866
0.004931908217254461
-0.006324375991386901
0.0023982819088408285
-0.0006720473341128916
0.0005732066520641478
-0.0010228656778308776
0.0012211976315026133
0.000862039331631553
0.009787349913121333
-0.002127511405011592
0.0059086365481269545
0.0044804125432799675
0.00015522903183955245
0.0008389614454728133
-0.0010963553089802717
-0.001507508908593926
-0.002465053253567694
0.003444405332409585
0.001029508561503519
0.022126667357093666
0.013811510229617996
-0.0019859869931530298
-0.001589229688140578
0.000966124672938232
-0.0004125570662475163
-0.0029117400313989645
-0.0004637354586119128
0.0015106248773742717
-0.0022507893498230585
-0.0046511011347734055
-0.0051267794683234535
-0.0014456605276386288
-0.00030423410522297396
-0.00017995911597562972
0.002179303081059379
0.0003761043016756362
0.0031410844628353882
-0.0035151818049673
0.0002641386453107582
0.0017312439461289102
-0.002616914387554405
-0.0005814842104765252
-0.009949725321284578
-0.0024059123293033264
0.0012971238082288264
-0.003253748309718998
-0.0004143041033009326
0.0005237782268259465
-0.0005685510873592814
0.0004576832631899893
0.001694354220331429
-0.02377260910723522
-0.0015022367573751937
-0.0007915226741241908
0.0003188939699727964
-0.0021648826799518695
-0.0019275688483068223
0.0002274818572831935
-0.006542658223442053
0.0008632863217544187
-0.0007898927392306724
-0.00020925062807574337
0.0010984789952673702
0.0016869750516398715
-0.0011299224422676737
0.0011074465769965803
-0.001234256114133239
0.003999462876435575
-0.0003605750735668846
0.0011153989874219412
-0.0014081817813464742
0.0008657949833662459
-0.00133530045837641
-0.0008288174491960294
0.007892316638458512
0.005546295857290747
-0.002465455575912438
0.0011530976876733292
-0.0013474538450164242
0.0007757795590478779
-0.0026316395348010635
-0.021703042364157217
-0.00013377168332115612
-0.0010279319941261641
0.0020604226517630816
0.0005510237948511096
-0.00023372137818421048
-0.0003761582448948405
0.001193051665509585
0.00019446190533467322
0.0060043070032893275
0.0015300180136159382
-0.0009190593248893844
0.00013868859217307147
0.0015017987660549416
0.00015896204578731658
0.00041511973980355493
-0.0011208991641013123
0.0037139637677517418
0.001555742064983339
0.000662736659572455
-0.00045024514047592077
0.0005469365243766474
-0.00024029807765862344
0.002772433091604718
0.0010800363021704583
0.0010154692444559643
-0.0006188722262012691
-0.0013037702232488557
-0.008974261730599249
-0.0015854830519343773
0.01992839585007308
0.0008701654667023124
0.0018443607905110904
0.00011298336162593656
-0.0004611583019968562
0.00011313644404473156
-0.00047714109836851103
-0.0023207647997829945
0.00126111240391397
-0.005141510176733137
0.0013172793556539488
0.001250864442805443
0.00015185912880602865
-0.0003016334668762427
0.0006745605172644336
-0.0009676260187484663
0.0011969714381404703
0.003388493270988972
0.00041660614006915715
0.0008111390166518568
-0.00023012648247912416
-0.00032592282895458
0.00030939826921477483
0.0011482340304379511
-0.0024642127904309185
0.0014190209257728393
-0.00012894454642774437
0.00013466192108898268
-0.0011020333411103779
-0.0002985863361936253
0.0018897297229196184
0.0013275065785986013
0.018894228379980848
0.006820158772672584
0.00010956824642697224
-0.0008920598197512249
0.0006366931659674709
-0.0006318739819102981
-0.0007395822478889066
-0.0015399504825384077
0.0015247687469783743
0.0007744207815957347
-0.005073860123333459
-0.00023323752499601147
-0.00013330668090563187
-0.00026886661096832247
-0.0008631191552162179
0.0013537398433755953
-0.0003463045039663916
-0.00310263764528242
-0.0010984889615174708
0.0003021151143327344
-0.0009250029931561286
0.002318350389548254
-0.0012330494715539523
-0.00034689334450762986
0.00020262502843961306
0.0005957628040628714
0.0017706211930439428
-0.0012952035095436646
0.01682841683569095
-0.002503232200182459
0.0003575616569621618
0.0007368713780548815
0.0002487218199766427
-0.002114203659507924
0.002166678210360581
0.006984075200681898
-0.0014390258784806747
-0.0007669240489103497
0.0011708897905465347
-0.004560701279291273
0.00013307400895276
-0.00036256059650139363
-0.0013368236404890854
0.00020596976362619515
0.0028478364686511195
-0.0010549719014261796
0.00065304758331612
-0.00045291378597037233
-0.0006087675165515103
0.0006003793321519777
0.001222297577076371
-0.0020820518592612456
0.00023115007070463627
-0.0006183083036783766
-0.0002376348111849364
-0.00011385355938112662
0.0016340468824669041
-0.0008825858270496692
0.0004884238243419068
0.001514256928940361
-0.0006283424740660406
-0.015673382439975753
-0.0009560143280527625
0.0006346829077007339
-0.001019473174737545
0.0008242301593616218
-0.003828417530447412
-0.0056573541035481465
-0.00011720846670286466
0.0020720344356137217
0.004200861385792669
-0.00012099625926150658
0.000661396924565171
-0.0001733920939749177
0.001215575596024352
0.0009836267410634346
-0.0009614609584432184
0.0002616983855425758
0.00012522787815916265
0.002629064767461906
-0.00030856784938929234
-0.00015556527387205457
-0.00039258461135311816
-0.0006917428261934975
-0.0009167658655679409
-0.0005161522961490302
0.0019240811277517471
0.00022736400884103215
0.0006095959664178778
-0.0005583941570290102
-0.001485222021596673
-0.0007372565983578341
0.0010373194831605212
-0.00028895905342646126
0.00027487910464242657
-0.00043376562028773314
0.014581126299468866
0.0002377533762939595
0.0011277887076742675
0.00038442269452553435
0.0004929314251320931
0.0001521846597878651
-0.0004919896262029475
0.00036480713794842154
-0.0034959116449858885
-0.002422006419735627
0.001044219871351971
0.0026755867323207247
-0.005933048955939188
-0.0008453035324877145
-0.0008180549085420814
0.00036791867879895277
0.00025422571864872247
-0.0003478192084717429
-0.0024875555813285303
-0.0010613751868104831
-0.00012032487809780121
-0.00014549984040125905
0.0017839343638085983
-0.00040996697211903934
0.0007652190048809622
0.00014669458159249606
-0.0006916624780928952
0.0004464761539890366
-0.0014159742033410339
-0.0008475514654642405
0.00017159623842473372
-0.00020324086166534374
-0.00048294784688170177
-0.013530729102993714
-0.00011879463161404868
-0.0014380709461832878
-0.00044514694076948255
0.0006101053308123802
-0.000859837520216644
-0.003866877498058131
-0.000783591260728295
0.0007516811511822039
-0.0007451830415427036
0.001751823122606072
-0.0016323691541891385
0.005546557317275123
-0.0008777773259078061
0.00063872113610239
-0.000517246511642733
0.0022556165921844935
-0.0002666158579118133
-0.0009535260348660571
0.00020392962463849042
0.00018209943723008018
-0.0005045187269631339
-0.0006658167734584885
-0.00057333117638058
0.001162184326977446
0.0012192286543111536
-0.00011360098197756344
0.00022427447954180812
0.00043691906012216514
0.000628666136300896
-0.00042878303026848327
0.0013629055010070576
-0.0010969724206334275
-0.012629929325184742
-0.0005087030220485997
-0.00037307617473688725
-0.0002874910032422392
-0.0003799986749092952
-0.0005313618338130755
0.0007650718008202706
-0.0009899626312743163
-0.0003188997663635678
-0.0035304574310341757
-0.0002844511453481319
0.0002805933793762792
-0.0003636753587859574
-0.0003021606776832324
0.00038578600783150015
0.00045892159668963243
0.00013875923034135554
0.0015756399167146723
-0.0057506713457327165
0.001576606295104384
-0.0008593900435087271
-0.0002656212906936663
0.0005468002387771055
-0.0007017046522879297
0.00014032435218443574
-0.00020734380213396743
-0.0015318052640800066
-0.00046202284593946906
0.00012892001058084174
0.0001095695598877623
-0.0008221697249291227
0.00019865261889917654
0.0011915704073527575
-0.00018135157790391624
-0.00028426313195418097
-0.0006088874648152477
0.00011254484233681771
0.0009784231822559946
0.0005640612606758152
-0.0002694655387109846
0.0011514230343751552
-0.011733125683320028
0.000790566034537134
-0.0002755805397372145
-0.0002313915020424831
0.000340262846204204
-0.0008623929246771459
-0.0001458644134644372
0.0004119769693574706
0.003286049506483908
-0.0004408877683129522
-0.00032039922318446014
-0.0002105471947619641
-0.0004459733386571994
-0.00028507739491553203
0.000896185154105779
-0.002045797033500126
-0.0006523116325658308
-0.004153258857500045
-0.003478684103283492
0.0002944328712625057
-0.0003446359353699653
-0.00014134884345819038
0.0003611524276503465
0.001486801550833025
-0.00010858455399674978
-0.00018078449172432708
-0.0004555334924709831
0.0005950361803497098
-0.00038405066575727574
0.0010860605870396665
0.00021291035341591686
0.0005377955412028726
-0.0001442708250559239
0.0004865502135916665
-0.0009163613443851097
-0.000603554991284346
0.00027674403066136883
-0.0007049558229869233
-0.0037568562074575393
0.010368575726693932
0.0008486030160989839
0.00020311291309283157
-0.00011030069882391574
0.00309198424127982
-0.0002587459928607642
-0.0003584236572479348
-0.00044822970400564655
-0.00017586528081815563
0.00040930052946184267
-0.00010077043917447572
0.0007923252231741641
0.0006041720434055083
0.0002731368921897816
-0.0018764751795207364
0.0004132377964619539
0.0002791541919289157
-0.000333504975754843
-0.0007232993960983599
-0.0010038204428338355
-0.0012279866762091277
-0.004696327429828073
0.0010949452031991916
-0.0012965317761239339
-0.0002600211074276248
-0.0006927415646434602
0.0001779857286724548
-0.0004383031732014441
0.0005304637482691706
-0.0010382634146736411
0.0001048458755007806
-0.00035836872080222067
0.00010826795466268719
-0.00018554075332408076
-0.0003249456848006671
-0.0007974110639606216
-0.0006331524708559189
0.00024199936254839296
-0.00023126427685266594
0.0012768739506795385
-0.008868833807914539
0.0051820019635034536
0.0007524137345074531
0.00033893773927695176
-0.0004796997657588025
0.0001551575630162171
0.0004386269819487032
0.00045644253678580807
-0.0028779891047757376
0.0005588401147556652
0.0007124327260671287
0.0002574205535161727
0.00015669784925480872
-0.0017757118463932466
-0.00035079556937408444
-0.00021377779679443985
-0.0002920626375264129
-0.00010500508748923049
-0.001335554384671687
-0.0008080095078470117
-0.0007357038195726287
-0.001917655544013918
-0.004317959863218095
-0.0003979966265065995
0.00030431630932572774
-0.0004733179514354734
-0.000332463654848145
0.00033805719642269474
-0.0009245649881152846
0.0002595177999591459
-0.00032660772312439914
0.0004811344562933719
-0.0008088014347170163
-0.00015456960751558004
0.00025307176430209964
0.0005841745293691013
0.009711663447745255
-0.0007733953477440425
0.00029568577633201453
0.0003852521680137846
0.0005914058661450566
0.002663671408706507
-0.0005096821589851061
0.00031616477735431825
-0.0002271872764715048
0.0007136528317718841
0.0001388653726600044
0.0016625502319819946
-0.00021193580294883438
0.00014156058788254472
0.00018453666240389252
0.00013249494802626186
-0.00040369903037048937
-0.0006397054778853341
-0.001218714610144253
-0.00022671394533704022
-0.0002390183678306998
-0.0004428741774007236
0.0005490802845322152
0.0005632941989867281
-0.0043705211477788365
0.0009664311255709463
-0.00036826651471808284
0.0009181496713306104
-0.0001769718011740343
-0.0002683748623431932
-0.0005536085816675235
-0.000750133801985022
-0.0003452482215346275
-0.00010447220528257508
0.00036769589062321593
0.00017908362764100166
0.00010348400427244678
0.0007410766275467839
0.00914875942983657
0.00012165521138752717
-0.000317177864648686
-0.0003683657077994236
0.00034520977666754833
-0.00021026072022016265
-0.002567128144631135
-0.0001439238207582649
0.0006502976616435453
0.00015178697857090587
-0.00012232810760769128
0.00015382410573738998
-0.0015690342150280416
-0.00020979774229262416
-0.00037509268777205143
0.00032981444255121594
0.0005967697817701529
0.0004173374507578827
0.0010586864837266513
0.0004736126648281337
0.0002515053788839965
-0.00018573332119828595
-0.0003178200814608493
0.0003053341283775421
-0.0005113040060822985
-0.00023975219939565835
0.004260978384975608
0.0007538959426316606
0.000151514381913359
-0.00010401583165045076
-0.0005325825808561628
-0.00023823198491466484
0.0002920291694597113
-0.0007030343231164807
-0.00037897925074987577
0.00028539598105658176
0.00017823990957249633
0.00011384146795471587
-0.0006814223940129719
0.00027553721017136036
-0.008619201519222807
-0.00042819129727922974
0.0002191308105598476
0.00010917375256860127
0.00022723100236401515
0.0006517343691780387
-0.0024115685416279476
-0.00018122554808435
0.0003268812108718748
0.0003063912272949153
-0.0014819284496820641
-0.0002955070638518314
-0.0002457716498381519
-0.00011090056843918849
0.0005260250291231333
0.0003442283382222945
-0.00014894929187028535
-0.0010699544139565495
-0.000171480546213873
0.0001239087111322598
-0.0002087834200578154
-0.00010020304784625288
-0.00011534360733564164
0.00017638617461168156
-0.0008485049606084082
-0.00041501452642072175
0.000917735836424341
0.0038025158734042146
0.0008556235095468672
-0.0008329355794209828
-0.00022009125957411928
-0.00036382250688018716
0.0006675414894644351
0.0006345983556746432
-0.00022343506404559038
0.0004301353870955935
0.008140731041639945
-0.0001783438904374252
-0.0001039470569650945
0.00030699661732979587
0.0005434037585727112
0.00015440711247186658
0.0003304808218121274
-0.002287168180351668
-0.00012387464489644367
-0.00023813420351452599
-0.00041847855470848017
0.00039145162568560767
0.001335120983645571
0.00016994221544584416
-0.0005351882842520288
-0.0010118870496390866
0.0001510495942387289
0.00021001620449202774
-0.0002907390793973076
0.00026104598230292266
-0.0007843812414748499
0.00047342745636612003
0.0003569635913912345
-0.0001911671249077872
-0.00034723852699469163
0.002145711125442252
0.0031684216676960367
0.0006562182189732955
-0.00017335353669357934
-0.00017904459208794297
0.00021057852250468663
-0.00012840223224430786
0.0006014676996266951
-0.0004081587091136575
0.0001580606722412974
0.007660305339943216
0.0006709234089036391
0.0004158231586084481
0.0003082671764992697
0.0001470986897884523
0.000540179996718985
0.00020930276536915236
0.00019215553280207541
0.0021311320579440627
-0.0003663616354727443
-0.0003552054158098238
-0.0013215608397896279
-0.0004961421412938315
0.000202226763572186
-0.00030310792135465386
-0.00010593574321471619
-0.0009118498290261762
0.00024893092297097175
-0.0002269174634084421
0.0001167826925566823
0.00011515156245657918
0.0004405292087172018
-0.00032051203038117697
0.0007065472545772182
0.00024195197222716004
0.0002199992215305437
-0.00017068999984007886
0.00012543819059052067
-0.0002906421287374381
-0.0006149436068393003
-0.0009097248787501803
0.00028701546487241205
-0.003493588702714684
0.0004577493862010814
-0.00013899076125815715
-0.00026223231468690023
0.00030092782228176225
-0.0005672738160776522
0.00022917316588282782
0.00015280177816614308
0.00018955277765700862
0.000281595465083267
-0.0001959217272114794
-0.007257420572859848
-0.000629008433755376
0.0005121742685130814
0.0020456380144115638
0.0001890584744588175
-0.00025388665671594073
0.0002588717833712892
0.00047334539414384616
-0.0012446990519811487
-0.00011861009625140705
-0.00014178554450780168
0.00020217857413085415
0.0002553148330827025
0.00011083936098963642
-0.0009075357137412046
-0.0002055550496459442
-0.00016306003780759996
0.0003070793196277835
-0.00042896637163991445
0.0006965412411674118
-0.00011351772988017842
-0.00011330006376666307
0.0005784264221192648
0.00020002249624585176
0.001613763480194911
0.003095169105459929
-0.0003436933870256456
-0.00017401590776386334
0.0005374033966719842
-0.0002619711613665911
-0.00013900002743973393
-0.006905306679632687
-0.00010335352569323596
0.0004933001545789141
-0.00011605339996095477
0.0003183667384786847
-0.0011533166509879334
0.0015320273251391535
0.0003219896617594384
-0.00020508414891989222
0.00043915708698200615
-0.0001032685363979624
0.00023687732267630994
-0.001184112199376363
-0.00015447870266494806
0.00019798787900954807
-0.0008589399434644581
0.000289274348902548
0.00039794761805589054
0.0001612187177675716
0.0006588381668947061
0.000428351024783598
-0.0003562449076438898
0.00014893612532435285
-0.0002283601582150655
0.0001142898401198123
0.00022806089215861032
-0.0003359945907584418
-0.0002642131028302597
0.00015979273141028072
-0.0031921822831030284
0.000685467673107818
-0.0006362201523638137
-0.00028009406471876094
-0.0002636284355969521
0.00013847788877992655
-0.00010439598528810392
0.00014798941185999173
0.0065523482614951115
-0.0004615791378178006
0.000306656122771912
-0.00020084127487554956
-0.001843236384110752
0.0001680848013764505
-0.00023314203659902685
-0.00042185372617888225
0.0011244952742671137
0.00015541102010501476
-0.0002718521835816081
-0.0008065412150074969
-0.0001341081474582753
0.0003817150294527554
0.0006270358885314461
-0.00019000655577725315
0.00021404591417536705
0.0005097897458928767
-0.00017088637577434174
0.0001568198252831299
0.0003356871476665627
-0.0002936640221472058
0.0004930961409117546
0.00040587900103761427
-0.0007053940517833402
0.0022567245700839717
0.0020256180707947198
-0.0003557189160592648
0.00012184552861835603
0.00011027400531069051
-0.00044623213140255623
-0.006225077247503307
0.0002849927908269308
-0.000201307354873475
0.00015829508130867887
0.00021272895487270546
-0.0017453202373693447
-0.0001270438902754577
-0.00011119647400494639
0.0003832049473924577
0.00010763771230335966
0.00014338374300137667
-0.0010682039473903528
-0.00011321728045459963
0.00026025761844493406
-0.0007742018760120753
-0.00035470447569316954
-0.00012922540868665546
-0.00012574416730167082
0.00019153074009859965
0.00013554139420535934
0.0005851211533174866
0.00012129614281639497
0.0001561519774685755
-0.00048472578076429304
0.0002351741496863092
-0.00030310065138905787
0.00012109474310256821
0.00013935394807873503
-0.0004600565727704277
-0.00013438049322773824
0.0001434203644064573
-0.00026516356127861046
-0.0025976877907679333
-0.0014566171336853452
-0.0004195470577051738
-0.0001976898908803329
-0.0004152084432234224
-0.00026443331587474027
-0.005921296730331589
-0.0001975834109670043
0.0001051775968387449
-0.0016653755485145341
0.0003765991621200084
0.000999117218612299
-0.0002490724240145408
-0.0001855184686477014
-0.00011666410712662519
-0.00015786244992710072
0.0003351474788873732
-0.0007183589505940093
-0.00015463033434277978
0.0001311117812559248
-0.00018956320182920937
0.0005650299657238311
-0.00013454095005568467
-0.00022876983740824654
-0.00045020444989966196
-0.0003219603806950852
-0.00012095976590091294
-0.0004519543036955532
0.00015642394183738897
0.0001825874106000166
-0.0001717837357254918
-0.0007586256781001521
0.0027696143096803787
0.00030273200838468883
-0.00012510856155302502
-0.0003953947719241293
0.0001995959517645409
-0.00019607958539992397
0.00010817139624370327
0.005636139541495804
0.0003502559657526014
0.0015863086130628974
-0.00011494713784820478
-0.00023010349161456037
-0.00014352437262032993
-0.0004273837580009589
-0.0008707934553636481
-0.00013860327885831751
0.00016557849257095174
0.00032162020612307905
0.0007019879793398897
0.00011581557934215891
-0.0005398627927747984
0.00021277896815874464
-0.0002856514171468659
0.0004259750788389858
0.00010756405173572775
0.0001354296061904103
0.00010973211952522862
-0.00016251510032634365
-0.00042417279026747435
0.00013623525249392663
-0.00010198824278381704
0.0002720559847120454
-0.00022321719771899683
-0.0001976807461649857
-0.00044501316881928447
0.002703800773008156
-0.0004855481487172402
0.00026977402285679965
0.00023280267440100853
0.005356532605470631
-0.00012462329276303054
-0.0003333258583130137
-0.0015093407390147466
0.00013812695838916834
0.0001263958934821659
0.00022572710032819085
0.0008890589585275625
0.0002877765646857862
0.00030708806823809894
0.0006277316890921702
0.00022944070510524188
-0.0001963334100412258
-0.0005133615310935841
0.0002689970726481802
0.00013344247929468201
-0.00041975218287815784
0.00011463715730340048
0.00016067672910721314
-0.0004008948293724214
-0.0001063058820313143
-0.00016558005788831127
-0.00011994890472253782
0.0002504663037645755
0.0003801415414604859
-0.00015189524984497572
0.00027777518642126196
0.0003683257669093485
-0.00035689262107113065
0.0025976843641160696
0.00034285005632959573
0.005102017991717565
-0.00011962119505820372
0.00032076053743297644
0.00019840199675462538
-0.0014406575865507372
0.0001118199827490831
-0.0001485404954001867
-0.0008790008476900493
-0.00028990528052298757
0.0006385085343584452
-0.00018857580935903036
-0.0001175858102702104
-0.00013053710802107514
-0.00047172060006497906
0.0002623165716016903
0.00014364544564937574
0.00039669401071348225
-0.0001062698727958524
0.0003841600306259739
-0.0001750652926971298
0.0002381886350384936
-0.00035532273305991224
-0.00016032870883746987
-0.00019790928287167107
0.00031581425963365543
-0.0026017781612575467
-0.0004911858414386049
0.004819496098540626
-0.00028079234806879636
0.00018475923422041972
0.00012993462306627824
0.00036740012849011567
0.001325297366091566
0.0008387217014802835
0.00027700068463291276
0.000600959876064257
0.00012088271657383984
-0.00014685993687518076
-0.00012411246601759643
0.00011253227716896414
0.0004583356342984309
0.00014817475040305425
0.0002266339056235271
-0.0001152842334857693
-0.0003802009736522058
-0.00014489117801827012
0.00037165466520165837
0.00022323622906117257
0.0003383979668809104
0.00016340136265424095
0.0001057964194476188
0.00022973914735714988
0.0001591806310362159
-0.0048897381710250685
0.0019528406517693568
0.00020312948944734629
-0.00021191067015571342
-0.0013111008684611597
0.0002488195862471293
-0.000803395650544379
-0.00010871118647943229
0.00017046787913597094
0.0005803676340814806
0.00012176372030530926
-0.00022785755686772049
0.00044859192152741116
0.0001993901413163587
-0.0003013803067551251
0.00010223211486381934
-0.00015216990652787684
-0.0003463516834005326
0.00024362839765346172
0.00010058887245734268
0.00012015664451797361
0.0003287803558558915
0.00011346796725082679
0.00014765985478382122
0.00020894686499496547
-0.004521637840493002
-0.00036195142982630145
-0.00040850080419807544
0.002164279594328775
0.00027932133292426386
-0.00015382611834016636
-0.0012466066925426386
-0.0001732386667757066
-0.0001734641612061696
-0.000769506254152561
-0.00012780143763150634
0.00011571793401654854
0.0002835819079276584
0.00047887625096979474
-0.00021006644422184845
-0.000426173096652722
-0.00034626697945931625
-0.0001435566835610507
-0.0003250770393664419
-0.00020444595474758694
-0.00010953365646974554
0.00030336855353618573
0.00012999249914575492
-0.00014389532799366777
0.00010537181232112519
-0.00012955937109239576
-0.0002866525965012789
0.004316930450425962
0.00019367957846466832
0.00046042519967396387
0.0007337493636847622
0.0011883164399700003
-0.0014739573523752194
0.0005286737295693474
-0.00028972649770360936
0.00012002219259397828
-0.00119116957127002
-0.00023113498823589096
0.0007309810922259445
0.0001121560353380116
0.0005304751690536925
-0.0001858232590718044
-0.0004061278277282424
-0.00012276794828261682
0.00033182835231107874
-0.0001033429689988736
0.0001399381123482978
0.00013883707575833304
0.0003270565064505847
-0.000302447716010386
-0.00012399816859809024
0.00017332189884553594
-0.00010919394059091793
-0.00027939542338152455
-0.00011953897040319453
0.0020413952692681808
0.0035930259138639937
0.0001456203725259085
0.00013637508516691654
-0.0004585904383858904
-0.00037173207999366935
0.0018217305140160872
0.0008161076514715972
-0.0002667345564120406
0.0011252731031766567
-0.0001475653526331327
0.00013314776028706805
0.00011083959141525808
0.0001135258077818043
0.0006980360966733409
-0.0005005643982787854
-0.00017355773491241285
-0.00010358693846790481
-0.00038941396916681063
-0.00016169624123234984
0.00031744892181999454
-0.00011742145852719401
0.00015167344857970846
-0.00031241510038866886
0.00026969294406801737
0.00011876361804174678
0.00018454921000467706
0.00011110502260778316
-0.0002220439623860836
-0.0001488482381888219
0.0039514869309163715
-0.00019913282780988916
0.00022159854505797268
0.00012123151705795357
-0.0003986897983531307
0.001967384698208046
0.0002849676450686511
0.0010744199612784638
0.00010440538813923522
0.00017335071906499766
-0.0006698088105493311
0.00048131208498334297
0.00022552079998333375
-0.0003594046111723475
-0.00011510864494605966
-0.0001122007903104887
-0.0003048531437453927
0.00016016094132831818
0.00028621117742209836
0.00016061112154183292
-0.00023901140072078898
0.00015516565074069147
0.00017511684043116215
-0.00010004588476020584
-0.00020143748747927456
0.00015002935600427284
0.0037308787942137308
-0.0006598598601406576
-0.00022793291159022401
0.00020841702350770402
0.00045078008463859454
0.00013620773771803887
-0.0018243051917070762
0.000863166160285625
0.0007260207249072162
0.00034054714730433547
-0.00010470093605279049
0.00016574677276555547
-0.0006109006848777508
0.00012507952516214522
-0.00043614245615188323
-0.00017200731147902208
-0.00010503600082258769
-0.00015327900226967596
0.0003029241600961358
0.00014487562158765676
-0.00010623084420579531
-0.00024276964546933084
-0.00019455455627521883
-0.00011395450624730089
0.00021747683328543008
-0.000198847225592249
0.00010245562012965549
-0.00024805235809368883
0.00012628713250638918
-0.00022854035696450323
-0.00010146834457386664
0.0002837783180739176
0.0007373268741313096
0.00025772424963703405
0.0034862999154805442
0.000581906207490549
0.0002039165408608746
0.00013809321207694422
-0.0002171760379767109
0.0003041798148253826
0.00013096913012848542
0.0009417420107339302
0.0007014880512400856
-0.0008576081424791814
0.0015170055635691185
0.0002517169960337254
0.00013119211090123478
0.00016761627724050252
-0.000586713688036164
-0.00011157645848556024
-0.00014148098764829104
0.00021156131889921544
0.00040984292514595154
0.00016568279590349665
0.0002251422331817786
0.00026931669811428884
0.00011930372972891998
0.00017636733514786758
-0.00023880283751301546
0.00021586712882521578
-0.0001296892305327875
0.00014539112613383572
-0.00016525216798259643
-0.0002061926340697211
-0.00015463366067702152
0.0002332616283579181
-0.00013199723912859176
-0.0034507169720517303
-0.0002610199671744464
0.0004267619819364993
-0.00042901853660451167
-0.00018243960661727728
0.0002816665459209583
0.00031104440784878915
-0.000395823831275333
-0.0010592936810155248
0.00019974455349990624
-0.0006385802311514791
-0.001343280345725154
0.000759918132270555
-0.00013703673396689802
-0.0001954795512512068
-0.0005206749899295705
-0.00014374583925578043
-0.0004110529980150433
0.00033427488883805174
0.00010250334624162306
-0.00013562817723403276
0.0002995419020558881
0.00010570219234721624
-0.0002830359619804596
-0.00012327095276864138
-0.00021476250483397065
-0.00020571648222943381
-0.00013833361220131165
-0.00010802317189063533
0.00010326985137297433
-0.00019880770940661026
-0.00020172435789426432
0.0001456335121979783
-0.00020137167188531856
0.00016004646009286531
0.00016017335558838385
-0.0007890960269141247
-0.00019312171584057742
0.0003863889686568857
-0.003088433376621234
0.0005397070816308906
0.0007171924941940283
0.00013127527811555506
-0.00013869443974130218
0.00012111582549878436
0.0004343730754257909
-0.0005157400181715683
0.0003401769209139613
0.0007423105797206326
-0.00027186229493747504
0.000250001170262822
-0.0001189767672910607
0.0015099773264518705
0.0002760566380428425
0.0005510290040611243
-0.00037134974724687363
-0.000189985534365088
-0.00012283325447337155
-0.00012949280183076288
0.0003431794391733407
-0.00014689904013370547
-0.00010231095174041344
-0.00011532039690300565
-0.00012619440089805815
-0.00024251298736271878
0.00017432815384181013
0.00010303152936216232
-0.00012982716950787941
-0.00018431189828729976
-0.00018523182587898174
-0.00011490890687522314
0.0001740863458210003
0.0001995108809732061
0.00021572700646085657
-0.0001511417869566433
-0.0001551889062105235
-0.0001384263165534253
0.00012706011555767716
-0.00013418473853362643
-0.00010407481957595407
-0.00019365627403218237
-0.00011414053614972875
0.0002699494801611939
0.00016219626248722925
0.00042026759178377367
0.0001543401364095503
0.00021445368161682025
0.0008378021569498778
-0.0018141809423213287
0.002098846923645584
0.00012804899037496137
0.00021000512692686808
0.0011899668935413334
0.0003210849851840342
0.0008204151620603406
0.00033580554020096935
-0.0003100674349992523
-0.0001260174051034332
0.00013719558092209033
-0.0004405291994568369
-0.0014561607991549052
0.0006026103139317844
0.00019271773896103257
0.00029258214792939323
0.0001978952445191034
-0.00023355670953695764
-0.0001387314644074512
-0.0001990296339138449
0.00022074183721229303
0.00020538503824642153
0.00018028092038081898
0.00011320531099876607
-0.00023436532795022153
-0.0002015869675891999
-0.00011348645237322489
-0.0001655974599070834
-0.00020162364008548077
-0.0001837763153874041
0.000111351461659991
-0.0002380432192668883
0.00014855003232596136
0.00024155418658523812
0.00012738718943642368
0.0001247452542310895
0.00014186141066337772
-0.00010652518288930666
-0.0002271948720377526
0.0001412696308725086
-0.00014557662013039673
0.0012977875300149988
0.0001256164866750045
-0.002544498887400999
-0.001049145591948984
-0.00035295370383138107
0.00048081487973019807
-0.0007445451170762828
0.00027356728320113827
-0.0001101564496434722
-0.00011464179206409656
-0.00032541196153388426
0.0004083208738002439
0.00033225997384290134
0.0007530447261435651
-0.0009556155140576039
-0.00028961199299727707
0.00026431071829818105
0.0008494466971798556
0.0002117599473331571
-0.00012092908665833289
-0.00016733423596596098
-0.00018029635409217898
0.00021971424629860982
0.000169839331719666
0.00013056891280076514
-0.00014499188571552352
0.0002110030760714715
-0.00010219471706288667
0.00010077980951109592
0.0002264056901127583
-0.00023415035686984842
-0.00024122813877680503
0.00020476919825366003
-0.00017017941689387227
-0.0001616303284654111
-0.00020995582584406293
0.00026847314001856074
0.00013180148646821236
0.0001938371755347194
-0.00011649775891246582
0.0005028878594905132
0.0003210362878885808
-0.0026321865706658743
-0.00039234949230820235
0.0010054825455153478
-0.00016817469476921185
0.00019678481636312988
0.0003473919476822539
0.00039049031473892677
0.0006773317491234207
-0.0001099172195440642
0.0003384825267784714
-0.00033820318010744293
0.00013793565036270623
0.0002765658277293512
0.0005594735938238416
-0.0008036624824629315
-0.0009369229291425533
0.0006052082606196742
-0.00041934094872369106
-0.0001378550339665205
0.0002160654375927571
-0.0002683771700080426
0.00026203888591856553
0.00019245807902897022
-0.0003001076489344865
-0.00014372964938513043
0.00016463614938933647
-0.00020434677066768844
-0.00015249943224791992
0.00020803797019756874
-0.00013623787836610052
-0.00014607259396764958
-0.0001521849772941027
0.00017377055517030302
-0.0001619679282121695
0.00019772612977659793
-0.0001121345888816645
0.000476174756455375
0.0007404788831159991
0.0026258808253778955
0.00011168793116920952
-0.00044927961368389615
-0.00011256175689365738
-0.00024782381098818805
-0.0001187148371070407
-0.0002945548961504623
-0.0008226917857289727
0.0002368770106267733
0.00033251210290053085
-0.00017314994196338145
-0.0005032379778602533
-0.0005221226351586271
-0.0012419756742603463
-0.0004487965743848053
-0.0002967266302252658
0.00013020467232307658
-0.00015612893906379562
0.00010085094225121322
0.00022497423684224337
-0.00013886192491595602
-0.0001892710343438465
0.00010193820529430918
0.00018114385360267776
0.00014790786188250394
-0.00011063931043250748
-0.00013021532068458274
0.00010371630327380241
0.00019706825058382306
-0.0002412878017792403
-0.00026027982300527784
-0.0002729507356401416
-0.002527003723369425
0.0008126986247419666
0.00010897755553421288
0.0005385065125885376
0.0002973578922067727
-0.0001243683648816196
0.00013560167558630655
0.0006235150279690263
-0.000404990668650592
0.00012370416821915275
-0.0005355088209451451
0.00023503380177681844
0.00013213733949069543
-0.0013785915155351436
-0.00011168158239856238
-0.00024053653611752994
0.000123572109438851
0.00025023964489225405
-0.00017766568188094266
0.00019079666982262965
0.00017249197527694876
0.00013921752783516584
-0.00024125627002529671
-0.0004936548550275716
0.00010262213555199055
0.0003265102814440082
-0.0006515182346011962
0.0020920513019866433
-0.0010493689435424306
-0.0007692042680262432
0.00018736659031401532
0.0008050807310360152
0.0001066917028235169
0.00012025492852055964
0.00047178384778038575
0.0002255865173621261
0.00022747254733871503
0.0005687386980601543
-0.0012530802521513635
-0.00012450443821300153
-0.00015678084192279518
-0.00012212079165551664
-0.00020183062246352873
0.00018513064850379142
-0.00017798450163101918
-0.00010662171740753996
-0.00011533858757639627
0.0001181847385637931
-0.0003846906752217975
0.002177137779518011
0.0010235607388210718
-0.000638336349868801
0.00018149001276980545
0.0006105915357855682
-0.0005299906896654832
0.0002012308818978762
0.00014883983983970494
-0.0004343885280209435
-0.00012688903426295257
-0.00016636011440210902
-0.0001952057591643506
-0.0011693811020074018
0.0004572997827076354
-0.0002624678142837731
0.00011673027246580785
-0.0001468463784480093
0.00019204854712547226
-0.0001367479457884556
-0.00012927051911485032
0.00014208592130428863
-0.0008216336546028358
0.00012813849655704404
-0.0023533842584883133
0.00018812509357318447
-0.0003961792178001157
0.0004326634541040705
0.00010687439739131465
-0.0002283337368416439
-0.00027072280580835075
-0.00030244279000200065
0.0011775388964140106
0.00011988146221678358
-0.00031145966250797495
0.000122431040296684
-0.00011361222421752607
-0.00011145516394781567
0.00014352802924552711
-0.00014515607511263935
0.00011522722734842622
0.0001222508700026411
0.00014270693519951723
0.0023291818568147897
-0.000225552001367129
0.00033982885636922583
-0.00019516955728097102
0.00030407378786126546
-0.0002925003420901491
-0.00015201793400531992
0.0011937795288108938
0.0003395442522885271
0.0001358356714455949
-0.00021605587498162932
0.00010226151310186297
-0.00016873138626965987
-0.00019740721139852407
0.00014565186715837018
-0.00010403932326841765
-0.0001406193306711744
-0.00013362072301169908
0.002018125042618777
-0.00011592831417225466
-0.0008272040136624992
-0.00013414222186453314
0.00042958434621645736
0.0007576653366211056
-0.0004322403116015528
-0.0006053884779952623
-0.0004229864244834215
0.00010813736217631547
-0.000134434392559678
0.00032669017381784177
0.0002262375398359551
-0.00019118505652836195
0.00018779056497525084
-0.00017199398711507182
0.0001601546330627747
-0.00013375636822522715
0.0019251182537114936
0.000613409406826972
-0.0001108257170328722
-0.0003683549473823945
-0.0002636465662011878
0.00020178033162254283
0.00015941919513024716
0.00017410179754471573
0.00014926502462935358
-0.00013097164656607037
0.00011293821103108759
-0.0001003277950588993
-0.0001020451971930242
0.00010666663086209887
0.00010957026341033401
-0.00011049843638060369
0.00011344933237128989
-0.0001012717330489658
-0.00010045774522144055
0.0001162183202925794
0.00010399892281195554
0.00011896257260185579
-0.0001061038075577592
0.0001009547895556827
-0.00010448256594658022
-0.00011943343790974234
-0.00010898272485464428
0.00010395145412559578
-0.00010786856852687777
-0.00011942802160598528
-0.00011314615047933065
0.00010332411562375329
0.00010904565655035984
-0.00012555950341561315
-0.00011563900182089013
0.00010620051819382378
-0.00011200570983888608
0.00010161074182949544
-0.0001279176177397888
-0.00011844137147651437
0.00010919665914938381
-0.00011471562865491578
-0.00010236451266821464
-0.00011722426227685188
0.00011772328410424939
-0.00013684642186415535
-0.0001016534141220631
0.0001539786986640973
-0.00018822608791018466
0.00021056345988421432
-0.0001498148711458595
-0.00019033554421054875
-0.00023952130721443025
-0.000177954402135744
