0.9865753421144369
-0.12867496211808896
-0.04435488691548651
-0.05059242874203358
0.033713182850812005
-0.017589772088814105
-0.01621026526677676
0.027947530772542372
0.019710813342415662
0.011249696704730671
0.004689079188345769
-0.021735704546211317
0.007247457844656655
-0.013703457946361328
-0.006923508285273748
-0.000794172946011281
0.0010433625779059843
-0.012484117402656737
-0.012330444884854614
-0.008771702644264294
0.008803815546372391
0.005929167912068097
-0.0005587031211066684
0.004020241459800853
-0.0024979182472276047
0.0002169727621788683
-0.001500654485974111
0.016146267997485537
-0.0020343201336187745
-0.0004188637114720233
0.00048607566508354806
-0.0001454825961427779
0.006579023816285704
0.002597147091801915
0.01351557716914731
-0.0003871702882444984
-0.0004907396594512508
-0.000872994690531037
-0.000637719703155319
0.0023993351149873255
0.0003116457614972174
0.006472854980658949
0.0008632136434457298
-0.011187687771840786
0.0005925336590959881
0.00033886433760686475
0.0009168117359262174
-0.0005214498266148359
0.0008625639341657734
0.002499974155017664
-0.00020173157952685188
0.0005166329211415228
-0.00010175927028779643
0.00015045481522606223
0.005875105818052143
-0.0006574142631736217
-0.0006761536686772472
-0.00935609232396378
0.000476024550275122
0.0005287816940874482
-0.0001762768966697758
-0.0003577987840444919
0.0024607652495470685
-0.00037475446179711334
-0.00039268513679902576
0.000266662511468229
-0.00018309066996135596
0.005329794560711547
-0.00040874289970172845
0.007815977974344258
-0.0006928066187328579
-0.0005059651614091334
-0.0005042641180582071
-0.0011074474129071051
0.002050134909731543
0.0002610917528897342
-0.00041877972383188786
0.00010897906094845456
0.00017082190825029928
0.0002467596405186542
-0.0004689754055124382
0.0005504136600571087
-0.004230412419659969
-0.002189114720989041
0.0007407864113630297
0.0001676337581274588
0.006593387493675368
-0.0002939138218672549
-0.00021100661212498207
0.00021739854742424316
0.0020419829898691523
0.0006452588524205567
0.00013066341575502277
0.00038433840504390973
0.0003247527997018684
-0.0002931859451186338
-0.00011734304325290815
-0.0004065932659563822
0.0002655597950429164
0.0041177475152190555
0.0012242580317939741
0.0007908786784056151
0.0002108224395071673
0.005589406642040937
0.0003066125651721422
0.00030667758478917313
0.00045357271686010493
0.0019412560113578757
0.0003502991802678021
-0.00014006125492248668
0.00045305843805240294
-0.00015214590333721302
0.0002684696292491574
-0.00021009061605659006
-0.0039719618732016225
0.00039183404553936034
-0.004740752067244891
-0.0004338293787213085
-0.00017057711824243406
0.0004736495780306452
0.0017225379320009579
0.0003250837652322546
-0.00023420267910125776
0.00016704887352267934
0.00029000052510598794
-0.0001905919621460044
-0.0003835438360789263
0.0001009622997882798
0.0036257711063738384
-0.00020437321907091046
-0.0040811538626375245
-0.00018564034988833154
-0.0003373636715439001
-0.00021554735498993094
-0.001612994254640308
-0.0001229646279054741
-0.0003129282233364528
-0.00010057773061714318
0.00040216346058447223
-0.0001822425828562213
-0.0001827902832040999
0.003330546257635301
0.00029178690654497856
0.0035044128188508276
-0.00021265453669296947
-0.0014656280868327177
-0.0001389278980241557
0.00028317577622843535
-0.00024859633892745995
0.0003823045575835151
-0.00014482668202526816
0.00018241308226475998
0.00017046034855653999
-0.003041410552429242
-0.00012866671109840018
0.0030491338709624457
0.00020345578627127623
-0.00012080818465836507
0.00028048531627265923
0.0013207952998829785
0.00026151820091249034
0.0003604779331963863
0.0001922578643954254
-0.00016412797356086294
0.0026950576731229743
-0.0007518743562335933
0.00032121259459619896
0.002616664415733799
-0.0004444463529483573
-0.00013584297501435095
-0.00121486383833894
-0.00023508799756002868
-0.00010819494944687292
0.00014828445301040693
0.00033531953873183133
0.0001450434856505502
-0.00016699118017060444
0.00011421011804867166
-0.00015049063529115175
0.0025883536574848546
0.002318086936378635
-0.00016334848262097344
-0.00025068452914298376
-0.00035626632558671736
-0.0010403143316287326
0.00010563317684407593
-0.0002131165972462216
-0.00031778037015301684
0.00015983322929789988
0.0024059936269486652
-0.00018695184665068267
-0.0020355847369772006
0.00012116468485913511
0.00014252105585049973
0.0010031028684685918
0.0002027706047695663
-0.0002897884328533838
0.0001403005716288391
-0.00015552768244257197
0.002227766712719796
-0.0018040764665734734
-0.00014313377743731135
-0.000927662106629452
-0.00018041946484406411
0.00025664060389225243
-0.00013866591496226313
-0.0020697456049649046
-0.00010049566032923158
0.0015933062643821146
-0.00020160893837802468
-0.0008537141398096031
0.0001650182761181672
-0.0002516032191008598
0.00014158387643398385
0.001919174905179838
0.00015915963620400078
0.00014445594001511708
0.0014264611487665522
0.0007877501771853754
-0.00014406404053921183
-0.00023889705121727886
-0.0001266216873063375
-0.00017581715577912318
0.00179292974455161
-0.0012737932974710995
0.0007274026450536515
-0.00013731048535543103
-0.00022216084786762257
-0.000120163176605685
0.0016590640334142016
-0.00029616011769786893
-0.001144044663839033
0.0006667114664463454
-0.00012884589495227737
-0.00021041499280733596
0.00011182016313104975
0.001366273390714991
0.0007882103742503729
-0.0010308322621493413
0.0006197179502332462
-0.0001178891681516046
0.0001913315853928771
-0.00010589485215921682
0.0014812190160475376
0.0009296439844192861
0.0005773494883880673
0.00010806117089119252
-0.00018153063754259386
-0.00010060139355372751
0.0013926097178276547
0.0008428180400118813
0.0005376361920344767
0.00016741462631136966
0.0002522508026853235
0.0012718156527226998
0.00020148246853509685
-0.0007639353342968579
0.0004978015137456471
-0.000157621408639169
-0.0012379975537531243
-0.0006972184380125136
-0.0004662914146241773
-0.0001524371395759719
-0.00018423090575456425
-0.001152713867948641
-0.000636760028691882
0.00043632187331805214
0.0001404514905726379
0.0011049289348512652
0.0005825448316027099
0.0004109367578867764
0.0001338974487635538
0.0010469221328568545
-0.0005347580256770595
-0.0003869164774102735
-0.00012357389226414048
0.0009914196966594071
-0.0004926352983937619
-0.0003647030374328063
-0.00011843614488985347
-0.0009412046650035116
0.0004481134999760703
0.0003431523993357295
-0.00011291004567010127
-0.0008957552612256248
-0.000418571720024312
0.00032441310307953944
0.0001077803997456425
-0.00020771052646122832
-0.0008229967461983698
0.00038698528684026607
0.000306668994570935
-0.000102001377277406
0.0008090238911002808
-0.00035844840913161415
0.0002849682684040044
-0.0007753700803128411
-0.0003329810537937509
0.00027512596435598665
-0.0007405554690715058
0.0003094960805956075
0.0002580883303269368
-0.000706920956702369
0.0002881180244480397
0.0002481828865700451
-0.0001033467850306325
-0.0006752632396151306
0.00026848597597440026
-0.0002355757984635752
-0.00011315866479531141
-0.0006447290064349496
-0.0002517633619329209
0.00022478406107248752
-0.0006209967162282011
-0.00023559121171298176
-0.00021410157650959586
-0.00011822607344452251
0.000595203988466364
-0.0002211241644600096
0.000204365208880808
-0.00012405615730985345
0.0005716260135401983
-0.0002077652322338646
0.00018860089583841121
0.000534181021590582
0.00012692501249975054
0.00019596449826246598
-0.00018501660253351655
-0.0001303335826454796
0.0001029143454291874
0.0005192810755707877
0.000185311793015334
0.00017699567883816173
-0.0001337313703906571
0.0005071520644075968
-0.0001763033553968783
0.00016861851267491222
0.0001072558007936181
-0.00013518202341019936
0.0004890317267944651
-0.00016976541992053188
-0.00015862424872057685
-0.00011202910950008978
0.00010623836770291472
-0.0004609380950251792
-0.00016617063265702395
-0.0001505193713184716
0.0001458506985958276
-0.0004399638091255802
-0.00017171230990795658
-0.00013797716139591802
-0.00011342005254344142
-0.00010456061034343005
0.0001441850220722842
-0.0002496931303613011
0.00013088703402105967
-0.00033392223883531893
0.00015397142238610082
0.00010830765767960083
-0.00011853254674257443
0.00010465675134282407
-0.00023499730061147235
0.0003548239836733891
-0.0001575732182844474
0.00011638581288028188
0.0001453554166491226
0.00015534872614717077
-0.00019569961057472183
-0.00011645095228879075
-0.00015037888866129367
-0.0001609697483642606
-0.0001602390035038709
-0.00027535201206561194
0.00010788195585345618
-0.0001110326928371334
0.00012735842681782994
0.00012036917395371788
0.0001584012069030372
-0.00010204123593573806
0.00025480538408519874
0.000164142280736956
-0.00013460296607765401
0.00013191266785083147
-0.00011635380988169547
-0.00010603191363453972
0.0001724270571784902
0.00017546682926209846
-0.0001047266943474239
0.00011993998031270297
-0.00015025962394417538
0.0001661241044517597
-0.00014498005739992938
-0.00023248385282684182
-0.00014375781706647212
0.00013564765384603151
0.00011143753901485594
-0.00017516005140808072
0.0002252388766110174
-0.0002153786909222599
-0.00013844229297740824
0.00012538559040403457
0.00010679442621890072
0.0001170924917485927
0.00023268668449605707
0.0001792429622082935
-0.00010066733685933271
-0.00014349669273861559
-0.0001384179464197733
-0.0002443292513636697
-0.00021025576933153835
0.0001373310552346502
-0.00018520809113704829
-0.00030276222706213693
0.00014676717693398972
-0.0001382710923506496
-0.0002552045164405639
0.00018946413236680377
0.00015060327536054905
-0.00013155541198734563
-0.0001394164677840504
-0.00027047032169351273
0.0001939057946988328
0.000153650984689836
0.00014577284582955165
-0.0001995806193407507
-0.00015800766980719443
0.00014445635700660055
-0.000203867994266364
-0.00016226007648011446
0.00015324674718798862
0.00020682573580016366
0.00016567510613334105
0.00013589778836328777
0.00021404429881404004
0.00016984178147809095
0.00015860656769254395
0.00021951051528517043
0.00010132233193035667
-0.00017452143739219608
0.00015663578027404752
-0.00022470328828186375
0.00010320580141369199
0.00017817584188999148
-0.00015967938202911695
0.0002306035644639162
-0.00010656860025998457
0.0001828591034385174
0.00016995973134581447
0.00023646416004895616
0.00010900330754350223
-0.00018766311636057606
-0.00017582923895788547
-0.00024208618106332687
0.00011171058538021883
0.0001927122511797812
-0.00017960044118402389
-0.000248619540034914
0.00011456357148118398
0.0001967261885743536
-0.00018876648211427343
0.00025578416017514236
-0.00011719472434920231
0.0002025875565830797
-0.000183094876983429
-0.00026216946535318516
-0.00012081591373771482
-0.00020902901209537137
0.00018484164284843943
0.00026941909317994435
-0.0001248704446323268
0.00021386700299214455
-0.00019094978021522553
-0.00027842747949456757
0.0001285148436530347
-0.00022032755255840488
-0.00020356890610700833
-0.000287265120425408
-0.00013261655409821895
0.00022739099581986518
0.00021925797999977864
0.0002973555628769178
-0.00013559717292973796
-0.00023718095749716438
0.0002285714509873128
0.0003310311003104635
0.00011470126484254527
-0.00011781043591818561
-0.0003597351038298582
-0.0004034437295817503
-0.00032585076793563374
