0.8355634514637676
0.2966318448171774
0.21681212205557857
-0.18270055712326833
0.03087379863227553
0.1318922580017825
0.08815476362054135
-0.10137718093819739
0.022035538631843637
-0.09766051530222562
-0.08671756097008325
-0.05735840501870074
-0.0011980040543682845
-0.021390155483071775
-0.08126593254358927
-0.011124400930055567
-0.06376119199667084
0.014856359537240578
-0.08921885029362037
-0.008939088076379251
-0.019686960682539674
0.004467555885015479
0.007480098847332365
-0.013778563416832479
-0.016529812263277436
0.007571295180234016
-0.015822144586627018
-0.09637962455213464
0.0001922364832157147
-0.001907110838195746
0.0006247502959353403
-0.004736501059980089
0.0035846205479955866
0.004042038888425803
0.0024346759945898682
0.09074962859334976
-0.0012473228865390595
-0.0014212290916875577
0.002647818466729899
-0.0010247516759390662
0.0007703078628674983
-0.002100629834333439
0.0007939044356797001
-0.005359783399748372
0.002486537637034916
0.002745948007555502
-0.07989461705522376
-0.012956599464429496
0.010802008608569539
-0.00014337233880014385
0.0032974228390893166
0.0014193766860936638
0.0002550305805597427
0.0017643183310583688
-0.0010692296783090156
-0.0006971487753334178
0.0012222636876278996
-0.005520572934426518
-0.00034468011831638364
-0.008863636148404066
-0.07260704957412378
-0.002568283339441533
-0.0018692474185806407
0.00019165327649635307
-0.0037464919695266545
-0.0010782768261432903
0.0007357715778218934
-0.0015985319249461642
-0.0010040383201298734
0.00044461170254472056
-0.004757766014321727
0.0016436360006045906
-0.0036334545816821733
0.0012947835413316077
0.0082420901208423
-0.06468301215407365
-0.004676077888989095
0.0022197889322114425
0.004667515459556392
-0.0009384099309267621
-0.0001675141650548573
-0.0002769802560378142
-0.0012240900515086354
0.0011446840452378861
0.0010189438240768795
0.0008026241047713231
0.0015478026683423097
-0.004150741537897848
0.0020891127285286555
0.001207429090351892
0.0012688023301918666
0.003607800394614191
-0.05386368424014313
-0.02271509581351304
0.0018476845361548575
-0.0015856673442538594
-0.005468920973258242
0.000984841288489105
0.0006320781374608864
0.0010572293723843298
-0.0015104352191153657
-0.0007610764185579584
0.00021398089223502713
-0.0006377499071544212
-0.0002573138566230698
-0.0008933840482303157
-0.003958569043248067
-0.0009447119791217444
0.0006812445910508213
0.0017633936452735182
0.05237353218268115
-0.0013215552440736728
0.004976239489444396
-0.0003977467195022724
-0.005849710938061162
0.0012320581908791255
0.00036449982347204577
0.0002288626642831696
0.0012965599442820374
0.0004483288532244293
-0.00030526073284702673
0.0004282222040077826
0.0007724264505722623
0.002252148913923272
-0.0029150986700239895
-0.0014572779931613827
0.0014167497789734941
-0.0033809832986611186
-0.027018346266387553
0.03490112698481648
0.016853030132569273
-0.00040928500988305743
0.0009502875066262164
0.0054310643272696135
-0.002574348656349323
-0.0001311066067418857
0.0004731439667855745
-0.001216453890150325
0.0006342614798465658
-0.0008523236585782549
0.0004619943808593373
0.00016895519813413812
-0.0005614177299837148
0.00017198118137202496
0.003492776949879402
0.0005217844038972225
0.002355954533415592
-0.002522223319384322
0.04264885584580041
0.0023704829195692087
0.0015217961955718074
-0.0031316505551652256
0.004371691488011389
0.0007893081670522103
-0.00023157300937464096
0.0010209586286208513
0.00022732076919565307
-0.0006204839924712865
0.00038539183896049944
0.0002824300566431183
-0.0004047365081294243
0.0003076882104949605
-0.0005942138250596067
-0.00023473874804161757
-0.00011339260410169021
0.0002342617668138492
-0.0029353096198535883
-0.0005957928987635695
-0.0016732462323283516
0.038487839598757616
0.0034869935046841056
-0.0030667792777357137
0.00028800885837662664
0.001431259706592384
0.001749392287071886
0.005276397488985794
0.0009358043430322385
-0.00041412193942457853
-0.0008707260010731315
0.0006255338507134333
0.0002614746885037295
0.0007585194535534804
0.00015507190781196387
0.0002619914710993532
0.0005157909187291299
0.0005575017551437774
-0.0003887051245118333
0.0008288589206687134
0.0024638904581218745
-0.0005794550368524967
-0.0013986671027660272
0.00045651153445365467
0.02921739976027382
-0.01964315957380121
-0.002056674938586193
0.0019664027724315566
-0.0022753255976308605
-0.0046043893544659795
0.00015674097557236396
-0.0002784144144038044
0.00016849808610414508
0.0007394341022992578
0.0005524479254659911
0.00014554908241068765
-0.0005381894803456237
0.0003467473716956161
0.00031750169213091674
0.000527578774081642
-0.00039151811922407705
0.00026457992671642634
0.0002575374928206003
0.0003964414529066488
0.0020426712403345034
-0.0012017316132116778
0.00021289432848569382
-0.0004448742876475749
-0.0004521388800839223
-0.0013145816354579137
-0.03208690835331302
-0.002522268018158134
-0.004693976047307763
-0.0019703378961146087
-0.00019868428828495932
0.00039892171136018083
-0.0001748086129263238
-0.0007429510005201555
-0.0003411073552542672
-0.00037689339270289906
0.0007201046018138143
0.0003273089368558553
-0.00015104692518024107
0.0002005636046364955
-0.0006655767374105613
0.00012129872960618225
0.0001014775839041856
-0.00032990178364018677
0.00021882001169342208
-0.00010495505015398012
0.001835447126237167
-0.0011285862680470854
-0.0015126958638055684
-0.02503952844009064
-0.015081499975439857
0.003450174280596095
0.00015029038389827455
0.004404913051254324
-0.0021285456169836685
-0.00038870260083308407
-0.00032151491138258844
-0.0002582572612913651
0.0005207620807599934
-0.0004931722373028002
0.00016937813764456293
0.0007396936952668676
0.00032882107901170373
-0.00017089205009122144
-0.0004891313657421792
-0.00024389063268043788
0.00012242859824993343
0.0001589913380557656
-0.00016871037583033647
-0.0018646900783998487
-0.00042182760356221377
-0.00014456310132255137
-0.0003472244076853207
0.00028773542131248523
-0.0030788179054476376
0.026830290815507956
-0.0014309648859587105
0.0005078134718751084
-0.0019136498079376488
0.003257016848237329
-0.0027355439546509707
0.0004078252614013955
-0.0005650692464577648
0.00012679678713835624
-0.00040632222644235806
-0.0007531219196909363
0.00017057360725805732
-0.0003939842147619454
0.0001409977948842666
0.0003506850875881172
-0.00026356455655678426
0.00011312014818893953
-0.00020975572292867593
0.00018944845722170586
-0.00031549046391187157
-0.00015566558872506597
0.0017100882685991189
-0.00022092534837990009
-0.00016791841045584924
-0.0010215992308133727
0.00022287124564402533
0.0013910852453533594
-0.0017307149376609781
0.024736253374698515
0.0019092653953051483
-0.00418113186691108
-0.00029517210794979327
-0.0005625865234728245
-0.0003107482668561411
-0.00010873609230437042
0.00039790381256654195
-0.00015808632854575895
0.0003565706092732921
0.0003690461449312918
-0.0003071330037076532
0.0006540190886624139
-0.00019516711730008243
-0.00013365649681959345
0.0003209324682337219
-0.00034613824777168995
0.00016217628833816865
-0.00013350551137340485
0.00010976334577608252
-0.0003335213099469244
-0.00015873167922248347
0.0009054737013271625
0.0012367648398535784
-0.0003649877482927027
0.00025661995975930526
-0.0014443501746808484
0.022958905250624308
-0.0007565698322384387
0.00044739222674742055
0.0010241584775086633
0.0036917617125087144
-0.0009568726122459804
-0.00017339665084143476
0.0005265880901155101
0.000199661150436825
-0.000212108267812062
0.000687327505744821
0.0001587378659126981
0.00022409832939918127
-0.0003905208832306898
0.00026326388930725215
-0.00018768729293180706
-0.00015995485375798198
-0.00024066349994085473
0.00021729678628402553
-0.00019926801334116463
-0.00012264598250116487
0.0013604475749090616
-0.00024777102849199737
0.00032267459303256837
-0.0011836563740539382
-0.02123501271841037
0.00018547029686053092
0.0011139842853684502
-0.0007222540964888875
0.003684121256912758
0.0003435904698410898
-0.00033975897508911406
-0.00031104743440952284
0.00034313170328076397
-0.00028859026114435096
-0.0006987250799240516
0.0002670177653563775
-0.00028506112465327053
-0.00017810090900184395
-0.00027099098792575415
-0.00014189522461965633
-0.0002169187586505734
0.00016636831219256557
-0.00014740549943382796
0.0011229608085706892
0.0002036495833824547
0.0005635713589425845
0.0003254442573850623
-0.00015345497191300654
-0.019331167291337322
0.003377085068591742
-0.0021967355893993974
-0.0009014096872919231
-0.0008757150911066988
-0.000590442082183181
-0.0030903478008847607
0.0013691409994290333
0.0002165004038458046
-0.00027494559355763275
0.00015761453874356713
-0.00015868316267354107
0.00014265108551835535
0.0006764388602135319
-0.00013611897571652593
-0.00010682812066651105
0.00023040636622733698
0.0001718620851065185
-0.00013380242077779063
-0.0001822447229066062
-0.0002229640746960435
0.00010092923593235053
-0.000274643397987096
-0.00017136761010064482
-0.000148993439349419
-0.0011663997859602095
0.0014488165143522536
-0.00013242659310598777
0.00296636624490969
0.01809135197188879
0.0006346368266011135
-0.001026845023509028
-0.003076733416035008
-0.00012819818151919458
0.00013780679902853689
0.0001282651061319082
-0.00017503644100458316
0.00022377588304643622
-0.00015893755718785613
-0.00035706833499562026
0.0005991449549538296
0.00017330075602881422
0.0001894966570665076
0.00024611374607815044
0.00015315259156989755
-0.00027091248503857115
0.00018184710897016862
-0.00011516715950140871
0.00021772492830131072
-0.0001522309551647578
-0.0010441015216761528
0.0003357115585830972
0.0006574463333297133
0.000514524712736099
0.017062069617614598
0.0017624609184806901
-0.00022346595505279653
-0.0025577662481680325
-0.0014221058787479749
0.0001613914121444884
-0.00020801956986708051
0.00017888837026713917
0.00021711793222919593
0.00027808694024419384
-0.00017345279826796743
0.0002762244353343233
-0.000566184749894084
0.00010269830212003792
-0.00020687009862569198
-0.0001080235477018807
-0.0001807592797301587
0.00024720807363054324
0.00010517918309492364
0.0001778029406756708
-0.00012194694814913775
-0.00011722675369301058
-0.00014600017271800925
0.000938949751109685
-0.0001268395555937522
0.0003467537976127852
-0.00018539098224246606
0.00020680898798873927
0.01604278142534262
0.00032241485833893235
0.0027125492119027634
-0.0003388240032517588
0.0003125457252875575
0.00014520727528896974
-0.00027002330355674017
0.0003157808361191734
-0.00015613617768941225
-0.0005555708815865934
-0.00017591940070651037
0.000137327687298019
-0.00017241925670766214
0.0002477075541546966
-0.00012512105137698327
-0.00011102773929153071
-0.00016577457224237075
0.00010652800529746053
0.0001828246311696501
-0.00018246785263984023
-0.0008437562422007992
-0.00025180773307951083
0.00018826372625909034
0.00010066626797144396
0.0019848586462889372
-0.0064057594008139805
-0.013442253426491855
0.00026708996126550174
0.0013523906710105928
-0.0022183382181274695
-0.00011005844134950112
-0.0003067253009294011
-0.00020518418866523742
-0.00010640128349287155
0.0005045683925229778
0.00015383462396115997
0.00012253537259552836
0.00013761735602091195
-0.00019318565620999527
-0.00024424026269444455
0.00011290307854835695
-0.00016115010709596576
0.00013831497231428606
0.000139220835466197
-0.00012051517141821202
-0.00038462213705677884
-0.0006268371751583935
0.00011476572202845459
0.0002625384826995533
-0.0001289428695244175
0.009356788661175133
0.010458539972190555
-0.0014405704170952953
0.00013566800321604725
-0.002256951115127232
-0.0008038321930985093
0.0001581347715862508
0.00011133199729616196
-0.0001771987459878842
-0.00025722999349437405
-0.0004245963016770021
0.0001238667308329265
-0.00013495689187499645
0.00019383928516023374
0.00014530888709663725
0.00024256254496753937
0.0001565496403275579
-0.0001448564482160558
0.00010772741836539449
-0.0007217674777490042
-0.00020215977109923436
-0.0004854716624411467
-0.0003395337861573941
0.01256462918956192
-0.003968184957829566
-0.0013187172002879764
0.0008320759407715553
-0.00012976020294326387
-0.0021155504875422326
-0.00018196409693924036
0.00010929794857669024
0.0004756716226081117
-0.00010799686056831981
-0.0001730676943266818
0.00013162200446208497
-0.00016591465995443908
0.0002288108743395661
-0.00016377716178137968
0.00010226181852463187
-0.00011376795467957756
-0.0001067237432121128
0.00011346192260448543
-0.0006591803292418554
0.0007353577306813266
-0.00357675381933985
-0.011871525509653197
-0.00055875742124853
0.0012742961075034123
-0.00032915708819326064
0.000291914196694576
-0.001991181301351921
-0.00013355616327923446
0.00014806075298119678
-0.00011262365469758172
-0.00014456922133898817
-0.00021202598421517853
-0.00044977044929837633
-0.00012110642817216193
0.00013539055210220398
0.00015103567577533534
0.0001507120915236765
-0.00013105372009834717
0.00011913213543969787
0.00011175947543230198
0.0005986623567743921
-0.00030414092965595676
0.0006096705998719296
-0.0036867263462509003
0.011149673010920286
-0.00019754546914139523
0.0008583053821274057
0.001878550534744269
0.0001927242271783329
-0.00022176370212654352
0.0003972229221077354
-0.00011379663000028707
0.0002054179927083381
0.00014261866735294302
0.00012141733375689612
-0.00010433716155125284
0.0005415122511057843
0.00016592268480794206
-0.00012128728027595549
0.00023881048939038328
-0.00010446665691116252
0.011129490612944982
-0.00042291725179410876
-0.001770134378245064
0.00012531099569470087
0.00015510254722847643
0.00011174525553457566
0.00010042036304804618
-0.0002252386072786887
0.0003823251467732873
-0.00010723753397227875
0.00020051863176209656
0.00010599925079801498
0.0001174509716481151
-0.00011520000229361791
0.0005240544831203468
0.0012303872678670034
-0.010465461352310563
-0.0004899593993192339
-0.0015849750302847712
-0.00041606181233211424
0.00018364573952984315
-0.00015396416486050153
0.000367812644935125
-0.00013912548806729855
0.00017307307095391913
0.0001279567893097058
-0.00020566829588939878
0.0004363205480627632
-0.00010396732993750427
-0.000413704216201419
-0.009987136413796059
-0.0001166516091924299
-0.0015323098386798113
0.00018768263204619112
0.00010503336064830805
-0.00010447322413177332
-0.00015560850045570515
0.00034032809161092125
0.00010736781135446975
-0.00011128581728484115
-0.00017454261874176995
0.00010211534123147558
0.0004480429488648873
-0.0003055973174501639
-0.00929813613641765
-0.0018343258306084754
0.0002030388510470424
0.00020186405918830606
-0.0014547592920276574
-0.00014777196270399217
-0.0001067037417707436
0.00010887419805146848
-0.00032534251593114866
-0.00011701635758557781
-0.00016945618536287995
0.00010150594344302829
-0.0004123328464138583
-0.00021772650931931893
-0.00025186329165305247
-0.009004239629379686
-0.0002742557459968439
-0.0004525120646672096
-0.00024618788894534386
0.0012833743775011058
-0.0002939806392217696
-0.000126759812225223
-0.00016112110318246164
0.00010779238034522743
-0.0003818352120878249
0.0001282903412496006
-0.008394083530989561
-0.0015778036399396412
-0.000876517285299101
-0.00015838705595761844
0.0012206086329625465
0.0001120444981348958
-0.00010397150932116945
0.00028484572324654294
0.00010687174952122456
-0.0001543805563270296
-0.00010411750329167826
0.0003529414465664345
0.00012139805544437832
0.0007795363405839081
-0.008142995242869893
-0.00021555731050071743
-0.0011427998623142308
-0.00014543044413196877
0.000275777105350481
0.00010453518043523345
0.00014875130254592668
-0.00034397479190199817
0.00016721310339655202
-0.0076753470853016615
-0.001133106899791634
0.0007489750544201468
0.00038970057345785286
-0.00015963868198638266
-0.0010697126744600995
0.00010085343157726383
-0.00024409244394770087
0.0001325218982605157
-0.00031688553122076436
0.00012112120029579488
0.007451159182183913
-0.00024684882850763406
0.00012867888579369018
0.0009970256723084343
-0.00011783532771622132
0.0002233351852810429
0.00012795188478714978
0.0002919250047680132
0.007130727034530159
0.00014138695689883737
0.0008807321426109042
-0.0002623922754781827
0.00010866934469196638
-0.00021872516241041524
-0.00010288812207754001
0.00010190899248898198
0.0002640313228463356
0.0068084137581383005
-0.00046864364227861834
-0.00011624702225634362
-0.0008609489467131331
-0.00011841872121706363
0.00020375575265275259
0.00011827832375262914
0.00025928932829013347
0.00044504852491977824
-0.006523263718824286
0.00017469666649586198
-0.00016281491964752694
0.0007874148389307511
0.00012644564448017448
0.0001946046423530499
0.00010423761434595062
0.0002459257402202448
0.00013841447947547645
-0.0002419089942657739
0.006267002003964065
-0.0002233277934509601
-0.0007245881805066913
0.0001502689055844894
-0.00023128165214107417
0.005994883433995853
0.00038183074097542045
0.0002614958804087024
0.00041069687930222153
0.00015181027308565223
-0.00013390875548696904
-0.0006580662105441524
0.00016081500590822811
0.00022668330990723433
-0.00044671203512384707
0.000678697931763041
-0.005735686318838063
0.0001964721152246626
0.0005912278343275243
0.00014813561807294946
0.00021099786147016374
0.005576745654786723
-0.0005182668936881245
0.00013168948614848352
-0.0002011435993329145
0.005366667138724073
-0.00021311678993463464
0.00020403620924176605
0.0004279080848347749
-0.00010947380591278516
-0.00018753945685423486
-0.00026515631225498056
-0.0005486043015833714
0.0003633801444278469
-0.005125237171522797
0.00030148024885339765
0.00021083302855419057
0.0002386533990532458
0.0001835669470327205
0.00016749094239001033
0.0049728169342410046
0.00045899110776005734
0.00015343485832877097
-0.00013507134082373665
-0.0001023430127766608
-0.00021651455512530782
-0.00016517318898243564
-0.00012719819857109918
-0.0008284312659979905
0.0003401269319371639
-0.004679723195544425
-0.00027305123444129034
0.0003453239915979804
-0.00033474679621860203
-0.0001814079398794502
-0.00014207134783742186
-0.00010852219235566406
0.000103344069981676
0.00011018032230165946
0.00014705425990436342
-0.00011517356883993199
0.00017781788659883242
0.00010055597260989489
0.00012153721878138443
0.00014416423311421398
-0.00029915409493263927
-0.0003432016263598054
0.00016870414708309892
-0.001514259464600056
0.0002683305035931722
-0.0005564379208979839
0.0036645813643746026
0.0014184184432486883
0.0012726034708541937
-0.0008373895466873435
-0.00017194553043966385
-0.00011646960354761684
-0.0002500373596144831
-0.00010766289543245858
-0.0004201659474691574
-0.0002593696970008781
-0.00022675016964407598
0.000142773826343152
-0.00014433134442271922
-0.0002462896852181823
-0.00012728954875985277
-0.0001710884330852212
-0.0001421270211161709
0.00010685368521817512
0.00013467089210908087
0.0001659268915612547
0.00019561713943397018
0.0002200181736935124
-0.00011573463178508368
0.00016054268864612096
0.000160388986045785
-0.00022933229258246317
-0.00015096459438848696
0.00030357751377799245
-0.0001553652915425064
0.00012526708899023297
0.0007168835203042916
0.0004602426756301193
-0.0009977649854644528
-0.00017822527274266383
-0.00047538685017306075
0.0009292989226565773
-0.000955756177869256
-0.0034030461702877664
0.0015196926387837757
0.0007803324491348519
-0.000720205345575845
0.00019813358894255935
-0.00029588609018494814
0.00018888017694229124
-0.00011554033577881915
0.00021760248759820433
-0.0006378257414842755
0.00035195491992246814
0.0001855328022162826
0.0005418772945304176
-0.0005066439580087238
0.0003106167201595725
-0.00010876385559524239
-0.0002000593549919176
-0.0002984646243304864
-0.00029906099913739324
-0.00012475424842221968
0.00011543050750721721
0.00025727804923379136
-0.0002327604904048263
-0.00015880091104483951
-0.00011080700067491509
-0.0002550036641022327
-0.0003074668678838101
-0.0002155587898609906
-0.00016797036298683236
-0.00023820980891882883
-0.00033961312081694586
0.00012959604151874092
0.0004136130559128466
-0.00020084908605305193
-0.00016170451808572992
-0.00011166353333960122
0.00016960535003160762
-0.00033263204140504467
0.00012239434913803666
0.00010486644259906959
-0.0001239630140155176
-0.0005824524100301904
-0.0002604032498849245
0.0004719205017343745
-0.00017460727759014254
0.0003307797715464553
-0.00028924498397949
0.0006932193280293668
-0.00014110999327546545
0.000356653346652808
0.0006403924576045108
0.0007368881110235209
0.0019113731357469795
0.0005623419633707426
0.00032458741735553955
0.0004699380154207607
-0.0008433264601689567
0.00034982976492484483
0.0006204777690757168
0.0009464369888323434
-0.00031608497637640324
0.0006171643325044582
0.00036981247705836505
-0.0016822932988204684
-0.0007498821222472845
-0.0014720020913519555
0.0004283547417901258
0.00016642578651980227
-0.0003635495470528919
0.0006796763934910241
0.0006187487294029129
0.0008551857752464405
-0.00020081795921546378
0.0004657180834482415
0.0006527874108868412
-0.00023821087789699903
0.0001700782143803794
0.0005827073312068933
0.00013316070150101318
0.00021089503219783604
-0.00015870304844630947
0.00025037904990533573
-0.00014273978454834007
-0.00017654172665213265
-0.00010012617752202144
-0.00045293979747807405
-0.0005860042825256405
-0.00025059503393089574
0.00010236122671786504
0.00036100357175866725
0.00012877439693006134
0.0002739761205308183
-0.00018127024645878313
-0.00012653227464026732
-0.0001644968352867003
0.00011906551192011075
-0.00015460632552150721
-0.0008077131465245546
0.00011879996666622116
-0.0005041129991668982
-0.00012213912063815057
-0.0005277451763062508
-0.00022707942606961992
0.00010007848182140871
-0.00021261575857076646
0.000631658633065989
0.0006578306511257183
-0.00025656548591703653
-0.00014841241116556435
-0.00012161601178936112
-0.00016033097953644542
0.0007532664550517505
0.0004857791784209473
-0.00027252690856571614
-0.00037941545779779666
-0.00011598497084314083
-0.00223535722064295
-0.002116028096474378
-0.00011721103105531967
0.00028565019065004586
0.0006077958719934283
0.0006503412875537494
-0.00016845919113207515
-0.0006182262035944706
0.0004805043192229811
-0.00024544177368087083
-0.0002619903932640952
0.0009005452442801886
0.00020423492820915797
0.0007529571749562454
0.00026612844029361556
0.0005645555710760649
-0.0002487683171387778
0.00030894368406109824
0.0001412300516036909
-0.0006034036849791705
0.0002347688071016789
-0.0002850960646668855
0.0002706545587934875
0.00017225306572306868
-0.0004428555011449244
0.0001464804310628618
0.00010874460910180946
-0.00030056903062772685
0.00016670378360515606
0.00013536926934510968
-0.0002544044330684024
-0.00020403099765040018
-0.00027044260943791585
-0.0004024881841823325
0.0002246309156569729
-0.00043484565457667173
0.00019454913909659736
0.00016342799975572312
0.0002241457285022467
-0.00022744972216317196
0.00031829478079693844
0.00036967232830343135
-0.0003494053118586172
0.00013663437590680864
-0.00019562294018170943
0.00016663076556994535
-0.00023467704606472016
-0.00019305098608005415
0.0007179338116993129
-0.0002472996786465059
-0.00014906429822531653
0.00012069902900744012
-0.0010405120818171587
-0.00019840866941219908
-0.00018313009318937976
0.00023292918591457949
0.00021752498541495558
0.0007507000530558252
-0.0007513544743255519
0.0001542587464597176
-0.00014274292388832566
-0.0003811662561299907
-0.0016498567859352046
0.00048052782262031043
0.0008650679917813189
-0.0013597216712423017
0.000441894729859949
0.00019883451672843863
-0.001930486408196839
-0.00021351532305172402
0.0004378444822890421
-0.00016063319679464447
-0.00041946108441940017
0.00020173583280015352
-0.0006586375791478396
0.0006695263867691176
-0.00013956944156410243
-0.00032179330447357034
0.0001190864757453089
0.0008430488376797498
0.00032549317566735636
0.00048416018868628434
-0.0003724555151233144
0.00026138384408352135
0.00015850451156956718
0.00040161590369384325
-0.00019004072092382773
0.00020054074839729344
-0.00042464453103583034
0.000102159918875687
0.0001588885515961041
-0.0003281853767177248
0.00011465369858198317
-0.00025654222446134107
0.0002150258560809637
-0.0003220839489993126
0.0001648661023091689
-0.00010306849472347276
0.00048379223180281406
0.0003202413172224836
-0.00031445456387633444
0.0001154360006757778
0.00013697688295846895
-0.00016912242484509046
0.0003145231043034707
-0.00016934744282439987
0.0006035616384742274
-0.0002343757354924579
-0.00010626804071669021
-0.00013335109900392494
0.0002526911308322169
-0.0004872644303201068
0.00055659438447807
-0.0004647887884670139
0.0006630911911253296
0.0001713673927089988
0.00021366549654757542
-0.0004267229823871917
-0.0002464530524271689
-0.00042136001824304365
0.00021827891547752227
0.0009051740852500123
-0.00043841677295121184
0.0012290532345507663
0.0012442604265744807
0.0005444579434445534
0.00023350577156906584
-0.0012422099178281284
-0.000568667957987251
-0.00010648709790369006
-0.0017062561342458804
-0.0006614991438171569
-0.0006023587423659206
0.00047508872640515253
-0.0010093104836442798
0.0006383477493498302
-0.0002901045575399453
-0.00042564351605345145
-0.0003215349578498089
-0.00016310035570717138
-0.0004712737008120925
-0.000337930293104405
0.00021603436514889735
0.000159735262048534
-0.00039251581918835654
0.0004797935283205371
0.00013708648291979874
0.00013619553054495476
0.00015004807917412007
-0.00010007018119672063
0.00036858225137145615
0.00010840608505799654
0.00029353460220552836
-0.0003245256737776026
-0.00015748670557026216
-0.00012161597738120549
0.0004552618174701599
-0.00012188771332051214
-0.00010266261252251528
0.00013709172630119529
-0.00031230407688849347
-0.00011924853536271475
-0.000322957646878961
0.0002825823594924697
0.0005113252660334675
0.0002753042503961204
-0.00022380769909697757
-0.00019170874857787993
0.00031057691115532883
-0.000670820684840624
-0.0002554014337153162
-0.00034990139122888003
-0.0001273317713985665
-0.0001522620362119078
0.0009256422395946716
0.000544511845831426
-0.00010675471864205392
0.00014880338699871119
-0.00020929103697064748
0.0010540063195149513
-0.0013703063555977767
-0.0005870626087905508
0.00024801717379973145
0.00026828679525571107
-0.0010480251419595586
-0.0008289235020473926
0.000784203665698416
-0.0002659755632954003
-0.0012159823748344775
0.0008134739052374768
0.00025268977473539054
-0.0005100280636845133
-0.0007212729829656017
-0.0008999283747805373
-0.0006496368834416023
-0.00012825598137223835
-0.00019815559414477018
-0.00030530108437581136
-0.00012738231895014605
0.0007028056939521774
-0.00028620669896211914
-0.0003198850845753171
0.0006456175718278385
-0.0003641694890096662
-0.00019291742148587105
0.0003334239766709865
-0.00020148901706057938
0.00022895692763456505
-0.000352956181024716
0.00034262758164443045
-0.00030415434696264996
-0.00035059444099863173
-0.00034293958217046153
0.0001865814452015031
-0.00011999892240581641
-0.00020566445100526226
0.0002638833015592639
-0.00023463713343520643
0.0003198885004206383
-0.000206886667006649
-0.0001656452603513286
0.00017217394925354992
0.00014991885242449774
-0.00011648043043833357
-0.00026793371847233467
-0.00012091966039063874
-0.0003554116494286133
-0.0002238054167594542
-0.0001611034363175448
0.0006578044458769506
-0.00010751819024605785
0.0001742354203626778
-0.00012671539533744755
0.0003441285482636663
0.00016135487229420036
-0.0002781966426077443
0.0012376688577014764
-0.00011928197555833694
-0.00027418216840546924
0.00020889421360510552
-0.0005048990586254288
-0.0024780618628332256
0.0003213446223471234
-0.00010679437837846477
0.0002172965700033791
-0.0005005517608574459
0.00033390905406350716
0.0006522097279698595
-0.0012510256236530333
-0.0007204392238122025
-0.00013962878235485428
-0.0002631357640425392
0.0006309506375383947
0.00024469355810163065
0.00035164987376574215
-0.00010642637271443854
-0.000232553370357509
-0.0002206081940883465
-0.0002889907031113236
0.00010228693965777047
0.00036671366036106017
0.00030763886597235947
-0.00010325203208238775
0.0001058482653211225
-0.0004228744267445157
0.00019076485428274104
-0.0001754779388026073
-0.00028297075378503684
-0.000500451490685516
-0.0001051004843625292
0.0002067112203530146
0.00023116001419024642
-0.00016202107208595788
-0.00011934863689162266
0.00020093264111575585
-0.00024851661161118856
-0.0006124299755833337
0.0003483502238839093
-0.0001721316263678693
0.00013525161011815245
-0.00022016597162811277
-0.000841314734015008
-0.00013457800542706887
0.0003159518415795053
0.0004339546759220402
-0.0006995881099415927
0.0004740218703175018
0.0013531060127978233
0.00012111245665776281
-0.0003240710596820548
-0.0004053793906636935
-0.00022632616209017882
-0.0002158346809422232
-0.0009838863042516402
-0.00016237241540294765
-0.0011211840690192347
-0.0016485523451167379
0.00010536248377904433
-0.0006845749660054955
0.00023139820466410376
-0.00014255166885363083
0.0006925543997416774
0.00104584329046891
-0.0005129868350680314
0.0005078129821323201
-0.00010508757810947355
-0.00021396801823065826
0.0002670255983404488
-0.0005581699595329297
-0.0003877896936838372
-0.0002763214829781217
-0.0001440996987875425
-0.0006419228757017862
0.00023853863531062713
0.00018658902065610486
-0.00011719283648920119
-0.00014938265110773542
-0.0005853385200768026
-0.00012981931197489295
-0.0004663424817589638
-0.0001634655387805643
-0.00012618109166391686
-0.0003262157746020893
0.0005339793391854318
-0.00011283641877024139
0.00023096192106708598
0.0002220865262541358
0.0003758544246112531
0.0002773434565092123
0.00011548801568568785
-0.000316747594200135
0.00012427532420704104
-0.00010911548586942189
-0.0012661226453868353
-0.0008398572202150641
-0.0005740383246307422
-0.00017575631885611166
-0.0002787866992300286
-0.0022466999661965
-0.0002442587415971598
0.0015285272101696193
0.0004077997132382747
0.0003807805861082592
-0.0003266926499630307
-0.00018585654953307985
0.00010114890616642244
-0.0003743172391309217
-0.00036137654961209765
0.0007930066184876065
0.0006117201601312801
0.0006191286275952251
-0.00018635178649335798
0.0005203007482982268
0.00019168956764671337
0.00013845895146443642
0.00042736506590347725
0.0003696471513748808
-0.00025636626596900415
0.0003201069201605774
-0.00010417462305078025
-0.00013582555493774908
-0.0002497837570352838
0.00013719608739590124
-0.00019880225057737147
-0.0001432345109259168
0.0002129470577692456
0.00011021142736494177
0.00018305758074428863
0.00015597209571159709
0.002478885331575085
-0.0001615046413483275
-0.0005904262685149802
-0.0002361480856767822
-0.0012277614202996295
0.0016025835351717171
0.0001065416093566405
0.00012196790828268845
0.0001308661744578692
0.00013321788471954834
0.00032559539742450506
0.00037138076745201485
0.0001504695320483455
-0.0010055902144455314
-0.0009158666713874068
0.00037683747382939064
-0.00011593488263421854
-0.00041460042951168083
0.00018050634509478384
0.0003124273401299735
-0.00032314667120634144
0.0002573887239158278
0.00026438623963699777
-0.00017130043154935313
0.00011222366081526545
0.0004614554091868547
-0.00015389725806269164
0.0002539405338780448
0.00014011177300999393
0.00014289011606732332
0.00047970572852743416
-0.0026676556138917748
0.00012239841297434032
-0.0005905316859587797
-0.0002462777383247969
0.00011692390168951628
0.00011635848336000943
-0.0005940186083362808
0.00010631948837901112
0.00012114169184582168
-0.00011489517003358722
-0.00036911909266295863
-0.00010181820165910607
0.00028288674400083163
0.00010208227653973727
0.00023467795275450344
0.00046238699673981234
-0.0008548129600189215
0.0002436018868901948
0.00013562730882712266
0.00012024488430153029
0.00010939930759784742
-0.0012982954733059843
-0.00020302386395161116
-0.0002502777358184091
0.00031863368301002974
-0.0001429400071558362
-0.0027183435625993562
-0.00010476361182709513
0.0009812953672351363
-0.00031351328413730994
-0.00010181628283656624
-0.0006699883162071991
0.00013012760434931808
-0.00022135919204630734
-0.0001037474766097399
-0.000358268189731996
0.00023981241050504738
-0.00010327430673144546
-0.00023455585418642334
-0.00013699569280143007
-0.0001520350647166174
0.00019376145979999612
0.00019937879992242542
0.00011185673090184665
-0.00012321610863665498
0.0001232042624629813
-0.00012824210093532706
-0.00013067411763350176
0.00010679239498285006
-0.00014318634956888093
-0.00011168643927363449
-0.00010570775036430359
-0.00010054121004802308
-0.00012057878155810482
0.00012930231381619295
0.000103938046694396
0.0001244204953304134
-0.0001080895302970467
0.000116001136935638
-0.000125310487269731
0.00012255524966168805
0.00013664242101676209
-0.00010390282698540675
-0.00012758549904536617
-0.0001312180202392563
-0.00012242478122612556
-0.00014889205220625537
0.00014611917131784297
-0.00012258983521402762
0.0001005280174683346
-0.00013224587515338823
0.00010204079927871134
-0.00013843188401832044
0.00012302423310402876
0.00013014634783719948
-0.00014547667949323266
0.00014658763040076997
0.00012918184559757763
-0.00010140227914946163
-0.00014809402336990208
-0.00010676005855841237
-0.00015357253396020568
0.00012603878445894821
-0.00010167482827276746
-0.00014642820058677428
0.00015231302541799833
-0.00015601785736924173
0.00012032363611054804
-0.00011170913339040974
-0.00019433718500427274
0.00012647923883896895
0.00016704821947203608
-0.0001379559259239185
-0.0001095567052857677
0.0001767653332295257
-0.0001417298210967264
-0.00010280159259689796
-0.00010447874990621916
-0.00012879770905156173
0.00019018622921884788
0.00012309220630872932
0.00010993450300746444
-0.00010603478763311324
0.00015365071503955883
-0.0001260357734499825
-0.00011040767154639892
0.00016057179964650318
0.00017108144321437103
-0.00010767629213483388
0.00018770631870811968
0.0001445220038539129
0.00012074567634308112
-0.00010384960421248998
0.00012758511158898178
-0.00017426583135856408
0.00017042497351379572
-0.00011410339963314589
0.00021223501303616602
-0.00012662802351880915
-0.00012552274037118565
0.0001070731334750714
0.00013572067440663853
0.00017921858943769758
-0.00018549719598420948
-0.0001162915862798527
0.0002717415166999173
0.00011681956713646725
-0.0002559950567508259
-0.0001253531746627193
-0.00012107366911790061
-0.0001649627904437375
0.00023752732316623717
-0.0001392935751128393
-0.00011484043583530158
0.00032900033051162797
-0.00015986850693527413
0.00043126803918509875
-0.0003868828870560272
