-0.9845586563793154
0.12150142917295294
0.08084934662450989
-0.04306583012004411
-0.04164450057645152
-0.03132728715715471
-0.005558735891356615
-0.025552380529336543
-0.028645090959689347
-0.01674711365939795
0.0017195006529348014
-0.017399416344552502
0.008630547484133971
-0.022612247275849758
0.0011400579087884025
-0.0114280607718685
0.018044282030071298
-0.0036292697133822084
-0.006428975064608473
-0.007479760274504576
-0.00689855111773311
0.008026651251728275
-0.006050399424942576
0.0016163841670181229
-0.009692435144066388
0.00765730871246036
0.002688724424103746
-0.00012103017066907064
0.0009776698972439987
0.0002911149586874382
-0.007381013094560164
-0.010363962368297702
0.0033096554661142938
0.010143248547731059
0.0004475004155107693
-0.0006959455605647747
-0.00024541031642302683
-0.0029526115990939337
-0.00019508202823077415
0.00031811536577387375
0.00017912481950752306
-0.011869622019510608
-0.008047307979894393
-0.00032422050827717264
-0.0004478245042059126
-0.0008500414638772188
-0.00046135093147312814
-0.0010162294459210614
-0.002699199742835082
-0.0007128152283865526
0.00036409039056761484
0.002654178054065451
0.010092531830908951
-0.0007169943644862913
-0.004153221824895911
-0.005020712854780805
0.000785165443548291
0.002475095822619693
-0.0002543490299213776
0.00021843112520826853
-0.0007918235224736309
-0.008370215446855924
-0.0037720684431268216
0.00018094518188759687
0.0052631749119728165
-0.0003282142454132873
0.0007110954801544274
0.000490802002779542
0.0007086099785897323
-0.0020219137698733497
-0.0002855447046410169
-0.0007438002811599587
-0.00023725110308978279
0.0005854483721064994
-0.0003501959669309065
-0.008032399226507768
-0.00045190451715346685
-0.0006704510071081748
0.0004840604552327504
0.00427263821878732
-0.0003548514033516637
-0.0002589479777611511
0.0018992085796847966
-0.00011532050754133437
-0.00011168542425907438
0.00018104014878266104
-0.0006842232794741508
-0.00010335241774560701
-0.0001648885590917418
0.0001470058692889453
-0.0005320334047187909
0.006976405071007193
0.0005746504397488211
-0.0013909042276681225
-0.000247417824092733
0.003522003488550856
-0.0002545814156941896
-0.00031068698978953
-0.0001279795666441331
0.00165981620826136
-0.00012508258523227073
-0.00016328536845415702
0.0005820054833743225
0.0001744586255171524
-0.0004907373669189969
-0.00010927752306619182
-0.0001190071995176708
-0.006335897568900591
-0.00020583007443905708
-0.0029095864635652756
0.00032612545304232807
-0.00019741225556939586
0.0004341237687694526
0.001389026403460305
0.00012231395181352823
0.00012311692616922147
0.0004911577383093205
0.00018498577545882807
-0.00015869874341671152
0.00038547297188998975
-0.00021737635562346321
0.00011308941609196863
-0.00011622956508801199
0.00564245256318065
0.00011183633130577665
0.001308165737373751
0.0020764072680201986
-0.00014120317204786482
-0.00011898043161993721
-0.00024533787989348765
0.00017483297384351086
0.00015250884693738544
-0.0012418027473236433
0.0004675455996073573
-0.00010299965690886412
0.00014241425938300677
0.0003915125154727618
-0.0001039317717987184
-0.00016534243522149945
0.0002962575640993942
0.0050432149734330545
0.00021874990324571557
0.0002028215594026742
0.0020402773740616506
0.00023137504202120458
0.000256471393141089
-0.0011098838931380538
0.00014243022368567112
-0.0003876056397879826
-0.0001375271974363588
0.00020384056151489938
-0.00029449502181356954
-0.00015842886870122956
-0.00018003716016286886
0.00011532869020049294
-0.004542937361025245
-0.0017583389814000796
-0.00013582512279586493
0.00011466898472489896
0.0009799113847150723
0.0003304594703340824
0.00012677095100727782
-0.0003266652179295159
-0.00014632629730361508
0.00017069921457668854
-0.00017562584713559485
-0.004087362653773129
-0.0004059258913850868
-0.0014869965303921163
-0.00013561205712941596
0.00010596200255226173
0.00011718219655219649
-0.0008776801136751343
-0.0002935768879533288
0.0002920313835377872
-0.0001346250913202903
0.00015667883852303122
0.00014646667569863449
0.0032254888170873035
0.0018662659169911076
0.0012796267848449075
-0.00011812503494363526
-0.0002269943546496705
0.0007570248987990519
0.00025543211853230733
0.0002704028798537469
0.00011805151237475573
0.0001458716615467229
0.0033957532730068815
-0.0010878550675802211
0.00023230016517616358
-0.00011499067940593248
0.0007056465701590135
-0.0002319791034116795
-0.00023915938005836384
0.0001110649519186739
-0.00013484050798627967
-0.0031027969217318828
-0.0009656662430027655
0.0001025939576192909
-0.0006352841499787953
0.00020077501175267066
-0.0002207066296822965
0.00011864942211672937
0.0028398321205343265
-0.0001426589585937964
-0.0008444042047229394
-0.00011114498152625588
-0.0005768431511874769
-0.0001768132296941431
-0.00020018634885393045
-0.00011322650026576294
-0.0026143023072043815
-0.0001467640319407316
-0.00024464755528064283
0.0007025353281790673
0.0005279145860977886
-0.00015680686672479009
0.0001869124826663557
-0.00010308068123731215
0.0024151878502045206
-0.0006569599055043114
0.00011418832770081933
0.0004540741438702818
0.00013203006009951236
-0.00013997755518322055
0.00011452927308868316
0.00012656374806910859
-0.0022340169102075093
0.00013276266295536178
-0.0005704619196327042
-0.00044149482061389174
0.0001261060310532071
-0.00015812144709974275
-0.0020745741936756827
-0.0005205415313753396
-0.00040700419101974455
-0.00011278618816049299
-0.00014478245045901025
-0.001929173125967436
0.00046653261762680893
-0.00037692526032713297
0.00010130741668342794
0.00013433531609907996
-0.0017990619582979048
-0.0004192577286470499
0.00034832921386558586
-0.00012569458038784028
-0.0016708097305106482
0.00017517162997583515
-0.00037794261469408733
-0.00032554414364969965
0.00011663316463178762
-0.00157465266618415
0.00034229466930732765
-0.0003022547789199168
-0.00010973904765291208
0.0014778135643856135
0.0003106021596979518
-0.0002815834233138997
-0.00010213414603377188
-0.001388512784992013
-0.0002825597585340753
0.0002626762074802495
-0.0013073512836091657
-0.0002578979237478165
0.0001004195682353747
-0.00024788369115224146
0.0012328602941632859
0.00023117329448990711
-0.00023300039955927664
0.00010592990996103637
0.0011642250246410735
-0.00021585655704914065
-0.00021888266571318846
-0.00010990828628163073
0.0011019495066408541
-0.00019926636564355095
-0.0002065602952400716
0.0010443150844923847
0.00018364742118539415
-0.00019531061813955498
0.00011626709357448321
-0.0009913967106126502
-0.0001691133820262541
0.00018303954501137522
0.0001220056292993245
-0.00094142351030391
0.00015685865295013502
0.00017503332664288874
0.0008957480544672435
0.0001453269532030693
-0.00016123189749976913
-0.00012661295861807938
0.0008526863632044542
-0.0001350055896706504
-0.00015791146368966376
-0.00012842064875467332
-0.0008129710514870394
0.00012528145887452796
0.00015008218135677005
-0.00013295480783278614
-0.0007755483316567566
0.00011723691539365302
0.0001431411997554556
-0.00010060091733749723
0.0007416763615465953
0.00010939012985675269
0.00013645501318428811
0.00013582464377564406
-0.00070768257980352
-0.00010241737748620822
0.00010266091309699863
0.0001302445568940002
-0.00013796788978876775
-0.0006789433986923115
0.00012467494607090504
-0.00010490801790834303
0.0006507422096559553
0.00011383515198634046
0.0001390494832361778
0.00010417636119315881
-0.00010692552474966329
-0.0006216893117984068
-0.00011386306079545441
-0.00013717653652163853
0.0005978540641528449
-0.000109077773376739
0.00010894135986085024
0.00014634745600886046
-0.0004858377045333049
-0.00030797222191373635
-0.00010444739729604502
-0.00011116486304068144
0.0005522800737388189
0.00014951784407225748
0.0005091096839001897
0.00015186156829943574
-0.00011039934031629234
-0.00011320638486268569
-0.00014988522221967874
-0.0005089937794951565
0.00011203404349635599
0.00011426495498016307
0.00017016130685194747
-0.00010697895456275133
0.0004426851025114772
-0.000156510912958525
0.00011916063651561718
-0.00012320924609461706
-0.0001912835841579889
0.0002206725617732593
-0.00014763495584066552
-0.00013315718066944323
-0.00011303141375249484
0.00011202541044336632
-0.00019425691250027062
0.00010525913429896846
0.0001581776265506081
0.0004372262674361015
0.00010903695229365529
0.00011972195618378872
-0.0004114990491288906
-0.00015818464935458485
0.00010794951943156501
0.00012083172529969027
-0.0003928190072050367
-0.00012663365464474265
0.00016320636839775164
0.0003447580974031757
-0.0001131824997786604
0.00012207625449181105
0.00011212486724546449
-0.00012249886975488554
0.0001661751861308199
-0.0002932563522184677
-0.00023727867086967893
-0.00012741598826375918
0.00011188959855744388
-0.00016342876514616547
-0.00011464645431644616
-0.0002914614341490613
-0.00013101960923587284
-0.00017107047771515799
-0.0001209136052123803
0.0001284714073621209
-0.000368384578271003
-0.00017235212418600704
-0.0003598792769534228
-0.00012130111295917375
0.00012978722648441366
0.00031251854310740564
0.00012149932883490073
0.0001731113860562344
0.00011675659417647312
-0.0001316792472357126
0.00033245508739565853
-0.0001780200507016439
0.00012613627636347982
0.0001341311252027713
0.00018127521473001215
-0.0001249997111031997
-0.00013645544854192515
0.00018432185903101251
0.00013073505150931807
0.0001391823607687776
-0.0001874737395075759
-0.00014891213769216278
-0.00013946782074795901
0.00018916449360170036
0.00013279910420722522
-0.00014386736685786217
-0.0001946442186993659
-0.00013815662268225427
0.00014684384644865066
0.0001980786814560093
-0.0001530639650718183
-0.00011759094337749024
-0.00020229741416138744
-0.0001413418479129221
-0.00015215734111298455
-0.00020618977260003187
-0.0001453083792151695
-0.00015537934380881248
0.00021002116137654097
-0.000148677924868901
0.00015861194101426574
-0.0002145536058939231
-0.00015420408499371903
-0.0001616549991331911
0.00021926950800402574
-0.00015201339726351125
0.00016525608278243788
-0.000224034913399849
0.00010156985830345547
-0.00015228252379152356
0.00016919340066299306
-0.0002290481715670775
0.00010481604329068315
-0.0001590211527031708
0.00017314788674922967
-0.00023486692885537342
-0.00010784662075372877
0.00016496699229523267
-0.00017763850112991565
-0.0002406397361083844
-0.00011125582190936735
-0.00018567790545353984
0.0001830603362355727
-0.0002472096915093166
0.00011521529891387321
-0.0001970426612496735
0.0001932908233475957
-0.0002827908809161637
-0.00017446536984780256
0.0002446399551243744
0.0003189732523181298
0.00025207186038564346
