-0.8910196625536212
0.28528121382086835
0.1716431302627765
0.16068566938749673
-0.04003588125751669
0.09494656270077874
0.079471904106612
0.0782968352629422
0.028495489505633343
0.0671807201794798
-0.06955918285657606
-0.045751135709449345
0.001746548671396108
-0.023398553105984887
0.05359309699107742
-0.004339723334002011
0.0026854008264324235
-0.055068800753721954
-0.05852603847410755
-0.0032284570446555415
0.0191908822087419
-0.0009207092967990517
-0.002753737712884997
-0.007760140390101016
-0.015997803382759433
0.00543141377633263
-0.019539135847498706
0.0661325958008656
-0.0003794755420632593
-0.0006915923859397616
-0.0005535875060215317
-0.0021016894925443533
-0.0002372713014942698
0.005442480259744363
-0.007433440402562076
0.06232062437967574
0.0017856622019018218
0.00061297667865777
-0.0020687972740068205
0.00044634475648027474
0.0020881386325633006
0.00034625409270219406
0.00971038435108716
0.0055903919203927465
-0.004753470667954896
0.05362503921598627
0.0011360710832863793
0.005336016381050588
-0.0004926453774350523
-0.002411566704176764
-0.0032769023160450273
-0.0004001090116065576
-0.000665280520082831
0.00048080735450368523
-0.009222159670853235
-0.0009940646370623963
0.014572312829819961
0.0450597565703873
-0.00207151958648338
-0.0005463954030245425
-0.000947435284131154
0.00010405792656882142
0.00416439074390236
0.000599241864541724
0.0005291044972322572
-0.0004767424191850328
-0.00018089647326940356
-0.00030645773600831565
-0.008258895644349555
-0.0034265753391254966
0.0010470870978115598
0.04043951461000609
0.007208758961099363
-0.0038299900962745015
0.0015402141182596389
0.0036485528135966647
0.0022846087576663776
-0.000980713698372739
-0.000163772828984692
0.0005614502604871382
0.0002618511316026785
-0.00036036308192833005
0.000465482374824176
-0.0005230628124616506
-0.000811147818613334
0.007312531073527886
-0.002289931942772595
-0.0003882944823395966
0.0031188150940448223
0.035775217176051706
-0.004802383840446691
0.0008624966438101522
-0.0009140189398723971
0.003636614241436023
0.0026355295744045245
-0.00021034076763601893
0.0004649905589102945
-0.0005958584160364487
-0.0004355868048295199
-0.00010770496616477381
-0.0002523719600356839
-0.001008830053640493
0.005656792026093513
0.0038363638457524518
0.0007997959938436321
0.03185229062492696
-0.0005505606350354143
-0.0011510056454282136
-0.0015861557932512747
0.0016525944903652246
0.00018400989886448583
-0.0038975311035469584
-0.0011449664682439795
-0.0003865515907068003
0.00026245352386315425
0.00027197219298804226
-0.00022154834024991598
0.0003916527483814308
0.00020433638786580962
0.00019603845796013904
0.00045357968557578583
-0.0003312388188613866
-0.006220893282007131
-0.0010220240731782615
0.0012000094749581864
-0.02796831876985126
-0.0036393859036803066
-0.0014314363138430415
0.001045859178048142
0.003775719728249479
0.00011109175493678957
-0.00026649099559157194
0.0005547884821103708
-0.000317741567517643
0.00036524227229100674
0.00030649868201814237
0.00032572671911856594
-0.000387309698502103
0.005637318479961923
-0.00020160799905007625
0.007439495605889528
-0.008819768856075045
-0.02230281864291394
-0.0013433806813508327
0.00053971143557256
-0.00012810250907730557
-0.0037156636868720724
-0.00014909648804968705
0.0003434191501297403
-0.0004840240219973321
-0.0003203380691273992
-0.00018602726391071778
0.00043059482368631736
0.00040681296654673
0.00012659581280064774
0.00020172916344649445
-0.005052942631275565
-0.0015082537658641522
-0.022346776209339756
-0.001949806682558347
-0.00013071886044332156
-0.0003826835135040831
0.0009053388443629811
-0.00339850818394507
0.0006257342538790371
-0.0003606273565666076
-0.00029608649422446906
0.0003593845066887947
-0.0006362210046763214
0.0002436811695117648
0.0001028872829655817
0.00011943661042504753
0.00028379103646442456
0.00022017836816503065
-0.0025615800369930457
0.003631147340713163
0.001288876898145998
0.00024922562214698226
0.02012827841988069
-0.0013843577024459821
0.0007057570368338091
-0.0005055147090252954
-0.0007836369651026095
-0.0008845410052193115
0.003031320110252102
-0.0002546171340379301
-0.00010225707975677167
0.00017354961047324276
-0.00017792390696306923
-0.0002613726179699221
0.0006698350692529341
-0.00010836652126405992
0.00011696552386444744
0.00013677356065586548
-0.00012028913710386284
-0.00011051959140581198
-0.0001327274180074592
0.0032102718242435413
-0.00253888814443577
0.00072642193688797
-0.0001453681685563129
0.0016194084173100163
0.018153130060617938
-0.000778639112428205
0.00023747948465517796
0.0001186728227355144
0.0009112643060107428
-0.0025278452931949617
-0.0012987445901744149
0.00016435219393774224
0.00010534338635142772
0.00030254161847311997
0.0002018870233671095
0.00036919803657724384
-0.0005890598894978863
0.00029566032800259096
-0.00013956926611872656
-0.00037111643868306215
0.00019267008278888876
-0.0037413608121698704
0.01646940557970229
0.0005855533902663129
0.0011232367074364023
0.0007828655419228444
0.0007645807369557809
-0.0016221996030837042
0.0021467290694802037
0.00017944548348576268
0.00022486432338468602
0.0002150370521923757
0.0001565397127174655
0.0002676638945582347
0.0006065943986080743
0.00010312498913337503
0.00017701155618531067
0.0006788890227151622
-0.0022241308224676807
0.002531176395949933
0.014510056330460352
-0.003966973861767523
-0.00043285696039728293
-0.0006180857427916396
0.0005278864920437983
0.0004166346465420045
-0.002425185009658115
-0.00020772371947966206
-0.00018163769316043336
-0.0001024390797485229
-0.00023520981867574704
0.00025066802941548866
0.0005829356933476876
-0.00016978393109597691
0.0001121542750596846
0.0001439596631999199
-0.0001583407167348891
-0.0001257392117965811
0.00015858215603461263
-0.0031314663523372734
0.0012777807527378008
-0.01193986562393272
0.006370126709941574
-0.001479764845798596
0.0015873289686440233
0.0003693800994399081
-0.0008893980345070637
-0.0005750704065010431
-0.001998290794879995
-0.0003949301992452104
0.00024268933724655765
-0.00029503194042041576
-0.0005333085218896992
0.00012344155741061784
0.0001289942917034821
-0.0001009329524355106
-0.00020225389881140272
0.0004883225814613532
-0.001130063074792297
-0.0025614285042236972
-0.0004043996190422763
-0.0004818752450131383
0.012569689633708955
0.0010475319623607627
-0.00043225958700471946
-0.00015402246743326047
-0.0001623461568498715
-0.0020918903524611713
-0.00015371079356866533
-0.00018612992346841203
-0.00016268793841299386
-0.0005682455977615023
0.00014383686747180424
-0.00014229398936612574
-0.00016890338411298247
-0.00016839121505045847
-0.0001002418162776888
-0.001818535594774654
-0.0018583889084112998
-0.00031881640643411095
0.011614755003950122
0.0002798057480655422
-0.00015443235275337672
0.00028026758635841105
-0.0018919921450567612
-0.0004444654506972777
-0.000173317169991594
-0.00019177441339556677
0.00012707205568195332
-0.000547225385208284
-0.0002398595210879362
-0.00016797622300677873
0.002388358387092092
-0.0007918013692396401
0.01068359304098763
-0.0005275802209059815
-0.0003399825000904924
0.00012619413014742454
-0.00011936612015358058
0.0006487388823346716
0.0016805518164825278
0.0005271823832970635
0.00010714867392697964
0.00024147267329987102
0.0021730356769859103
-0.00033329647373428635
-0.009837581660481777
-0.0013285206728838783
-0.0003834095546006799
-0.0005622856572597898
0.0015307502637393856
0.00011566576512000187
-0.0003481266047108193
-0.00011827422190055812
-0.00010241133042385671
0.00020872116072520637
-0.0004703908630348621
-0.00012727322559741354
-0.00012358503854316064
0.0002032735152183273
0.001947355309404451
-0.000525888410582759
0.00018371685786414962
-0.0007752286130966342
0.0007921087391719772
-0.009134450380395316
-0.0008019160858654076
-0.00019646159048592607
-0.0014434289620891283
-0.00018383643798705582
0.0001349009081778758
0.00010444345706236078
-0.00016782754754853733
0.00011504117711382056
0.00016083799067072614
-0.00014138018373729787
-0.00039879101914731515
0.00024500905255168487
-0.00010726420850334687
0.00021632649492525922
0.0014475965503174483
0.0011661570414766968
-0.0008134950092635542
-0.0029642020959639247
-0.000914782127031462
-0.00797647743364949
-0.0009503844625758522
0.0009706501433170944
-0.00012756629341726232
-0.00015209571494620268
-0.00013445496753965142
0.0003761006716617857
-0.00015342758816319516
-0.0001306884963332676
-0.00020520806537413776
0.0001043709882822003
0.001646144851985057
0.0004795300891619828
-0.0001355763419217831
0.008016639761930577
0.00015004118684714546
-0.0002946155654272885
0.00014549613187851142
0.001256278541008364
0.00017899655947661042
-0.0003889328601272677
0.00010741804048476171
-0.00019845172716606783
0.00011118157806432313
0.00014361746305488593
0.00021614940363111685
-0.0008623515959101744
-0.0013015939276317813
0.00014273348877610586
-0.0002805982626637398
0.0074960733389796115
0.00020763061586795607
0.00012821620402199448
0.00022374137186095862
-0.00015591955136990885
-0.001140857961667144
-0.00012522579077922912
-0.00036658461533498906
0.00010087048219239029
-0.00017826010410240215
-0.0001224354228208783
0.0007927516443873061
0.0012254528963388698
0.00686349665734104
-0.001535419942881012
0.00012598258126954144
0.00024337117569465437
0.0002935156055191515
-0.001033277943989815
-0.00013508564969986198
-0.0003386833374331823
0.00018495746844350078
-0.00010513623631343574
-0.00015901435726407284
-0.001347352332596617
0.00019478596147812604
-0.00010110619037820993
-0.006602484877476233
0.0001378022943066634
0.0002964512448077827
-0.0001667704064504421
0.0009506238260858224
-0.00014936091947843688
0.00010256261491033825
-0.0003152312199939292
-0.0001763367495608872
-0.0001055278264537802
-0.00011005261882627197
0.0012575641934161872
0.006204272196533985
0.0004520860757628166
-0.0001319908132679804
-0.00018319387060801903
-0.0008734192792540619
-0.00018050443717395687
-0.00013845787994380126
-0.0001179114996593013
-0.0002849640726389735
0.00016871278672682304
-0.0011763639186212448
-0.0028364561737170744
-0.005092125875800678
-0.0006599388652014879
-0.00011627596892486528
0.0008291752964582707
-0.00010254723852772522
0.00011966071525350631
0.0002720531167592946
-0.00015761331781844598
-0.0010954410857269353
0.005538726340308052
-0.0001383092811030188
-0.0007637874584421386
-0.00014386842528345858
0.0002538924247854988
0.0001601965630661909
-0.0010114800603941616
0.00023607880410079834
-0.005225318774629271
-0.00035234123382362154
0.0006125119640111827
-0.0003617869291541708
-0.000155620376548821
-0.00019535186728106047
-0.00014629511482364995
0.00013292603579702437
-0.0008544112005946535
0.00041041911170423985
-0.004952054559565902
0.0003445731625556528
0.00010711955777821625
0.00011984799116438844
0.0006608881756250849
-0.00011972015320289696
0.0002240002923664954
-0.00012910680597879088
0.0008822157991954465
-0.00010596176641927903
0.00045401889179487047
0.001202774541401519
-0.004517875089353559
-0.0003596292941053516
0.00016037775998190552
0.000114096404739972
-0.0005928032227758714
-0.0001357087129189813
0.0002101986778986727
0.00012565110218429684
-0.0008300099128738306
-0.004471254304540309
-0.00012681389934995606
0.0001576836845826619
-0.0005617908727506502
0.00013348206375317305
-0.00019936278619132414
-0.00011585883605788044
-0.0007775873827404464
0.004252858505635095
0.00020340843033161407
-0.0005282886698241071
0.00013162361124281795
-0.00017007253492325785
0.00010934378206380296
-0.0007272649989606842
0.00396005905424611
-0.0008707720973579361
0.00012162167726294994
-0.00048822153743220003
-0.00013575706886246802
-0.00016997501049779065
-0.00010564003210209301
-0.000684323802753976
0.00012714090047304295
0.0037876406940767896
0.0007692741009023966
0.00045609858581609203
-0.00010854316355219815
-0.00016100307557302858
-0.0006406583036037077
0.0012977992286827627
0.0034578718367385907
-0.00042577817404760687
-0.00012988223121612781
0.00015080046049374243
-0.00010967734127133801
-0.0006058279329477565
0.003518824957579217
-0.0002447955100361054
0.00010578685490602203
0.00039557736847773187
0.00013011622376429488
0.0001411571647613868
0.0005733915876326298
0.0033755281607692404
-0.00036522678658719676
0.00011716305872981814
-0.00013523082085890422
-0.00054233344237861
-0.0001783903960734641
-0.003229513999568564
0.0003371081241853475
-0.0001164674790721828
0.0001258599636631212
0.0001085107691160534
-0.0005141206163797314
0.0031002204347783165
-0.0003103320034068864
0.00011641758483287789
0.00011671911058307299
-0.0004886763632261429
-0.002870613364954217
0.00048781899556866044
0.0005763099926156628
-0.00020534413066923646
0.0002743682804503605
-0.000113719070862014
-0.00010461181925813341
-0.00010929372620552173
0.00046370762263793573
-0.002848408327413026
-0.0002436381103167876
-0.0002585121036351569
-0.00011319283544636416
0.0001002598599160118
0.00011631542875252272
0.00044402706583352374
0.002737073516808503
-0.00023539614591299373
-0.00022893657399962976
-0.00011143925264548385
-0.000420889375963192
-0.00015647464497815805
0.00021349497771598158
-0.002624726510048019
0.00012132988096945447
-0.00013815382590620371
-0.00019281470676385968
0.00011028993787262377
-0.00013083201986765597
0.0003824162664891807
-0.0025360286872245117
0.00018176509232833437
-0.00014463023832141862
-0.00011448272925270605
0.00010594517026979729
-0.00014444929302654365
-0.000421567807386705
0.00031651812706866327
-0.0020473857867364382
-0.0012479044555045223
0.00026732280122984274
-0.00013921812255017087
0.00011796578115174049
0.00030064488921119543
0.001069039113805688
0.0002466438094814045
-0.001536444993252874
-0.0013398127588205436
-0.00018906131831778895
-0.0002080998414932407
-0.00019002504410774426
-0.00010683246849851724
-0.00016500294469123526
0.00010098240357763316
-0.00016100368412857332
0.00024705612832166655
0.00018115958586865358
-0.0007320239636807142
0.0002907652221276597
0.00011705545957113741
0.0006059946328127113
0.0010502043467309557
0.00027074691541090977
-0.0016441282450017762
-0.00014979483036463236
-0.00037439229264242324
0.00016378346190727496
0.00024326521445355506
0.0001479327059274178
-0.0001313680501564219
0.00011076666252542892
0.0003008316753502956
-0.0001271069754926573
-0.00016696881107417858
-0.0002226685690894746
-0.0001386847595434861
0.0001254565612446299
-0.00011921320885100628
-0.00012768149809660605
-0.0002738652185767134
-0.0001398311298471648
-0.00015917321679774783
-0.00015663424087072346
0.00023426647259308924
-0.00026742681295688386
-0.00030789573489843744
-0.00012145964888817646
0.00014221551744899967
0.00015744335669254402
-0.00032190466202312374
-0.0002005442203218807
0.00012645027523620027
-0.00027505881598057343
-0.00023591684834147817
0.0006239942795014717
0.00012460030327675461
-0.0007292234849622895
0.0008128241256228226
-0.00015799387371446025
0.0001935532405198515
-0.00041393585195259174
0.000613283257837306
0.0003754665882420904
-0.0002563091036201413
0.00020600928828300782
-0.00017390447086530772
0.0007539168911262318
0.00019336456813224808
-0.000498416818114727
0.00023034445043440524
0.0002907812677560113
0.00028195278101031607
-0.0005207675421524306
0.00010610140018150888
0.0001258656768252536
-0.00022006038668551684
-0.00022532142078230376
-0.00020646066011304335
-0.0002434182891535762
-0.00011613950360937941
-0.00021132973029503932
-0.0001736370078093453
-0.0002587738781101501
0.00021942016490638427
-0.00010616931834687682
-0.0001144511724010923
0.00012566498999973643
-0.00010160215008593879
0.0001506838982229807
0.00037800682683859814
0.0003121217393377043
-0.00019113455791235345
-0.0004616166519594954
-0.00010704326938003314
-0.00012926286814111222
-0.0002546686508431208
-0.0002249079582331689
0.00022755247668470015
0.0001391410024439355
0.00011099900796426895
-0.00014058705643615925
0.00011019412593814986
0.00023610552020562295
0.00023318722035182407
0.0009694969438543171
0.0011419740829103752
0.0006236841758210126
0.00036460892738811567
-0.00016324525861518505
-0.00021169399082386113
-0.0002485352016455226
-0.00015877221202238238
-0.00019620474861163393
-0.0001715022881528404
-0.00026715817264242643
-0.0001405331349749731
0.00020500265983446831
0.00010292860362488039
-0.00012863648259339705
0.00043769363527068866
-0.00024331529561151156
-0.00025924303225727935
0.0002286888409734546
0.0001863549814222744
0.00014300313791959057
0.00021824180330149074
-0.0001283456502865939
-0.0001085475121174865
-0.00014189781923561109
0.00014100342995195713
-0.00014516769458597874
0.0002513412575227154
0.0002228123101853346
0.0001925544244884936
-0.00012018716547947754
0.00020044103655279363
0.0003634497633735524
-0.00011315211342727562
-0.000563462998814782
0.00018938957833415895
-0.00010843759994688086
0.0005301517182624278
0.0004166010252987328
0.0001343160833161571
-0.0010125210225914707
-0.000711965615659033
-0.0003875822284472712
0.00030701883706866053
0.0007734181490705704
-0.00024315944226022812
-0.00012522727666782564
0.00020752804688630157
0.00015137371565865262
0.00031916292054526773
-0.00024361654022321652
-0.0001555095596956544
0.00036532547089233376
-0.00014332336559687888
-0.0001937072472593514
0.00014622697378786591
0.0001537616441767326
0.00021246636245245292
-0.00022155257146316617
-0.00015964635594419116
0.00010727252239221972
-0.00022635903842146683
-0.00012851252691089171
0.0001393461129955544
0.00015368324895898702
-0.00017879702715584622
0.00010540025224207628
0.00021994036697331
-0.0001745795115680712
-0.00010872473334886332
-0.0001564479015370278
-0.00010001216414742481
-0.0002880407041449414
0.00014502088360197484
0.00012093095387180736
0.0001317747736916463
0.00012806426241149574
-0.0003618045272053633
0.00019024158228550547
0.0001926177124239773
-0.00021796287624952887
0.00018860544793012835
0.000171373856220407
-0.0002034797843813799
-0.00011782939410011776
-0.0002165217075356486
0.00028805225739916753
-0.0009791524099030877
-0.00010865408547088306
-0.0004625981122834559
0.0005938542721541807
-0.00038357261002300107
-0.0005049203556982204
0.00024830831794952053
0.00040517121839739697
-0.0004223957447196027
-0.0004516912699058309
-0.00031813513644243953
-0.000542783536828496
-0.0002392388732280668
0.00019155257395625302
0.00011902139576413968
-0.00014689317550728591
-0.0002553336307433438
0.00018241076741245998
0.0001739003162113294
-0.00023086966313359966
-0.00019083645773825277
-0.00016988434307797163
-0.0001626978915459849
-0.0001076445476988779
-0.000151945865759004
0.00025756660551633817
0.0001243807692693532
0.00017969322438300944
-0.00012566319270052636
0.00010068311836977095
0.0001571180116506114
0.0001479784972449955
0.0001846308002197038
0.00038755764417192117
-0.0001505764311238663
-0.00015741918871044978
0.0003773148667545741
-0.0005380526060990655
0.0005386926657027039
-0.00022666527618582996
-0.000824699905471901
-0.00029025673203476334
-0.0005864142508756058
-0.0003372998258953961
0.0005680966259242502
-0.00012530481957416138
0.00021736305036058415
-0.00025920709139976483
0.0005500851402849334
-0.0002303195999653105
-0.00025448837965800884
0.00010184967415374718
-0.00010453774925149844
-0.00023385372881245956
-0.0004626099508768027
0.00028085360347412404
-0.00020690123359405242
0.00012619904626700096
-0.00029121529855973433
-0.00010171837823082678
-0.00011161901626502453
-0.00019858224165234225
0.0001295970791760598
-0.00011383098326674283
0.00015860062955929354
-0.0001056099451466575
-0.00014739545790239448
0.00019414212767680206
0.00016214452285737946
0.00018908467495474255
0.00010882646229582992
0.00012412602709749583
0.00023024105653032253
-0.0008614100019820838
0.001306257176502328
0.00020806134408669588
-0.00010081785738375296
-0.0002956540063840817
0.00048248483473820476
0.00019992363100111571
0.00013451229320380172
0.00031321197443994733
-0.00011123592466429647
-0.00018601089042207235
0.0001347528106816481
-0.0001028508067953672
-0.00013091578112683466
-0.00016210007255946062
0.00014971120644778315
-0.00014758920369061285
0.00018774630107075942
0.0001547209100737988
0.00018780202160337785
-0.00012734947742917084
-0.00011211195494384267
-0.00016018919443161258
-0.0003351513995377434
0.0003597652458108828
0.0004687206068896602
0.00014318437456284876
0.00033679508716608607
-0.0002910859786454523
-0.00025537639976584237
0.0005690286057804732
-0.00027190183377928055
-0.00026511173153969086
0.00036253623553564784
-0.000294148559806764
-0.00011741091703078597
-0.0010612592160008359
0.0002920388771753977
0.00018680185423696402
0.00013232989256358886
0.00018940502992275787
-0.00011292988884432169
0.0005526474734852452
-0.00010925546542548461
-0.00018026005763195537
-0.0001904395279901089
0.00017828055090176445
0.00014841059420274286
0.0003256108400235449
0.0001805167014777931
0.0001464712238118879
-0.0003134716074404927
-0.0002625875476282912
-0.0001498066499959017
-0.00014406623089346297
-0.00027622342242670806
-0.00017876490851250837
0.00014393735024874655
0.00010732105971051985
-0.00010816528476621508
0.0001755986815931075
-0.0003178219642507309
0.0008806346157489097
-0.0002786436716568096
-0.0007683774234980562
-0.0010319652153288237
-0.00019016980256852448
0.0001162205840422787
0.0003556390799801838
0.00015097780120991818
0.0005400502714747827
0.00016168737000928904
0.00010783983060850888
-0.0001976558584250787
0.00013057120346629382
-0.00011088804248012974
0.00011942791571566112
-0.00017358928918804464
-0.00011297079578271666
0.0012219695255862675
0.0005939660411426841
-0.000396334794015838
0.00027383657842787495
0.00019458906101501455
0.0004418173391954469
-0.0005219933323352295
-0.00012161985548847173
0.00027769395510619907
0.0005320129926372518
0.0002294428215189485
-0.00024312545444328044
-0.00012851025137433685
-0.0002482314306233355
0.00010138774562317755
-0.00014291301845252037
-0.0001930550728763356
-0.0002184434409698917
-0.001275661406122357
0.00033375380777029044
-0.00010692351947762503
0.00017512369109840787
-0.00016441048232195557
-0.0002191931161933274
-0.00010930380152103935
-0.00012558928185858138
-0.00020299977601352719
0.0002823021156102336
0.0002985885020704975
-0.00020637033454006364
0.00011086425058009601
0.0001312870405897575
0.000640973339557946
0.0001257524420087171
-0.00010952272400180087
-0.00019367566646483593
0.0013199964203835196
0.00047496519412672776
-0.00029123803739970907
0.00012183510248945283
0.00013244676710852176
-0.0002059647095300044
0.00010448520026639778
0.00013484753995064914
0.000174049495437049
-0.00010852531772747539
-0.00010740627722019266
0.00010158761283219919
0.00018712962165691127
-0.00010204379946285853
0.00011722014429702808
0.00014508727171718826
0.0001916511167062219
0.00013787999764477575
0.00014056878622366862
0.0001911457374422021
0.00011029898394347248
-0.00010295750074319014
-0.0001521193125848809
-0.0001798708298700815
-0.00011033313126181178
0.00012791718252061547
0.00014076572441711058
-0.00020767391135577317
-0.00015755398915809167
-0.00015615256881107965
-0.00021070549409797878
-0.0001236868649130149
-0.00012990721706067042
-0.0001433918448426334
0.00021755242429422232
-0.00012158891440267537
0.000134226559972039
0.0001690330122957936
-0.0002152910020486984
0.00012595057901832718
0.00013486610925719824
-0.00017336843625790287
0.00023481450678120765
-0.00010955349449111932
-0.00015021452513048036
-0.00018129061974354006
-0.00024165507131071684
-0.00011060682524384078
-0.0001854769138786715
-0.00017736046493649392
-0.00024966164769509356
-0.00016042495029946235
-0.00013490302077815626
-0.00018336946687773345
0.00022698905780076784
0.00015433791446840028
-0.00013821017015741747
-0.0001962056925321111
-0.0002646282438349012
0.00017219589772507127
0.00013367819104323535
0.00020024582423509887
-0.0002712730704046874
0.00012778560617898455
0.00021410987761007408
0.0002092244300310788
0.00029305837674720983
0.00011165580422154927
0.0002485941729886618
-0.00017669088092258015
0.00010436810026234148
0.00025029006592029506
-0.00022137004313128696
-0.0001184599214155479
0.00035877918051583144
0.0004204771091586353
-0.0003545439357327738
