-0.8986179550149628
0.1364470909512618
-0.2924037261421836
-0.1879544543984799
0.05426800568587554
0.12350323562208859
-0.09058216627742101
0.029852648345214613
-0.07086439015740352
-0.029489598000900553
0.05624188897435303
0.008215515157283504
0.032730959677697985
0.030990386859389304
0.033595358970502955
0.042169605205170504
0.009332809206554707
0.028031579565060135
0.010908494996473887
0.004526103103669704
0.016197938865327756
-0.04166158706733883
-0.013924919816613623
-0.0036269061824997476
-0.003362475814850686
0.021018293085801665
0.0007936534277452583
-0.00920355760648323
0.03644477036497337
-0.012946332398267884
-0.0014411763874331049
-0.0007536859884230611
0.001681513459775661
-0.0038802418906003023
0.027961640582015446
-0.02390057036726646
0.0006167583753935625
0.005201149182852621
0.010709624076139599
0.0006367293538655337
0.0003053288148951514
-0.0010089041410781129
-0.002024264112404381
-0.0017049288358117981
-0.0017504154842232303
-0.028052760245435467
-0.01405832394736202
-0.0023325440348067293
-0.0021364558938495
0.0010397110871593882
-0.010833749463233889
0.0015490587964459674
-0.0009329454200921787
-0.0007975517868054995
0.0019378777346251374
0.00013413317519350522
0.0002811787115946508
-0.0033780602370972026
0.0015483928088708737
-0.02647279698079025
-0.0005272956824424203
0.0014495872664850647
0.00024574030382655884
0.010563646716056486
-0.0006432224152820626
-0.00019574491303982569
-0.0012194061829678563
-0.00014926185950372314
-0.0013773154809654181
0.0005231284892702014
0.0016976395395709746
-0.0021184379568148764
-0.0020337184066371696
-0.0020622259059133894
-0.022224138461816017
-0.0002609484466407845
0.007702619291540608
0.0030756864270196243
0.003932273887054633
-0.004795809853522745
-0.0011692676525923724
-0.0009368722694008666
0.00020161164383800147
0.001046950500544223
-0.0021741642168523648
-0.00035707549215186185
0.000964110435750143
0.0003927344674391717
0.0012321312363009452
0.00014492245982460755
-0.018988850590679923
0.00033094400647821847
0.006748208313785832
0.0029810582400012385
-0.0009389614581158722
-0.0005032504658131283
0.0064176523414190695
-0.00022412504813534484
0.0010307071521387175
-0.00013737393823926359
0.0006293078921453528
-0.0010301941713299818
0.0018308071362298502
-0.0004117767674759914
0.00014425462468529372
-0.0003903349687820092
0.00012756872377838046
-0.016234148322547923
0.0010138339948863237
0.0006675919879296889
-0.0003406252387188748
-0.0067510195500776
-0.0007326679056266104
0.0009726187201467882
0.002139739248371447
-0.005635998423038111
0.00023259247206714598
0.00095200500030262
-0.0006044564954467973
-0.0007455219635466268
-0.0017925287321530123
-0.00034485323951192527
-0.0002351378870847815
0.0006072850758032277
0.000429282407946378
-0.0007789130462737563
0.0007832731078888243
0.003173756334222674
-0.013600657919974314
0.0023406820011133297
0.005760414239779613
-0.00040839958379735593
0.0011207775152850138
0.0004209107701712594
0.00015251839191725457
-0.003845252067827518
-0.0017303502965955763
-0.0035483334043829827
-0.0015248376731383086
-0.0011434586809553346
-0.001396041150837477
-0.00011466815872684668
-0.0005358139414114099
-0.0004456852871937702
-0.00020869277513164874
-0.00016599754259231567
0.0013902947534449159
-0.0005127335301201109
0.0011810607050106129
-0.011998872368861121
-0.00056501850421681
0.0005150524415384977
0.005401681468375737
-0.0018824836628792711
0.00020536316485347917
0.00024047747403709035
-0.0008474842100885104
0.0024021604216157362
-0.0001117296108387575
-0.004073221448204748
0.0027104742933136278
0.0005099698881441328
-0.0007776484033489817
0.00034138135027967183
0.0005109880411222944
0.00043659959424503683
0.00010623437288304786
-0.0005719972767640894
0.00017803763728478647
0.0008155649723223992
-0.0006613685826325827
0.0007546547579991304
0.0031259018933737885
-0.010020666368165678
0.0005936994955630372
0.00527999778638074
-0.00012309838192737707
0.0004017971001008187
-0.0003445557010988554
-0.0017135109711777096
0.0008655762554710131
0.0007002109520779897
-0.00027430461420357484
-0.0006333445054090608
0.00444892948851439
-0.001472685274930282
0.0009139656033490891
-0.00012574176598803853
0.000974388757149332
-0.00014137622661334812
-0.0002315283405204932
0.0002025054241641678
0.0019904170014429694
0.009021515379350266
-0.0003128798176448443
-0.0005026939246068173
0.004841727063739089
-0.0002722362137740004
0.0003859198502056079
-0.0001740353888890048
0.0006196870218708338
-0.0005724506791772993
-0.0014594786479657006
-0.00020288192969100316
-0.0007829418886251432
0.0005696329303595947
-0.0004414942685472869
-0.004417100627719324
-0.00028017510263378994
-0.00013791855789835303
-0.0002183008787872056
-0.0002192353173367577
0.00044756184149193323
-0.000788430143659908
-0.00034241665558474026
-0.00039373651543766726
-0.00010329446115560661
-0.00022635766112357285
0.008131845395870876
0.00028083163678531485
-0.0005864382368001017
-0.004471353074468073
-0.0003471902266405596
-0.0004501799528052833
-0.00010201198277990244
0.0014069634268125254
-0.00018052222519480312
-0.0008179870940857084
-0.0003469306716789302
0.0005412127305241994
0.00036527368973577283
-0.003406702545791393
-0.002264785881452569
0.00014069578134038782
0.0006122533161909072
-0.0004301617326759077
-0.000719849637852534
0.00011965490796063496
0.00023424866461126698
0.000623949947412303
0.0012105096144450472
0.007087986926823749
-0.0041931549629595655
-0.00045257747123291517
-0.00017899075547676688
0.0002716995332077815
0.0012181425547793296
-0.00011989576604422145
0.0008116087727045054
-0.00017635415510108108
0.0005651471432923465
-0.00045451088885084333
0.0032465965668192287
0.0020375912035327844
0.0007508981443671911
0.00021538502161970856
0.0002510665509012744
0.0002446786280418265
-0.00015237563006647027
0.00025888925348240346
-0.00013685958500269613
-0.00021519665988142177
-0.0006148565255584282
-0.006373322414662518
0.00043433999324272884
0.003858629925492287
0.000531404520386206
0.0003669510362784379
-0.0001830908004821129
-0.00017086000876239503
-0.001087378979470942
-0.00021031162375763926
0.0007534417704141191
-0.00041283742068861105
0.00048744882930805346
-0.0012542629521171546
0.003117031480028837
-0.00102856850445541
-0.0009816325762332884
-0.00042986333218865885
0.00011730566434617845
0.00021972016353426338
-0.0001768898724291176
0.0004844425326463691
0.00016444467399728997
-0.005716814125138026
0.00030687742361966495
0.002294159566692372
0.002809580038755956
0.0003027563071595333
0.00013252928886958875
0.000173462466011393
-0.000998554385658832
-0.0007860823547246194
0.00017601889722353227
-0.00020982738910358602
0.0007250836942878687
-0.0003862203969563574
0.0003478458987069866
-0.0008277785649291237
0.003119287065536829
0.0007465645182282666
0.00038773998818769997
-0.00016314931436225145
0.0004298748629070095
0.00015852184339276926
-0.00022581739543374227
-0.00020639779691054313
-0.00020645844343392662
-0.0004252993372361615
-0.0049441182360690375
-0.0012849510283236033
-0.0002562903278463183
-0.00340322413036206
-0.0009209546523251731
-0.00015947829031678055
0.00020390593115950458
0.0006961315859024462
-0.00016491452143516658
0.0006199960449032646
0.00022098560963059556
0.00024359251921342976
0.00014065041930184726
0.0005967198729722415
-0.0001509305219674249
-0.0015908619213778103
0.0026508502832207374
-0.0001827151836545869
-0.00039143617824816606
-0.00016272336127075475
-0.0001119961918466886
-0.0001676138995331617
-0.000362128006370302
-0.004611120659004392
-0.00014255914160589785
0.0031837647871257924
-0.00025856908499185296
-0.00014665120671368485
0.00078489423339577
-0.00021845292446347718
-0.00014640912463582568
0.0006059317183831845
0.00028475838857960754
-0.00028041400073395965
-0.00045989931700812737
0.00010980263419034143
0.000340826365687871
-0.00018972011498662872
0.0002847636232934754
0.0029185162813293013
-0.00010686875957216297
-0.00012096012822021203
-0.0002972227692680481
0.00017780873731826807
0.00035600393429485256
0.0001228322282703706
-0.00018312422368526164
-0.0005343763270871879
-0.001155846171750208
0.003990650810905784
-0.0029298323641880424
0.0005369930571287789
0.0001525662517176541
0.00015826904747503272
-0.00017207626306744157
0.0007446471874155469
-0.0006445254324438913
-0.0002111862941951665
-0.00042943100401410597
0.00035466008486524734
0.00013299742105221112
-0.00023285427982851556
0.0018779796210859469
-0.0017624033777744904
-0.0005074757244625167
-0.0008293263913285853
-0.0004033677560853904
-0.00013860307611030824
0.00014838894099708118
-0.00013705796657023395
0.0002984131303125324
-0.003790741310947992
-0.00017795338794923562
0.0027833284719286223
-0.0001921512856310574
-0.0002703850924036589
-0.0006868101202788275
-0.0006083226348957197
0.0001916960318671368
-0.0001318178053696079
0.00036467046817807475
-0.0001704615270285158
-0.0002861176995653152
0.00011181317052327215
-0.00029747801730291133
-0.0010090036840064587
-0.002224519584474777
0.0008143995637714166
0.00036008334058350717
0.0002079008040057892
-0.00026027444544932387
-0.00010120389914042952
-0.00012673433419498355
0.000672652676345405
-0.0033874183788222207
0.0025942013455543464
0.00022425790254152796
-0.0004368926366577572
-0.0006320752472366287
0.0005647199428681395
0.0001716385286243591
-0.00012010086699370139
0.0003357041183899574
-0.00032282099166632667
0.000177623106767248
0.00013550312576062436
0.0004961854689398135
-0.00031229019151455325
-0.002381918885024641
0.00012161230694727173
-0.00011091144554411226
0.00011660639114653798
-0.0002007176606958466
-0.00013758879583468685
-0.00010791756642928265
0.0031527463727927963
-0.00017287446291384533
0.0024121070976265355
0.0005861112663488199
-0.0005849166155872857
-0.0005664993738705157
-0.0002992498404945853
-0.00029027808754725323
0.00014619644720752413
-0.0003234565116372605
-0.00010168057852277808
0.00012887831066797165
-0.0006885157004401842
0.0016400458356906418
-0.0013038492991679534
-0.0006199666671703474
0.00021986487204628456
0.002864705974778241
0.0003694635091784747
0.0023479804748936304
0.00027049547546475615
-0.0004664233730613077
-0.00016819472364638173
-0.0005065351255500118
0.000272249897848166
-0.00028354852509017913
0.0001413402993109414
0.00024878022698702763
0.0001807744953060979
0.0021422346337731674
0.00025283893242749754
0.00021578602141033223
-0.0002394133580671714
0.0009003224815806106
0.002482866538204353
0.002208629344312376
0.00020629033501043598
-0.00013268292904636652
-0.0001465127052688905
-0.000402650582261645
-0.0002738137944247722
-0.0005044863089277652
-0.00024901449227400095
0.00027678805494456103
0.00010697599229907722
0.00020445571671774438
0.00018056337381729782
-0.0002356923389968364
-0.0019879954482580906
-0.00039348410751415154
0.00019586341211216235
0.0001496115509180394
0.00030102432839183206
0.0002189018785455423
-0.0024070758468889676
0.0020996139969030807
0.00013641062056338058
0.00013690061261697486
0.00045258080967820627
-0.000477195741986381
-0.0001248307399966405
0.00020424651067510558
-0.00024702192768768903
0.00018079716035072316
0.00017276175023698826
-0.00010858327339099838
-0.0002294899377594529
0.00031798322089820227
0.00106277419648594
0.0015485164533953358
0.0002484936916818194
-0.00012261199361582816
0.0001948088804308321
-0.002236856143172395
0.0019945290831320443
0.00014038268913981158
0.0004200660863919508
-0.0004245571428199297
0.0001643422926832099
-0.0001080520810163965
0.0001922208653215626
0.0002620536458861295
0.00016010672061982111
-0.0001618042718407297
0.0001223465729052223
0.00010333468360435102
0.0003067781698660795
-0.00041355670941676685
-0.0017159351693017205
0.0003064583998447938
0.00012308816764574888
0.0001294749255297417
0.0020778973749550345
0.0018672495487532842
0.00014507456953077616
-0.00027141710942479315
0.00011168504511454394
-0.00038945707064427164
0.00011578819135905853
-0.0004215691589717428
-0.00016855565593143731
-0.0002089092939761729
0.0001389083951829375
0.00014582640595303632
0.00017009318120682782
0.0001997647596012601
-0.0017222720084960612
0.0001122958783771208
0.00016733465061095478
-0.001906737371222709
0.00021946542408134815
0.0017719930638817132
-0.0003080376582732577
-0.0003602641665696369
0.0004120633617699951
0.00010089056651227079
0.0001752577962991025
0.00023406164641630078
-0.00013130926382664494
-0.00011925181355203383
0.00011079495855822593
-0.00014922304682213157
-0.0012738413419152563
-0.001025149804741677
-0.00011581548079142084
0.00012299671390467455
0.0017816173293218206
0.0017145542831198321
0.00033648352646114567
0.00040200363443034946
0.00016070224634465098
-0.00022523929427823325
0.00011327458318268445
-0.00015060803712260693
-0.00012204422804495548
0.0014415291035780012
0.0005515377768099493
0.00014696697997000448
-0.00014783128389265414
-0.00010326274326354014
0.0016545625291360792
-0.001635384952392227
-0.0001020355761534507
-0.00029741573736051307
0.00037206968375636613
0.00010436856716254878
0.00015036394121221007
0.00020967301778932243
-0.00010518012330106058
0.00014640527489178046
0.00010455609421006406
-0.00010987630956900216
0.00119139427496529
0.0007503101790567264
0.00036996922644790583
-0.0002655146698139367
-0.0014485408219482331
-0.0005315427729001346
0.001535754776337095
-0.0002689096784500103
-0.0002865446932188023
-0.0003654964424986153
-0.00013837312544957592
-0.00010187498602976441
-0.00017736527114181323
-0.000138434783671657
-0.0002581587832734882
0.0003433559725593714
0.0013415167508198614
-0.00014786904733776732
0.0014000032739341975
0.00029261678556008014
-0.0014901221363379164
-0.0002689943328940718
-0.00034928850253393494
0.00013087738290116786
0.00020217162636794702
-0.00013475497438186402
0.00014842697664064182
0.0013351522596800835
-0.001344070418778499
0.001425782818320544
0.00025196024219223086
0.00033599502247349676
0.00011167159856228167
0.0001783606046205315
-0.0001277438108154588
0.00011762831946078695
0.0006981612409160678
-0.0010397020419547897
-0.00024140305917916122
0.001257326869610699
0.0013572130296347373
-0.00014413172594785918
-0.00023385380791374598
0.00032205520548704054
-0.00011037146923704592
-0.0001826986661056656
-0.00012324149066954352
0.00010366554424097292
-0.00038150042429286544
-0.0010973385454678946
0.00033067142374927785
-0.00015610434275953696
0.0007836834366699812
0.0008827110887599787
0.001299755296651119
0.00010067334963422011
0.00021817488548537138
-0.0003100717790256268
0.00010396664969575949
0.00017108977280940415
-0.00011721763434508064
-0.00014226929541373594
-0.001153478155606723
-0.000119917062108378
0.001098502452768119
0.00010693180777070138
-0.0012441534613277223
-0.0002044672096990124
-0.0002963422123382697
0.00016674319860782519
-0.00011498246872900303
-0.0001276139671021738
0.0002357951115847917
-0.0010783039122172283
0.000138186751067972
0.0010333687715070585
0.0011992913656005755
-0.00019121197304016076
0.00021183749947366836
0.00019474273762541948
-0.0001467731970080485
0.00010652951100270839
-0.00017513480206320098
-0.0005282993717040138
-0.00028985666178402755
-0.0008516564467869763
0.00014568503616918936
-0.0009756731478790679
0.001152132600890284
0.00016289677840573483
0.0002736097243754276
0.0001537854420228456
0.00010531303382090921
-0.0010055451957953503
0.00017772333673804025
-0.0009197650086283303
-0.0011053919564641813
-0.00016460428300206872
0.0002653470615209798
0.00014758549838137528
-0.0001116577600965534
-0.00010118411682210058
0.000979128574062359
0.0008646799986845599
0.0010535971877679675
0.00012499214366852192
-0.00015459003110201365
0.0002544273418739659
0.0001418841852406618
-0.0001351203131877232
0.0008969964856336208
0.0002706873474663356
-0.00010973103618973446
0.0008208814289159641
0.0010182625271518055
-0.00014408800162397524
-0.00024527463455271655
0.0001413219968519002
-0.00026810625860247754
0.0008668167810779778
-0.0007787013663408747
0.0009746962118121175
-0.00013391362403877317
0.00012249810724940764
-0.0002361725601457179
-0.0001316778904007056
-0.0001627401928387246
0.0008671150596330935
0.00010028365378903844
-0.0001384288012712629
0.0007208083480654482
-0.0009367002493309413
-0.00011056532399156377
0.00022575537656080138
-0.00012463234458199841
-0.00012884888415359887
0.00010323341775200876
0.000832916663298893
-0.000708670318808991
0.0008853579427985121
-0.0001371567916660628
0.00011350976429650705
-0.00021711831456567188
0.00011860834522790998
0.0008028892472225725
-0.00010504500915846355
-0.00012104668100941822
0.00030991811446183656
0.0006038144545227635
0.000851986721746244
0.00020496172269705582
0.0001149523836298358
-0.00010336613082387239
0.00011606960601100275
0.0007645340596187621
-0.0006752021226265762
-0.0007982265607179451
0.00019510622616793243
0.00010757865583679853
-0.00012268202899507562
-0.0006796349164936365
0.0002753925160120897
-0.0001470568449545811
-0.00011618329150739013
0.00038688209566895807
-0.0005767997922184319
-0.00013658646971088378
-0.000696459278378107
0.00010199188840972744
0.00013143874936117906
-0.00010482837472733254
0.00015356472616126984
0.000135513620007912
0.0005381068802350825
-0.0004393881092628835
0.0003940663211842027
-0.00020067285260761178
0.00013950970057095065
-0.00041401314157114226
-0.0001799348954974397
0.0005545777044451665
-0.00021775282004891672
-0.0002718251738700782
-0.00010633426261139125
-0.00016069165118822652
-0.00015539752513161868
-0.0001333751653840188
0.0001334572516117761
-0.00011397194232960214
0.00014832324252175423
-0.00010961643330954391
-0.00028176231571062113
-0.00010020923766159058
0.00011458848276069643
0.00047407229840467654
0.00041562388023813564
-0.00015214880778613028
-0.00012998191997647056
-0.00029681902069368736
0.00025357961425115876
-0.00027582935551800686
0.0001380530269048853
0.0001423267558420369
-0.00040950145030594867
0.00024477196184585163
-0.00016269402079990868
0.0003698152947191069
0.00019320619676039053
0.00011102382875174675
0.00024756447880241257
0.00010307674862687496
0.0001346930799414566
0.00011329280550597106
0.00015869917823883067
0.00012933457353654366
0.00012556937680239708
0.00010714338386281706
0.00013920108529213648
0.0001397705323459937
-0.00016368962170177452
-0.00013844696214170278
-0.00033371100763572185
0.00021572147876528525
0.0002306357354726694
0.00022424499441146508
0.00022080874792474247
-0.00011351210126590936
-0.0002244321193165312
-0.0001920816963287497
-0.00010130300701268361
-0.0002801681237811378
-0.0001305777249958149
0.00019536627599096317
0.0001065248893897402
0.0005756130325941999
0.00019826890816802421
-0.00019619714074450758
-0.00015197425606953375
-0.00013429219273257566
0.0001114995449871936
-0.00012749984784749105
-0.0001228952725844603
0.00012346826960979473
0.00012026751650641356
0.00015836369883577691
-0.00029944614462023433
-0.00014829393650452537
-0.00014413421884243134
0.00017776201263554144
-0.00013347523956885505
0.00013126322415404074
0.0002483023103772072
0.0003105943768246913
0.00027042676001737183
-0.00015360337929216307
0.0001545014639680664
0.0005035553750574603
0.0002855958883431509
-0.00024687906067038493
-0.00010952633589504967
0.0001026711575460866
-0.00011609542554053999
0.00011141740841839557
0.00011276186454938738
-0.00016458369622753878
-0.0002452749210069052
-0.00020447587628045496
-0.00010412881761827639
-0.00011723220132338006
-0.00013112691897173914
-0.00018411444441410567
-0.00010375557923428997
0.00014280901462578483
-0.0001321672308822632
0.00013828939596376857
-0.00036765515785978724
-0.00020470103637103016
-0.00019022556096860932
0.0001082143971821408
-0.00010685400447233102
-0.0001804833782528638
-0.00042862777676647536
-0.0003021419322097086
-0.00014520183518136343
-0.00012577813651683717
-0.00012613744605803704
-0.0003537603490595771
-0.000123567239168145
0.00020168763284030838
-0.0001847066730854146
0.00013817508320668193
-0.00014243469171866988
-0.0001244894793122517
-0.00019247807103443636
-0.00011210001709758314
-0.00017038085556850513
0.00013737303484366928
0.0001012781721356794
-0.00010838793672100899
0.0001425888406260003
-0.00013757446661346914
-0.0001325311445280051
0.00027836986332700525
-0.00020826819048566357
0.0002510177727283313
-0.00021866635956234128
0.00012364126597671737
-0.0001793776085397534
-0.00020212363825059226
0.0002743494472587281
-0.00014194365727987712
-0.0001585499822844303
-0.00011411063733292025
0.00015145358964597106
-0.00021991563992837014
-0.00020853443399690812
0.0003447106702050895
-0.00029540278822090993
-0.0001572998287355418
0.00017914932769868153
-0.00020532163233625257
0.00016872754701418715
-0.0001423262805538245
-0.0001366532274974829
-0.00022534915354112557
-0.00022869828470525034
0.000137104727008168
-0.00028264442098434675
-0.00015489503252819056
-0.00010444976429731145
-0.00010638005905611871
0.0001677725274190685
-0.00038377788724559337
0.00021133581930233945
0.00018670444013356126
0.00012802023934282592
-0.00012097958877622407
-0.0002762432067570107
-0.0001375917410229911
-0.00016101828799015353
-0.0002926349242971452
0.0002265888345393763
0.00015868951369054675
0.0001351056188256539
-0.00023198441048357226
0.00012860152510195822
0.00010661420219819596
-0.00011959582853274183
0.00029225038780114816
-0.00017746999581857875
-0.00014025787420700206
0.0005050669961572632
-0.00013869383185391603
-0.0003766387840079464
0.00023488198558025206
-0.0001851176725939594
-0.0001013274059084466
0.00018046287458389022
0.00015792425633712773
-0.00013141801970574084
-0.00011448358057111166
-0.0002184327658275951
0.00013183101118672446
0.0001189365451814868
0.00011608592850886497
0.0001552570026161021
-0.00012332141328018207
-0.00022856898107752983
0.00011594084267601521
0.00019145229061245692
0.0001073236667841135
-0.00015448669301353798
-0.00012740561225272327
-0.00017365860718346194
0.00022285300100425098
0.00018574371255725125
-0.0001787228312198191
0.00015817236184808344
-0.0005117977671220845
0.00012196432913267803
0.00012535580652116513
0.00022383572799556729
0.00012037203939327
0.00017563759127097898
-0.00018272076299146497
0.00021070405859467702
-0.0001743832770839545
-0.00014552178564422374
0.0001430719902193739
0.00012208556046273595
-0.00045957970291131883
-0.0004381216897292375
0.00025435646705674963
-0.0002581408157542052
0.00017390806375443334
0.00033213052970100775
-0.00016164535718432436
-0.00013286040520046576
-0.00013816372580483397
0.00018138589020812098
0.0007264975183786474
-0.00010771637516750298
0.00023121840615895003
-0.0002449190131417165
0.0001534752338445152
0.00011395855320527197
-0.00012919987774217284
0.00013667273967221563
-0.000327450480488391
0.000546229540828081
-0.00018578641412947741
0.00013738558751509147
0.00013070982656920128
0.00015248805399724796
-0.00013947402019263153
-0.00035543467504691915
-0.00022924362120847977
-0.0003278766003529731
-0.00018492852259445393
-0.0001277717697438052
-0.00011651305899786672
-0.00021251458783181162
0.000370115647765834
0.00018255274524968837
-0.00012986995715179696
-0.00014342770254117563
0.0001930016619777065
-0.0001536541266084215
-0.00014517222988015278
-0.00010522714690317818
0.00016927690659586907
0.0001399052325231928
-0.0001513215746264711
0.00018812939485200853
-0.00017127151846934343
-0.00014485538303392423
-0.0001932211574928754
-0.00015742358074261422
-0.00015736252484862604
-0.00021324834587471329
0.00014870208472213197
-0.00015240304569033724
0.00022027961940533747
-0.00018373147251474263
-0.0001522527290051342
0.0002257589553615983
-0.0001709239240136823
-0.0001690809792250511
-0.0002322942102236474
-0.00016983173616877295
-0.00017468605239550706
-0.00023796931465349256
-0.00016765259388052225
-0.00017977621215547717
0.00024494147511861864
0.00011940055903137413
-0.00015440921693014758
0.00018185084546868188
-0.00025211609118171526
-0.00021048519582632895
0.00015417501609153554
-0.00025826001044628735
-0.00010680422105620854
0.00020730378276484054
0.00019111079645864646
0.0002581400364670512
-0.00011410827587155788
-0.00021037159048901152
-0.00019845542963762845
-0.0002745045904522195
0.00010928301715344216
-0.0001934949618999649
-0.00011232675277548372
0.00020580419997816174
-0.0002544257779101962
0.0001255240898255708
-0.0001291830155263561
0.00023527549356210139
-0.0002123981784045245
0.00031022094138015427
0.00011425313784681231
0.0002952933384950181
-0.00017265434214221287
-0.00036008777059667977
-0.00010458816665961285
0.000372893528272681
-0.00039678947605921075
0.00031168215604106036
