0.4899568487885213
-0.41304458367462155
0.12221211806428584
-0.07171722036053055
-0.05114823662292718
-0.03938442412325967
0.03478600999210693
0.036346546455843634
-0.05000314721834121
0.5894860143971159
0.18678164581387788
-0.23110589163625786
0.05132048038365122
0.11898388448100708
-0.07565406545125831
-0.13317542303251903
-0.07940763994684272
0.019363469461729673
-0.053948439343682035
-0.07075385562466087
0.07939089669931028
0.06385640039572729
0.016575385747534924
-0.008445852932339652
0.035781020466256086
0.08824885883363541
0.03936869951277423
-0.0031949442344358066
-0.0019167413756465727
-0.026621586166888585
-0.0014331099202681368
-0.028372898893991038
0.08376208344837756
0.024328930492031373
0.002283539089684198
0.0020364638496007956
-0.00019767057622284447
-0.0008760084047786669
0.08536117600384527
-0.005277947454041817
0.001144175067340383
0.014323728111958608
-0.0029343245385119307
-0.0036461452096529005
0.007492797239832314
0.009640501829265905
-0.0018170532732752606
0.01042675207059644
-0.03791195886339749
0.053318884023155676
-0.038157043999647304
0.0009788762202032663
0.001607398317639799
-0.010773214410452226
0.00447135093741435
-0.0009640959081100268
0.0016871348619480213
0.004417882551339255
0.001034863609569224
0.0007287232744141028
0.0099566195089811
-0.005453549315791236
-0.06769014638048737
-0.0031305510076099622
-0.0011337119726759532
0.0006608935513635316
0.004252406146693917
0.00876119097672157
0.0002937195131855447
-0.001463462961725617
0.0009585522939214688
0.004308907077455479
0.0007686831053420915
-0.0006296616520287796
0.00425167204039621
-0.004615485896415024
0.02069326586902509
-0.0561966888847453
0.004165494444920127
-0.004208547076717492
-0.006422511425105782
0.0029249894912083585
0.0018719594905410007
0.0009608377229698914
-0.006569982774518204
0.006314438838119479
-0.0005668772121844683
0.000551877812412782
-0.0016488229078364496
-0.004216677954812214
-0.003420595115340902
-0.001730503401522249
0.00832561992153395
0.04021450323342379
0.033268132714922266
0.005151383274076273
-0.0010622586290331996
-0.002031816082575756
0.00587671975929934
-0.0003558537704092476
0.0014564233305715613
-0.005058466786176323
-0.0007526328685035148
0.0009553312653714952
0.0011217822057051174
-0.0018565761278587535
0.0010247356879469185
-0.009768373814592607
0.001544869114035184
-0.00021365022451160358
-0.0004717499143367727
-0.04663395284514258
0.00295357868961779
-0.004552260006224172
-0.00047008655103594396
0.005062089304797566
-0.0002403893541776576
0.0007582997172913657
-0.0017574775700068103
-0.004306911679964966
-0.0014979968283252297
0.00028078126219558054
-0.0015109197229501625
0.0010736806881245287
0.0012935442580585493
0.0014269883629773948
0.0022517885875817114
0.001177586999095005
0.0007060270346850479
0.041070371154523534
-0.009253695868222226
0.0018951368362748356
0.006952279850537771
-0.0006381257658794009
0.004449226176132652
0.0012375216733025213
-0.0018486163997773154
0.00038544215516013154
0.003408789660112721
0.002385420065502301
-0.000668028914703224
0.00025079458467273
-0.0012490814642725184
0.0012155851177016786
0.0009166009843001265
-0.0021019917535457225
-0.0003696491754403293
0.0005369419433993564
-0.005598789226330562
-0.0025484078411754044
0.005638248530121612
-0.03708115004016932
-0.0009221157091031747
0.00022521668396599303
0.00037907374353642845
0.004098665177700477
-0.004156193739322532
0.0016760450544855928
-0.002714704352484736
0.00048101431707688643
-0.003195776398218044
0.0004572133127437706
-0.00035787781009606585
-0.0016261145477818953
0.0004045492359739352
0.001011739208941309
0.0019431949657623079
-0.0008019601060027151
-0.00021873143920490167
0.0006848235234862319
-0.0021143945165274336
0.0029347340445904932
-0.03086198031542667
-0.013649442470576976
0.0015608214132187598
-0.0020842811016621885
-0.00028511045000969995
-0.0029728113611660356
-0.0011894693301156035
-0.00037446702502074786
-0.0007110990512966343
0.0045318045938471715
-0.002818738287782118
0.002823875173966618
-0.001252977105000817
0.001037390998141086
0.002150660294072139
-0.000996049181581634
0.0014883735840215827
-0.00024565686896859805
-0.0015879748474772132
-0.0005971863856524146
0.00012886469150471573
0.0024348531025847743
-0.0006133731096826754
-0.001989890275889787
0.03038670272122531
-0.002275440804719626
0.000131186970854216
0.0003822014018683216
-0.00076031534238342
-0.002683309170606624
0.0004744148190041549
0.00010799289503026578
-0.003682369175915283
-0.0013867584782633073
0.0009985061997594162
-0.0009658751105488044
0.00011850556922982645
0.0002792820419600549
0.005088363900289821
0.0009418971231958262
0.0012988632988648963
-0.0008839075287529379
0.0021657077026349812
0.0002676431484401408
0.0013691458866292388
0.0018539651171633111
0.0012344525296939723
-0.0007253433971904503
-0.002309746377629368
0.027326668572290866
-0.002046060001798692
-0.00018119779955623022
-0.0023967758381141795
-0.0003420249991200771
0.0005379006662077638
0.001040593309251831
-0.0034408435998555674
0.0005989932337782693
0.00047080786924582306
-0.00011889214625805828
0.000411239260499505
-0.00011328463215315447
-0.00048160180720328383
0.0003995794028367973
-0.0008453727966316946
0.002158954622006804
0.0019038915082161775
-0.0021197338830616958
0.0006297935828817746
-0.004448544934241141
-0.0004081385445436572
-0.0008848773045563227
0.000295290772699877
-0.0009758690068590971
-0.009823145277958904
-0.021123603137505727
0.006291318321157084
0.005632694546098673
-0.003500795860642367
-0.001995693345659984
0.0008419370155223706
0.0007743919465301712
-0.00034765726107275816
-0.00039407884083420317
-0.0023473190919419814
0.002038479002248016
-0.0006111657377063419
0.00011848343240897416
0.0008103169009113982
-0.00015936050790183262
0.0010367886909266825
0.0015749684113596325
-0.00036490680789153684
0.00023356480379880162
0.0007080931188663463
0.0006462349050376171
-0.004148301876891096
0.0022940298055653223
0.0016409385854120283
0.0007114064379522271
-0.0033120967923922395
-0.005197706142764065
0.021968085957242974
0.0007726667904769644
-0.00020689354083853296
-0.00024201916021860797
0.0014462519074144467
0.0015146201105519469
-0.00031208922412572036
-0.00021542374409353601
-0.0025996297772495434
0.0013408512443033053
0.0002144262946518382
-0.0006238323843241801
0.0002416263532541688
-0.00042751416146712324
0.000400556593494451
0.0004651908210877175
0.0015067307850810637
0.0005465153222020215
0.000275158150650422
0.0003239872694810205
-0.0005707002728015291
0.0004512302697683188
0.0002352888470465806
-0.0004960964907396896
-0.001365384209532108
-0.000620286746671824
-0.00047278299430984815
-0.007364348069438721
0.002972621153335999
-0.0026934273416363173
-0.0038361913812938854
-0.01926914823534283
-0.000488287193781988
-0.001809309105395911
-0.0003087239446957282
0.0003578254338924185
-0.0001768938096230904
0.002720331655070151
-0.0001429379750692804
0.0005912258496108398
-0.0004965516636293097
-0.00016862127843058434
-0.00022490998434523157
-0.0015281416949720682
0.0003154594941986766
0.00034936196566949073
0.0004913792258777517
0.00016997693542648718
-0.0005502223358117151
0.0010794155154924272
0.0003674668871877334
-0.00046341399136666045
-0.000891383879815721
0.0008641240709279275
-0.019570573370992533
0.000639210677901325
-0.0002858525175526681
-0.0002511990113173526
0.0015265361021390418
0.0011169181487169545
0.0007109755034233051
0.002227791084244884
0.0011486240101467537
-0.00027329468489472724
0.00028572244489011295
0.00024462318181816276
-0.00024308720349101935
-0.00017004326887040523
0.0003577056232403328
-0.0011259458216582002
0.0007617040543275986
-0.0005723347425429198
0.00018813593570326717
-0.0004090467632909696
-0.00014258061618212714
-0.00025750814436902974
-0.00036353061800647026
0.0010377388164348996
0.0002439879601509556
0.00037035901804161796
0.0004058338763117217
0.0006103481742006803
-0.00012548628693824707
0.0015519685918065759
0.0005979874901884643
-0.017746377935361393
0.0011597175411923093
-0.0007150833307761903
0.0011707399444456914
-0.00048422719237000686
-0.002775527238682257
0.000597688781041198
0.000658251284068721
-0.0004484319955757538
-0.0005257450237399996
-0.002285893298262553
0.00013112966954669867
-0.0002095197279420004
0.00026065083484585534
-0.00036975460799891426
-0.00027728193616102505
-0.0004567407502898109
-0.0012567937986765318
0.0005032248188070749
0.00015358548715764195
-0.0002301293689736718
-0.0010437325606639097
0.0002858167588291759
0.0001189639984288828
0.0005162170018785237
0.00013229553538481994
0.0002666881476250853
-0.0009391397726448838
-0.012884382260233243
-0.009359318745606441
-0.0037474265852023244
0.0013749208174031558
0.0005456830564802249
-0.00016608924923832943
-0.000762480163516104
0.00046269852781305026
-0.00023240841491206822
-0.0022205791644678316
0.0018975428142622931
0.002062182935740343
-0.0012031108736905694
0.0006353053275710272
0.0003939075804714579
-0.0005688155797904692
0.0001961306135517265
0.0001734670632452253
0.0011576615440086226
-0.0003434484415237837
0.00026271832931859795
-0.0003434019184436669
-0.00019838065198040896
0.0004997457604476414
-0.00032174468743795465
0.0008380163177203543
-0.00018919787560127077
0.00015985794215996993
0.00042069660947892515
0.00011031069913988412
0.0007984485875790643
0.00018922333733283043
-0.0005662793114076312
0.0017022535238547267
-0.003550442962056342
0.014630962518334917
-0.0005394539607919842
0.0002551513015143423
0.00046173663686908213
0.0008450402271840603
0.0005791546546052714
-0.00012557235649212438
-0.00040360863191955614
-0.00024810104568402766
-0.0025924903858211413
-0.002202142470753615
0.000581265262991957
0.001042125037050959
-0.0007631416295957695
0.00011138086784711235
0.0004205317274652166
-0.00011294354131149715
-0.0009780398580645582
-0.0005332216818819024
0.0002324683861088226
-0.0003235442156507182
-0.00023902733529837576
0.0003569926808791287
-0.00037329115072431865
0.000799097033154753
0.00031694782374699985
0.00012526481528169465
-0.00024120128035893184
-0.0002698010842689225
-0.00012095284526314553
-0.0007035717859218062
-0.00042946073897628625
-0.0009110890154034545
0.00033245607962840155
0.0006449902069414814
0.013994990023049603
-0.0004292348197565218
0.00024670214735223746
-0.0004774763004776829
0.000554475911453908
-0.0006559234585123274
-0.00040020631319673543
-0.0022111827443365853
0.00022287560322644876
-0.0004313561391132928
-0.0003004992463876078
-0.0005951230930428952
0.0009551223442556315
0.0023117215273822265
-0.00044469457783830404
-0.0009650961286787933
0.0009648111063313697
-0.0003256135423090114
-0.0003249990438325464
0.0003733654661895619
-0.00045922185819819377
-0.0002242390863252967
0.000745099920846099
0.00020016016147138762
-0.0001580968816987825
-0.00028255427980841224
0.0003564534684413163
-0.0006442495278533725
0.00042372869334194425
-0.00012911803480223505
-0.0004990117176450374
0.0004295002206195064
0.00019817113435371088
0.0053224142881536235
-0.011900492805585064
-0.0005446540204344942
0.0006304127027472066
0.0005304238664487622
0.00016239812283321619
0.00040410495313620084
0.0019922885122340317
-0.0004136471376924379
-0.00036781940239650183
-0.00027971870322585323
-0.0005856648828449485
0.00016200819261508255
0.0004908560752987555
0.0013649848327003146
0.0015034561530455127
0.0017411283486987136
-0.00024160531687150596
-0.0005136166013086978
-0.0007236888381099937
0.00012899513529815115
0.0003236448770107358
0.00013103213526737602
-0.000720596146283231
-0.00029699712397855427
-0.00016200345637020145
-0.0003362503191959764
0.00033703492415678495
0.0005414807741270601
-0.0003621203640947035
0.00027260785733091537
-0.0004708859715561815
0.0006957406321714386
0.0005334648178807875
-0.011760870413527734
0.0029242726887615906
-0.0005821004048313834
0.000651803190602792
-0.000229317658875871
-0.00023198134571223485
-0.00036219008498128354
-0.0001032868346274377
-0.0018184201708941064
0.00021478937349261908
-0.0002699571296538705
0.0003511981336837961
0.0001087028939846365
-0.0003282762918521064
-0.0001774561567129744
0.0011833473766517779
-0.00034978447668530436
0.0004855591588330974
-0.001123486970075318
0.0018332239632907307
-0.0010049083413834813
-0.000640764713878963
0.0005037514193250304
-0.0005765639159708261
0.00017366926233623853
0.00039365924202010733
-0.000347050327102767
-0.0005332065366760254
-0.00014958465962304512
0.0002706849488379053
0.00035278641620313425
0.0002265198059302801
0.00010365023015041389
-0.00020885633271016443
-0.0005495463534500468
0.0003913316832221889
-0.011280951876039329
0.0009305181421862979
0.0006555820437118554
0.00029406159194943237
0.0005739954125363501
0.00016062312138741247
0.0003909489748867022
0.00013397833365052435
0.0008875035508058959
0.0014977345552165415
0.00035489224542670277
0.0001028963803415345
-0.00018314388805577145
-0.00045840326370248354
0.0009745713239675953
0.00020059067422980304
-0.0003685412509279442
-0.0001886121578794413
-0.0009913028065100908
-0.00048453039210280736
-0.0003523364082628841
0.0018926932463862287
-0.0010808497008055887
0.00024039003169507592
0.00023904775427812413
-0.00035495314927181477
0.00047277358675909
0.0003068560703252509
-0.00022708284679254424
0.00019213598975965633
0.0004557289609010015
-0.0003782961613325788
-0.00022510755720590934
-0.000483627443843761
0.0004657041473843832
-0.0006954518242002402
0.0033278065906679273
-0.010055562423853335
0.0004831449223990695
-0.0003220139442496463
0.000249907156206343
0.0015900348623338447
-0.0004958153202700169
-0.00011253402728971947
-0.00011404953671545064
-0.00028198924762155007
0.00028432364637289917
-0.00010793075500374157
0.0008884717317304832
0.00032575498945600263
0.0001351083601842673
0.000272184847025845
0.00025135711884228623
-0.0002495864360992721
-0.00020720418644693003
0.00022922375185997063
0.0009273525711188825
0.001983759769769414
0.00017052542327601936
-0.0010232869416975483
0.00019803181404060398
0.00027499050554450493
0.000486348515487837
-0.00011011394641213882
-0.00023534621413597365
-0.00019400727439072247
-0.000287153000526737
-0.0003884727561164164
-0.0002803893794632399
0.0006108274986951572
0.0004976418684823393
0.0002756673581174698
-0.009873568076974093
0.0009125608786697591
0.0003228323894102549
0.0003219775412444693
-0.0005088947487163426
0.00013624498880807328
0.00016697680351040372
-0.00015736340131695595
0.0015521143827802227
0.0001634088916801495
0.00010339886285122481
-0.0003020835827484878
0.0001578925305286175
-0.0008607142496233668
0.00020357657112747828
-0.00024431678558351405
-0.0007133206467695868
0.00026375141360787007
-0.00022774514958255138
-0.0004446962986725188
-0.00014176442691889204
0.0021039451525633446
-0.0006279467223436562
0.0003317204707955263
-0.0002556192896512961
0.0002266094318369481
-0.0001322324027640354
-0.0002994208119437937
0.00021411141447236405
0.00022061143683519942
-0.0003997446862581839
-0.00016263586788585062
0.0003280686405304117
-0.0007776868993218374
0.009314006890774627
0.00024259826919303715
0.00010600783544173949
-0.00044571536607780626
-0.00010580709159864327
-0.00014218978960993275
0.00013361788093405386
0.0014441595081979045
0.0003191990349067934
-0.0002798276785127964
-0.00031065557386180374
-0.0007275464261882714
-0.000301090767961221
0.00014526528689968793
0.000285204855529642
0.00011108886270360818
0.0005857522283352493
0.0001525918994925015
-0.0002652072563423469
0.00014206940600245958
0.0003220425804512691
0.0004972162879627474
0.0010398675257459787
-0.00063128818286793
0.0007596734679063223
0.0007155874277517222
-0.0013435159699515546
-0.0004719998792574385
-0.0002326271824252079
-0.00036582911622722004
0.00018534101095784062
0.0002200372552502184
-0.00034559855026742003
0.00011903720326141254
-0.0008074976997901027
0.008746701037007636
0.0003425659212049551
-0.00010898709128322144
-0.0004010814366106054
-0.0002546918353083258
-0.00016753342253053097
-0.0013583427352143376
0.00026875370756863784
0.0002442259793876071
0.00014190850319307718
0.0008049059832333687
-0.00012515258062409536
-0.0002746694964419568
-0.0005725752516320986
0.0001892971237988087
-0.00010077591843037445
-0.00018513639031393872
-0.0001756384684344436
-0.0005253991869674929
-0.0011998949572645061
-0.001009428015962744
-0.0012889158776064633
-0.000282154933184403
-0.00013875680679853797
0.0003562640011952118
-0.00015539986577813063
-0.00010831157086661823
0.0001643790193805063
-0.0002627159570944882
-0.00017099677878261614
-0.00020986714797291843
-0.00045217496991382554
-0.00043912003063561615
0.008251162703237974
0.0003449914608848978
0.00021342929180779392
0.00013984885919597926
-0.00020890013285154762
0.0004009006226433289
0.0006896442180947103
-0.0011042692446772927
-0.000306801757718749
0.00013116810771488644
0.0007437393330655338
0.0001532291742071469
-0.00023161423624095792
-0.00013509889128075875
-0.00014541340682808
-0.0005010978578495108
0.00013357006973237188
0.0001507492373397496
0.00044384814122410164
0.00015340745858890794
-0.0003015420688116128
0.0001597763204430236
-0.00019984727128141423
0.00038762279443435924
-0.0005069258149974074
-0.0017792304269385164
0.00040070052971012617
0.00011816434158239489
-0.00041052681071682725
-0.00030680672554182927
0.00022660895557686297
0.00026352887559753514
0.0003248273282427821
-0.00018503283518145347
0.007799411990962317
0.0004669805234082589
0.00035397050012697385
-0.00010469511504583737
0.0002660388715791875
0.00014361526966515597
-0.0012275812851111497
0.00011799604236050234
-0.0006729778559783053
-0.00024508481479077837
0.00021099186936334805
0.0004917442885006746
0.00018296220905258872
-0.00011128416257948744
-0.00010872802993486861
0.00040597635631703556
0.00019337405775712762
0.00015472965396503017
-0.00024556049930063797
0.00030037102573927883
0.0006294075149240409
-0.0001659994164979708
-0.0015249691365723332
-0.0007400616798970787
-0.0005959583503471616
-0.00014096068861984981
-0.00033952458217395223
-0.00023963916414764384
-0.00011028124274245112
0.0001653022684403413
-0.00602798473802155
0.0035074585712020264
0.002421129693269839
0.00016067437085879485
-0.00032718890920468876
-0.0002296114524848043
0.00013656908934494153
-0.00011118793364094959
0.001163104397844195
-0.0001375072423966853
0.00014700137428380275
-0.0006705383114585979
0.0001928817951673513
0.0004947764815168957
0.00011093322171865243
0.0001806229336683588
-0.00029932127905374215
-0.00018760415772638936
-0.0001930032945872436
0.000174982944112827
-0.0001356557292119353
-0.0001051662030871558
0.0003741643152871801
-0.00017545104962500926
-0.0005500773499445114
-0.0015001196614017503
-0.0009074224017709017
-0.00010367413734069152
0.00029583982199850626
-0.0005605673896929022
-0.003812872163426911
0.0058305145182190495
-0.0001731267873562457
-0.00019674626879867728
-0.00031894608182186576
-0.0011050984145628542
-0.00019646270422230542
-0.00010607676953543602
-0.00024985468233740135
0.00011385055320652664
0.0005864358494583689
-0.00011805698898851379
0.00012030059051527777
-0.00012380008791585792
0.00045662786875128465
0.00012522466560214388
-0.0002089103828823839
-0.0003452689814245919
0.000298091527811042
0.00022069807257683635
0.0001874734515804334
-0.0002457825796000917
0.0009825655711841843
0.0005325913531075284
0.0013432157314628343
0.00013038568343952346
-0.00024389690150698672
0.00022320017718319962
-0.00039213209916993204
-0.00031980765716100375
-0.0003730885028325169
-0.0065815530183798675
-0.0003070933727279512
0.00023568727432658843
-0.00018428147454203783
-0.0003022920900727011
0.00011681463949911332
0.0006759143656180222
0.0008201717134472698
-0.0001823725815374959
-0.00010166097304450303
0.0005921308346124766
-0.00011103118905167036
-0.00041812435704817095
-0.0001353447658510446
0.00018484948247797687
0.00032294481724587154
0.0002577768164719057
0.00015309212205722616
-0.00014280941347441994
0.0001501990406072577
-0.00023188901936655373
0.0001342362801837012
-0.0003007130050015479
0.00015379549440311467
-0.00019944859332118994
0.00129300636543985
0.0009778152809956438
-0.0004594524390708069
-0.00043723394941877573
-0.0003507343036370014
-0.0062559103281910975
0.0001513631466207069
-0.0002776294467640479
0.0001453205974372354
0.001009131722621898
0.00018669769554500952
0.0005686718250276691
0.0001069370384459105
-0.0004064095665483894
-0.0001557970585793502
-0.0003118422573788589
-0.00010702091176704174
0.0002447725086783674
-0.00010449814424187432
-0.00016086921159445006
-0.00012624748735754157
-0.0002024360294419315
0.00011399266531529232
0.00013485218756462792
-0.00019647441043256565
-0.0002192340031336199
0.0005115898938272599
-0.001400319590801424
0.0008659979238661878
0.0002933799690309044
-0.0059353759169493946
0.0002772968128762394
-0.0006964609590124163
-0.0006427375862737639
0.00015241140787954885
-0.00015050716691023596
0.00010733812247567803
0.0005394194452910789
-0.00010073876688491391
0.0003944835532114276
-0.00014480609627367781
-0.00014865834755667634
0.00027356120698979837
0.000241057570204872
-0.00010278209444903843
0.0001742470643898081
0.00016689401074426524
-0.000138616043891784
-0.00014061450674947195
-0.00010307738829963564
-0.000156948520136637
0.00016016636203144218
-0.000369089087807653
0.0016861648469124843
-0.00014736610091491413
0.005630764646019035
-0.00027002719382792126
0.0009140850044285033
0.0001652894257762918
-0.00029295754684017486
-0.00044001174801607717
-0.0001456075667249718
0.0003802530380895415
0.00026698563055222444
-0.00011461775471973741
0.00010410209295792544
0.00022876874135716407
0.00015370374239490414
0.00023122128075796797
0.00011659628054303412
-0.000149887864312633
-0.00010580585761345839
-0.0002320460167552985
0.00024070679588340902
0.0006173488819870617
-0.0016869606807712483
-0.005305277590414635
-0.00015199642036242336
-0.00027175079789836074
0.00028028425681777186
0.0008325151305534986
-0.0001027673309047834
0.0004910458646892689
-0.00014327959353855954
0.00035155798593996797
-0.00027457854432907393
0.00011602271829466716
0.0002194640307558852
0.000211957626441639
0.00012186910165763275
-0.0001244305569693371
-0.0002324160463441754
0.0004621146144168378
0.0005885723433717683
0.002338114931193223
-0.004746976547388817
0.0002043514857829651
0.00028545968610620517
0.00014478580472872756
0.0008225589641244203
-0.00046197313048687664
0.00014375168137881992
0.00033643576013897715
-0.0002606854468291066
0.00012145917250913723
0.00021038923868777515
0.00010280769062609701
0.0002035285587441437
-0.00019765976367936666
0.0002232015860616571
-0.005054332838539187
-0.0006334000984037927
-0.00021745513977442134
-0.0003552966477496078
0.0001341051915974544
-0.000766704784821511
0.00017109630681782346
-0.00043769526354949694
-0.00011008928323860699
-0.000321150255640968
0.00024603373031416867
0.00010959581071070902
-0.00020187450963177664
0.00019196469507928122
0.00011877943479151912
0.00016681968299040378
0.004777252665318343
0.00031698774289861303
-0.000201429412881283
0.00027652470759835886
-0.0006340707306952608
0.00016888613527738823
0.0003333029406789811
0.0005540058728231683
-0.0001204219500908401
0.00019895820582267875
-0.00013093213002176955
0.0007325585251689934
0.0004299039369485551
-0.0001245576952102487
-0.00026679813485959317
-0.00016045865294822282
-0.000221047600850292
-0.00013246222241658276
0.00017105547799636336
0.00018546053673480052
0.00013767517332246665
0.004544247597423827
0.00017765757925224376
-0.00017764489265783138
0.00023148332346019355
-0.000734333730519726
0.000760404169261325
-0.0007050215119452063
0.00010347482018270609
0.00041305385609951027
-0.0002964683513986491
-0.00023035885991896918
0.00018378487694285708
0.00016979356859041063
0.00010345556855998538
0.00016380574821957432
0.00032756089568998617
-0.004321701126814008
0.00016269314145114647
-0.00011729400942407299
0.0005585817476154538
-0.0002880017723643074
0.000847405746209118
-0.00043330046613433503
0.0002849760228864293
0.0005478626872792821
-0.00010204783185051304
-0.00039497069601632923
-0.000281648436444817
-0.0002177367864111462
-0.00017374767608476286
0.00017853092148633072
-0.00014213038007551798
0.0001425802205195092
-0.004132884139665616
0.00013194112541351982
0.00010482356105152529
0.00014481730693931112
-0.0001390443747561403
-0.0002153688029120107
-0.0006997509865795341
0.0010060852225961992
-0.0001932220775558202
-0.00015248717052276353
-0.00011964219339172236
-0.00019774948347229125
0.0003215165448292087
-0.0002694568678541331
-0.00020395165750437482
0.00011507718390988935
0.00010490068603481589
0.00017275508221248394
-0.0001442429406501664
0.00012650352740096012
0.00011423301187549957
0.0038775097038052358
-0.0007631158551641612
0.00016225601199872688
-0.00015331366368221932
0.0002802363864268198
0.00021721461451872773
-0.000668368633736508
-0.00038966675470045696
0.00010029059670415552
-0.0008149395570390801
0.0003779073320024257
-0.00019806863365814435
-0.0001912681491795351
0.00031957702359589404
0.00010516476662554699
0.0002269395272117782
0.0001946338768326076
-0.00016177371932353036
-0.00011132270487936614
0.00013101189090746184
0.00010288144290398768
-0.00011617652382765983
-0.0037667748738297764
-0.0003116039412720283
-0.0001267570457949502
0.0002730064603406126
-0.00017273015602844072
0.0006590786943652778
0.0006159097452607364
0.00011875944925440537
-0.0004897557010362654
0.00015717363879636694
-0.0005731656717199526
-0.00020444212695034538
-0.00034848513693071974
0.00021998984741264328
-0.0001608411149723176
-0.0001439816482522615
0.00012897850288126338
-0.002647242855637196
0.002438691305005604
0.00013583810632181227
-0.00015187347821977602
0.00040959514398879675
-0.00012608582706793384
0.00016647991258105443
0.00041093500032842313
0.0005026198353746624
0.00043256284608098695
-0.0007104633284536453
-0.00028225009950851943
-0.00020908663229870806
0.0005122451870812043
0.00015845002320606975
-0.00017962316766868833
0.00012790917167023721
0.00010620309964461191
0.0001429812983758682
-0.00010269228034617466
-0.00014329134202621075
0.00040761633106536666
0.0003072672058159333
0.0005507235788618853
0.0016767464505503527
0.0013539538057154217
0.0025087041300916667
0.000407441213797148
-0.0003283703575119836
0.00019678211916997234
-0.0001270270761255668
-0.0002541037445859537
-0.0004749357682727419
0.0003546035272992792
-0.0002972819004466188
-0.0005315545998282897
-0.00018039940148939607
0.0001294002732768838
0.00030312652285403337
-0.00047322066884469436
-0.0002417254141946836
-0.0003681221035444123
0.0005475753894036633
-0.0002451872177566181
-0.00015547150356369423
0.00016197774147029586
0.0002256667762947706
0.0001230845894610457
-0.000133964068411192
0.00014240739323023973
-0.00012039192024066348
0.0001023243618090384
0.00012269086109925728
-0.00010590570813613667
0.00033857821477265086
-0.0004721549151286572
0.0005658663966592855
-0.0005866447728585544
-0.002355615501723669
-0.0015013739382144563
-0.001074524423899256
-0.000483725498623685
0.00023967962442622163
-0.000144449913534514
-0.0005208530903248724
0.0003403842445520134
0.0004292764883362748
-0.000722296463832512
-0.0002329467992484648
-0.0004316851357025859
-0.0005435611713283499
-0.00010705770907333817
-0.00028805321941864485
-0.00028523155447571403
-0.0007630118694514736
0.00020602670395912073
0.00016808858166442184
-0.00029947553912888666
-0.0001529810031925777
-0.00011773954234698108
-0.00012965300402478856
-0.00010737632591408737
0.00014016518029556703
0.00014989799706435306
-0.0001552070042322031
0.0001464755586050537
-0.00014289600262450345
0.0003364424877162016
-0.0002493583892713283
-0.00015065982031578205
0.0006052190935890776
0.0001766862293506351
-0.0006862736683897618
-0.0001482260612334115
-0.00048043043213723556
-0.000641989558951455
-0.0009174049667520682
-0.002023177718735728
0.00010048629981741817
0.0016872536432207584
-0.00011819478010867311
-0.0003963176894597193
-0.000507112955800119
-0.00043003318950352655
0.0007301626433609456
0.00019573044763865295
-0.00021635134806614916
0.0002489879620281715
-0.00042111490593497487
0.00015677946911449284
0.0003831254876756932
-0.0004924170686848949
-0.00015763233940457036
0.0002472628974371454
-0.0002366274119059285
-0.00023211205817393299
-0.00011235137834518692
0.00014774314175371078
-0.00018743220799988272
-0.00010634743536298536
-0.0001923645584323607
-0.00015937322692864507
0.00011924852115114654
-0.00017132106295080122
-0.00010456058549410065
0.00019663227261579325
0.00022820557234929213
-0.000273948635352738
0.00011671789179254378
-0.0003814658798845558
0.0001185046901308705
0.00018827152813970688
0.00012035898210064913
-0.00016280808083320668
-0.0005719376338181541
0.0001558692905406048
0.00012461646313764908
0.0001674897007502399
0.00033118768880512203
-0.0011113738994714692
0.0004375673700759601
0.000244746941930572
0.00013469938322414806
-0.0006793888686316381
0.0007001989867951563
0.00010456773722430237
0.0009087914648577412
-0.0010327075105085492
-0.0009182575490841547
-0.0009488640664232307
0.0012059573799516085
-0.00012547850283383435
-0.0002797517417564109
0.00031683266782781997
-0.000398743652209321
0.0004825518687576142
-0.0002915562944119242
-0.00046876376842351766
0.00031781651365605466
-0.0003710689166373291
-0.00021134790664934444
0.00010019457652957
-0.0001033179212750675
0.00010444444862877827
0.00043542747973656054
0.00033103468557200283
-0.000190055863615658
0.000312827380727869
0.00015818723009607336
-0.00017445720615772304
-0.00023830739134215605
-0.0001306293901073856
0.00022851692660953596
0.00018682081052951729
0.00015861999677374642
-0.0003289968961767619
-0.00029184855274973676
0.00026177702885026943
-0.00021359527805696446
0.00013656859152617095
-0.00013228245774704955
-0.00015272385148400208
-0.00015394129336190283
-0.00011888114285588403
-0.00031877193666691333
0.00021023683030195828
-0.00015899124132970138
0.000505087107309658
-0.00010265840463360087
0.00025091683805534046
0.0003491335410456003
0.000342157205751765
-0.00023197540172897223
-0.000503134770469822
0.00012689813017552213
-0.00012310045472069736
-0.000295672532237191
-0.000266613399293742
-0.0003504955980224046
-0.00022836077406078684
-0.00023123086509655816
-0.0009965488318727888
-0.001358352222194509
0.00011024769514239101
0.0013153542096436893
-0.0006710576274284929
-0.0005692877327022839
-0.0004557691170069429
-0.0006078210738008682
0.00022592020918686838
0.00045840291874516925
-0.00015242877353011984
0.0002024357411859933
0.00016440324638852257
0.0005559183746228346
0.00044822918853201045
0.00028101295314909207
-0.0001283326271120029
-0.000558746109085717
0.00038908813367130775
-0.00028357429527173776
-0.0003250020174003519
0.00010452736191384779
-0.00046163603471797163
0.0002075970853336437
-0.0001316966359010968
0.000537789854011743
-0.0001061999620636755
-0.00030990878721415
-0.000156546370185099
0.00014235562134069915
0.00012917618431996624
0.00016446122624575138
-0.00022553167474516123
-0.000193445738418025
-0.00011472936071267295
-0.0003063037825958553
-0.00033448533676913296
0.00011522750503742513
0.000283154406949955
-0.0001949188269706082
0.00015578373622740139
-0.00018201375378328757
0.00018385277959805544
-0.000357629820789574
0.00014229540282197176
0.00015492514509276946
0.0003244110027389021
-0.0002350041201982291
0.0001703455457007062
0.00043997584179274467
-0.00025779141472878435
-0.00015744664538624696
-0.00022073839645009408
-0.00033291552042389086
0.0008540647717327087
0.0002464518715969037
-0.0009638978870152648
-0.0002425884622778361
-0.0008069731015608784
-0.0009472499796372379
0.001002086508734792
-0.00028977178668835343
0.0009997633755865127
0.00045430297333432337
0.00039784923505170616
-0.0002185091700019293
0.00043076182029262066
0.0005531843793956024
-0.00024135320620155285
0.00010531475882011735
-0.00016023287733560218
0.0003810736963124225
0.0003769985910858889
0.00033994484403934906
0.00042850614582729316
0.0004748708153963426
-0.00012151997406283896
-0.00020011056619936992
0.00039726095395522127
0.00013892002432078194
-0.00019773096411821893
0.00020143966471084608
0.0004648543368575142
0.00040668947450190734
0.00014497051113748687
-0.0003871265400338004
0.00017229703796203837
0.00010954384113067327
0.0002846173310898647
0.00012070030236649373
0.00015557939414228493
-0.0003405120080403378
0.00014917951080911914
0.0001917313629323136
0.00010748670212255077
0.00012891864890117306
-0.00024878075856377406
-0.00025636797822644393
-0.00015642250884102352
-0.00017861607997783098
-0.0002560075139872241
-0.00025925250512006493
-0.0005388714732283685
0.00032691380633812476
0.00028735452597340375
-0.00010723385754152268
-0.0002845361363815513
0.00015517275862230516
-0.00034044419482207917
-0.0006449231097592299
0.00022755738978664735
-0.0005282748785928441
-0.000785883466335364
0.00018603568877531841
0.0014221645252811854
-0.0002736984434350528
0.0007095227031959775
-0.00034386468450962724
0.0006270357334869797
-0.0002898458266848166
0.00017754823588206592
-0.00010337551612202043
-0.0005800596654031326
-0.0011113909655833232
0.00021113212262282975
-0.00012776100101207858
0.00017545642463548524
-0.00020055058595439454
0.0005199169012232182
-0.00013642725019223133
0.00022401797446995497
0.0002353947237864922
0.0003326074165215103
-0.0001797067859107984
0.00010782620773124424
0.000194616186920482
0.0004310206816595398
-0.00012108235062262745
0.00011271371032420765
0.00041371585577623546
0.0001403638298281772
-0.00010023390738621991
0.00026202157798588396
0.0001693426854382344
-0.00019471891035549338
-0.00013295326263144486
-0.00017486269302038315
-0.0002551714813070093
-0.00010731195308347932
0.0003553737594872376
0.0002739814769565497
0.00013314894426379428
0.00020629273123707839
-0.00023654236260385478
-0.000370777492933136
0.00011588506392887743
-0.00015216897215914252
-0.0005855000446999536
0.0005527280808395412
-0.00016971343024426087
-0.00038089703005750666
0.0005899562067574511
0.00015151660640039957
0.00018422503870751229
0.0001312490908710449
-0.0006597524000803613
-0.00024686724085171597
-0.0007282748563854944
-0.00012291705616310946
-0.0015724962587537084
-0.0006002302038024421
-0.00017264527554039413
0.0003323225055901322
0.00020765986456752552
-0.0001557244349308725
-0.00014146189948831603
0.0001681487064517882
-0.0008423417973458181
0.00013316512008085875
0.00031398404449527976
0.00020424915922714779
0.00021321333939444326
-0.0005544489206687719
-0.0001495164811196869
0.00014679190000969444
-0.0001475693512292364
0.0001485341440286227
0.0004009345431791466
0.0002285165043743332
0.00033072659122570884
-0.00014251622256605814
-0.00011110930134737026
0.0003402447536931016
0.00016106600721847052
-0.00016071755241042185
-0.00023147413584878156
0.00016597339210037282
0.00014184312430272093
0.00010823577923344518
0.00024652092039804507
0.00015469448933261572
0.00011660274937417834
0.00013836111789021383
0.00013628936674113182
0.000337450368605017
-0.00020018627310533065
0.00022049808796560595
0.00012930363370592255
-0.00042469513920179446
0.0002521067293920096
0.00023162786562087504
-0.0002866751659468822
0.0001340729144931731
0.0001915334624568011
-0.0011440256476191182
0.0002454617232092077
-0.0002613099505342645
-0.0007738184554854222
-0.0004499392142792465
-0.0006160658690907784
-0.0008940464833397763
0.00034696299448407986
0.0002451418153495224
0.00015738693158865122
-0.000729918071010375
-0.00010344152866329482
-0.0001368711713902679
-0.00020231744102143658
-0.0007005660114490856
0.00035754070731422075
0.0003529348382886521
-0.00023310466063350725
-0.00022388316800904501
0.0003119126732118022
0.0003629854468535198
-0.0003039037347737021
-0.00019966852968430972
0.00018456945998973425
0.0005473252717378774
0.0002762999137937418
0.0001900547552971391
-0.00024065486448193393
0.0002547229606444745
0.00016519856024682292
0.00010263913064679662
-0.0003610622406083561
-0.0001679839980565376
0.00026556102450296643
-0.0004976795734100558
0.00011289967781682379
0.00018293641862093872
-0.0001460612101109761
0.00015015317935800405
0.00018519064621581066
0.0001614208712389635
0.00012797762071724733
0.00012403070472256098
-0.00013109958505954795
0.00021624188711486116
0.00014832409192436252
0.0002373990279659569
-0.0003195587723599062
-0.0001543757659979617
-0.0002470586439251423
-0.0001006171438385821
0.0003535169825429749
-0.0002954086417914551
-0.00019711092005996513
0.000279817391075107
0.0002984300422266557
0.0001407480189605165
-0.00018717300079761716
0.0003407478484019477
0.00018976865124688743
0.00034716603554938276
0.0012851283072161316
-0.00025229336974273746
-0.0005373797667946912
-0.0001313379754011886
0.0006452054943167214
0.0011029713149555177
0.00073085095952987
-0.0002459306848536958
0.00016158137946966782
0.00015057686852247752
0.0003298982198461533
-0.000646954808056017
0.00016115216335400046
0.00011302678477741672
-0.0004177766808643477
-0.00020002567089193152
0.00013231158908019475
-0.00048376053952680633
0.0001522027712724612
-0.00018055177586341202
0.00013320898791218354
0.0002730510648393736
0.00024005237991197838
0.00023693874677552322
0.00011146024194424171
0.00012844946179672186
-0.00013626125782046706
0.00011424679509718272
0.00011418529157014119
-0.0003153130023470275
0.00021550899614061297
-0.0002339075480862852
-0.0003942383729115323
-0.00018633877018994625
0.00014459618959520437
0.00014705652649288993
0.0005006152391834445
0.00013196867368662278
0.000196184947260917
0.00016268139595662144
-0.0005516298984191951
0.00015273092927736996
-0.00044994048361088053
-0.00014886804787579233
-0.00013508814393107773
-0.0014092175351084594
-0.00013714042754975813
-0.0004909943256991426
0.0012562928467133082
0.00043743531622841576
-0.0003885430164091397
-0.0002997562318624388
-0.00024011124938725671
-0.00024638800250676677
-0.00016869782790070447
-0.00042465339012259833
0.00025634625601382257
-0.0002924168598215007
-0.00018182242878285687
-0.00022563400461276636
-0.00023380274177627432
0.00013376487383149742
0.0003520298111195285
-0.00017066596151322686
0.00013061580528955023
0.00019998583135764775
0.0002879571172638471
-0.00022526412074573953
0.00028473730031345295
-0.00010486371203255114
0.00011165384050272106
-0.00014398148963389154
0.00015519651741072643
-0.00010409915131106639
0.00012015068142529581
0.0001938652426526358
0.0014148802301843437
-0.0014001657013544924
-0.0004634059726441488
-0.00022389967211896956
-0.00014546552102629267
0.00019978821540895397
-0.00011599143595816596
-0.00014288567167401077
0.0002235933913169325
-0.00024270894080344137
0.0007631231479872034
-0.000246506823664213
0.00012004222419710607
0.00014604039628701132
-0.000177754688705589
-0.0004771231540896507
0.0003374309996248596
-0.00011331850732427057
0.00020476752543065977
0.00012612981537420546
-0.0016262389706417969
0.0001332237008607462
0.00011085317106960583
0.00010636309751939313
-0.00013648492753611587
0.0001607547985585191
0.00034264146531244464
0.00011100253617102646
0.00010171313272550868
-0.00019952404329314557
0.00018869763504942118
0.00031556160016562803
-0.000695877922434876
0.00011409889093827256
-0.00018274989470550747
-0.00017316299571467668
0.00022604918903951102
-0.0001337851840163028
0.00013895368231191214
-0.00011731966865077434
0.00010098696090764084
-0.00011278201612290572
-0.0008095447484632268
-0.0003163357739232262
0.00016257623517729875
0.0003412475210728586
-0.0013285995692497961
0.000214057252784384
0.0007800880644715887
0.0002181663186709085
0.00010978222291158332
-0.00011862923287183285
-0.00021265453003139608
-0.00013862497119919076
-0.00010201070838586091
0.00011232601827794591
0.00012497782403938322
-0.000122114458581435
-0.0001042383660638296
0.00012009249662877994
-0.000157768756083358
0.00012212101188400617
-0.00013227205662232576
0.00014897400126980475
0.00010309238774371392
-0.0001153545521003488
-0.00010418872458088886
0.00016952763653885216
0.0001279190302041259
-0.0001253854640450363
0.0001685798725324835
0.00013440162751729513
-0.0001291602001230788
-0.00016344210789883033
-0.00010236019444998318
-0.00010121713912578707
0.00012807377268116035
-0.0001429933337280625
0.00019101072581162776
-0.00010029980828546549
-0.00010787106462973635
0.00012483279483308844
-0.0001528185791371683
0.00017331883891169854
0.0001028507263359227
0.00010202988034221328
0.00010649821257484993
-0.00013236184107512464
-0.000161021160600327
0.00018868256486728765
-0.00010138390557468874
-0.00010754268885197529
-0.00011194721421446819
0.00014607821622529757
0.0001609638607611069
0.00019856710286652544
0.00010889157879664231
-0.00015023028254186155
0.00017437215702967933
-0.00020734257800031266
0.00010052594988036862
0.00011262650563730628
-0.0001654016262313981
0.00016673181633151824
-0.00010203787312249025
0.00022756187365958555
-0.00011249115264206792
0.00013638843598011573
-0.00015933567649635352
-0.0001645686017589126
-0.00011107069964414459
-0.0002220422302518529
-0.00012415382346313723
0.00012612261602527118
-0.0001620094530681357
0.00018816524063866244
0.00010147710940613903
-0.0002359102139951397
0.00012554343376379757
0.00012656976093790325
-0.00017515642824621823
0.00017903514477659734
0.00010067989578629628
0.0002712798251317082
-0.000106309879332854
0.000267697882571662
-0.0001532761545900183
0.00032179784824335546
0.0003408997258085187
0.00036124508834720325
0.0003709728012609145
0.00038030161289512776
-0.00028837319124699434
