0.7487076205427871
0.22972013337572345
0.10178327364647338
-0.07732547131410752
-0.4403133382099829
0.22101275657521088
0.12832438287368442
0.12286209270074228
0.16783204071045996
-0.02963364627953398
-0.09377912095252804
0.0547215817890547
0.10436919277286033
-0.05398352164319557
-0.004265374921486685
-0.06369781171809752
-0.05090778782522854
0.053310792887128026
-0.04393323268541508
0.009240459732834242
-0.002203426177131066
0.010831318335006206
0.07470570605260429
0.005428148062461
0.030213707747739734
-0.006212757298436845
0.00484928873186758
0.00028159943892853626
0.005548447211273888
-0.06610346038490668
-0.0195380825685334
0.00020530263656381152
0.001027889356163963
0.016455409625729875
0.0002884391735463076
-0.007399656361543735
-0.007523749809686639
-0.05849056476647987
0.002546107957696793
0.0030271077882300214
-0.015257763198244309
0.0007992523011354292
-0.0007788240105728965
-0.0020786241892440625
-0.003773567141870452
-0.0008444397468335584
0.008089875813999916
0.04730616586327362
0.006855037891800533
-0.02387119927067105
0.000906935822737973
0.012894183883223467
-0.0027019124569431898
0.0012268120779574294
-0.0013183145690780693
-0.0030740661607613056
-0.0007816205569025907
-0.0008202248056107901
0.006555852102671202
-0.0022264690083596524
0.04626789282986807
-0.00012823735289594268
-0.0035792480613991975
0.001478180571249916
-0.01054856837575756
-0.005558920919877945
-0.0005019014106395832
-0.002059600379171167
-0.00022976946896878376
-0.0024306771065267926
0.0007950074191947487
0.0040321502433581955
0.0026407146684372293
-0.005898909775737198
0.005928646887567124
-0.03914275664475858
-0.0016992797129938865
0.008791481879488538
0.002194736457792741
0.0018800751378086576
0.0012125028409648469
0.008033895399235835
0.0028392345588507607
0.0003111748006571884
0.0010298648329029115
0.00048448828380492193
0.0038093781781546234
0.0003766821200574153
0.0021609041004441365
-0.0009428503777727405
0.0037826819493311306
0.007811952492291506
-0.03344585392338768
-0.003310935750812662
0.004999786851004943
-0.006168839070942738
0.0014587732367166036
-0.000409689533941149
0.003255543974863835
0.004984631251012735
0.00014731079293946208
0.002558877899838058
-0.004862912922993628
0.001297781900575522
-0.004682833966074437
-0.0016978032997377757
0.0004133307683654509
-0.0005693834040361605
0.00012051934746756415
0.029736177783044788
-0.004334241913609787
-0.0037631355341612733
-0.007015161822662328
-0.0004933954009550248
-0.0008273116633971822
0.0014789966597791681
0.003389910895598959
-0.0015927662859181592
0.0007632687384784808
-0.0001395515650977368
0.0003475064471306991
0.007916382278952217
-0.00025566263944930945
0.00017252913746634588
0.002162303442401248
0.0003545049457666752
0.0026555569029152767
0.004055601726826025
0.008419616645710271
-0.02470015737465054
-0.00012825993794092928
-0.0008880752382089444
0.006155977558229403
0.000564743678825645
0.0014122849265613153
0.000320727020527379
0.0011358233251403916
0.0026952996776697952
-0.001377989909199673
0.000128039370904284
-0.0012340805216342443
-0.0014518878575571167
-0.00353163126281044
-0.001786179788064349
0.006076094002695171
0.00012085169011507527
0.003108355503461093
0.004034074139061674
-0.0008332763101016856
0.0013427906804773944
-0.022924785068281314
0.000292724561363708
0.0006217829614820769
0.005260816802871518
-0.0021165992818544008
0.00039136816474341266
-0.0006879611728659257
-0.0028155131591128496
-0.0008465728244764371
0.0007732554186062522
-0.0009941900337275985
0.00026224270098276737
-0.0002132356555192413
-0.0023039369037996514
0.0008390412739841818
0.000646646228667047
0.0039842796440990105
0.0017959903136002303
0.005984612695549307
0.0028323432706773384
0.004624185525607907
-0.018999913896962584
0.005546764016816976
-0.0003973006215806218
-0.005182341340972588
-0.00016532948218622297
0.00010154303602016973
0.00057035558595344
-0.0004045879062761132
-0.002536453923573626
0.0005394395911019839
-0.0005136055991556772
0.0001941362959113071
-0.0012399179557876102
-0.00017794662457950133
0.00011058143233449704
-0.0004909924774002577
0.001527019384723186
0.000576729774679036
-0.00012398592177393183
-0.0005130791284727468
-0.0016567856042896535
0.0005808714940466616
0.0013902412512923027
0.008115005322206222
-0.016537646850819158
0.00639418228967244
-0.0001128674095670115
0.004609585458741242
0.00035119027420139274
-0.00048278303744456153
-0.0001648217366477718
0.0013972696661165073
0.0018027183709717692
-0.0008735844080118353
-0.00040390228544846834
-0.0009932772224273293
-0.00045909200587198153
0.00018943815498093222
0.0006467021855646553
0.0005024687272820816
0.0011432118564135105
-0.0003928501066682042
0.00079105965959581
-0.0006694551827540752
-0.006237136797748783
-0.0009672787868200476
-0.0004225335605597654
0.00826866857485836
-0.014020342998029664
0.002541379751841354
-0.0001228140243897756
-0.0042220312614845695
-0.0003595453115214136
0.00040396578637283957
0.0021746687826834734
0.000516609979459106
0.0009957374614062708
-0.0002721517124633706
0.00020073102291267225
-0.00027355040058648283
-0.0004536482861059267
0.0010680569792865602
-0.0002403154498452029
-0.00020346670810939156
-0.0007685288270308247
-0.0003718282219203468
0.0006946670014569046
0.0002001301936557584
-0.0011364563428720945
0.0016745016970756272
-0.0002570659212395072
0.003372530117807356
-0.014640985725484145
0.003238457222986076
0.003677294732376264
-0.00391432647434549
-0.00044172329319954416
-0.0004710853880205933
-0.00021285614690076145
0.0004519396649419434
-0.0006085344847235889
0.00041348459014013564
0.001828041961764185
0.000365539122989697
0.0008305616034883618
-0.0004905300228223786
0.0002153829155627896
-0.0009853715179812565
-0.0001441729608127428
0.0007893440123404664
0.0005305652894697737
0.00027355357693444255
-0.0001007023168741398
0.00020024180787305636
-0.0006696919927025387
-0.0003071896984277289
0.00088999610370026
-0.014273197293176271
0.0006041254339958039
0.001614025926655579
-0.003803445738781982
-0.0001656984500618883
-0.0005266989824864336
-0.0003458191926226488
0.00015189176116511949
-0.0017367791555699115
-0.00018954556978098517
0.0008180169289989686
0.0005311756122195441
0.0001429959069441484
-0.0004324685900515242
0.0008840933174029281
0.0002156247300006531
0.0006314525214654876
0.00012118467064704924
-0.00044099664962151834
0.0001714385566035056
-0.000630546290159456
0.0006809276730611996
0.00047037892790357426
-0.005846392629067561
0.011503388446814486
0.000250129670638042
-0.001440372128788231
-0.0018254157753226923
0.002979123966264906
0.0005815542826479285
-0.000557174157321598
0.001577291596390922
-0.0006457666582771749
-0.0006260152720327109
-0.0014791651739846842
-0.0009000652675270836
0.00016321262196978566
0.00022274863979677664
0.00013240146891794832
-0.0001525869719947737
-0.0008525884892331084
0.00013642520346106185
0.0007077650979871186
-0.0006076477710738918
-0.0003481331547974569
0.0005304273278704278
-0.00042415093449368413
0.0003104164139844079
-0.0018228985051533264
0.01153150773928769
0.0002957362639378925
0.0002860535406832008
0.0006152117337068967
0.0024796286603549662
0.0009109514167219149
-0.0031191306545005864
-0.0010562585791193257
0.0013385205102431255
-0.0002559984072160483
-0.00010559312019795687
0.0005286358241825187
-0.0006738753656491735
0.0001771192789256176
0.00014429870933753292
0.00016388278246254258
0.00019933675974321828
0.0007990477537799912
-0.0001499786176188933
-0.0006095542266599063
0.00016887465782893914
0.00011813409226139283
-0.0002538049036796946
-0.0005278812558032501
-0.0004535002000804204
0.0003285735281783947
0.0003113336509331501
-0.0002642353009318701
-0.0002410694741364241
-0.002875754569421297
0.01023240590201806
-0.0010107498077223675
0.00234804506652474
0.0003798438617281621
-0.00030421625449313035
-0.0024388730665267826
-0.002132677517558087
-0.0002929758504445291
-0.001210413680037938
0.00022729488248050784
0.000893493143537187
-0.00016041872125176692
0.00013273043650381618
0.0002590220467585299
0.00032649027991944957
0.0006896522722457908
0.00047612470160720373
0.0002808265301887526
0.00020124250586295382
-0.00013598293818794168
0.0005305511578486233
0.0005187742964131973
0.0003636053594987456
-0.0002769171332572708
0.00017693528676721007
-0.0013535048157265177
0.009642885279237385
-0.0009349398661842619
-0.0021210924435554205
0.0002705595311745007
-0.0002464080214109802
-0.00046133879400679146
0.0011008398930716355
0.0013601367629472664
-0.0010730569032163203
-0.002486146832377295
-0.0007022733258939839
-0.0010482474796974538
-0.0002579761611394081
-0.00026163959413868213
-0.0006148173395287492
0.00020749493497464186
-0.00012581387818700582
-0.0005119256182266815
-0.00020762451299571107
-0.00012678127431577736
0.00021581538066799174
0.0003113495619300619
-0.0003802322108841145
0.00042510945117761454
0.00011317581669294853
-0.0003624592746964376
0.00017975316860735055
0.00017013748808718734
0.0005336911240346426
0.008407290524100781
0.0031622273210185617
-0.00021813743344597326
-0.0008463286020484512
-0.001774818168283343
0.0003688302371976313
0.00017885390037180153
-0.0004734591182492386
0.0003838182933529697
-0.00035241048109015084
-0.002251890013921047
0.0015748719227833869
-0.0017123502449565191
-0.00030782494144191607
0.00021733985888163778
-0.0001870713257024166
0.00018560536587866703
0.00024335671183375895
-0.0005450426301246894
0.0005042248204734955
-0.00012542066104355922
-0.00027154033758776326
0.00040896335989203645
0.00036044817221656894
0.00012037571436051234
-0.0001763658414169048
0.0003300525206060515
0.0003612835994363792
-0.0003330156620993704
-0.00016265073477171458
0.00012364360409441744
-0.008249556568607954
0.0008060336677590846
0.0002924116500253269
-0.001659800064613688
0.0006854913529083365
-0.0005267269679296301
0.00034478198102615105
0.0001694287678322914
-0.0017756665877168621
-0.00025214262844332175
-0.00048751577969148043
0.00229258765750105
-0.0007335218323719238
-0.0007184099875987174
0.0003667683458941925
0.00024527285282623345
0.00011581564510491888
-0.00029763974732743305
-0.00042986090174597754
0.00048167163322254686
-0.00026491680268057513
-0.00037377000111703815
-0.0003445717033051573
-0.0001724059221535857
-0.0001686736991741391
-0.00015381177133920058
-0.00029588877472974396
0.00011822947004757353
0.00016565988364872588
0.00031553686768851825
0.00010709941988129819
0.00022888260681628512
0.0001860410153322302
-0.007685218148071812
-0.0016280107530211242
-0.00053742076614415
-0.0001302402300421556
0.00016723365793854967
-0.0008386776828551844
-0.0012910190268816942
-0.0003964029778003899
-0.00010534883725326498
-0.0003189140287282824
0.0015185656957755376
-0.0011145463678410618
0.0016657677699965284
-0.0003567665928139695
0.0003966658052996718
-0.00047902120968492745
0.00015802047534874643
0.00024045077263138174
0.00010497890747410532
0.00026361655542424316
0.0002939536829381938
-0.00033396605271965155
-0.00010325088296565907
-0.00021895086231706293
-0.0002676220380901826
-0.00027163197297213725
0.00010819831705140815
0.0003800211504974902
-0.0006417351346784274
0.007084438706949452
-0.00014593242422986167
0.0005467032934579762
0.0015745110736090616
-0.00014383658904403655
0.00019581891860209494
0.0003128933889934476
-0.0013315316752435698
-0.00028839335764265926
-0.00028867666532740273
0.00019341771709447954
0.0004156462933876602
-0.00033119280700310536
-0.002352115527422636
-0.0005415419231059966
-0.0002675812788410485
0.00017937390435954025
0.0005319043099497975
-0.0001270528165111109
-0.00010295753727863835
-0.0001298937728759882
0.0001691965258996407
0.00028564509186843436
0.00031675371465557953
-0.00021283054013031776
-0.00026957333640348406
0.0002260107199675987
-0.00017419165021786306
0.00012307542468434511
0.00026990780125938973
-0.001131902113211719
0.006528491723865102
-0.0005528573556705233
0.0014157081652178519
0.0001969334781240111
0.00019717468310859166
-0.00022845971377949873
0.00022726772264213902
-0.0002177241701009806
-0.0012294204859895875
0.0003516373720257489
0.00021583187522088932
-0.00020946940081043443
0.0005433445195285652
-0.002272478240911321
0.00034311830369033265
-0.0005617921127967377
-0.00019091184288930934
0.000305832538708509
0.0002853398976990143
0.00019586432626831176
0.0002598233809554833
0.0001978818881824547
0.00015866854492343775
0.0002850753933712694
0.000264316929106731
0.0003121828647828087
-0.00017170897055279844
0.006195430842445753
0.001318119867596876
-0.00015830424027912058
-0.0002499253642579298
-0.00013849619888577064
-0.0011803748503294513
0.0001890655358863248
-0.00011403895164310699
-0.00011927721376475312
-0.00017464349388204498
0.0004013393631297832
-0.000579142333042624
-0.0013724944420176097
-0.0013305193806088843
-0.0009665887031384643
-0.0001993589427527358
-0.00043033014417350455
0.0003190321690117701
-0.0001907097257441636
-0.00026640698563186086
-0.00027737865002718995
-0.00018734490351548475
-0.00022934867434020806
-0.00014296152067911136
-0.00018845122266971428
0.00024852930102383595
-0.00011513438385880244
0.00019247325482271227
-0.0001003835920250059
-0.0002678860642554928
0.00571494921000468
0.0009920532725526874
-0.0012232541623313543
0.00025834401049973366
0.00017651645945314533
-0.00010825245885060815
0.0010889485558952046
0.00018363517146734865
-0.0001495256525228931
0.00014201456314402424
-0.00024618100781410277
0.0002681730202682047
-0.0008877720902109205
-0.0002621580970181832
-0.0004537412962440773
-0.00014845635592067048
0.0019294570226305026
-0.00015536099708244493
0.00024235368713275296
-0.00010704960634594594
0.0002988288360745126
-0.00022800241478389114
-0.00017217848953146586
-0.00016877234715587748
-0.0001448790670565239
0.00016793152775331692
0.00011051197216897721
0.00011573454863471642
-0.005447771478745942
-0.0011312093415890765
-0.00019585355176315164
-0.00016728706611920493
0.0010268822507087825
0.00010474099099236197
0.00019738563822214967
-0.00017338747148104341
0.00016589395574523972
-0.00010160975507390436
0.00016536572356264171
-0.0006980781500528232
0.0002689061331497303
0.0019565451083209187
0.00016391909541089476
-0.00016959163587645774
-0.00017345797985344306
-0.00028954918333940735
0.00014614277865666943
0.00020947560720508334
0.0001565280560656844
-0.00014180310833459514
-0.00022026672351171966
0.00012255170796451943
0.0006155970443011176
-0.005039278576296244
0.000621052838269553
-0.0010559730176994571
-0.0002738988448383702
-0.00011523492881744107
-0.0009587507985183719
-0.00015994297585954383
0.00022613675241913635
0.0001441474995941197
0.0005973832963814604
-0.00010563088041813516
0.0013147513077195081
-0.0011096381086765058
0.0008381214676311741
-0.00019838168670025715
0.00032359829494989575
0.0002036235205368222
0.0001490196114663431
0.00012956109234415025
0.00020908212481921933
0.00010428204593986694
0.00010592810743944121
0.00022710746810356588
-0.00033979263456125413
0.004790152321838877
-0.00011566540539477902
-0.00015908254193904104
0.0010242967448384278
-0.00012487590252079195
-0.0009131046082996244
0.0001924187934074421
0.00014385154721550535
0.0005285404812269907
-0.00011160149417581155
0.00010121817186676539
-0.00010876547862989064
-0.00015317973543492732
0.00017298257495016752
0.0017300953216121424
-0.00039613190063658666
0.0001463738597280386
-0.00021590750970936368
-0.000297619265061358
0.0003458571417403659
-0.0001670639374551973
0.0001956775280867693
-0.00013934008309241379
-0.0001296120734556152
0.0001557633096189436
0.0001024107259283378
0.00019891199257885198
0.0003055032876135096
-0.0018907390428202606
0.004115256398693994
0.00010129577645074739
-0.000919448083662481
0.0001377267568661738
-0.00011527428420148169
-0.00015147190582476586
0.0008309052312183739
-0.0001574921202933188
-0.00011449563028743298
0.00012813368682972808
-0.0004965051040745247
-0.00014671823256475776
0.0002296525962733391
-0.00015398892599185245
-0.0006082942394033778
0.0010991995528845454
0.0010333389710183577
-0.0006795617183983792
-0.00017956803636929157
-0.00011337255339432957
-0.0001446906381880557
0.00018006058720513012
0.00017889059211530502
-0.00010079929092063175
-0.00020192604485755436
0.004274642655101368
0.0001463709155479447
0.00016044834734320825
-0.0008658104432580674
0.0001150012082390848
-0.00017618178804253037
0.0006987480245539898
0.00038003498390968963
-0.00020573297721164402
0.00010052006362678294
0.00045637772617943353
0.0001390632153316674
0.00017879352790155521
0.0001056981243256248
0.0005605874263168309
0.0004155318432278942
0.0004093561187375461
0.0014846353185211441
-0.0001242728468630634
0.00013840722375347124
-0.00016176739187976185
-0.00016595407516127144
0.00013980452287401575
-0.00013881552251297237
-0.00020607306182564078
0.0013574153301608616
0.003807359518616454
-0.00019099608984669898
0.0008064077872517051
0.00016726333221774774
-0.0007613854460766097
-0.00017166351087293267
-0.0004485565929835306
-0.00011643251607468171
-0.00012086131150203866
0.0003911006161380378
-0.0002202405327078214
-0.00020680540641631148
-0.0010242890513382497
0.001161067553723292
-0.0001312080558782134
-0.00016229414359820505
0.0001608717317620818
0.00016304177920495685
-0.0002194770156413058
0.00036056696980634216
0.0038141974616191284
0.00010877947964267803
0.0007494250183401443
0.00016192445239634923
0.00010753690318874537
-0.0007203875156151398
0.00016403312550595416
0.00013210287969238644
-0.00039888595756820076
0.00010877293761717317
0.0003424348595071973
-0.00011916069313621267
0.000557912450066179
-0.0014022778435482794
-0.00016415449641693717
0.00018983763854418678
0.00015274053329173394
0.0001210058911130821
-0.0004746970352763197
0.0036100967974826248
-0.0007113453125041091
-0.00011278994123539551
0.0006829063517391174
-0.00016776162505394122
-0.00012529598869907545
0.0001814675723373951
-0.00031998962880715176
-0.000140646615257788
0.00010689857666665363
-0.0002979815417160204
-0.00013292919321127773
0.0002375400830322144
-0.00014550259349853967
0.0013866831367584738
0.00032048508989642225
-0.00022483319528264622
-0.00013580280643981784
-0.00012036819221289412
-0.00018979667666902376
-0.003452014306768857
-0.0006307698911665156
0.0002020191503145947
-0.00010012157831988768
0.0006420506594220048
-0.00010232674532412526
0.00015422262895039987
-0.00010284185413332325
-0.00036171088956139086
0.00010136907975028058
-0.00026999678716086616
0.0001273558984205278
0.00019467996080820352
-0.0001816360462274322
-0.0011909154635053685
0.0005044370073295285
0.0002214473781143994
0.00041846967637843246
-0.00015212330340424709
-0.0001301004506661197
0.00013051863750595345
0.0001349406241276588
0.0032688654138343654
0.00027376514068285234
0.0005766068522706597
0.0002808482425934696
-0.0006202941541359204
-0.00014254277655431839
-0.00011569551758791117
-0.0003418381330686389
-0.00024703814352158523
0.0001010706246053775
0.00010201094137319616
0.0001326533661045538
0.00012742552704073792
-0.00011859668593224353
-0.00036330987641394356
-0.000408862384528825
-0.0006276251149037843
0.0010505039190135022
0.00011956170661708193
-0.00012593558923123364
0.00012070433774354437
-0.00010278829307060945
-0.0029391236360261524
0.0002608872805983327
-0.0005292639158116745
0.0008779061555841461
-0.0005965512807949653
-0.0005919834360153725
-0.00014790699384572458
-0.00032376738628132456
0.00010448865983484023
0.00023279830778300125
0.0002481889044848349
0.00013176035566982532
-0.0003936669152194732
0.0011985420390672856
-0.00015537698647161347
0.00012094213989149901
-0.00011987357472197282
0.00011477904360015016
-0.00015155440490207103
0.002973480877176214
0.0005594835020316288
-0.00010195576559813435
-0.0005599554934742669
0.00013719933741475866
0.00030646234921559337
0.00011081055380748744
0.00019011412052979745
0.00010947482411531942
0.00020599261140353552
-0.0008041259417286037
0.0008216797571158461
-0.0004579734631509939
-0.00010022390267347971
-0.00010651516944535876
-0.00010898209019130475
0.002838980245347917
-0.0005262011768477026
0.0005200438319555487
0.00010778120572866872
0.00012971179910151054
-0.00029199188599585786
0.00011335980505783729
-0.00020838437965671515
0.00018402654835829736
0.00011037894197617957
0.00013625203893743347
-0.0003298950513547988
-0.001074640860997462
-0.0002124527861269643
0.00023390962400881898
0.00015797159002539928
0.00010679468203873458
0.00010484715176122103
0.0002512893241199884
0.0026366156055136173
-0.0005565718108620493
-0.0001337109435687476
-0.0004977957764656551
-0.00010879601269293696
0.0004640662394222555
-0.000215099709521476
-0.00013895916483791583
-0.0002789974463174682
0.00019588107363858212
0.00016987023127490244
0.00014419572103576545
-0.0002082010026840838
0.0001456257174255795
0.0004016970825295541
-0.0007055948958269313
-0.00019661818333625627
0.0007148378883795873
-0.00019699270490299424
-0.00010022333351248161
0.002587763630116543
-0.00046797597850353143
-0.00010651682531089013
-0.00044514234977974183
0.00019501860619171275
0.00013848955377508655
-0.0002658179161477055
-0.00010312379043383226
-0.00018489413197177382
0.0001573763433184699
-0.00017918349644889523
-0.0007931646246045415
0.0007538550152604788
-0.0024202921535813556
0.0005165953018360295
0.0004551629823792906
-0.00046116883633287906
0.00010290215918945248
-0.0001339266450874501
-0.0002482042077087082
-0.00010074411236187288
0.00017044102791796277
-0.0001494352243541844
0.0001379613343241195
0.00015998252671198474
-0.00037849653928100503
-0.0009796098925457322
0.002364291820241382
-0.00043297442915421274
0.00043281553400138193
0.00013954939778633449
-0.00021709056634964182
-0.0001633703330233372
-0.0001299952169904981
0.00011152195421088024
0.00011885633170054362
0.00012861787059133972
0.0006429304830567756
0.000764311779686461
-0.00011494935259876603
0.0001665218806727692
-0.002258672757559545
-0.00011924612895700349
-0.00041395757681237153
0.0003668654750542381
0.00018029667453687623
-0.00014746843157843585
-0.00021879006977697376
-0.00010524038904512643
-0.000127370333820611
-0.00011857943492347314
0.00010028997273780013
-0.00016943713313324492
0.0002046942325051504
-0.0007617319815462067
0.0005849369650437332
0.00010168675573312131
0.00011194147857045432
-0.00014111349179313608
-0.0006516565220754506
-0.0019010851069770917
0.0007677067157935189
0.0004131789114991709
0.0003737881524442218
-0.00014648896349855916
-0.00011567205838659405
0.00020280348313441704
0.00011037077260541645
0.00010773667940517406
-0.00010971272645543122
0.00021056746586047852
-0.0008869344623488079
0.00032885712311670634
0.00011815964953715723
0.00010650818928195327
-0.0020598056913237513
0.0004060240254448095
-0.00013495695103013646
-0.00029350992483016927
0.0001811467139397271
-0.00017846916301379233
-0.0001253698466686155
0.0001286259211029386
-0.00010974594061656702
-0.00010815582171398967
-0.00017078570792425374
-0.00017110123724510128
-0.00042645520357973175
0.000680889772745296
0.00019736829694324236
0.0003921324319786259
0.00016068258172848208
0.00011348042915230595
-0.00012337805632878668
0.00016856260648578212
-0.00012599619270750278
-0.00028145852158390937
-0.0004081220599286995
-0.00153967190789692
0.001055023519639534
0.00043127653268061156
0.00015329534175832616
-0.00026477012075986554
-0.00011624401206901397
-0.00011871822041228582
-0.00022131729947786794
-0.00019288946274107838
0.00017581831960841732
-0.00012158654151181316
0.00011644090114796846
-0.00010585008371062517
0.0001568752540374776
0.00010113474289105287
0.00024417555488707163
-0.00041273879910718597
-0.00039761859805710576
0.0003807158962126636
-0.00027292454477890376
0.00019001374991507543
0.00031577970343026524
-0.00010881622577894099
-0.0002447636337602389
0.00018615449860910556
0.00013269608753565116
-0.0001273877629177162
-0.0005800448725657598
0.00029876995981482126
0.0002020196237386225
0.0007445447218566609
-0.00131216232731476
-0.0003482902702055401
0.00041673078150545565
0.0003768029791958459
-0.00037416826915651167
0.0002210376676210943
0.00018039239897751748
-0.00012245123054685996
0.00048458423949967094
-0.00010254660110404062
0.0001275986684584652
0.0001083848464359168
-0.0003199076168828706
-0.00021553278109226056
-0.00015738589965752956
0.00012639519592698832
-0.00013057375331634283
-0.00013034844312588908
0.00016170387255631864
0.00019280640219457198
0.00023386811092625834
-0.00018445165063753078
0.0001852670997137774
-0.00020983832041732647
0.00016454538511505846
0.0001312648164279509
-0.00017341801378457735
0.0002558447022366912
-0.00011900399588997137
-0.00019465748869443671
0.00019914639463589144
-0.00014336749625709966
0.00018993457692167466
0.0004774667718562166
0.00023430807837951178
0.00011681635303729665
-0.0003755296949789193
0.0003052489923475479
0.00010021957534118248
0.00013994217091316182
0.0005893083496594718
0.0005569549278457898
-0.0013737395421942213
0.00015256056274501242
0.0005642059363391915
-0.000644619000993903
-0.00014275901998624964
0.0001008207684134471
-0.00010421036483370656
-0.0002226083241124213
-0.0001010269932668234
0.00015721180354320272
-0.00015116314487279795
0.00015459546561687472
-0.00013332354500416202
0.00010347060729869154
-0.00012885068702768218
0.00019533285513220126
-0.00015841865534346896
-0.00011679739353843972
-0.00012545211621636982
0.0001290243115091335
-0.00018084425881515604
-0.0002511719008234725
0.00019229465911796908
0.00010208816975515393
0.0001617692179708597
-0.00013200832409611057
-0.00010424137411310198
-0.0002355039844694371
-0.00013102588665174928
-0.0001021813450496491
-0.00020261142446285788
0.00021308439182093504
0.00040276613723991934
-0.00028816819726929204
-0.0002633709646004153
0.0001454906116717669
0.0002624473437126505
0.0001479223136071641
-0.00021462282068209556
-0.00010544465305321074
0.00019375042853628777
0.00010216704362716822
0.00031244143571989923
0.0002036765921558584
0.0002708705804593864
-0.00037818314766604257
0.00041279830003280673
-0.0004307551066939727
-0.00041476361895326024
-0.0001433388543110607
-0.0001626442254291441
-0.00029855225024710266
0.0001353269535266053
0.0005479690251516069
-0.00041244264198069376
-0.0002085242844904378
0.00011874634609138677
-0.0009455872611668684
0.0001384054669878273
-0.00018402773377600395
-0.00031820199675735054
0.0003106178377530867
0.00025956514406366937
-0.00015828007806044893
-0.00029840803800126355
0.0001275085873355903
0.0002195123620794292
0.0001701941206746514
-0.00018981650899260275
0.00012937892442533268
0.0003121378593201434
0.00013324297160103525
0.00012347861410472505
-0.0001544714591291831
0.0002035356921654598
0.00013000020395545058
0.00010511586744639707
0.0001961821117448526
-0.0002350971250401008
-0.000175366507156569
0.00025594006549641175
-0.00026504697974552116
-0.00041968826284739466
-0.0001655619203419195
0.00017501230711105143
0.00014017871963370603
-0.000277989063858344
-0.00016103174329921342
0.00016887127017669904
-0.00010615169045038569
0.00021554437654117676
0.00013460443999318953
-0.00014117485735042849
0.0001853458021417952
-0.0001090994520068263
0.00030528110216112474
0.00018256266110502743
0.000332659405203646
0.0006278259524676711
0.0008124112193539223
-0.0002342129282374877
-0.0007418747698870518
-0.0003778868661862163
0.0002614140609800051
-0.00016655743805253263
0.00016255751279704522
-0.0002908912564244098
0.00010667050720566096
0.00025599937561316636
-0.0001838297597112473
-0.0001684869553984209
0.0001114620907947274
0.00045405490213021814
0.0002208472229794112
-0.00024677668263079877
0.00021704194419500632
0.0001760170700512134
0.00016068536313740343
0.00010454168685597729
0.00019766887707060507
0.00013501780408083493
0.00012405029053295924
0.00016263092302871
-0.00012390834063059718
-0.0002651062311364574
0.00010990581465675019
0.00015780180128478253
0.00020391251497107725
0.00013314338559399877
-0.0002868131397105187
0.00011080210622918125
0.00011424415111579873
-0.00010762721083644821
0.0003809035472019065
-0.00017834954872660664
-0.0002314672334097775
-0.00035967517588182375
-0.0003083721188921731
0.00022729621479043822
-0.00011242789703941835
-0.00021386534221349825
-0.00039040423194643733
0.0001449636086095403
0.00016037118258145145
0.0006427695354101427
0.0005604487375399212
0.00045030611028552136
-0.0002570819067848325
-0.00010706571749768825
0.0007248612396442528
0.00027640870680096635
-0.0001817829073105253
-0.00030404491813868596
0.00022579303248548106
0.0002564963334641808
-0.00017164627096153868
-0.00021699815758340134
-0.00025831658523921866
0.00016370067155916006
-0.00043053416339450707
0.00020558086550860646
0.0002422954165881635
0.00021824337164598278
-0.00011339292871226856
0.0002615220401829236
-0.0001290482889311094
-0.00016148526682838976
0.00011240551032409978
0.0001408589245804964
-0.00010606931125139265
-0.00015356406024457492
-0.00014740207111144208
0.00013604081434840206
-0.0002213337102715859
0.00011289519074472676
0.0001634545678565105
-0.00017736274705379846
0.00011525675018639271
0.00036495762377334196
-0.0001172177229251148
0.00010532722683187825
-0.0001320391588563992
0.00023047571756796496
-0.00016218818833888297
0.0001994115094878312
0.0003947555802906171
-0.00019591582194263866
-0.00022790550242893695
0.00015014748286862182
-0.0002746454195220646
0.0002443119117959322
0.0004972401579018148
0.00029003658000445866
0.0002705591562947323
-0.00043647973725490495
0.0004286272118475625
-0.00013913720213920767
-0.00041683478482325905
0.00047554058150064363
0.00022615097402395328
0.0005258209513885159
-0.0003445918714330129
0.00031068316310781704
0.0005804787592469668
-0.00015786719525485329
-0.0002917206753767185
-0.00021297713079260528
0.00014531187399707897
0.00012513218953758774
0.00011799358388692784
-0.00011503406946886723
0.00014659645086782244
0.00027330506411961966
-0.00011364731725523566
-0.0001427391681582248
0.0002582246344121545
0.00039594501646037
-0.0001639479179411482
-0.0005402610332639142
0.00023674791430752906
-0.0003093449079926963
-0.00014937303224738137
-0.00017599490573018588
0.00016200923630895975
0.00014737376696040657
-0.00029846356661005613
-0.0002851129946864595
0.0003363784386147462
0.0004221059153001552
-0.0002835272193634278
0.0002254763161357601
0.0006916051140859345
-0.00010486171389584566
0.0004821586731897881
0.0003277828377190566
0.0001731884527243579
-0.00013815656546531385
-0.00047922443929960656
0.00036254960015944866
-0.00022184151523799812
-0.00017834306235087527
0.00031764720391204437
0.000261837133994814
0.0002734004834011781
-0.000169358349998303
0.00012371291472513762
0.00010158502728580413
-0.00012069038755238744
-0.000208469109195088
-0.00020547156739589742
0.0005000014232282377
0.0003672804198135867
-0.00023109140990412545
0.00012068572022058424
-0.0003031031368882737
0.0001026467659739736
-0.00017099886890891892
0.0001898080683608127
0.00011494645063932881
-0.000540140398280765
0.00037333300710396027
0.00016683870929015376
0.00011722662451076704
-0.00010090698326238618
0.00041582957202128173
-0.00015336744920271646
-0.0004347000126942092
0.00014293663099073823
-0.0005733405573789959
0.0003080172805571633
0.0003955519154693565
0.00025362002615610254
0.0001657067611443401
0.00010226655761491225
0.0002021699369959314
-0.00011979705447770893
-0.00019159018439272632
0.00010684061610739695
-0.00011001509929037884
-0.0003921404080747268
-0.0001298701776288469
-0.00026056934111944616
-0.00015144930878290523
-0.00010638123092160102
-0.0002449198923492516
0.0001179839229454966
-0.00029607791106588837
-0.000187775643729159
-0.0001490826270843823
0.00016474457195055767
0.0004071927611260259
0.00018211228695377995
-0.00015994085003205165
-0.00029237577250846257
0.00036723885747516816
0.00018164837293607004
-0.00011657026814076105
0.00010556291421941738
-0.000216672329215496
0.0005112628862889156
-0.00037395486977112477
-0.000474388915622926
-0.0006251453859931516
0.00048786604931404655
-0.0003130714358427108
0.00013006430729528727
0.00013418406588774597
0.00037860696246734283
-0.00040801241891560383
-0.0002341374039463088
0.00012138554301843771
-0.00017747936250173048
0.0003735417988719424
0.00016987486069430487
-0.00011137605297869562
0.00011094677435155044
0.00018869097189494718
0.00010376896932749806
-0.00012847106088018112
0.00010050459282284542
-0.00046889351737051683
0.00012313128138190815
0.0004800441257193848
-0.00014110577505649198
-0.00034673559280846706
0.0003764979793184949
0.00017316728408685504
-0.00017149992548173178
0.0002654461153907288
0.0003138122505845445
-0.00010755645211200919
-0.0008725223414773001
0.0004614122151152302
0.0004964222864209047
-0.00017684241665303412
0.0001410719834189773
-0.00011555547626733963
-0.00020676447917922274
-0.00017437402232843785
0.0001148198229740991
-0.00014268049522366203
0.00021978986455480504
-0.00011083742688580392
0.00010686447579655619
0.00018068594457545606
-0.0001396326873669566
0.000764833328520375
-0.0001428243177652464
0.00015941383713797796
0.00016051283575860978
0.00043679645395926805
0.00024381618172239188
0.0008384412067941377
-0.0004705552043604197
-0.00011883185718036616
-0.00013756482545416987
-0.00031143922862851526
0.00039772612023802667
-0.00017568531478714245
-0.00010067087712060326
-0.0001336500194487963
-0.00011203168091139865
0.0007977978721919792
-0.0002534318914756024
-0.0007308577709028397
-0.00017111627805362786
-0.0001291215405776083
-0.00014751348428742385
-0.00011970746531240776
-0.000184172634945013
-0.00012292491403620903
0.00013409911476785035
0.0001535299667770753
0.0005792452749098925
0.0002053507155062676
-0.00034062859188667513
0.00013356318896761357
-0.00045207252289181815
-0.00013021708793736056
-0.00013813183251483365
0.00020814697041508025
0.0006224087680470717
0.0006418958721855263
-0.00010260380139530497
-0.0001262697937733845
-0.00018053593344562636
0.00012664960698381737
-0.00013839160116513988
-0.0001790525447513188
-0.00011204988440883075
-0.00010455172243032442
-0.00010153952042178499
-0.00018953094369779044
0.00010458970677230803
0.0001167016981146994
-0.00014660711716208452
0.0001932023599729848
0.0001440254089232261
-0.00013780552234909357
0.00019320983925840367
0.0001151923135449621
-0.00010891946709048614
-0.00015105880580626346
0.00020564357845056808
0.00011318011158393801
-0.0001268499613174225
-0.00012334988656304469
0.00021146850156530223
-0.00016815051302518822
-0.0001562871244359602
-0.0002180703836585617
0.00012713909954638282
-0.00012793234150471536
-0.00015463730992442887
0.0002235729787116969
-0.00012579028679398624
0.0001333341208573603
0.00016580881169620207
0.00022932982872243308
0.0001284564659594729
0.00013906365579825344
0.00017468169444540422
0.00023688778042935916
0.00011086300402691656
-0.0001527836692272018
-0.00016886369022502728
0.0002446183660896529
-0.00010789311995620598
0.00021380658140371698
0.0001676064202805104
0.00025135923621041954
-0.00016094158277510655
0.00013433147189959922
-0.00018576901704158588
0.0002445810435781183
-0.0001546555746871056
-0.00014418956983851153
0.00019628224950657015
0.0002673330551209298
-0.00010604516499342213
0.00014611977059516326
0.0001632994069194089
0.00020241643632527975
0.00027170500058817606
-0.00012242564873379998
0.0002445580534009489
-0.0001967327036715137
0.0003171829045982675
0.00032965956707492174
0.0003624149927247741
-0.0003727303058752889
0.0003900409042514445
-0.00030172892145905876
