-0.790418400782265
0.2879678260710708
-0.23949475869141207
-0.18653033573973124
-0.01451179118606448
-0.1540261444120541
-0.0897031821900704
-0.1096965445301062
0.007973514446591239
0.11665620153919602
0.09769121705500365
0.06095664555485367
-0.0007075340385037279
-0.004495036793549581
-0.09507874618097013
-0.039853692943279735
0.0825413782071201
-0.03288109154076845
0.0011103372456226055
0.0027152318116563786
-0.0808707469070236
-0.056565724274868216
-0.060356722407249756
-0.01758770762319515
-0.0002238244413800385
0.001399965564758971
-0.0017563934800251266
0.07074115503797312
0.01944757362419049
0.05937926930386784
-0.0400970192889499
0.009534158715376446
0.0004768296635944054
0.0015665187781044052
-0.0011846649301791605
0.06312088453860969
0.03349427304736243
0.05234865371971512
0.024983833305089784
0.005374880489342311
0.0007549874765619975
0.0016030760132465043
-0.0008134244208131998
-0.05715817056831478
-0.00998610722570592
-0.04153692137814054
0.040757649384827316
-0.014932053058393822
0.0032480157435684606
0.0001526827933035012
0.0010088385945141306
0.0015520323717147662
-0.0005500259445843444
0.05235262545971544
-0.01998987445724189
-0.04241912913833781
0.028964214220976774
0.008708587173804384
-0.002156974184257446
-0.0002782380443300807
0.0011930211114736435
-0.0014605252764047978
-0.00035292414517043954
-0.048388159793702146
0.005360397382555797
-0.02845489673999603
0.03759858422087572
-0.019283134532987942
-0.0050387658236053946
0.0015844491167099416
0.0004521812648759003
0.0012851546448975903
0.0013632890526874668
0.00020016684385223968
0.04505535502328492
-0.012104956109604575
0.03293170527248744
0.029836307115133662
-0.012264144438315399
-0.002949639708972759
0.0012697791887294788
-0.0006712316128843076
0.0012842831402045183
-0.0012775952335367237
0.042210084657654176
0.003012721674799718
0.019315368134602228
0.03265528626462717
-0.021756230411569395
-0.007566894111637264
0.0017908809260427515
-0.0010829291188779548
-0.00010935833152947697
-0.0008962235316538716
0.0012061129360786973
0.0012062222715690024
0.03974950921174462
-0.00752804072845176
-0.024904049935747054
-0.028577061469311278
0.014902461577830359
0.004593404068561861
0.0011591349228753784
0.000959023993428212
-0.00018165024731583673
-0.0010700437670848326
-0.0010928952922963516
0.001146552914710523
-0.00010562831930893528
-0.037598095487774305
0.0017811939893384594
-0.013207427198027458
-0.027263605649087846
-0.02259888126277199
-0.009757726169091173
0.0027876392130522115
-0.0008170236094277957
0.0008668284659426384
0.0003049981902492408
0.0011655867440144609
0.000986433643798629
0.0010959446914354757
-0.00017629698139758244
0.03569916364851413
0.004868633404145215
-0.018665540102579044
-0.026046563210831222
-0.016516463045107038
0.006192830106406198
-0.0017256742175979268
0.0006301953251690518
-0.0007920908168179576
0.000517482628498605
0.0011665483522303693
0.0009021306367658202
0.0010525012892482004
0.00023724318225095813
-0.034009367296621976
-0.0011161637493668525
0.009258504245073523
0.02227533675392757
-0.022173134038141327
0.01138094255780554
-0.003860064674057036
0.0011161086130552838
-0.0005244622134269768
0.0007276136074717013
0.0008080895576081836
0.0010394452772642298
-0.0008383460712365363
0.0010147402034322592
-0.0002908905660251283
0.03249496890651884
-0.003317329550714326
-0.014126532138087396
-0.022995354662362886
-0.017176278479913876
-0.007511469940210017
0.0023978415876340048
0.0007703934475033917
-0.0004588148277264275
-0.0006683664762928454
-0.001033877413611364
-0.0008455897465172699
0.0007894245300760018
-0.0009815010510978797
0.00033909928875263583
0.03112964267735662
0.0007479213648773413
-0.00675068148745983
-0.01810412419387986
-0.020922423263236786
-0.012382944261727431
-0.004810740573186288
0.0015086600719833496
0.0005707627840672657
0.00041023702589211493
0.0006109009377879704
0.0011410571802613822
0.0007007571715383067
-0.0007509866675031523
0.000952395436087311
0.0003832718220330232
0.02989539156041592
-0.0023661206665397524
-0.01074847579212026
-0.019898158354833443
0.017256400233593008
0.008510117583380853
0.00302273187627218
-0.000971253929749433
0.0004452000768704591
0.0003667364979068518
-0.0005546465984546441
0.0001541385420642415
-0.0011819901282817617
-0.0006184558942779745
0.0007234143398241432
0.0009325724032471861
-0.00042747309779745714
0.028796353017079494
0.0004868854081280421
0.004483986619724176
0.01331268402681449
-0.019613096062358747
-0.013864550718279666
-0.0057728202000572664
0.0018630897689563292
-0.0006244196262334218
0.0003480139447656359
-0.000321599262889803
0.0004995831845705265
-0.0006915800410121425
0.0010424693497454868
-0.0005909341611094851
0.0007263205009950116
0.00096022907192085
0.0004970706444571062
-0.027918765662155093
0.0010341586857148621
-0.004493540107511632
-0.011381972028928433
-0.019309020100222857
0.013268001803145623
-0.004080446951926465
-0.0010122240525551475
0.0003209677004798022
0.00023137838972368534
0.0002581351398463133
-0.0004368617555705639
0.00010007405784674084
0.001452514852256511
0.0005008087645718604
0.0007023809675656264
0.0009225752814205799
-0.0014010139121934185
-0.0009828624617341866
-0.02755859943596676
-0.0006603372198482295
-0.0019744725527372133
0.004567740270889209
-0.009872241294010509
0.02099762161287174
0.002795366697830407
0.0002132317039504371
0.00018778986649864573
0.00013062728332267394
0.0003429685031747916
-0.00028524514362119794
0.026305165974095376
0.0032253820107574624
0.010320840970325018
-0.0031780949089687325
0.0017573186173913409
-0.0009806023040584378
-0.0004577319332452719
0.0005460609341252635
-0.00018345217851564011
-0.0004961347422852888
0.0010421565961009757
-0.0006103041792581811
-0.003322316724110756
-0.01483940255139015
-0.009153806752558889
0.0015695294011679568
-0.00045634019157416133
0.00022426634556437864
-0.03157275762830241
-0.0015459291976347286
-0.00019001297033202869
-0.0009077954552328116
-0.00022973998735501244
0.0004313143517213784
0.00017031812107835503
0.0005415914850139528
-0.0002907258823997429
0.0008438125275467027
0.0004404056761494885
0.0008403913947983955
-0.0010365171247631575
0.0017524140866249651
0.009130077996499128
-0.0010814473063486632
-0.00011956146318716694
0.005836486863188821
-0.027603350311437857
0.018522622072619836
0.00029625305906331344
-0.0009900926141386205
0.003621241824439241
0.0035904344279537605
0.001078163765795285
0.004128384210737462
-0.0005007401569921036
-0.000258914192692072
-0.00026515091877734204
0.00013129719750998848
-0.0006433478591303118
-0.0004616117399229309
0.00048480909394548946
-0.0038657409943668075
0.002621408750712178
-0.0026072118264526653
-0.00028990338327272946
-0.0003064969394391303
0.0008295724677798647
-0.0006064550347144911
-0.00014930214685197324
0.0017350997249956691
0.0021430615341808353
-0.0348366616858979
-0.0003447488363686465
0.0005206776536023966
0.00033435414657678443
-0.000308599364453396
0.0003147829250597094
-0.0003893338574711573
-0.0004231122226812385
-0.00198745256869071
0.0011708707393450826
-0.0016575271013474946
0.0003034565805955562
-0.0002454359050611503
-0.00024282132413922436
0.0001732845863871251
0.0003740802184175305
0.0013209130554178454
0.0014098971128708791
-0.03481516307356231
-0.00017034749269194792
0.0006918142234981379
0.00050783067717946
-0.000456875321764594
0.00029838515131913585
0.00039360143435721023
-0.0002676663827738984
0.00034403252478391557
-0.0010858039092358591
0.0013493401359657548
0.00012365797447380837
-0.00021073720423103902
0.0001486422412322542
-0.0001709289431419701
-0.00018550175008208834
0.0004975205616488266
-0.0008341545099490334
0.0011299120123505293
-0.00015622866890058112
0.0016446254895435832
0.034215477941102614
0.00041376352840856185
-0.0017556618298958917
-0.0020247202276771803
0.0015385606358913713
0.0007122394927242708
0.00032034394766874
-0.0004722319851529441
-0.0008908843990122111
0.0008295825962731174
0.00046976464706939433
0.0007214444126840046
-0.00012026510624399878
0.00010928089201006676
-0.0002537269651997376
0.0004321438813983504
-0.0007139349821296052
-0.00031995584075464426
0.0012163943499632853
0.0003738618222002157
0.0017702502636445742
-0.00016114113209432962
-0.00010839952465701762
0.0001246807104503925
0.0002252442649427144
-0.0002802064445247159
0.000505503218019127
0.020184419198902778
-0.026951794630015753
0.0022636992264266167
-0.001441037641764045
-0.00018235282465965493
0.00013725874251761626
0.00015245545851383092
0.00016968996972028275
-0.00033399968055415695
0.0006447896490163055
0.0006559727644296893
-0.0006489973008264061
-0.0007692668166138281
-0.0011581740335103133
0.00020697234168342882
0.00030577862243755526
-0.00019311788069088413
0.00027647627725885585
-0.0005730418138820342
-0.0019828019330707016
-0.0006242827238052643
-0.0010574523827414511
0.00014856656275754126
-0.00013531290451857423
0.00012333048163982237
-0.00015416088297112729
0.000208360559628115
0.0004155327044375322
0.0008728268404476487
0.0003608923818597952
-0.0016290631401022213
-0.031021175216939017
-0.011362572406505064
-0.0012986837112303649
-0.0005416797753308311
-0.00014605308439248323
0.00037733375926275427
-0.00016750026124765334
-0.00015553475613141153
0.00023909599746880491
-0.0001290840819693415
-0.0006068571306457424
0.00010649185765125521
0.0011625002875888983
0.00028410913998546967
-0.0005847216671945118
-0.00012017198928984667
-0.00010061193740267564
0.00018889698992878063
-0.0004023472370884824
-0.0003389790434446086
0.0003517774739431183
0.0008539081316652882
0.0001961184213083518
0.0018669081636794084
0.0004623506458382127
0.001119612744054226
-0.00021782503828834843
0.00016433950185249088
0.00030063744111015733
-0.004452561112611913
-0.03204323295098776
0.0022000917981661555
0.0003277187340077787
0.0003221189759123302
-0.0009933826698765797
0.00017788471201894183
0.0006594407979321634
0.0005930052721526016
0.00010203869760158225
-0.00016481905868576027
-0.0009248043986216667
0.0009287523334412577
-0.0014693295547484003
0.00034334612678626065
0.0010688131930817308
-0.00041028939638951896
-0.000938775889655581
0.000203373799539615
-0.00010482488917812036
-0.00015918469092434412
-0.0002851558148706453
-0.0007153458230478969
0.0001850520550390828
-0.0014250704956869306
0.030673295110214976
-0.007576733257994649
0.00011336623354648868
0.0022751354609001078
-0.0004178362351676107
-0.0003403864781370142
0.00013971763131552953
-0.00012031094233216211
0.001070653520034485
-0.0003241523443125168
0.00011875952844418436
0.000405533824388752
-0.0005572288459389915
-0.00015474254315172222
-0.0004259095841077162
0.00011628372543779306
-0.00010381196436567233
0.0002462933382352987
0.00020085144445949706
0.00031424940030027373
-0.001359032943944332
-0.0005500577530589065
0.00012400277553437412
0.00047387561674859584
-0.0015336417800648468
-0.0001380030146418269
0.0006745155269964071
-0.00014438842259985074
-0.0004919132588749569
0.02174502072716943
0.022113432311817366
0.0006194737440358076
-0.00010445594746425701
-0.0003470459998968069
0.00017380424041418482
-0.0002457203269820929
0.00017938012902588298
-0.001035886279561093
-0.0006786846303022736
-0.00011037557085832352
0.00019495414165419982
-0.0003781486789615054
-0.00046132224359824586
-0.0014883569763168144
-0.0004776224121749696
0.00022945590396044273
0.00029139171827089
0.0013547020741350032
0.0002968208579863396
0.000658805113290054
-0.00019611423341965407
-0.00012055211330151314
-0.0003181813538251698
-0.00017403221684698133
-0.00045751469664592976
-0.0005793626175452991
0.00020891421593159388
0.001184029489298904
0.004419682179464755
-0.029959512284482567
-0.0007142515271515373
0.0004895342107756132
0.0010083256334043763
-0.0005625970998083982
0.00021578401255500647
-0.00027010640207646294
0.00010097586244250626
-0.00017093086589639996
-0.00010359800570914269
0.00010722552451373403
-0.00020043448544454203
-0.0005253626047403207
0.0002676208355428711
0.00032400891872609876
0.0007083530175686464
0.0013746206778704033
-0.00040565868858765265
0.0012815171649945816
0.0003285488640181198
0.0009141956625231808
-0.00018699241311574287
0.0002076377043427859
-0.00027416979015172204
-0.0021870714087624623
0.00041875700162591356
-0.001440691934584589
-0.0005263723453361978
0.00029183511156366044
-0.0011150158883916966
0.02946886000040489
0.00031807611260515625
0.0002738918395655721
0.00045258148444179557
-0.00041303130315214413
-0.0001445363205426171
0.0010984219052651107
0.00025378722236425256
-0.00021051884680110892
-0.00026378591304478853
0.0006162622214095169
-0.00013666447106426517
0.00016818180158809575
-0.0004165765339185426
0.00031465117831877613
0.00011631007464892711
0.00019096637160442826
-0.0014655054180349068
0.00018218423096905178
-0.0003011339202698309
0.0011982077319673018
-0.00020497894775276987
0.0004370644010729071
0.0007256512752262156
0.0005936108971937866
-0.0014678441795926036
0.0003707019983151992
-0.00038333897247685793
-0.004015034724335799
0.028538969798543565
0.0020775151763315373
0.0001866708537655446
0.0004249064817153773
-0.0011085148706661714
-0.000291023674971304
-0.00018233959550009274
-0.00035422887388381947
-0.00015431534180990964
0.0002896122313480558
0.00047088884914208107
-0.000269244522892295
-0.00018093717164396414
-0.0010416893994013626
-0.0011976179880776427
-0.00035147815779089554
0.0002019110644091871
-0.0006195089870705686
-0.0012942575412349963
-0.00021741849625526687
-0.0002570917326917683
0.0009182136586571038
0.0001180658199571885
-0.0006460457130442919
0.0007927321692100457
0.0002867085116134889
-0.0002456845650551047
0.028147462675008846
0.0006710419293046669
0.0021353436653830365
0.0009361879697018047
0.0005651755109742072
-0.00018086492477103615
-0.0001832301143643598
-0.0001044898523852272
-0.0006241327851440331
-0.0002047978954416189
0.0001207389283991955
0.00015785790192209662
-0.00027013214416279685
0.0002844982007659925
-0.0002570498944203522
0.0015453167520994183
-0.00014825805619298645
0.00012443480155136392
-0.000701714219995038
0.0001107575674283014
-0.0005232328560806113
0.001135456285563764
0.00010005470191753004
0.00039061648229568596
0.00016638370974385847
-0.00010898551110519022
-0.0002734815392648928
0.0008795049082320709
0.0002312917927753136
0.0002831362065603987
0.00013573657934684943
0.001800856664242546
0.006420680765333432
0.00839390397165332
-0.025432892053678286
-0.0010241671737177716
-0.00016356840791722008
-0.0001324295985127088
0.00011470036070232539
0.0006211459974883092
0.0002930623204552648
0.00017776112860669126
0.00015913580679348404
0.00015626013067853432
-0.00015759232191878193
0.00029129395759897004
0.0001324189185520291
-0.0002585851862324808
0.0013775662353584925
-0.0007133693068827494
-0.0002306447180451206
0.00010799032951136352
0.0007000902537269537
0.0001881556043198686
-0.0009935016298610235
-0.0005345622690772072
0.00017043729666550662
0.0005798634062830915
-0.0001381018910475898
0.00012723199002687298
0.0005588329487419593
0.0002802604708270584
-0.000379419598618602
0.00010006760979526722
0.00021781864312234216
0.00090280797458893
0.00018530503611711264
0.002196778394423434
0.02685631176245076
0.00031998378755472757
0.0005977493866378569
-0.0009383328250467599
-0.00024172857233860956
-0.0002121086725201633
-0.0005440495349090929
0.00011003655332993323
0.0004053189247500153
-0.0001146689740010282
0.00015825577195382424
0.0002553060565053168
0.00013351202533534815
-0.00014914639625432957
0.0001056809623696003
0.0002611221829269275
-0.00012597597018372948
0.001563650909445151
0.00016801780737576264
0.0007142783609248502
-0.0001452979229489733
0.0003820030790713064
0.0011693710496359596
0.00036592386084992795
0.00013347322298245076
0.000431705239478695
-0.00014152396618148845
-0.0004756447328889844
-0.00013558819835493297
-0.0002913475908435666
0.00018490676499399164
-0.0012203890123509875
-0.0002308141357232051
0.02632461943690754
-0.00032529259119093255
0.0007563403463026205
-0.0004846476488637013
0.00021623051153652736
-0.00029891141678014345
-0.00011601204119768128
-0.00018580480933502605
0.00032811159897288525
0.00017088480984281046
-0.00014931622071465722
-0.00010786711699642457
0.00016416032770262217
-0.00017176684299541228
0.00023238041061479457
-0.0015848840479824587
0.0001012897242878034
0.0006792735946384966
-0.00014856746418591448
-0.00039260820213640307
0.00021120076470874024
0.0001007275157538986
-0.00016544339032538904
0.0011333877519659097
0.00014839688636568153
0.0003388316997537958
-0.000271137182339834
-0.00027087152658131995
-0.00014309826357115267
-0.0003632909485145591
-0.00012196087638925559
-0.00013434023181732805
0.0005128301248664958
-0.001370250518357733
0.02571825777315053
-0.0006238668123774749
0.0002690895213705363
0.0002570751114766684
-0.000173234549546696
-0.00022312696257430976
0.0001712711185665496
-0.00039094456422985127
0.00010047385970169633
-0.00015153853912402515
-0.0003164918909613999
0.00012878111331222672
0.0001657795537426819
0.00010177787601153246
0.00014248034656282117
0.00017911397548031613
0.00010948034756387917
-0.0001243946791390578
0.00013842174454309488
-0.0003139474525568638
0.00014110296974248495
-0.001649844852513059
0.0005152264906695315
-0.00035705120645734286
0.00016911278107166908
-0.00021016081720552654
-0.0002297188171039411
0.00012102478599499543
-0.0004115061387294975
-0.0010284365319123139
0.00012610873293621562
-0.00019838981252964016
-0.0001620499145327961
0.00019106877373704635
0.00011083632376157168
0.00018437775363901838
-0.00013156860839689413
0.00012049981938976538
0.00017166068119006537
0.003116012744680753
0.011797366509168248
0.021997882064002366
0.0010487229108748289
-0.0002973540977593791
0.00037969997372571903
-0.00031978373692435387
-0.0002914953656486319
-0.00017541953484686215
0.00012888070668100218
-0.0002571331791399464
0.0005008473667527353
0.00013103217009153732
-0.00011834582095698832
-0.00019884655022427695
-0.00020066051182719892
-0.00016969769137346543
-0.000139255959497702
0.0001794518987732677
0.00017094700435260344
0.00010443308678899798
0.00011399670425120989
-0.0011201413733780948
0.0014343676417322962
0.00020256884226183182
-0.00018548291859923148
-0.00013362242022810274
0.00013590239703991543
0.00011602087377699076
0.00023882119393746646
0.00011632641796198165
0.00011496793760385808
0.00022246399984227825
-0.0010549300036629807
0.0001697845471755293
0.00013601154698584286
-0.00023618621448070782
-0.0002097468046126086
-0.0015365747621944928
-0.000390422239513748
-0.00045290691519822514
-0.00145785882812973
-0.00032547834829781125
-0.024466792770099704
-0.0010032536178679744
0.0006889988715245445
0.0005659399275756732
-0.0004003917633735013
-0.0002819115302922156
-0.0007066646402995573
-0.00016614195711972405
-0.00024389106777302535
0.00012110213582568683
0.0001989076649231338
-0.0001773338484096449
0.0002610592371050966
-0.00012583539529599185
0.00010107679685312157
-0.00022590427724256853
-0.0002779275642434458
-0.00014055784199004694
0.000683853761932368
0.000569986586782242
-0.0002675382616708768
0.000545879394993038
0.0015690698456025192
0.0001212604041647656
-0.00017214295855268847
0.00020551044496136672
0.00019645237369641396
-0.00017583986542423082
0.00012084675358878485
0.00017915024852159305
0.00023858973114068273
0.00016116696610691953
0.0010487158999636591
-0.00017936061351076182
0.00011187187942513378
0.00023287860750970807
0.0006779502756231311
-0.0008689085335894346
0.00018133001182087108
-0.0003107216987607062
-0.00012965629393869648
0.001633668169984528
-0.00041361936705165285
-0.00034598738612140006
-0.0027476227304043797
0.023700317722875907
0.001217357865959916
-0.0017482093854845064
-0.00039520386591924826
0.0002789402286954035
0.00043707476168419935
0.0003841807828559724
-0.000198782964700373
0.0002902049785962698
-0.0001860503097060468
0.00016704109312053268
0.0001807227855016401
0.0001040456119156883
-0.0002132729342911943
-0.00014569779368291558
0.0003932032647709694
-0.0002117970228828905
-0.00034302722966622433
0.0004204883870378186
-0.00039693833532828467
0.0003304069591374803
0.00023988113321416672
0.0007480754464910124
0.0002739111612468942
-0.0002585663872179372
-0.0016187610195319046
0.00023541231598759807
0.0003482485296714062
0.00019313992582737185
0.0002670493677667805
-0.0001926045923072967
0.00041670540909089166
-0.0004419638365863231
-0.00026301831170419843
0.0010593486708588094
0.0002185056040913835
-0.00019820950414951632
-0.00013694156454726176
0.00054760609363649
0.0006726210227386622
-0.00035319706988575097
0.000497320656914354
-0.0003725839921629088
-0.0004277158203502088
0.0015509672629494288
-0.0006740631731793516
-0.0004606694222987971
-0.000806522679842972
-0.0040557848877178825
0.02288876298805848
0.001187739369355731
0.0003413217490852241
0.0008650791858274081
0.0014546124582536092
0.00019437599382432331
-0.00016355897812417338
0.0002320044592930615
0.0002652434245788882
-0.0005150283494175378
-0.0006360621754945325
-0.00034707173776021345
-0.0001115414090612828
0.000893819248267762
-0.0003496882647258128
0.00022196825333301585
0.0005254244208348542
-0.0005010877477927698
-0.0001673587163543391
0.0005378450759126368
-0.0001247054863884229
0.0005383367578666204
0.0004462515530504786
0.00027020416472609373
0.00010776107390935757
0.0002594495559395218
0.00021126189570041474
0.00032725703039069643
0.0007298636521026092
-0.00018069645971807976
-0.0005569224081410838
0.0006129702240227755
-0.0015359272758937743
-0.00018883725144987394
-0.0001495904554069459
-0.00023125046306070223
0.00015917830728125903
0.00014778344680069547
0.00017963544119184866
-0.00027324186998058407
0.0001339155199052794
0.00017715315005342887
0.0006442095149178721
-0.0001779694080074658
0.00030381545049310986
-0.00010578796904661416
0.0004414863514844694
0.00042086099230743214
-0.00030391588592717773
-0.00022768135270107684
-0.0012065894961376643
0.00020436691253508603
0.0002611813498476946
0.0002644837333464507
0.000564190576675764
-0.0001787156053686336
0.00039703980290868893
0.0013277088838470656
0.0014377922291126098
0.0003441603139295408
-0.0019339693078133957
0.001568075575200452
-0.019838136246453007
0.010008649607063044
0.0019000769750664845
0.0014631619024823358
-0.001927598440035675
0.0013160453072259392
-0.0019105898479422566
-0.00014306762247212913
0.0005786204530950899
0.0003433223272486382
0.0007924723371620934
0.0013698232214402223
0.00011358949837543806
-0.0013395380293043423
-0.00010425311868089159
0.00024770194954928693
-0.0005117971402620866
0.0001719602488352962
0.0003258503414287545
0.0007302212416725319
-0.00024178396390766763
0.00044261306871798536
-0.00024197676000573364
-0.0006596525579011124
0.0006214797331210722
-0.0005251130062337759
-0.0003798173268040845
-0.0004909993279703158
-0.0011941624755779407
-0.0010834049197598838
-0.000638508974680834
0.0007152901308190209
0.00047420852426868966
0.0001847147952152972
0.0001072589036361394
-0.00041859446752231665
-0.0006992666570689742
-0.000318276113142749
0.0007385267474115028
0.00040580568264580677
-0.0004130829071423018
0.0003977032445922082
0.0005763546325801022
0.0002935833405302639
-0.0001372314675543863
-0.00047411869673927586
-0.0006509446758973956
0.0007581936846667583
-0.00019959986339201832
-0.0003613068324692944
0.0005754857889033779
0.0006699843798018865
0.0004244517737565526
0.00024107948921158444
0.0019232753579314457
-0.0001211548055777357
0.00048778291595383093
0.001119260161047822
0.0005697313947428684
0.003254730467622129
-0.0033130991413843867
0.007637846803830969
-0.009531996357835314
0.014534448546671972
-0.008171770836893057
-0.0018745007264308713
-0.00015282207108765488
-0.0037082108519887625
0.0022957288437417487
-0.0007683090355975376
0.0010389679085048462
0.0015937356210038811
0.0002384040213676011
0.0020052602257900538
0.0024313362965124293
0.0005681970141408558
-0.00026901764583817393
0.0006912706151790345
0.0003914117063415513
-0.00041046339165131296
-0.0005880979542067426
0.0013032967540371693
-0.00034364902361303044
-0.00025372379193660367
0.00028964610802954246
-0.00039643756099104667
0.0007970258274650394
-0.001291856762800985
-0.0002342840845487532
0.001012896010480187
-0.001253479178144218
0.0007312831053289724
-0.0001043401576942587
-0.0007327712816947578
0.0003875578492445128
-0.0007808888036623746
-0.0008141236945912169
-0.00013613899169008642
0.00024377706551340626
0.0007251914162449458
0.0003122757365227407
0.00031837301271429153
0.00019007211235753469
0.00046284321176742104
-0.0008213169148319164
0.0002519361114204233
-0.00017441453127590244
0.0008695978315838414
0.000593467997219756
0.0005173739531774695
0.0007323778543449601
-0.0004585136990163811
-0.000579979411032127
0.00010522577570607859
0.0018847536878000152
0.0009299518977934676
0.0019054769175623398
0.00030100052185591975
-0.001380968816078419
-0.0012770327073956614
-0.0013709743317228715
-0.00035862411374523
-0.0030005908200873696
-0.008582364861786727
0.011498329253418914
0.002576560633931193
0.003163784873567087
0.008007495354832798
-0.0025189145717160605
-0.0006351552534508241
-0.003611123310310404
-0.0008762984518395309
-0.0007366715437514584
0.010480298363061084
0.00289602989738859
-0.0005480801264671895
0.0020883355922628145
-0.0004832865751975127
0.0013540653767244938
0.0019691172592303584
-0.0007326139624516435
-0.0002955400671119699
-0.0010496872182868284
0.00028325330631429605
-0.0002938173149672753
-0.000424339504863619
-0.0009335828782059664
0.0009340973262449836
-0.001240797945886443
0.0009055959341396639
0.00035555933746187927
0.000288319835676311
-0.00018307271127084135
0.0006257604024984792
0.0019555135385064923
0.00010911444434193322
0.0001609365677177635
0.0004003016109580697
-0.0015386879516845588
-0.0010031409592348266
0.0009168847601353165
-0.0014068026846321485
0.0005095075856404232
-0.00045698056520312525
0.001542664998538124
0.0015482854209238732
-0.0005364248537211241
-0.0010292165128302194
-0.00019867252012616685
-0.0004511037161850202
-0.00017035128758888997
-0.00047683056015457884
0.0002627500009148715
-0.0001906704158153624
0.0005058585070800644
-0.0006597940019681474
0.0006710873517782859
0.0004237828254144887
0.001507777564891924
0.001088505301262611
0.00020073456828771958
-0.0016888533689709746
-0.0005337732664194453
0.003188140329189373
0.0005631504286810578
0.0001586249710003441
-0.000506281829509091
0.0013413011908080248
0.0013267337365586518
-0.001453813033397558
0.0005243947191418467
-0.004027697588173836
-0.0032695657090049796
0.0023143106226827036
-0.0021035830125070262
-0.0016036569005078922
-0.001081448149354255
0.006799552285727334
-0.0146818151454731
0.0012216947451237738
-0.0052014338333844
-0.005535469951296771
0.00015783339460998796
-0.0024450830550839953
-0.00024195324653476222
-0.0016673267040189337
0.0022792841611825
0.004868572045976855
0.002700133150747396
-0.0019040604535987098
-0.0018877277496655953
0.0006490718299090391
0.0015010320285346232
-0.00024891418165476614
0.0007902249690961097
-0.0012290418412345481
-0.0001574582869372344
0.00016420234545048716
0.0017155134995897755
0.0011661386933356304
0.00110573573201472
-0.0015199070461730574
-0.0034190138066877893
-0.0011528787615971575
-0.0026113268147265516
0.0018245072251941493
0.00015688448890078288
0.0012004190190690418
0.00039691453010060355
0.001170444464464867
-0.001549014317195392
-0.0012421700287574009
-0.0007267662364325488
-0.0005116869771277091
0.0005632725327110421
0.00040745009188446554
0.00037859072700488993
-0.000513810126716229
-0.0017194510551040859
0.0003730279507058739
0.0010173597637314097
0.00036138204828506805
0.0005301324306070075
0.0006364290657454383
-0.0010499371599300544
-0.00019063405396539063
-0.0005970964162458732
-0.0013694160049652804
-0.0014735399071875218
-0.0006119209628014469
0.0009127538555760744
-0.000829932505311035
-0.0017981336768786657
-0.0017396310686723507
0.0022955614358071198
0.0006289164168575323
0.0025943490316969477
0.0004345147878432921
-0.0024845928085932482
-0.003745681387538527
-0.002787687058430282
0.0008534278895452902
-0.004712403370098849
-0.00048094411717237767
0.0013858925389149403
-0.0005384114090636458
0.005835736161910732
0.0041789442834911684
0.004856335210797607
0.0006596978514028867
0.009769996026664469
-0.0002332332692371009
-0.007712216255639798
-0.003991831018660456
-0.005784438154033036
0.0014401166102333252
0.002471727145821533
-0.0058244185410592595
-0.0029332744451616125
0.003468072821401722
0.0002656810108956063
0.0023358325609680103
-0.0020296178231315747
0.0009558704582533566
0.0010021294774921424
0.0014934203189348092
0.002047822647302173
0.001597363048563432
0.0034127744414906265
-0.0010072095549826501
-0.0020893807162190737
0.0015918002137029522
0.0012028170254996568
0.0014295010993347695
0.0005751529160201518
0.0002509965997276237
0.0019316222361514832
0.002851108818419255
-0.0012973355849235342
0.0009445990384803543
-0.00041950406881622134
0.0018219098992067553
-0.0021705346658733252
-0.0018522013010676128
-0.001978500474263621
-0.0012762149220613085
0.00134298067550693
-0.0018697523406907206
0.00014667824530091702
0.0017455704693085366
0.0003756546276385121
-0.00031085662803594755
0.0011590939790698251
0.0009167125033955507
-0.0004708719695019647
0.0013701679879390314
-0.0019427737756036495
-0.0010000038277467934
-0.0022889437409288936
-0.0019347008483817936
-0.0008926944521418159
-0.00022007338550216433
0.0001767790007815549
0.0004247572532690102
-0.0011454067948814901
-0.002603433362650236
-0.00015672252937951503
0.0022501493283291285
0.00046400742646358895
0.0036347323478249515
-0.0010304821563321069
0.0003603606752506739
-0.0023657595131858717
0.0006454166834538954
0.0022202589753945547
-0.002358105191473128
0.0036087166897858856
-0.0016575213617675182
0.00054428531910084
0.003615858552863447
-0.002159311064753096
-0.005822994060407986
0.0021762346479145466
-0.0011055378107655434
0.001917876267891867
-0.0016749504989169968
-0.004085327569775809
-0.007967541876304714
-0.000812862889801281
-0.001153749800249064
-0.007377078138532601
0.0025225055876070164
0.0005081269460810688
0.005847482405728331
-0.0009104265192275711
-0.00572568727154418
0.0037424696809017057
0.004342107445555932
0.003787793560229717
-0.0010356275601334658
-0.0005101943938779638
0.0035707542767144385
0.002725837408460808
-0.0019405362163532076
-0.0014484784392442083
-0.0019986131434542977
-0.0014820686374971703
0.0002691700200047125
-0.0014701387201116053
0.0007839626247965668
0.003601252326968978
-0.0005935621541046134
-0.0008770428778798696
0.0013850298460012784
-0.0013620264159294661
0.0012068023506912225
0.0007059632980177024
0.001032842110439975
-0.00041119800557383
-0.00203512381486636
-0.002668911734495352
0.0025596015586576088
-0.0020167009635210756
-0.0011121581401543903
0.00029381697870195045
-0.0006220935774527151
0.0013372061587647217
-0.0014720819050623264
-0.0007060927630241716
-0.0010681109513538177
0.0024591678855574
0.0002333511385088284
0.00011370562425845464
-0.001275484690726022
-0.0014942964527071493
-0.0007563447013531685
0.0021150818258641154
-0.001998309932510998
-0.0006321104876686258
0.0012520223257275586
0.0013614828545848495
-0.0018958987007277935
-0.003128962729323972
0.0008798667325118737
-0.0008140093502975018
-0.0033095809055181695
-0.000962767645066347
-0.0013507587028890639
0.0014324043153512035
0.0006459007028815227
-0.004149872110405558
-0.0010692399585809484
-0.0021481032935942437
0.0011215501405276505
0.0029720744747520457
0.00045179585247152437
-0.000619397663634048
-0.0014022654223882316
-0.0019578237313303644
-0.00669317518860258
0.0007028194576873792
0.0005439692308028138
0.0016494819034562538
-0.001543292166792998
0.0006077202797079729
0.005641775270900115
0.0004716053150832935
-0.006354121970857876
-0.0060073384156058805
-0.002466859440883663
-0.0020574487540456756
0.002143053472689463
0.003646197595382355
0.003800892144246105
0.00021842690255829795
-0.001068019539629712
-0.004220805260692242
0.001136210689259178
0.0037271511851490265
0.00385049247517506
0.0023572669843926084
-0.0007890002664017716
-0.0016142701578420375
0.0004111383395262373
0.0017779320729550793
-0.004914699338697503
-0.00016560433655658877
-0.0023064668940214208
-0.0007983550506832222
-0.0011094643762023682
-0.0023221425085019898
-0.0020709961122151823
-0.0007614181827463117
0.003293790487970658
0.0015764779706736452
0.0027042312692689635
-0.004012421019107876
-0.00041875106269127267
0.001291673890149966
-0.002289748595368297
-0.00031610133566052097
-0.001265835079218684
-0.0005814598117941683
-0.0026968426666545415
-0.0003991430611649899
0.0010816807663448374
-0.0014230470967125887
0.0009987148835449735
0.0007101109467967258
0.0007115038493417815
-0.0005928937383830716
0.0009136034678375663
-0.0019766243527368148
-0.0018045122604290129
0.0028298690879158817
0.0022918439554744825
0.0003988699664168551
0.001502870284981641
0.0010982667541995224
0.0016037194853301393
-0.0017517520804016396
0.0006316651955239581
-0.00040495231458003746
0.0005664316624635215
0.0007042668818875086
0.0028138916603756147
0.0038887149858068334
0.002739626067055873
-0.0019721131711547706
0.00044767637335538
0.0006110058472199388
-0.0011125944850271222
-0.0025032535450688212
-0.003274231666663948
-0.0019203275937601245
0.0024606769848457013
-0.0012408853378902851
-0.00048553474715005616
0.0007294060037339714
-0.0002778568930274413
-0.0002814508876428892
-0.0034793760790730725
0.0036395796021408185
0.003118975651945752
-0.0019219082481167452
0.006830295875163157
-0.0003760254242241908
-0.0011550966631684238
0.0010242217905619762
0.002546491870308758
0.0012482779316733944
-0.0033342598335338747
-0.0002020121203259322
-0.0021459731460765578
-0.007292669622947328
0.0016263336804983831
-0.00043747382760352154
-0.0003875455647138977
0.0001664066103836186
0.005455768295244486
0.005321233793740032
-0.004027979894957767
0.00014825107063800265
0.002555425605678539
-0.001727604053791912
-0.0005252636086018745
-0.0009646701586104886
-0.002273172105363797
0.0015784909534726956
0.0016545816863107051
0.0018319177290929052
-0.003874526746699836
-0.003890656759377498
0.0027419958296019194
-0.0025379446148597667
-0.0003636341673691618
-0.00022290911618055474
0.00020252207726522027
-0.0005052901926155737
0.002068957601662327
-0.001521706937837108
0.001021966418596288
-0.0010243487348610438
0.000754580166213724
0.002157180260194834
0.003216055789245101
0.00262358089606637
-0.0015027450568016083
0.0015609759472472958
0.0016725676571416855
0.00036803305636713256
0.00016892985939447475
0.00038193334975825165
0.00236790010382765
0.002086672389277885
0.00023737032497847253
-0.0012860940171526786
-0.002819924455114388
-0.00028410247860252436
0.0005695482075131066
0.002035688718915155
0.0037239730851478933
-0.001742243307395156
-0.00023984292085520357
-0.0028309873709908033
0.00011044010759833899
0.00029825668165876865
0.0013560837959585318
0.0012285987407614522
0.0015522226348521407
0.002847075621771206
0.0020410532014516593
-0.0019100459113535163
-0.002894357381045905
-0.0016658098947513102
0.0017953662683000777
0.0016242365117197953
-0.0018083895537000085
-0.0018070053036824676
-0.0012177741724015317
-0.004968717508521156
0.002664189637762679
0.0017817755571364947
0.0011918607924984142
-0.0007171745312946691
-0.00014625432748797135
-0.001010561302814276
0.003944715705253865
0.0029808853341711738
-0.007208430333160654
0.0019025405874636182
-0.002974719988102776
0.000649613297911727
0.001572810939954455
-0.0013130970911328407
-0.000900748040350894
-0.0011742896827184404
-0.0007947995268987084
0.0014936927472478064
-0.0037995087670819718
0.001857937336625555
-0.0005539731707401122
-0.0008680218775826021
0.0014336628217334509
-0.0013488091617854777
-0.006937910085858608
0.004602412940528124
0.0014777685410197528
-0.0026684792917457205
0.0002213744835848393
-0.0022447520413003594
0.0012892805107007103
-0.0005423045392153912
-0.0010311326881073635
0.0016005653837526835
-0.0025029147245711745
0.00018622421449229876
0.0012415345706391567
-0.006222099394490183
0.0008879801530459193
0.0015144236959603152
0.0005867126874931929
0.0005447233430520229
-0.0010870209311689147
-0.0005278728862877381
-0.005115339925966565
0.0011442298191292157
0.00032279647070904436
-0.0007349687771375282
0.001835646200579736
0.002057673780924204
0.0004768908246631703
-0.0023910732679610996
-0.0008367450012897532
0.0028484651078545297
-0.0003273824707336561
-0.0001867308770497395
0.001556377497829961
-0.003005754079776834
0.0016507219776472242
0.000990488914789413
-0.0007172568589256374
0.0007812556372756201
-0.0004456924596407068
0.003070299169201354
-0.00017074487472238834
-0.0016584897360486447
-0.0008920145107641492
-0.00014642349789515308
0.0012156683545967394
-0.00037913927150864273
0.004510001342889527
0.002513017392597551
0.0008962184909299482
0.0018599121219083467
-0.001253505956233976
-0.0012439440073724363
-0.004339215044348562
-0.00013256841328381235
0.0011086505261248786
-0.00015287559437360563
-0.00311188910114549
0.00028730606646681895
0.0036500862625672716
-0.00039665590391609073
-0.0017689751546686474
-0.005040487200633061
0.0003925205366751732
-0.0024223867347698902
-0.0018877439057213747
0.0015009676097579986
0.0035020990947985642
-0.0019831579792964145
-0.0006702536679980813
0.0013141067543005064
0.004699906039215275
0.00291373743820102
-0.002826617323076679
0.0013949673245198621
0.0027028816157825264
-0.0017901010445039883
-0.0021693620695044167
0.002580284579343857
-0.005421395239057885
0.0027490083430717024
-0.0012881854615770735
0.001182133965561328
0.0017093663986191953
0.003309410605322879
-0.0033035217456091814
0.0009400513545182841
0.003044735779932919
0.005166728374474668
0.0025121862130524273
0.0007558123859111162
0.0006514278700962679
-0.003468581843957845
0.0007080598004002026
0.0014125939867003084
0.0008141082389368659
-0.0009735234147779809
-0.0008172688795089312
-0.0021087475393453893
-0.003977196910613968
-0.0021798082579509636
0.0002637598436495038
0.0011677174752792343
0.0027291300569935503
-0.0008261043654736467
0.0004648230504329047
-0.0010064994883615174
-0.003485233683175472
-0.0017510252213610873
0.0004398500310577088
0.002171315772083221
-0.00098759862789891
-0.0007826043980792068
-0.0005307573795656994
-0.0019339673037686985
0.0016169082077854798
0.0014761474751520658
0.003239028660127799
-0.0019571103929521753
-0.0026320499969083072
0.001726301748670504
-0.00046144932194907217
-0.0003877262805711078
-0.00033936898751040536
-0.0005599588644776677
-0.0015835462206218018
0.0019537940252802055
-0.002063473128872698
-0.0014756532092226088
-0.0008052921874992514
-0.0020605521144225485
0.0018310684555251145
0.00010973380097390214
-0.0009802265420708386
-0.0017874821280930051
-0.0016073898220322089
-0.0007381713053928052
-0.0018299641371252696
0.0009194617890068775
-0.0020795740693337816
0.00384405053593031
0.0034826833270450216
0.0013232323341924185
0.0011651998465016173
0.002227214132037432
0.004253314896591691
0.003594036489426755
0.0025861577817993344
0.0005858595511655828
0.0012118255078221536
-0.0009028630642065954
-0.0013296425760295804
-0.003019050542593769
-0.0022450632289873645
-0.0006976171522955299
0.0029402597882125037
-0.0017250541279160286
0.00435731511876439
-0.0045892839816158125
0.0002940478409147174
-0.0034711506117578615
-0.00019541473477248703
-0.00011857447849857223
0.0006788927817795529
-0.0035082966907738445
-0.00246823309052258
0.0013538110940130286
0.003153271720129471
-0.000905571463354292
-0.002145217080622919
0.0028257949274811253
0.0028917485803056663
0.0005156770314774982
-0.000454120833797245
0.0035282455000984576
-0.0008992296467893646
0.0022109953373430718
0.002415822292496497
0.0012773538378614468
0.004842739056626533
-0.0002437350166840968
-0.0016069228863106937
-0.0016885474730322777
0.0038469375143451614
0.003151189264168714
-0.0009982043094214868
-0.0015225539367602816
0.0005269392248454391
-0.0036629127531620747
-0.0005708590562600132
0.005540054578974455
0.0004388127263534221
0.002155634562900815
-0.00038371894614026874
-0.0012106977768974179
0.0008146289768748362
0.00019387722884927532
0.0018901203428342386
-0.0005293787974147652
-0.001075396574657486
0.00037015365251638404
-0.0013644880102062786
-0.003917292146952054
0.00117724514979059
-0.000726376732095252
0.0022632768512950738
0.0015343908849613948
-0.0020807939702691385
-0.001068739395275736
0.001537388830429111
0.0016781188176797166
0.001841994514986938
0.0011500721091163891
-0.0004494473113119393
-0.003433428855174468
0.00028603104570379927
0.0017058315697918915
0.00016558693558432064
0.001537267838817199
-0.00028747058316964854
0.0025077996792654757
0.0004490379461034218
-0.00022968592835908785
0.0003071788019307531
-0.0006642922231280828
-0.0007681189445195253
-0.002376165347367984
-0.0032945129116964166
0.0019253831218223982
0.00022920945035536
-0.0036516560551931422
0.004066106682374167
-0.0008447791855803604
0.004248013306956362
-0.00025983378802871206
0.0008281190237851197
-0.005337192800254753
-0.005081095839278434
0.0010970691688199097
-0.0014274197057176563
0.00037736370196601214
0.003807885957479303
-0.0004172687062961671
0.0011898398255884713
0.0002047227125181984
0.000955169085586212
-0.0008106151630379961
0.0033378220281221472
0.001115334163241521
-0.000697185104652181
0.001391831540315276
0.0014842700216941402
0.0023357170942021007
0.006836034496727118
-0.0010894185343398748
0.0030675901362717593
0.0009291678392899509
0.0006758312619087624
0.001023953483475437
-0.001334086270773133
-0.0031151280175513454
0.0025810980986993607
0.0013520993615009408
-0.0010239808759669312
-0.0014020822486260935
-0.0017215855275723264
0.005000368688360041
-0.0004627446898133557
-0.0004458592386924434
0.003691010973386854
0.003645821600613381
0.0011111069994210621
-0.0014668620352072275
0.002396605745484214
0.00036948242339551247
-0.003933575460645347
-0.0027244404683357815
-0.0010029560984954758
-0.0019190454186238017
-0.00046360783019068827
0.0011221414044449405
0.002826046676429648
0.004446437978883371
-0.0021928201170811636
0.0020714824193742115
0.005625152396531804
-0.00120085617741024
0.0013440781149357903
-0.0005321685832027392
0.00041187886661625935
0.001288845770709988
0.0008085473960610339
0.0014360408276459418
-0.0009607640962354156
0.002538247165196575
0.0018955272581194244
-0.0001505156138456963
-0.00289271810557895
-0.0029453457813548843
0.002762550843551531
-0.00047583955119550936
0.0009319080259335513
0.0027449513638214415
0.0019660733106762088
-0.00044721489973917626
0.0016363714545999382
-0.0006436399630448766
-0.0016151297666435634
-0.0036497661042821025
0.00048125646425327775
-0.000658956170496423
-0.00029677905320484146
-0.0023051091248769543
-0.0029773363433713926
-0.0008744711368530347
0.001232995950540381
-0.00021211604599412332
-0.0010252536958650562
0.003599948588125288
0.000735861732532602
0.00561423706912789
-0.001404372536479976
0.0004615137576767378
0.003314392469852419
0.003206330151534588
0.006700364187497488
0.0005767021900278898
0.0037547267374358757
0.0005617459719143568
-0.006550165033944234
0.0025097571289823513
-0.00022767518367669038
0.0012830676157786877
-0.0005428939191452032
0.0020977616771575697
0.0015392126246656602
0.0009395994565646599
0.000833076105348307
-0.0006788888235204642
-0.00014102854849682984
-0.0014356845336575025
0.0041045270130045455
0.0006603666276072624
0.0017306863849820093
0.00501960723983332
-0.0005642100601052136
0.005654759767643962
-0.0005939660460131258
-0.0011495019549879113
0.0017001035824875826
-0.004189702128099617
0.0019063719521987493
0.0015752152323209318
0.001054148187338633
0.0005073669550774844
0.0033096800200113448
-0.000712475617020979
0.004473166446801848
0.0014560527164538604
0.000841223656341833
-0.0002449659656559145
-0.006432658586954726
-0.002085119552979906
-0.0009637423136680413
0.004110583808875395
-0.0006771493437753492
0.002095508352173728
0.0021963816285278633
0.0040789638718021545
-0.0015547999136384277
-0.004578682466329267
-0.0024749619437437038
-0.001065597798620332
0.006322818620499117
0.002435576181152979
-0.0007167328548689762
-0.001699977068602057
-0.0029227321466976856
0.00032107218814079894
0.00039887246381031257
-0.0005143020230594254
0.0001779451640410055
-0.0006424734833185031
-0.0006571142943886385
0.0008507389441895171
0.0013210111039991886
-0.0008405692075752889
0.0010644270071743776
0.0025424590276536554
-0.00014652773991753794
-0.0008592292275551537
-0.0010267639990188733
0.004773193182304816
-0.0010913971780991498
-0.0008678902760263481
-0.0007471795168285975
0.0007101149438272107
0.0025400302478416894
-0.0037859402455723604
-0.00153115420060195
-0.0013324385650011605
0.0026884451244149343
0.0017401723492507775
-0.002201555165107685
0.0003044874671794478
-0.0009980722399769164
0.0012622786789403281
0.0026186437794126663
-0.001159297415644704
-0.00021227525077899926
0.006082345441173872
0.0016788705357860235
-0.0002051709271669543
-0.0020197872586641317
-0.0024936197625346924
-0.001928040820764181
-0.0010125427814802375
0.007716558756461363
-0.009325701532782898
0.0010499640734085419
-0.007377515589329192
0.006464817850475627
0.002395294929745772
0.0023020638801129123
-0.001399755033321872
0.00041703045400872854
0.0003210321292687432
0.0034074308757580255
-0.0003678824010300858
0.0005935476583758035
0.0004023341323776101
0.0026226423242633446
-0.001878288877582106
-0.0020261159424046792
-0.0011182853192436772
0.0039236135651220866
-0.001853576392681113
0.0031445233414397365
0.0036553582059054945
-0.001636984928371305
0.003823085504096612
0.0025744538211826978
0.0032982589197963217
-0.0025685585500956516
0.002319967805288718
-0.002315195860557282
-0.0013226978628172311
-0.00013387494933795658
0.0025054656923069758
-0.002537421125054011
0.0006288901091522264
-0.00013073517395761292
0.0020737942925653794
-0.001233158598922688
0.005016010581472079
-0.0019869299768639857
-0.000860543731765309
0.006651054544738779
0.0011282011010374728
0.003496076150538947
-0.002914813980112713
-0.0006429271080711702
-0.006509739308664343
-0.0008019258028724056
0.0028689407342094493
-0.006100312031372455
0.0004982681942575014
-0.003944443176439353
0.0024486250330328736
-0.006245674862995993
0.0016959223850059042
-0.0015280021915712423
0.000983741154577316
0.0010168566484252321
-0.00012783774001340803
-0.0002373107331901264
-0.00041928414438057013
-0.0007905757657941227
0.00012200894770500361
-0.0026619867239629285
0.0034189545626571024
0.0035525010369568976
-0.0016585386304198311
0.0006963885759850588
-0.00041356991332913863
0.0009560159278117601
-0.003653539748784891
-0.0017520438318110792
0.001576025136482028
-0.00436459762245112
-0.0019989460311548206
0.0015238586704783292
0.00040353687511612303
0.0004334539047054931
-0.002981338715797924
0.005299451463056195
-0.0013129376940327361
-0.000301424165910883
0.0006142446773288527
-0.001035383867347944
-0.004430716904263527
0.003099860883628015
0.0005767357326430803
0.005303133218307365
0.007979900144065123
0.008481621162435999
0.0016419267399552658
-0.004522153791862975
0.005388621365826407
-0.003806844631083741
-0.004845434865003794
0.0031791859889705705
-0.01019234707171568
0.0007022024451921654
-0.004102047524289133
-0.0018734134014107239
0.002057127342482327
-0.004493708414879529
0.0015612783173537946
0.0019478712370848792
-0.0022102390241759843
-0.002362824415801342
0.00010860666859797844
-0.0013372435575099964
0.0002582004636399238
-0.0001570759324877952
-0.0007539650576199072
-0.0014021198100826397
0.0019102572341241966
0.0010044404970564553
0.0017753588532304046
0.0006550309851925209
0.0017822344035604068
-0.003720009870591746
-0.004586307964411371
-0.002285064270451794
0.0005484071421966063
0.0034556965885506226
-0.001772743110572666
0.0005027802102940856
0.0030140147133526857
0.0033028334297579894
0.00033333597811165225
-0.0029863268005057603
0.0003065642866785463
-0.002588844354705919
0.002232688462534372
0.0002042067141742191
0.009244430222571261
0.005411789074643981
-0.0005629653598554428
0.0027978851071225053
0.0017594530037780727
-0.002778758368900754
-0.004159139123975472
-0.0011503922026249208
0.007513664546939734
0.0019529846510874355
0.0013451811049967441
0.0046633448262117915
-0.0012236667348073478
-0.0015523635261486997
-0.00023688518339757116
0.004817705613894502
0.004755428977778755
-0.0035770870245943063
-0.0007108565120757734
-0.0012830660761674634
-0.004138371412836085
0.0009510797505462709
-0.0003070770249120717
0.00016362965154831992
-0.0007971798353342574
-0.00030766817317915573
-0.0005772053380156043
-0.00040690602656938353
-0.00031990909053800825
-0.0006105552652402499
-0.000138166032474784
-0.00150949508085788
0.0008047351113341313
0.0014971388754750727
0.0033305691704853062
0.0023351342006025684
-0.001168702221916321
-0.003287786139128678
0.007810991595852306
-0.0020870533631621967
-0.0019319602487719815
-0.006544148364326454
-0.002951353276976901
-0.0005683611461009112
-0.0010728213970353756
-0.007986765831880292
-0.0032022501837439808
0.0016727588825600492
-0.006822454279912777
0.005691757422360774
-0.00043893163276941384
0.0009354663250406204
0.0007085141805697754
0.002321810844913579
-0.000316373768126045
0.0019181672052740178
0.00019662280562237353
-0.003717156579599518
0.0013355427291540823
0.000274040258673456
0.0006019566793144931
-0.0013239558972156912
0.002304457577722632
0.004758812569730254
-0.001828493223659841
-0.0007433839769389797
0.002631806584806402
0.0033011946164122202
0.0019982163260295763
-0.0021529220030236866
0.0010661647596188755
0.0004986965782820455
0.00238593647449007
-0.0010613684884899972
0.0030661249020019887
-0.0012152723977158196
-0.0008806375597664614
0.0007042279907619858
0.00023849816588087535
-0.0013465219043545514
-0.0017356671490206038
0.0002824458245930076
-0.0003098373230882785
-0.00018301653646500513
-0.0004431054726052938
-0.0013774601862551162
-0.0004715541070987469
0.0025066599916540224
-0.0012774120053874421
-0.006142149667610341
-0.0009929169541554967
-0.0031057494582170855
0.0004381335112113732
0.0014475358595007785
-0.0003188544169107513
0.00045054488554663324
-0.0005259794089922631
0.00018038508000642325
0.00013202075964113157
0.00014700216126551665
0.00021664646042252893
-0.00013482406148184077
0.0005637063714092457
0.0005667393466444137
0.00013291333066670614
0.00015269779038889719
0.0001841362309412084
0.0001646121082701555
-0.0016852710199195013
0.0013834416781023757
-0.0013213315946343659
0.000514668387059314
0.00035942440532469406
0.0011133870164192093
0.0007340592945135157
-0.0003500485380387065
-0.0004880738617912908
0.00018863933004591456
0.001994698448552821
-0.0007280275478605122
-0.0006727925422699119
0.0001992123232649963
-0.0016726083718721285
-0.0012818341346068607
-0.0003638680279681203
0.0003309867826018559
-0.00022840774679455924
-0.00029155506225463475
0.0003802562814078325
-0.0003105226992927609
-0.000132943293096469
0.0005355630617212035
0.0001749483722812079
0.0002026587761183017
-0.00015841816559059998
0.00012855442095712765
0.0031230196282997762
0.0002437681955090902
-0.0002473167047539794
0.00010385110632752634
0.000192114955906243
0.00042976801229572913
-0.00025807371934366156
0.0006731311629458516
-0.00014615585013565916
-0.0002637799460318139
0.00019462576138047703
-0.00020377747132823497
0.00010075848778636368
0.00020382424396583985
-0.0007854974746741012
-0.00020072287552716018
0.00019386155684037677
0.00012706529564473796
-0.00021009194502959424
0.0001925996594364998
0.00011903735253165215
0.00010471984608496604
0.00027686321169881616
0.00014337075633299784
-0.00018380509781092352
-0.00013260852133837163
0.000154074308856076
-0.00012737613978484189
0.00041691587121337414
-0.00014235884510163272
0.00013085856266144906
0.00011250876506713875
-0.0009307892936478771
0.00015787558039705892
-0.00022986444158356855
-0.0001328752790064692
0.00010556366625069274
-0.00015859955357288208
0.0003208594606425833
-0.0001404687440064561
0.00012342512967978238
0.00013335482671352248
-0.0002360260583356244
0.00014248067353290298
-0.00011646011080892227
-0.00021866609602308636
0.00022008387746742534
-0.00022905792311921192
0.0003194879412159935
0.0008578431076425266
0.00022568167797235408
0.00010980750041486165
0.00016633199899477276
0.00018903609052276272
-0.00011563529031561976
-0.00022233724566468987
0.0002277805365884126
-0.00028515261957381624
0.00012674462902520457
0.00014877320144788896
-0.00013067913008578367
-0.00013940523278261466
-0.00020802335726015042
0.0001264531856716371
-0.00011915424481415866
0.00015705757849715995
-0.00019358736555346784
0.00017819929966884148
-0.0001635411351970057
0.0001587727498856954
0.00018924378942052108
-0.00021187996898603702
0.00022422490657594978
0.00021162614685657095
0.00030818386953623367
-0.00029903674209282244
-0.00018289879248815344
0.00027710117300785975
-0.00012102268844037336
-0.0022885188460458794
-0.0003688087187031095
0.0002526720757022795
-0.00011911902569278782
-0.00020151914169967447
0.00016886622960789012
-0.0001702669515541685
-0.00021925767696789222
-0.0003776363962456991
-0.00015050264510907426
-0.0003311987271667098
-0.00015819691409890086
0.00026498382147809675
0.00037281864984929695
0.0005512409222733872
0.0007264116189902464
0.0005206016496764433
0.0004405137052810325
-0.0003205751188868205
0.00015648926032348025
0.0014957237432267542
0.008786769878436162
0.0003000068653133242
0.0002887545978535192
-0.008914501681552096
0.002198041981356368
0.010305708220955534
-0.003044930610396675
0.0011348523949262725
-0.000400793509127641
0.00019617452766130928
-0.0003005833444937092
-0.00013807661482774514
0.00013875132935914247
-0.00010107427843347068
-0.00012962910288509744
-0.00011941589662317877
0.00013077772326603978
0.0001594229322244252
-0.00028224595357853523
-0.000146751110375942
-0.0002640845795235964
0.00014112908913129366
-0.00016981813503660637
0.00025515972572307265
0.0006462814877101256
0.00013594940566627846
0.000477170927418834
0.0002848504662807835
0.001711241682221545
0.0021402850591079998
0.006926148727760492
-0.0021912109886265086
-0.0004910030216344109
0.00040254741143262235
0.0008809575662099969
-0.00013140063244361324
0.0005909370428427381
-0.00021863474666247788
-0.000145386665205413
-0.0008679873293575266
0.00019828526578842797
0.0002610361479043184
0.00014620725252901848
-0.0016044298173470636
0.00019481275291718925
-0.00024060542692896144
0.0002862471342567545
0.000197953700194988
0.00021564449163334148
-0.00013962016939282151
0.0004100638541014964
-0.0009609036469070959
0.0002662139042907
-0.0003421417718771167
-0.0022966775001979915
0.0047678080804956675
0.00017243483927947446
0.00016575677185296647
-0.00047138198321470626
-0.0014492515638710613
-0.0008897078804264878
-0.00015685049608893316
0.00024248734464465103
0.00010603153923253333
-0.00017456963144925057
0.00023057832279375074
0.00018976153915166994
0.00018385897761964896
0.00023110256024022206
0.00014529694055222665
-0.000533314136882604
-0.0010575558839450588
-0.0003756503101189005
0.00012108638471645348
-0.00015481031465340418
0.0002934212190731898
0.003434647817251223
-0.0003609155188719643
-0.00104567996363322
0.0005415416350583866
0.0002715191874102537
0.00010562509584178341
-0.0008417448509311853
-0.001187415509362732
-0.00011323557750621446
0.00010097061978427667
-0.0002680321705800136
-0.000103211921169608
-0.00010227574685356252
-0.00013720649190114198
-0.00010732779981730615
0.000221479794470372
-0.00015769108008416738
-0.00016284688178566238
0.00031702627083765367
-0.0008268728562900974
0.00164251394173345
0.0009778912818328603
-0.00019234066324756133
0.00018378006050552234
0.0001924227073732243
0.0001817463336912362
-0.0001191359861948488
-0.0009627905481215083
-0.001628962450779476
-0.0013295552172414224
-0.0004602984354140244
-0.000391763492231703
-0.00027878485647093564
-0.000462779565460193
-0.00026601744489672754
-0.00018937517551736606
-0.0009200843139142151
-0.000871677075156383
0.0009728847730936627
-0.00020002426501681148
0.00037932545944408853
-0.00012551220843295735
-0.00010637095215112559
0.00023865856453978264
0.0003436770325192719
0.00023685284294136307
0.0001760291162294771
0.001173218296379838
0.0007895615698483527
0.0011295902069614937
0.00029140110354604473
-0.00017072798618435783
-0.0001574526737607359
0.000832049432361036
0.0013425863013642493
0.0005070019173139801
0.0006373877457899827
0.0002821678364453426
0.00010157807675837339
-0.00017959275741908634
0.00015553827941307204
-0.00013691512479128092
-0.00023683195076081986
-0.0001871616140338218
-0.0001505652145231221
0.0001530007172443169
-0.00042447209645101597
-0.0001392048756954015
-0.00021896728313378276
-0.0004398951572608889
-0.0003342176062229917
-0.0018071911680357271
0.0009146567081068451
0.00011507272098431611
-0.00012035165936207339
0.0001131207205906345
-0.0002284317930844004
0.00020365152692836008
0.0003329911808856315
0.0002965747773083792
0.00015081544817625785
-0.00014770848502179505
-0.00018221329832702226
-0.00010623582365779827
0.0001365477530191762
0.00035586313676160366
0.00028399699705555857
-0.00044127199835431135
-0.00014831491569401413
-0.0009825066094075786
0.0006994659727863516
-0.00025581457702590935
-0.000503833810581008
-0.0009464859828676438
0.0003541280529202444
-0.00019682613884436758
0.0003794895067663724
0.00028434099419471885
0.00010653961063589174
-0.00010766721048013833
0.0009078617673105827
-0.00010278240244974757
0.00011049444675540223
-0.00015184557838876945
0.00011311402769892977
0.0001400798695601735
0.0001527921630307709
-0.00018376407814615738
-0.00028602917540815093
0.0002008263999887225
0.000973893114338377
0.00010487396605341716
0.0001225188258412385
-0.00016653104258105571
0.0004093438467445211
0.00022589404073913781
0.0010019439694117374
-0.0008534333898765849
-0.00018378292437400178
-0.0002970645164142614
0.00023800033329209912
0.00014169217867552277
-0.0002972104681891872
-0.00015840981003073257
0.00016061949020938784
0.00012347991237998267
0.00016382199755508834
0.00015330845359784231
-0.00010121213357487176
0.00014533497084954475
-0.00023744499091793398
0.0007975917656986495
0.0006100230025866592
0.0006031306812567301
-0.0007802472599774372
0.0004097003604364823
0.00011327919945596844
0.00021982179338926196
0.00013745181549226816
0.00017132360234301496
-0.0003775126636705427
-0.00010597584556040774
0.0002611277113825504
-0.00011919438242553492
-0.00018670473066624083
-0.0001005900722939483
-0.0001010592601708329
0.00015049487617627147
0.0002696852279745372
0.0003716490456440032
-0.00020631520862163195
-0.0007882710778526002
0.0006254233515089695
-0.00012608112982762288
-0.00013800722189620228
-0.0001603288519298294
-0.0005116551220914918
0.00038666220413562054
-0.0006977022127339071
-0.00014987063114417693
-0.00012877661690083195
-0.00015048092496425532
-0.00011713412582297031
-0.0003100694239828474
-0.00015651789676310576
0.00011389622198685507
-0.00014731932144557098
-0.0003518883009395542
0.00047428481738648933
-0.00023596331317736924
0.0009661476478669928
0.0005583346546770238
-0.00021995281147162615
0.00010588224528962584
0.00012885988215941954
-0.00014732388491793855
-0.00013524361202378805
-0.00015566322130896297
-0.00021614210998150598
0.00013395834472674473
-0.0001148789531000081
-0.0002318121547908191
0.00020805403898529042
0.0002016732072478445
-0.0005712447929943279
-0.00047295268478038274
0.0005466515612952929
-0.00022725175200273958
0.00019093643876521497
-0.00010000861852982454
-0.0001886663695194914
-0.000657437593188017
0.0001111053223514981
0.00010807218482945406
-0.00010797140584946535
-0.00012424503535616538
-0.00015040667105931335
-0.00036442703568299715
0.00033041010953043404
-0.00016985687907760161
-0.00015836851146513173
-0.0002517394603532588
0.0003281842352762128
0.0004176758659623813
0.0007709065406805638
-0.00021514952008168324
-0.00031676351068348017
0.00022693743890061545
-0.00011242237263443827
-0.00014929213093327212
0.00014195925925734442
0.00010380623405918696
0.00010653561706495375
0.0001945444795308275
-0.0001096705044344555
-0.00038545414639424766
0.00022516907522075925
0.00017097253795927384
-0.00021626518530228365
-0.0002118357497826433
-0.0005233553122848719
0.00046037707777271577
0.00029480885968782866
-0.00013720437968427118
0.00021565124505282018
0.00010875169168515603
0.00018004317293786844
-0.00010074866967255834
-0.00019558631563237932
0.00020016932519249645
-0.0005407957982583955
-0.00012517648139972833
0.00011724324730268147
-0.00018981793578077983
-0.00016221661019992446
0.0004063735161469206
0.00019850397222935558
-0.00024799621268916153
-0.0002731494072992856
-0.00044297134365245584
-0.00025410452713364577
0.00010079558070593771
-0.00014450639970512222
-0.0002223968015650596
-0.00011256280399719807
0.00011181659919320955
-0.0004352044293150841
-0.00012869353202233985
0.00039372758179536456
-0.00010695958029731529
-0.00010383924702412501
0.00020262385330346722
0.0004135929620202258
-0.00011328104692736164
0.0005069473803166317
0.00021440096943127525
0.000129823357259228
-0.00025849148455628433
-0.00015897193320138026
0.00012801124564641576
-0.00012621874139190822
-0.0001688424300715113
0.000583757250253891
0.0004780691036558779
-0.00022135567785167617
-0.00046274691815997924
0.00019018703864167295
0.00015971357330682844
0.00022066700996215376
-0.00024940351480460816
-0.0001487494381417051
0.00015647586554752297
-0.0002575378990336639
0.00020993461759589294
-0.0005953831300163619
0.0001545856394428858
0.0001885156825477764
-0.00017718382839043332
-0.00011474752777021336
-0.0003202360781585025
0.00026976707684485017
0.00019822668190690672
0.0001802317315948565
0.00021885623468121006
0.00017564528767534404
-0.00023693883040170325
0.0004090598988308761
0.00032043155694376973
-0.00016597194706348956
-0.00028095160607224414
0.00031957778037512366
-0.0004068804865245413
-0.00041296714866793314
-0.00027167271096536767
0.0001712245953023217
0.00012942100112655431
0.0001782659894562075
0.00010762759323774608
0.00016196318442418422
-0.0001407723363447204
-0.00014338559362214032
-0.00021095701533380506
0.0001329789498650247
0.00016108255027180834
0.00046610966224349537
0.00028522216366738023
0.00022998531517769014
0.0001333901822793465
0.00031979144182835503
-0.00031757557875541486
-0.00015308975519741903
-0.00011972927561721998
0.00020808638642554956
-0.00013924551982137293
0.00011343990858050477
-0.000356994932637067
0.00012935523456209823
-0.00010736763461505437
0.0005072282849437909
-0.00027210495744833596
-0.0002725320884212424
-0.0002118968524435167
-0.00034743051213668373
0.00010197306309886781
-0.0003223222525671865
0.00015617660073985652
-0.00013465377346739388
-0.0001572252933373222
0.00020366025156664418
0.0001000152915982739
-0.00016827301664320402
0.00011843777240613052
0.0004577699787739616
0.00014506109663503278
0.00022407002886419648
-0.0002752827190780819
0.00012246217474740282
0.0004000527936406131
0.00014242926039973936
0.00014067356865979212
-0.0001706412461020454
-0.00022506228975119298
-0.00022670926822595917
0.000265254986841135
-0.00016603031856271463
0.00046098761939314067
0.00015823857048182324
-0.0001039186648564938
0.0002156270214801013
0.00021266204311254852
-0.0001974719260483055
0.0003883043744317186
0.0001895057814521735
0.0001776745980579598
-0.0001632682758299417
-0.0001537639325136914
0.00018325780531344547
-0.0003099915009827305
0.00010329058189891581
0.0003208490045408413
-0.0001862743520397818
0.00024323278231762433
0.0004637302435287855
0.000275632582662343
-0.00011527407597888449
-0.00014872022997888392
-0.00036519461608434836
-0.00024197678573774912
-0.0002511043812149681
-0.00022555068416933675
0.0002664497832105791
0.00011727252556039528
-0.00023593314393221607
-0.0001632991405347963
0.00013442177059848148
-0.0003206756417872447
-0.0003198365324714925
0.0001400680383143049
-0.00012068329976664592
0.00024210860736581765
0.0002027378438139036
-0.00017297522853351708
0.0002617199399739851
0.00024548240690952636
-0.00028200884778447705
-0.00019720986940280374
0.00034197779428584097
-0.00016051434000480667
0.00019226535638860477
0.00034729539277245834
-0.00021338469686434607
-0.00013486196496157496
-0.00021723441621793616
-0.0001359126528951376
0.0001357099434391443
0.00016951072393409298
-0.00021017814785068145
-0.0001727369886483408
0.0003215120711612666
-0.0001859327051119623
-0.0002622090491566813
0.00012375015885928665
-0.00010167673432369439
0.00012172394286937139
0.00020347393028173418
-0.00021988327616469274
0.000281208519265824
-0.0004060702569365109
0.0002519479252117999
-0.00019379842668899234
-0.00034406561262551895
0.0002441641751654464
-0.00014474880474299988
0.00011646736086626984
-0.0002171718295804987
-0.0002904660390017534
-0.00014545902244403997
0.00011419664793294038
-0.00040361932673057
0.0001924068239248351
-0.00012109366945474823
-0.00023005912677625005
-0.00038080967249572417
0.00021908407564808868
-0.0001547675491468951
-0.0002954359449465473
0.00014283329122380934
-0.00025596783151810455
0.00014628072087396202
-0.00028693047171605887
-0.00018904057294355633
0.00041768986292851863
0.00016505190294591863
0.00010154488794220685
0.00017027310278736567
-0.00021496031675202865
-0.00018487074442004084
0.00012497639284282967
0.00016697163575592796
-0.0003035859164638359
-0.00017128422414017344
-0.0002794585580175773
-0.0002651660788316165
-0.00020765666403900195
-0.00023448387496886904
0.00019706636631118508
-0.0002238807377175713
0.0002498275136152866
-0.00015579851788873292
0.0002696038856717741
0.00019878115675166921
-0.00033444621993146314
0.00031680272455868934
0.00026529037919164814
-0.00013373158455374202
-0.00014501477434477223
-0.00015454093691139427
0.00013243595651838417
0.000103078060183272
-0.00022629348915982188
-0.0005027782698410326
-0.00022075937531049883
-0.00010667274329074483
0.0001585465873105641
-0.00017653670122095284
0.00021583637343551535
-0.00010684044907103019
0.0003055127791432858
-0.0004945568183556246
0.00026658877066835607
0.0002581992066485206
0.0002144776454216868
-0.00019195170575534107
0.00013162371995949194
-0.00010865108672352245
-0.000297493773932441
-0.00025131560517581257
-0.00023374927666666443
-0.0003080515334317315
-0.000378618993334476
0.00028481424282556585
0.00018172993021417264
-0.00023622808010519933
0.00015757948352504282
-0.00028992859478645577
0.0002487081113221854
-0.00011125339599972841
-0.0002381226940061507
0.00010062629147359981
-0.00013818006021028238
-0.00019835785716189756
-0.00015231080453363842
-0.00020044874825997984
0.00016066652002051443
-0.00028152928847946344
-0.00020495422488096924
-0.00025425033274878824
-0.00043081410758068585
-0.0002183431644446155
-0.00015752126515946859
0.00030626984998769125
-0.00034654359985119887
-0.00018015805270853082
0.00012809456937839915
0.0001767957374426815
0.00010096567612875333
-0.00016093987583056074
-0.00036507625290606603
0.00017278352263098894
0.00015222142079687195
0.0003042411368673851
0.00021007930833250068
-0.0002876500690360375
-0.0001469160351550825
-0.00013287488234646456
-0.0002813741167000948
0.0001214144851148762
0.00040943653569240987
-0.00018214182650673442
0.0003047802610888057
-0.00031852688198251514
0.0001553373967300541
-0.00017729262276160204
0.0001067535210996224
0.00033963039122773375
0.00034510171189418607
0.00039908066524207134
0.00029881683191781765
-0.0001523295974532939
-0.00014958854731346788
0.000178809074443395
-0.0004953979329940907
0.0001897520772168487
0.00014792504505756923
0.00012161484380988166
0.0004096347648128413
-0.00012785945277404669
-0.0001171434863967252
-0.0002402195959125231
-0.0002320265667408328
0.00015881973669667164
-0.0002672462790251245
-0.00010052577563222638
-0.00024178261135056827
0.00040160422794685194
0.000422160137679644
-0.00035345105522386206
-0.00025060714985931145
0.0003235187876842006
-0.00025478139863643916
-0.00011275521610283047
-0.00013356699003132954
0.0003301644777083539
0.00016188453867112737
0.000542640792297012
0.00017743728785631158
-0.000341936800308164
0.00013951852722241464
0.00017065711921604212
0.00016500567926753366
-0.0001121189920036057
-0.0002785886239963153
-0.00010039367979946685
0.00022502036186689307
-0.0001567232030237598
-0.00023401694034344358
0.0002902244204109583
-0.00024741514749332475
-0.0004940043568865294
0.00041220942753738383
0.00019299502379645732
0.00023323551398100772
-0.00016459718571858962
0.00016815770140833023
-0.00011337755492643619
0.00010118080012718336
0.00016231172502570294
-0.00014660788031300016
-0.00031420200905302523
-0.0006292360369137775
0.00028392307238036244
0.0002966609708457483
-0.00017018916711646117
-0.0002067132094191193
-0.00013226228460641563
0.00011641364523234047
-0.00014109947221354203
-0.0004691280759650489
-0.00017665666030431413
0.00044877309791589915
0.00018276254636819764
0.00026799379905831106
-0.0004458379046409643
0.0001222415645944053
0.00013528094068613925
0.00013177214420646022
-0.00017275886591448707
-0.0003247206546902113
-0.00022258311604505347
0.0003673572461782857
-0.0003196471274910426
-0.0001855378202967142
-0.0004337760352053034
-0.00015274755506431716
-0.00018713358801914978
0.00011506837789466654
-0.0001246831591618844
0.00019180977856215805
0.00043795667543765983
-0.0003618471612515425
-0.0003265421386893889
-0.0003150045308134008
0.00011747600675806016
-0.00023771758533610806
-0.00037352856513048405
0.00031071034762466393
0.00014785645928933898
-0.00012858387360360413
0.0003081723658248826
0.0001631188165641072
-0.00012563088537363254
-0.0003750778300086261
0.00011415761397313145
0.0001051674264146124
0.0002312710989974846
-0.0001985756904869376
0.00011266064753188759
-0.0002052863619923593
0.00013221695296026083
-0.00010005202258737886
-0.00014670131343934122
-0.00014474100918041656
-0.00010387147718315498
-0.00010807604969234753
-0.00023090265133567204
-0.0002504363926833825
0.0002799514115038484
-0.0002372425858837051
-0.000342733981119279
0.00020662051675015278
0.0002219371568615259
-0.0014090146532524917
0.0001475159852835742
-0.0012262247580414132
0.00022486177397723763
