-0.8828115084007784
0.2890484838819402
0.1793891669489596
0.16547876573081455
-0.03911542529879865
-0.100750319099408
0.08163544772197347
-0.08238235857543012
0.028002156412790382
0.07176084558457846
0.07281581434228288
0.04773649001118649
0.0015665936487145751
-0.023379685995372167
0.05759313458245923
0.004951911073930004
0.0047652540800167485
-0.057194370856289194
-0.06294442527295081
0.0037576430919773157
0.01946137734135397
-0.001630617961059767
-0.0024529118844685235
-0.00915154187442169
0.016367695964795297
0.005837770503252523
-0.019973302708444017
0.07046212414728856
0.00021609416459459466
-0.000520848089114775
-0.0007117123462499262
0.002557793777102145
-0.00021229464757686103
0.005702124697816057
-0.00633580270569245
0.06654420846549584
0.0018184648902172728
-0.0006730387803579147
-0.002225274689615833
0.0005010818043227971
0.0017831139218203174
0.0002682527637868593
0.0002443572167532855
-0.00911790787437353
-0.005194457476877145
-0.003452506472358191
0.05768678647318411
-0.001585286615201809
0.005850980579943423
0.0005552523154765549
-0.002523516829135104
0.003107319071121837
-0.0005095680643538514
-0.0007174541398071724
-0.00015860605472531336
0.0005874748555846859
-0.008738566627381544
0.000831400169735347
-0.014003371579422715
0.049010653219962556
-0.002095875356683602
-0.0007228937378825066
-0.0010448489933048873
-0.004135138663936408
0.000659682940032619
0.0005890825187220463
0.0005254422824474387
0.0002191944004679742
-0.00041828268710337015
-0.007827045690032433
0.0035073850952947235
0.0010988001632000707
-0.042807097365597256
-0.011618170111326926
-0.004110219132050244
-0.0016239546346305334
0.004201299912956996
0.0011653203366892117
-0.0009523512635952671
-0.00017286047384045257
0.0006373803783798393
-0.00028934683004059046
-0.0004026929816076036
-0.0004980773956095283
0.0006943923211604652
0.0009750516024590518
0.007013715766347282
0.0018403514834158614
-0.0003769897511284546
-0.0029674503337989246
0.03871692847230591
-0.005501786391925856
0.0009528051258111022
-0.000988604004836157
-0.004025796859837486
0.0022311920524170146
-0.00025154550379942524
-0.0005367169935795784
0.0006313498259323345
-0.00046903379551084664
-0.00035341684979354744
-0.0012228557697926065
-0.005657370729546061
-0.003015852783924302
0.0008840972584000356
-0.03456092561679171
-0.0006031419490615625
-0.0015235935077243944
-0.001571558009346553
-0.0019054043404276748
0.0008412397470600951
-0.00392112258185352
-0.0009457729654706688
-0.0004282365885229434
0.00028342222450478474
-0.00030983421735266455
-0.0001866652072347485
0.00033479214076149967
-0.0001966845599439659
0.0002582881414807639
0.00047657224499654825
-0.00029163496043051776
-0.005873609266384991
0.0011433745293961183
0.0010397810949550068
-0.03037188177149149
-0.004312714004639705
-0.0004219789793716061
0.0014733283904283837
0.0012762414052228696
-0.0038813952974556558
0.00028856273496052155
0.0006436191374783327
0.00020066525250306633
-0.0003626005912113458
0.00037313476749230686
0.0003350639222274597
-0.0003171449104534654
0.005309902891243308
-0.0002531236105070911
0.005938693590478011
0.006837036803815835
-0.025816380339840465
-0.0014214281989117022
-0.0006013273513648795
-0.0001801587996695418
-0.003876501252439688
-0.0003565920620156427
-0.0005106053498469719
0.00010220342466854288
-0.0003459241159033068
0.0002069340166326822
-0.0005043689637262959
0.0002484545446990986
0.00013210541867863124
-0.000216670180149298
0.0047388608072503075
-0.0015807978227343673
-0.02439228554649024
0.00016699455259889417
-0.002065133016067632
-0.00019362773971828782
-0.0004403557746965656
-0.0009708632831871165
-0.0035593988495226277
-0.0006645022189349784
-0.00021882697281164825
0.00032143072412219926
0.00031993042416435865
0.00038446823611866824
0.0006112977870314301
-0.00025367442323536257
-0.00012550888170032967
-0.0001343547169778494
-0.0003801597216121145
0.0002189890607527342
0.0039045094275562747
0.0014396923084147683
-0.0012232683515854728
-0.00023163299310931102
-0.021982661309097623
-0.0016671874555421447
-0.0008769918290211512
0.00036893129606915343
-0.0008214111275820533
-0.001964152854013313
-0.0026915667463701123
0.0002010434260514394
-0.00012110739220628221
-0.00018592708823692198
0.00020832731311397926
-0.0002601108893122306
0.0006572116644338224
0.0001399917620123063
-0.00013235962376769955
0.00016096832938638153
0.00013101749929824748
-0.0001155253437592932
0.0001838184937882218
0.0034362246908023913
-0.0017179025402958574
0.00047791554870807847
0.00016696983856062368
0.0015477162436394276
-0.019878474582363203
-0.0009265931639820592
0.00012517122242109262
-0.0014501424388262318
-0.0025810169365628436
0.0010574018877026452
-0.0001886451100123511
0.00010093927214902606
0.00032382365513127886
-0.0002136174778692145
0.00036526987925665364
0.0006581078169415268
-0.0001425021736926928
-0.00016150307818707253
0.0001169207062505567
0.00011405100022006784
-0.00037689588082410525
0.00023245100768358633
-0.00346777692883821
0.018032964579336307
-0.00041346877858836956
0.0013610166314003047
-0.0009196041765278778
0.0008260175178414647
-0.002605398144771865
-0.0011141949000189968
-0.00019685714690993597
0.00025704666164659426
-0.00022808005308697375
0.00021912597882776765
0.0002468526062419559
0.0006040721293230806
-0.00011327304413001905
0.0001597955550968625
-0.00010779482834111134
-0.0018705624701407606
0.0023947880479853073
-0.0009445074691840444
-0.015473485447050758
-0.005705759640200495
-0.0004334566205494777
-0.0006843636172668713
0.0005826743103985214
0.0004424381848701316
0.002560863089631454
-0.0002457117705542363
-0.0001732069251516302
-0.00015506962012643062
0.00022330072590129167
-0.0002692328926872425
0.0005829741255314228
-0.00018299207379671777
0.00016347855400583662
-0.00017318589381938362
0.00012168569595413084
0.00015157359673068332
-0.00011081809153154911
-0.002889612401731239
0.0013240400452133394
-0.001939104875066301
0.014415864699114083
0.0034445448186920004
-0.001688548226793654
0.00046410035021852855
0.0018477519851512819
-0.0012095776712601372
-0.0009219417863451122
0.0004203687776526786
-0.00024641556079119846
0.00011488384641440276
0.000291760826889756
0.0005554607427121373
0.00010432356102551516
-0.00016397819532601766
-0.00020163756917520093
-0.0005478729865983203
-0.001435307013932444
-0.0021358634603071596
-0.0002847910862385135
-0.00043476579445309575
0.013768183260905117
-0.001527195818410224
0.00045121701260743236
-0.00017683244535628815
0.0005987353422897528
0.0021392465543995437
0.00017166058689500798
0.00019856102756303626
0.00017254969171422017
-0.0005752348241790408
-0.00016932558996187477
0.0001468758339081021
-0.00019652783095242945
-0.00011338422415531101
0.00010181080754525666
-0.0001224041989135025
0.0020953486424025933
-0.0011353159901603721
-0.0003484559672733728
-0.012758364223395009
0.0003080947914663758
0.00018523769772310324
-0.0003187297875798913
-0.002016000130052467
-0.00042325368907594524
0.00021874920165155598
-0.00019289438514400348
-0.00012028432333171567
0.00010651133954390812
-0.0005561604790134573
-0.00010888204235344462
-0.00022506067015070044
0.00017919259799004813
0.002183575484859533
0.0006418161256243241
0.011752819975450095
-0.00021264583129590957
0.0006751766381592287
-0.00032699293152981456
0.00016487841782138475
0.0007009970535916677
-0.0017775817056008094
-0.0005379882580698527
0.00011419049448419643
0.00023992811041181422
-0.0019956474856059362
0.00021090609096081903
-0.010766212497962618
-0.0018336232522708999
-0.00019417142349023966
-0.0006269365847870784
0.0016544952785832428
-0.00020055235090774126
0.00012282266558953037
-0.00022178719621250727
0.0004799231382071626
0.00010499990650680703
0.00018773611615204418
0.00014450656607561366
-0.0018090817672291348
-0.0003218406484481787
0.00012916130845388866
-0.0008994722409030365
-0.00030907891032193167
0.01006962455750432
0.0009685602973120713
-0.0002347178513442135
-0.0015287386146600865
-0.00015357105941620955
-0.00016424085337244317
0.00010919501634856146
-0.00018080544671655345
0.000124291280746225
0.00017055838783426393
0.00041693027837795706
0.00011679123677493486
0.00024782160306007997
0.00010020439516631766
-0.0016321591196907976
0.0002676889184788639
-0.00040329654657636043
-0.0007801429652180675
0.0016325556739833977
0.005612279272113057
0.007397421713762823
-0.0014012012236434273
-0.0003192200898869843
-0.0001371558865183262
0.00016315297879209635
-0.00015038896660373428
0.0004002700941400457
0.00011318309816413396
0.00013663205277455814
0.0002045518929471836
0.00010494112646077349
-0.00011024402175900761
0.0015427154762283728
0.00017411594237896024
0.008821925603170988
0.00019861998833349873
0.0003525240962109568
0.00015911896719118977
0.001333276017576194
-0.00015136928115043761
-0.00013157256232974735
0.00039896522378895036
-0.00011506098216042604
-0.00020143659713475856
-0.0001070911659755817
0.00014031777637848436
-0.00020070028814711644
0.001374487464335542
0.0003022364488850763
0.0001785708723631877
0.0001974717169726359
-0.00825477826209684
-0.00024579128950524853
0.0001778394323597288
0.00022115461080924535
0.0002498243373057435
-0.001197386999383703
-0.00012690561643403592
0.00037399720661419276
-0.00010936385587680238
-0.00018687134574007418
0.00012079082229010932
0.0013029005668320837
0.00017571663054298363
0.007045604776375468
0.0032101970199678222
-0.00018885030116559318
0.0002880652674689964
0.00032952905020113346
0.0001351813894815131
0.001085019633940586
0.00013652213875768243
-0.00012076351648028148
0.0003287122795440105
-0.00016664321054708862
0.00010387912778519319
-0.0001503763763042053
0.0012096229196299172
-0.0002521815090222287
-0.0072696956044472185
-0.00015540148388407888
-0.00012014397491252147
-0.0003297933960066212
-0.0002913019480402086
-0.0009797660444636756
-0.00012428573118384851
0.00022020325888556599
0.00023477821069715077
0.00017692536272360094
0.00010457415504507417
-0.000301389348681335
0.0010909344985980207
0.006826352942921376
0.0005874558212182622
0.0001498053442846283
-0.00021293582141998317
-0.0009318344214299046
-0.0001426582134726819
-0.00013937648386611347
-0.00012581603175322684
0.00029058349592037244
0.00016910384961465875
0.0010522711345362548
0.0012544632107387838
-0.002295294136435147
0.005909227577201021
0.00012589276606387432
-0.0008733772852967922
-0.00012703913463910904
-0.00010877729351445023
-0.0002784180262978929
0.0001584684343918478
-0.0009781125236798375
-0.006102331297140366
-0.00011447963311336023
0.00014617655219608408
0.0008066446898422093
-0.0001441748835808227
-0.00026068475138322605
0.000160907737204887
-0.0009001126435342402
-0.0001918943224500399
-0.00575126797576516
0.0004969447981704913
-0.0007429824001664467
0.00016948089055875048
-0.0002446265677792604
-0.00013382817851067259
-0.0007759116570653278
-0.0003284565061109816
-0.0054602986539842415
-0.0003147022832937421
0.0001297591629746134
-0.00012991593978570185
-0.0006971522545353745
-0.0001202495987384469
-0.0001352104004247018
0.0001867109221305021
-0.00012956278422029678
0.000783316647115084
0.0001058529996972336
-0.0004226819771549841
0.0004968638983596679
-0.005126280180230967
-0.0004907081442794482
-0.00017454271688941743
0.000624939323883661
0.00013186844005321958
-0.00021294463735012871
0.0001271135961430716
-0.0007011668404727861
-0.00021416381130722994
0.004927170123917146
-0.00012821774609310166
0.00010822968058580268
-0.000181565762897762
0.0005977657082547953
0.00012237960926105593
0.0002021458235395991
0.00010985025773174977
0.0006877056485688752
0.004684928462855744
0.0002760825609689713
-0.000557261708703406
-0.00012763586697398422
-0.0001736435964599198
-0.00010930411176185046
0.00011373230008411214
0.0006376016146314142
-0.003269913193305657
0.0030454139234730947
0.00013150276312112201
-0.0005101951471572385
-0.00013179234341105444
0.00017236194897710054
-0.0001050214096732835
-0.0006030782974071004
-0.000112533658073157
-0.002315399313136569
0.0035767028899144084
0.00047570094448284416
0.00012165386088935672
0.00014690779396778545
-0.0005637510519659441
0.0004161440039377197
0.004049414384307835
0.00044559799979784515
0.0001239518694693034
0.00015257338509460947
0.0001085525328735932
-0.0005323686143677974
0.00010198661308841251
-0.0038350853943634293
0.0006432977350110475
0.0004152579076349467
0.0001263541758415583
0.0001272352084440508
0.0005037265078592015
-0.0037208459306631698
0.0003817238271687007
0.00011218387118929641
-0.00013567128249682855
0.0004712415867401881
0.0001250089704191756
-0.0035627245405616273
-0.00035119408110288676
-0.00011034401026488436
-0.00012571722426613964
0.00010502117958419785
-0.00045075519480157543
0.003417450294373473
0.00032223628772874274
0.00010848751702168643
-0.0001167329408725716
-0.00042816414459948075
-0.0005142628764671952
-0.003207885318197656
0.00043980798675226265
0.00011450614624605225
0.00029429596240525865
0.00010499822072667515
-0.00010790159416668816
-0.0004061005744714117
0.003100192173633719
0.000569127435128511
-0.00025828893578300465
-0.00010468834375290982
-0.00011368797163364196
-0.00038878569017025975
-0.003017981863831124
0.000255350684829907
0.00023196993591321694
-0.00010304899773564655
0.00036811020994634584
-0.0001520994800398368
0.00018840151360430827
0.0028936761899011434
0.0001640427643025302
-0.00020065781991051633
0.00019124497911329405
-0.00010122346164933083
-0.00011063605007291665
0.0003330798743935147
0.00012033470978285841
-0.002796891523884627
-0.00019397738190933807
-0.00013612409507011286
-0.00010558122917403327
-0.00015156233332604512
-0.00035941477232928544
0.0001611933019241674
0.00238910078860614
-0.0011461516336250914
0.0004129240770820852
0.00011667961679044677
0.00012018583627555106
0.00031655903735785347
0.0010803096172407082
-0.0001848345512218563
0.00016594793568097414
0.0015551270970623019
0.0016695246615072406
-0.00012420956420210777
-0.00024419959283098955
0.00025192177564349936
0.00018742036014821525
-0.0001355547357611901
0.0001949854203624826
-0.00011398948366037412
0.00010624033260652395
0.00011041062858207052
-0.0001701811308594163
-0.00026271317510136025
0.000111333971790819
0.00023644415152638626
-0.0007597804050658615
0.00031593474777762777
0.0005918025876948421
0.0011262869926351301
0.0004741215767587532
-0.001783750832803381
-0.0003821914490521339
0.00017994951273055384
0.00041277219418741246
0.00017495842382885535
0.000257562569393917
0.0001103523949714048
0.00020486156392399182
-0.00014415729666005352
-0.00015312557619245277
-0.0003197949049760389
0.0001409285687821293
0.0001763132048084169
0.00024267569142188373
0.0001488870733823017
0.00010577738033126121
0.00013912857459857228
0.00013421308204528178
-0.00014494080727021918
-0.000301642032556115
0.00014177608344220085
0.00015921611345452597
-0.00017393369907129735
-0.0002682321825322571
0.0002731452975084252
-0.00032192295313505367
-0.00014795472802302384
-0.00011526653960151693
-0.00019623971263682983
-0.0001381012434865549
0.0003643091827284631
0.0001949110652196423
0.00010690229424369088
0.0003131128655583475
-0.0003648417615109097
-0.0006223051914802571
-0.0009674475379213443
0.0006869910246976894
0.00015474781130044466
0.0002337235950287949
-0.0004488437123130201
0.0001418629919430304
0.000660614709835551
-0.00013472901254303236
0.00044541811284032936
-0.00025399293111761463
-0.00034844012780379304
-0.0008775533456459399
-0.00021263967699858703
-0.00046386387661520915
0.00024260128223386996
-0.00035608231619948
0.0004912581297378473
0.0004209784810606538
-0.00011199911084354567
0.00011925679076387571
-0.00024526154108665214
0.00015712120576009267
0.00023392279308731025
-0.00020872202825388596
-0.00026378976770814175
-0.00014633652240060387
-0.00021601728120823255
0.00018361035398366656
-0.00027738653340819144
0.00027349136495872405
0.0001072396592913938
-0.00013351257747689407
-0.00017898070981710147
0.00010388658856843826
-0.00010151265259756926
-0.0001508091695966809
0.0004310630439812629
0.0003169576204038988
-0.00019372533393783973
0.0001083638752798314
0.0005089812849488637
-0.00013707300296557576
-0.0003195961318925253
0.00023084540215666152
0.00010650628163008549
0.00025848515489800396
-0.00021885538585143872
0.00015200361921825946
0.0001249037091234606
-0.00020205877938289342
0.0003246073251885191
-0.0010512686758905624
0.0013125725078251265
0.0005677432187759687
0.0003813658687768738
0.000195195394760458
0.00024937155609185537
-0.0002747401669723821
-0.00016112464245783981
0.00022602240423397768
-0.00019627975476869605
0.00032015906334741703
-0.0001875195318303908
0.00023764581806958498
-0.00047783318835062935
0.0002734552368780181
-0.000193716325395289
0.0002989425318858865
0.00013219618116927046
-0.00019902471857294058
-0.00016812291846674427
0.00023321419562762373
0.0001352654883007439
0.00010766452366867433
-0.00015975275132320405
-0.00016318256533261503
0.00016868700385253872
0.00012078319269415653
0.00020228005987998844
-0.0001953873507823895
-0.00023188201545489533
-0.0002295246350826042
0.0001271860216694414
0.0002330795364965131
0.0004022913861390807
0.00012278945113972098
0.0006232907154818776
0.00015032173159320418
0.00011431880150065325
0.0005799781036439323
0.00048647809380263627
-0.0010652499344127873
0.0008121769878197793
0.00044326120804884613
-0.0003440718354556857
-0.0008875966543444692
-0.00020828828963738585
-0.0002354659035703237
0.00016437321964604977
0.00034636516615525834
0.00029554587918937015
0.00018758048073035842
-0.0004102929781793456
-0.00017831239041540936
-0.00021652459770826372
-0.00022705650409649982
-0.0002028293736218572
0.00025442499196438764
-0.00014940920407638213
0.00011743852679553128
0.00024864058129357177
-0.00014362783446239446
-0.00014911738226303458
0.00011700157412251647
0.00022757954286546699
-0.00013040630120365556
0.00024840774424011644
0.000194342379015131
-0.00011852625052728633
0.00017240662816524167
-0.0003296478158199445
0.00015323463717823618
0.00011974427169535972
-0.00020950835720507662
-0.00018822283052244228
0.00028585233641222096
-0.00025564517233396506
-0.00022685768306603078
-0.00024153937683910997
-0.00021503338501097625
0.00019251590540646685
0.0002229566481423938
0.00023146780074767407
-0.0009151871549722555
0.0005173855548847476
-0.0002650839352831082
0.0005256547628896327
-0.000668742718699994
-0.00044697627568450146
-0.0005038282609808596
-0.00036271321776033377
0.0005018824376734681
0.000442488781615505
0.00047094820223587063
-0.00024053657613928365
-0.0006514789578266401
0.0002667581067650358
-0.00025476783542203335
0.00011615587902200795
0.00016872697009465484
0.00027233851174051146
-0.00020365669342131958
-0.0002035270274118134
-0.00022667468677146582
0.00020945637037462052
0.00019044693329760902
-0.00017045172953636503
0.00012524462980290202
-0.00016815015928109295
-0.00028049265723854226
-0.00011567571631556252
-0.00023336506732788914
0.00011117762771646474
-0.00020236632389571694
-0.00015180000025739938
0.00018778133943317553
-0.0004222616921709267
-0.000172423952651655
-0.000178679959920446
0.00040368709059400014
0.000587641403596036
0.00010120549616438148
0.0006802827598063815
-0.00017550534784813282
-0.0008390885759000813
0.00036659487186082164
0.0006057449853220466
0.00041141039200207665
0.00012399398235980993
0.0006510931570086172
0.0001046632195611055
0.00018629374899248227
-0.00027329062233635566
0.0006109443627704594
-0.00027535300143117814
0.0002669343336891644
-0.00010031222974135243
-0.00024916916535812534
0.0004987357701320914
-0.0003157171872760887
-0.00024076071956611117
0.00010694917999944221
-0.00012819838498866329
-0.0003178848980385689
0.00010846566092798531
-0.00013159725914268505
-0.00021823442025661007
-0.00013408613900379155
0.00013115009154486757
-0.00010866924329061954
0.00017895144930524907
0.00010553615807791549
0.00015955359118514323
0.00018696144436886516
0.0001606256888129883
-0.00021516993661091754
0.0001430916503985753
-0.00013340642737613126
0.00023815351369407047
0.0009167944979903375
0.00010388376484930442
0.0014410239079811948
0.0002618543290483683
-0.00030790331828871325
-0.000580463184724038
0.00020317635056879118
-0.00018362152258975817
0.0003352216583528929
-0.0001223447562202795
0.00019057800426314185
0.00016805464809424459
-0.0001225517036547782
0.0001462767336965214
-0.00012045482966857028
-0.0002084546213057728
0.00015008438000360848
-0.00017991011742502592
0.0002069418966776573
0.00019524105570963837
-0.00011472270074369848
0.00010199315837617986
0.00017860622483976192
0.000370473252633278
-0.0003781777451177071
0.00022936590132236696
-0.00046091093503631745
-0.00016161908461848935
-0.0003603720025734291
0.00033804579130173804
-0.00028005551772082495
-0.0006554289457068631
0.00027191430252262826
-0.00027590476296379153
0.0004993198185168059
-0.00016802186796447993
0.00015356719445868883
0.001155440718772964
-0.0003102158701160322
-0.00020732027573958211
0.0001895740083748514
-0.0002618498609597569
0.0002101749642897632
0.0005793048767004608
-0.00012855201134463127
-0.0002073910703444434
0.00024763217932603613
0.00013226193676439384
-0.00014457675114872533
-0.00031798000471431947
-0.0002512974506431808
-0.00016309926046374597
-0.0004308968347712701
0.00017658285698400673
0.00016376112369134323
-0.0002986162574711286
0.00020883935835687775
-0.00011357378496106486
-0.0001342759576757786
-0.00011508666588080422
-0.00010927711041532572
0.0002450622809583493
-0.0003861649651644258
0.0009128590812359867
0.00013096803674513934
-0.0003226740436232765
0.0009303658868368151
-0.0010821450011336904
0.00021946432840523324
0.00010940209382091104
0.0001378759225420815
-0.0003939569473235942
-0.0001933370062118079
-0.0005744210847232994
0.00018803927584495577
-0.00011924564575867292
-0.00022426050771368904
-0.00011720418065007259
0.00014855563411553623
-0.00011340485025850843
0.00012016944702858136
0.00017219278420924146
0.00011600818455057226
-0.001297022336825497
0.000547995418634321
-0.0004458257405443308
0.0005428483716821168
-0.00020358889392192473
0.0007785901039823345
-0.00010982151126123611
0.0001259982857056789
0.00028985372111274235
-0.0005962913062220678
-0.00023715532297720484
-0.0001383737881449333
-0.00011163676577137139
-0.00022712153309114886
-0.0001990098664401187
0.0002577142513218974
0.00010258164293101725
-0.00013771424076420197
-0.0001925432795171741
-0.0002493868924623352
-0.00011533113861834758
0.0013607246113780305
-0.000524307932988557
-0.00020488443571895046
-0.0001517644970630017
0.00025400387977995043
-0.00013912792847362785
-0.00012768475435064066
0.00021112093236891815
0.00029937223929148355
-0.0003768050272988914
0.00017084252737426908
-0.00012149847003310577
-0.00010559577467291382
-0.00013244432587982403
-0.0007058830863833603
-0.00012952734763736044
0.00012372880433578635
-0.00021101871550931577
0.0014615598727220147
0.00048003903978848493
-0.00034772094247456756
-0.000142783946399898
0.00018676552465568175
-0.00022011149739129766
-0.00010585637919862972
-0.0001328218667657833
-0.00016329599863872712
-0.00010383215989059243
-0.00011052974239125849
-0.00012065890968932278
0.00018470409254498746
-0.00011845073155441048
-0.00014342225424087752
0.000188396868479564
0.0001280661306104533
-0.00012293333717915247
0.00019063864820367856
0.00010616196207805141
0.00011865958631295087
0.0001506719830186814
0.00017647405480757892
-0.00010708256028909769
0.00012945291426172005
0.00014625713216203853
-0.00020363555316404677
-0.00014281179612826104
-0.00015545207688124853
-0.00020735836197624413
-0.000119318125413607
0.00013312885476592096
-0.00011335943790024736
0.00011387265067779932
-0.00021162786815950602
0.00011720497596219653
-0.000135383754913222
-0.0001682494007267813
-0.00019965388535713049
0.00010377135046510273
-0.00010092541043049317
-0.00012218132661030704
0.0001037732913116441
0.0001718262075134766
-0.0002316410727784318
0.00014989897961318458
-0.00017960701973972955
-0.00023755726002429658
-0.00011007512329382798
0.00017328799197497468
0.0001081088856505175
-0.00017709822014734953
0.00024761672230056185
0.00015371665072413596
0.0001416903785805746
-0.00018102768236430858
0.00010022193847749254
-0.00010062932518961882
-0.00022317825738258476
-0.0001061392163828055
0.00014544165741097327
-0.00014445178582872612
-0.0001954105125504723
-0.0002625821049345002
0.00010034171444818632
0.00016281736980868546
0.00014251230431787553
0.00019924636174388025
-0.00026843731124999746
0.00012713667115484565
0.00021067350027944074
-0.00020681899754016673
-0.0002920182178034537
0.00010554153611579367
-0.000253405615657229
0.00016182788118520021
0.00010827470657914186
0.0002399269552170438
-0.00022772862084664825
-0.00011875302109631151
0.00035989128180991654
-0.0004218184021229392
-0.0003576419565702831
