-0.9838329146136988
-0.11486603160596383
-0.09496204625228556
-0.03975470740589593
-0.042782126609904825
-0.037444388828780664
-0.015481407753470039
-0.017468447323884435
0.03098099422088419
-0.019438906791534805
-0.007081250945279165
-0.013710139308037925
-0.007876581175274663
0.025224132010343556
0.002145825636874959
0.0004404439260738907
-0.0003590147644017378
0.010202289930922401
0.01992255370726951
0.0009893165329977202
0.005437884640396869
-0.0075893456418466955
0.007778338208781485
0.010799471477581653
-0.0056922190294584896
-0.002020578502166629
-0.008729491328648161
-0.005461648201176447
0.0024785908377815487
0.0009403758230999639
0.0004920493232608774
-0.008848351442903878
-0.011723849648376711
0.0030381717690321033
0.008540587440918287
-0.0003940963485807887
-0.0006612951430229192
-0.002559807676640627
0.000388132302902641
-0.00033647291246272255
-0.013435003635644253
-0.006684399058804933
-0.00018792214819426332
-0.0004365606199719194
-0.0007177590926932509
0.0004567542544716954
-0.000956710416934124
0.0022667088495239066
0.000802355300819209
-0.00038565320181222347
0.011000196332908172
0.004022316124966704
0.0007099462687730548
-0.004633264328793341
0.0027057990761570265
-0.0007753123019477008
0.002029577681989117
-0.00024180384938755138
-0.0004755914392884637
-0.0007219736474665526
0.010192123916828564
0.0007656647959349931
0.00021399834817456426
0.0042933323699140035
-0.0003902181588542358
0.0006688519169377123
-0.0004405419117931764
-0.0014796642141442567
0.0008821712159201369
-0.00024352764829233933
0.0007628147261727334
0.0002621395093191356
0.0005186119483727619
0.0002669045635470985
0.008904538805371695
-0.00022724000148088613
-0.0006013138519624776
-0.0012483072114730176
-0.0032647725046652852
-0.0003530449927198538
0.00022547766662179745
0.0015110922503632812
-0.00011455809668982545
-0.00018923466442975583
-0.0006895841471796576
-0.00016754857128084522
-0.00012073777648218278
-0.0004575641909351379
-0.007705060124494011
0.00036333366146218784
0.0014394724773137098
0.00013657203728617925
0.0028334322141313904
-0.0002212944473044169
-0.000257062861280056
-0.0013083032984940947
-0.0001707004550120805
0.00017547479913585214
-0.000572465007300984
0.00015063485376192175
0.00040900739489266183
-0.006925292554371489
0.0001244605141012317
-0.0023290335112764373
0.00026225641967430225
-0.00018837899084147745
-0.000368988170303359
0.0010867497407300011
-0.00010611944016397096
0.000472694775152426
-0.00013428351634283702
0.0001497227070779753
0.00016732257556772775
-0.0003621510732633354
0.00013191893575608202
-0.0061373401006711
0.0016964511329171214
0.0009697143435943057
-0.00016798776325691853
-0.00023854937590027587
-0.00017469437866992637
0.0009662573337114588
-0.0001480709806902069
-0.000415306025291694
0.00010214626586563954
0.00014161366854960585
0.00032101761534139524
-0.0001641989588149487
0.00029198901286768585
0.005464430437806731
0.00015207807962633012
-0.000208692230055091
0.0016233143298700517
-0.00011078229241489881
-0.00023879441143371993
0.0008553495361720865
0.000116098430566438
0.0003644712361743991
0.00013136385977960814
0.00027238435341951005
0.00015936655625837961
-0.00014669533511559244
-0.0049029022128229995
-0.0013939970425024366
-0.00012828456322543517
-0.0007527570918494473
-0.000310113906089479
-0.00011912792661953012
-0.00026051626503642935
-0.000144778042302043
-0.00013736909364758812
-0.0001393433936394743
-0.004401566499727852
0.00037576052146941533
-0.0011708855241859988
-0.00012240888583872885
0.0006716389921346992
-0.0002714677654753533
-0.00023074366612122678
0.00013153330079205994
0.00012548587864422988
0.001374169378037573
-0.0036514238418954023
-0.0008734855812068363
-0.0010049324456165314
0.0001704054662257741
-0.0005831826094145674
0.00023521075624141475
0.00021298132035272896
-0.00011520222571548488
0.000115752240569327
0.0036304924723093357
-0.0008589870680390841
-0.00014631416184657172
0.00010172167204960309
-0.0005377332668487166
-0.00021031635109013537
-0.00018814183754209204
0.00010608700939682291
0.00010651205924156875
0.003309793483851885
0.0007545726364637389
-0.00048303559493929063
0.00018222362298401439
0.00017266601234601796
-0.003025589810440874
0.0006593421151270555
-0.00043587518091150817
-0.00015968450240177038
-0.00015582501051316562
-0.002779456474184899
0.00012726701006565436
-0.0005774747184027355
-0.0004005886633417601
-0.00014101020503095145
0.0001461007587438414
-0.0025631181791365464
0.0005108006760172122
-0.00013120011242425994
0.00034565088887890605
-0.00012557222276853464
-0.0001310310253895902
0.0023671579934173093
-0.00012217649794518264
-0.00043814031446550756
0.000334676342689782
0.00011243465519457095
0.00012110301360047453
0.0021945727907213193
0.00040383931810112494
0.00030842257227305347
-0.00010040937688128851
0.00011189754299584698
0.002038391547856004
0.0003614447416004598
0.0002853946356321553
0.00010352867715420611
-0.0018987502935666977
-0.0003244574488810463
0.00026373340071343237
-0.0017648847246362377
0.00015423071188723863
0.00029229794807146564
-0.0002466455789826936
-0.0016585705292861805
0.000264448197254856
-0.0002285071430917993
-0.0011429338557680257
0.0009359549753297525
0.0004890564194920846
-0.0002398825786516203
-0.0002131506915636682
-0.0014602530921684872
0.00021803610801005883
0.00019865417381840505
-0.0013739557328053412
-0.00019889954463981485
-0.0001021257270368912
-0.00018762436099687088
-0.0012949775140299116
0.0001803097042047037
0.00017620962915672708
0.0012223155908364573
0.00016646148227036334
-0.00016556193118248458
0.0011561786230775823
-0.0001534155748054647
-0.00015621996715007598
0.0010950483161477414
-0.00014133326541350928
0.00014770582739882852
0.00011259766542361764
-0.0010388333686748956
-0.00013015002003195693
0.00013881805770977354
0.00011628266935909743
-0.0009862607322481635
0.00012065237218499017
0.00013238661715594155
-0.0009379742489504833
0.00011174994633534149
0.000122727884378177
0.0001191208023232946
0.0008926683565259168
-0.00010381629884964376
0.00011944829808563349
0.00012112701817581928
0.0008508509973189078
0.0001135397888138338
0.00012458729820666087
-0.0008115901115174
0.00010829143238994203
0.0007745281725287472
0.00010324929198993638
0.00012660929040154032
-0.0007417778439915903
0.00012852826409161542
0.0007098643455344228
0.00010525162661265544
0.0006800057491243989
-0.00013132459307784838
0.00010155449085801038
-0.0006490337030200513
-0.000133376030222788
0.0006249421308307423
-0.0001344267518281448
-0.000600877113399046
0.00010844073767793734
0.00010125317774018845
0.0005477372250640693
-0.00018274778149978205
-0.00013724051309687644
-0.00039425842827159324
-0.00039111200601195183
-0.00010291593441296715
-0.00010406228656381595
-0.00013954781849657958
0.00053388220654607
-0.0001490913704744495
0.00011628387470066728
-0.00013711121138676663
0.0004578868026977251
-0.00014145285810097396
0.00011546397630772939
-0.0001602673818634504
0.00023067807124336204
0.00017761465160978077
0.00018475280832758797
-0.00015276174142698655
0.00010835152591405347
-0.00018861294351686094
-0.000143941618849983
0.00046573484782301046
-0.00011526139328730734
-0.00010795356190157911
0.0004490061135273998
0.00014490432808696537
-0.00010747593944422271
-0.00010820137224766373
-0.00042696482782312017
-0.00014701942371265014
-0.00041180712246788906
-0.00011963007920735189
-0.00011046289141349547
0.00015134774802183604
0.0003305098752654315
-0.00023808342702212642
0.00010597200371605145
0.00010482230840691129
-0.00017577559201294092
-0.00014971598432725875
0.0003108062442624774
-0.00015384607450057657
-0.00011618804891060279
0.00011563447621217391
-0.00038868627640881886
-0.00015609073134316233
-0.0003455546577616091
0.00015325724022625714
0.00012122346817345221
0.00011676813871476497
-0.0003371671709196004
0.00011347487422248186
0.00015794115304050265
-0.0001298190495065923
-0.00011816040768741288
0.00035150368004293795
0.00016100057070488397
0.0001238529655687691
-0.00012047131955975453
-0.00016398181720964091
-0.00013118591692754203
-0.00012217688470022583
0.0001663764107510143
-0.00012915320977628262
-0.00012475499772712434
-0.00016914801846470558
0.00013334564436113643
0.00010576375446027947
-0.00017190612906203264
-0.00013673463582063077
-0.00012858619946959322
-0.00017525344318200745
0.00013688615934116368
0.000131320402097561
-0.0001783094893115657
0.00012637532110486437
-0.00013204474665077327
-0.0001817373502164581
0.00014496576540893447
-0.000135723290532806
0.00018521664188442637
0.0001473667783957293
-0.00013857647211162102
0.00018858255629816375
-0.00015044838536419118
-0.0001414161999526362
0.0001925638293671144
0.00015053748286897786
-0.00014138694540563368
0.00019703022472133204
-0.00015839112155020775
-0.00014728760450231305
-0.00020053127747945428
-0.00016469111416406426
0.00015040986083036947
-0.0002053996692470824
-0.00016751458096569028
-0.0001543127554725873
0.00021086091552055896
-0.00017037655367999128
-0.0001589745184341867
-0.00021666990855954466
-0.00017181093748484022
0.0001654054636140295
-0.00022352985153402914
0.00010508580432156833
-0.0001783343464855576
0.0001759931531726198
0.000249214197413491
-0.00017034723370821362
0.00021075674151010637
0.00028610128799754246
0.000225428292977766
