-0.9806704731508082
0.036892899283950474
0.1562920149826408
0.01338522706586672
0.010704913269140469
-0.07583583090854366
-0.00354494953131668
-0.005940104211508266
-0.0034064572119561604
-0.048347442308197215
0.002885711363920907
0.003110527362828191
-0.00015287320605754674
-0.0007294326972932492
0.034384765023442836
0.0002624927784214182
-0.002818796152334306
-0.016530261689996623
0.019111932468134696
0.003948852888013204
0.0003674586424862951
-0.004644062772449335
0.020844258719141667
-0.002880320231182103
-0.0010078945580346463
0.00026826578684058797
0.0008744293908370389
-0.0012018442422824858
-0.0003827005487422976
-0.0005567099505420919
-0.0015938755090968662
0.01982463299133489
-0.0010820286609613463
-0.001402449868879544
-0.0006175231010640807
0.0004027554736544351
0.0002860801506524019
0.00135857307457427
-0.00039487693198234265
-0.00012155291930905192
-0.00020722597999691547
-0.017501853196309772
0.001127232946884934
-0.0003750766551891639
-0.0002946671888133232
0.0005991872836992198
-0.0004279584790561222
0.0001126582847483821
-0.00024325363191304915
0.0011792015791581324
-0.0002970988644234355
0.00022723279819731663
-0.0001764789529640624
-0.0004056373336752513
0.01505218920724901
-0.0006862306261713016
-0.00026145818614907717
0.000911917694039182
-0.0005329715027576358
-0.0002460092313602239
-0.00018813190215744856
-0.00026977382659273486
0.0010313019914368106
-0.00012930140034118968
-0.0002968531342284274
0.00032787101011215474
-0.01294866522798589
0.00020651498597587642
-0.0005175670929748407
-0.0006982486614855295
0.00025916629916638667
-0.00021614998945647387
0.00012507451260727274
0.0008923742908773366
-0.00014526517507474027
-0.0003176024409151436
0.00021886633921165333
0.00020087029172250403
0.00037055034573767724
0.0002001229271571436
0.011177715058622839
0.00022936321919951827
-0.00020422147443979115
0.0005680790088632314
-0.00013780591563295836
0.00010680138358209199
0.00026348078930184005
0.0007763455732897758
0.00016790369696178135
-0.00018877886711578753
0.00012947188016898209
-0.00016576103394389265
0.00014971164755166506
0.0003760799126566736
0.009698146526524858
-0.00020941000840774704
-0.00040744738110629866
-0.00045774165861434216
-0.00013122160462066316
-0.0002355671800905015
-0.00012177989046555164
-0.0006766852823961101
-0.00015621441896215797
-0.00011151648586090418
-0.0001666300532511464
0.0003224151087737121
-0.00848953269445501
-0.00012957667447100285
0.00037418916028543405
-0.00020401441755680427
-0.0005965500171025875
-0.0001005195100087862
-0.00013195524306081313
0.00014449404645721883
-0.0002849211245325343
-0.000108443472707888
-0.0074712373477928175
-0.0003169209530952462
-0.0001645374819958684
-0.0005263611138357749
-0.00013668298908185437
-0.0002516795013486153
-0.006617891419293311
0.00015886222872979865
-0.00025899008776742144
0.00046720301090980774
-0.0001126184031245379
0.00022330606260397994
-0.0001412548051575031
0.005896406349507466
0.00021768661593660194
-0.00010037692041458444
-0.00041739362046099487
-0.00019926369958634283
-0.00012623386633278146
-0.005282712697124704
0.00018477781362675994
0.00037464411302988177
-0.00017889830470423987
0.00011311664667703563
-0.0003447684628631995
-0.004743787961967892
-0.00012370162683241257
0.00015790333865215372
-0.00033838336287429587
0.0001610956580423823
0.0001018381707514598
-0.00430526069202532
0.00013692406015560336
-0.0003062927947194702
-0.00014621696548635776
0.003912428643470406
0.0001179171040275628
-0.0002787245472697356
-0.00013294260614662293
-0.0035701489968249073
0.00010290635746807926
0.00023357518923727784
0.0001018924612820872
0.00012147677014837251
0.0032699062523020095
-0.0002334544320473154
-0.00011126848401516662
-0.0030057910139975655
0.00021411711445214557
-0.00010235990549451136
-0.0027714981350378184
0.00019822760859784674
-0.002563489999374194
0.0001834098572077935
0.0023775114019269025
0.000170245144415549
0.002211063702269029
0.00015846889485224478
0.0020608143793065443
-0.00014765507882782888
-0.0019259802510354427
0.00013811361204600544
0.0018034089422854795
0.00012938573442571833
-0.0016922401909399223
0.00012147621333309254
-0.0015908247806022708
0.00011421795152158534
0.0014983337742897223
0.00010759392905837157
-0.0014135006931120684
0.00010153991799113555
-0.0013357770625811638
-0.001264145434540737
-0.0011976852142336367
-0.001137166932515883
-0.001080768728093355
0.0010283519419104928
-0.000979744135801828
0.0009344250156203306
-0.0008921298548352687
0.0008528056255839957
0.000815974787386539
-0.000781433755236802
-0.0007490915516792482
-0.0007186273000525735
0.0006896780247532012
0.0006631844120134828
0.0006379468511786741
-0.000614073148603192
0.0005879310515898828
-0.00016819893413582999
0.0005277687945847595
0.000103044845873301
-0.0005497388399987565
0.0005308254881373227
-0.0005120826684288084
0.0004957045650303457
-0.0004721595174723361
-0.00043549258782750406
0.0001475055720511963
0.0004496454954414692
-0.000434877150385846
0.00041940753210967404
0.00038493987586148625
